MapperMethod.java,org.apache.ibatis.binding.MapperMethod,org.pitest.mutationtest.engine.gregor.mutators.ConstructorCallMutator,<init>,48,TIMED_OUT,none
MapperMethod.java,org.apache.ibatis.binding.MapperMethod,org.pitest.mutationtest.engine.gregor.mutators.ConstructorCallMutator,<init>,49,TIMED_OUT,none
MapperMethod.java,org.apache.ibatis.binding.MapperMethod,org.pitest.mutationtest.engine.gregor.mutators.experimental.MemberVariableMutator,<init>,48,TIMED_OUT,none
MapperMethod.java,org.apache.ibatis.binding.MapperMethod,org.pitest.mutationtest.engine.gregor.mutators.experimental.RemoveIncrementsMutator,convertToArray,174,TIMED_OUT,none
MapperMethod.java,org.apache.ibatis.binding.MapperMethod,org.pitest.mutationtest.engine.gregor.mutators.ArgumentPropagationMutator,execute,82,TIMED_OUT,none
MapperMethod.java,org.apache.ibatis.binding.MapperMethod,org.pitest.mutationtest.engine.gregor.mutators.NegateConditionalsMutator,execute,71,TIMED_OUT,none
MapperMethod.java,org.apache.ibatis.binding.MapperMethod,org.pitest.mutationtest.engine.gregor.mutators.NegateConditionalsMutator,execute,74,TIMED_OUT,none
MapperMethod.java,org.apache.ibatis.binding.MapperMethod,org.pitest.mutationtest.engine.gregor.mutators.NegateConditionalsMutator,execute,76,TIMED_OUT,none
MapperMethod.java,org.apache.ibatis.binding.MapperMethod,org.pitest.mutationtest.engine.gregor.mutators.NegateConditionalsMutator,execute,78,TIMED_OUT,none
MapperMethod.java,org.apache.ibatis.binding.MapperMethod,org.pitest.mutationtest.engine.gregor.mutators.NegateConditionalsMutator,execute,91,TIMED_OUT,none
MapperMethod.java,org.apache.ibatis.binding.MapperMethod,org.pitest.mutationtest.engine.gregor.mutators.NegateConditionalsMutator,execute,91,TIMED_OUT,none
MapperMethod.java,org.apache.ibatis.binding.MapperMethod,org.pitest.mutationtest.engine.gregor.mutators.NegateConditionalsMutator,execute,91,TIMED_OUT,none
MapperMethod.java,org.apache.ibatis.binding.MapperMethod,org.pitest.mutationtest.engine.gregor.mutators.NonVoidMethodCallMutator,execute,54,TIMED_OUT,none
MapperMethod.java,org.apache.ibatis.binding.MapperMethod,org.pitest.mutationtest.engine.gregor.mutators.NonVoidMethodCallMutator,execute,54,TIMED_OUT,none
MapperMethod.java,org.apache.ibatis.binding.MapperMethod,org.pitest.mutationtest.engine.gregor.mutators.NonVoidMethodCallMutator,execute,74,TIMED_OUT,none
MapperMethod.java,org.apache.ibatis.binding.MapperMethod,org.pitest.mutationtest.engine.gregor.mutators.NonVoidMethodCallMutator,execute,78,TIMED_OUT,none
MapperMethod.java,org.apache.ibatis.binding.MapperMethod,org.pitest.mutationtest.engine.gregor.mutators.NonVoidMethodCallMutator,execute,81,TIMED_OUT,none
MapperMethod.java,org.apache.ibatis.binding.MapperMethod,org.pitest.mutationtest.engine.gregor.mutators.NonVoidMethodCallMutator,execute,82,TIMED_OUT,none
MapperMethod.java,org.apache.ibatis.binding.MapperMethod,org.pitest.mutationtest.engine.gregor.mutators.NonVoidMethodCallMutator,execute,91,TIMED_OUT,none
MapperMethod.java,org.apache.ibatis.binding.MapperMethod,org.pitest.mutationtest.engine.gregor.mutators.NonVoidMethodCallMutator,execute,91,TIMED_OUT,none
MapperMethod.java,org.apache.ibatis.binding.MapperMethod,org.pitest.mutationtest.engine.gregor.mutators.NonVoidMethodCallMutator,execute,91,TIMED_OUT,none
MapperMethod.java,org.apache.ibatis.binding.MapperMethod,org.pitest.mutationtest.engine.gregor.mutators.RemoveConditionalMutator_EQUAL_ELSE,execute,71,TIMED_OUT,none
MapperMethod.java,org.apache.ibatis.binding.MapperMethod,org.pitest.mutationtest.engine.gregor.mutators.RemoveConditionalMutator_EQUAL_ELSE,execute,71,TIMED_OUT,none
MapperMethod.java,org.apache.ibatis.binding.MapperMethod,org.pitest.mutationtest.engine.gregor.mutators.RemoveConditionalMutator_EQUAL_ELSE,execute,76,TIMED_OUT,none
MapperMethod.java,org.apache.ibatis.binding.MapperMethod,org.pitest.mutationtest.engine.gregor.mutators.RemoveConditionalMutator_EQUAL_ELSE,execute,91,TIMED_OUT,none
MapperMethod.java,org.apache.ibatis.binding.MapperMethod,org.pitest.mutationtest.engine.gregor.mutators.RemoveConditionalMutator_EQUAL_ELSE,execute,91,TIMED_OUT,none
MapperMethod.java,org.apache.ibatis.binding.MapperMethod,org.pitest.mutationtest.engine.gregor.mutators.RemoveConditionalMutator_EQUAL_IF,execute,71,TIMED_OUT,none
MapperMethod.java,org.apache.ibatis.binding.MapperMethod,org.pitest.mutationtest.engine.gregor.mutators.RemoveConditionalMutator_EQUAL_IF,execute,71,TIMED_OUT,none
MapperMethod.java,org.apache.ibatis.binding.MapperMethod,org.pitest.mutationtest.engine.gregor.mutators.RemoveConditionalMutator_EQUAL_IF,execute,74,TIMED_OUT,none
MapperMethod.java,org.apache.ibatis.binding.MapperMethod,org.pitest.mutationtest.engine.gregor.mutators.RemoveConditionalMutator_EQUAL_IF,execute,76,TIMED_OUT,none
MapperMethod.java,org.apache.ibatis.binding.MapperMethod,org.pitest.mutationtest.engine.gregor.mutators.RemoveConditionalMutator_EQUAL_IF,execute,78,TIMED_OUT,none
MapperMethod.java,org.apache.ibatis.binding.MapperMethod,org.pitest.mutationtest.engine.gregor.mutators.RemoveConditionalMutator_EQUAL_IF,execute,91,TIMED_OUT,none
MapperMethod.java,org.apache.ibatis.binding.MapperMethod,org.pitest.mutationtest.engine.gregor.mutators.RemoveConditionalMutator_EQUAL_IF,execute,91,TIMED_OUT,none
MapperMethod.java,org.apache.ibatis.binding.MapperMethod,org.pitest.mutationtest.engine.gregor.mutators.RemoveConditionalMutator_EQUAL_IF,execute,91,TIMED_OUT,none
MapperMethod.java,org.apache.ibatis.binding.MapperMethod,org.pitest.mutationtest.engine.gregor.mutators.ReturnValsMutator,execute,95,TIMED_OUT,none
MapperMethod.java,org.apache.ibatis.binding.MapperMethod,org.pitest.mutationtest.engine.gregor.mutators.experimental.RemoveSwitchMutator_0,execute,54,TIMED_OUT,none
MapperMethod.java,org.apache.ibatis.binding.MapperMethod,org.pitest.mutationtest.engine.gregor.mutators.experimental.RemoveSwitchMutator_1,execute,54,TIMED_OUT,none
MapperMethod.java,org.apache.ibatis.binding.MapperMethod,org.pitest.mutationtest.engine.gregor.mutators.experimental.RemoveSwitchMutator_4,execute,54,TIMED_OUT,none
MapperMethod.java,org.apache.ibatis.binding.MapperMethod,org.pitest.mutationtest.engine.gregor.mutators.ReturnValsMutator,executeForCursor,159,TIMED_OUT,none
MapperMethod.java,org.apache.ibatis.binding.MapperMethod,org.pitest.mutationtest.engine.gregor.mutators.NonVoidMethodCallMutator,executeForMany,137,TIMED_OUT,none
MapperMethod.java,org.apache.ibatis.binding.MapperMethod,org.pitest.mutationtest.engine.gregor.mutators.NonVoidMethodCallMutator,executeForMany,140,TIMED_OUT,none
MapperMethod.java,org.apache.ibatis.binding.MapperMethod,org.pitest.mutationtest.engine.gregor.mutators.NonVoidMethodCallMutator,executeForMany,140,TIMED_OUT,none
MapperMethod.java,org.apache.ibatis.binding.MapperMethod,org.pitest.mutationtest.engine.gregor.mutators.NonVoidMethodCallMutator,executeForMany,140,TIMED_OUT,none
MapperMethod.java,org.apache.ibatis.binding.MapperMethod,org.pitest.mutationtest.engine.gregor.mutators.RemoveConditionalMutator_EQUAL_ELSE,executeForMany,133,TIMED_OUT,none
MapperMethod.java,org.apache.ibatis.binding.MapperMethod,org.pitest.mutationtest.engine.gregor.mutators.RemoveConditionalMutator_EQUAL_IF,executeForMany,133,TIMED_OUT,none
MapperMethod.java,org.apache.ibatis.binding.MapperMethod,org.pitest.mutationtest.engine.gregor.mutators.NegateConditionalsMutator,rowCountResult,102,TIMED_OUT,none
MapperMethod.java,org.apache.ibatis.binding.MapperMethod,org.pitest.mutationtest.engine.gregor.mutators.NonVoidMethodCallMutator,rowCountResult,100,TIMED_OUT,none
MapperMethod.java,org.apache.ibatis.binding.MapperMethod,org.pitest.mutationtest.engine.gregor.mutators.NonVoidMethodCallMutator,rowCountResult,102,TIMED_OUT,none
MapperMethod.java,org.apache.ibatis.binding.MapperMethod,org.pitest.mutationtest.engine.gregor.mutators.RemoveConditionalMutator_EQUAL_ELSE,rowCountResult,102,TIMED_OUT,none
MapperMethod.java,org.apache.ibatis.binding.MapperMethod$MethodSignature,org.pitest.mutationtest.engine.gregor.mutators.ArgumentPropagationMutator,<init>,263,TIMED_OUT,none
MapperMethod.java,org.apache.ibatis.binding.MapperMethod$MethodSignature,org.pitest.mutationtest.engine.gregor.mutators.InlineConstantMutator,<init>,272,TIMED_OUT,none
MapperMethod.java,org.apache.ibatis.binding.MapperMethod$MethodSignature,org.pitest.mutationtest.engine.gregor.mutators.InlineConstantMutator,<init>,272,TIMED_OUT,none
MapperMethod.java,org.apache.ibatis.binding.MapperMethod$MethodSignature,org.pitest.mutationtest.engine.gregor.mutators.InlineConstantMutator,<init>,275,TIMED_OUT,none
MapperMethod.java,org.apache.ibatis.binding.MapperMethod$MethodSignature,org.pitest.mutationtest.engine.gregor.mutators.InlineConstantMutator,<init>,275,TIMED_OUT,none
MapperMethod.java,org.apache.ibatis.binding.MapperMethod$MethodSignature,org.pitest.mutationtest.engine.gregor.mutators.NegateConditionalsMutator,<init>,272,TIMED_OUT,none
MapperMethod.java,org.apache.ibatis.binding.MapperMethod$MethodSignature,org.pitest.mutationtest.engine.gregor.mutators.NegateConditionalsMutator,<init>,272,TIMED_OUT,none
MapperMethod.java,org.apache.ibatis.binding.MapperMethod$MethodSignature,org.pitest.mutationtest.engine.gregor.mutators.NegateConditionalsMutator,<init>,275,TIMED_OUT,none
MapperMethod.java,org.apache.ibatis.binding.MapperMethod$MethodSignature,org.pitest.mutationtest.engine.gregor.mutators.NonVoidMethodCallMutator,<init>,267,TIMED_OUT,none
MapperMethod.java,org.apache.ibatis.binding.MapperMethod$MethodSignature,org.pitest.mutationtest.engine.gregor.mutators.NonVoidMethodCallMutator,<init>,271,TIMED_OUT,none
MapperMethod.java,org.apache.ibatis.binding.MapperMethod$MethodSignature,org.pitest.mutationtest.engine.gregor.mutators.NonVoidMethodCallMutator,<init>,272,TIMED_OUT,none
MapperMethod.java,org.apache.ibatis.binding.MapperMethod$MethodSignature,org.pitest.mutationtest.engine.gregor.mutators.NonVoidMethodCallMutator,<init>,272,TIMED_OUT,none
MapperMethod.java,org.apache.ibatis.binding.MapperMethod$MethodSignature,org.pitest.mutationtest.engine.gregor.mutators.NonVoidMethodCallMutator,<init>,272,TIMED_OUT,none
MapperMethod.java,org.apache.ibatis.binding.MapperMethod$MethodSignature,org.pitest.mutationtest.engine.gregor.mutators.NonVoidMethodCallMutator,<init>,273,TIMED_OUT,none
MapperMethod.java,org.apache.ibatis.binding.MapperMethod$MethodSignature,org.pitest.mutationtest.engine.gregor.mutators.NonVoidMethodCallMutator,<init>,274,TIMED_OUT,none
MapperMethod.java,org.apache.ibatis.binding.MapperMethod$MethodSignature,org.pitest.mutationtest.engine.gregor.mutators.NonVoidMethodCallMutator,<init>,276,TIMED_OUT,none
MapperMethod.java,org.apache.ibatis.binding.MapperMethod$MethodSignature,org.pitest.mutationtest.engine.gregor.mutators.NonVoidMethodCallMutator,<init>,277,TIMED_OUT,none
MapperMethod.java,org.apache.ibatis.binding.MapperMethod$MethodSignature,org.pitest.mutationtest.engine.gregor.mutators.RemoveConditionalMutator_EQUAL_ELSE,<init>,264,TIMED_OUT,none
MapperMethod.java,org.apache.ibatis.binding.MapperMethod$MethodSignature,org.pitest.mutationtest.engine.gregor.mutators.RemoveConditionalMutator_EQUAL_ELSE,<init>,266,TIMED_OUT,none
MapperMethod.java,org.apache.ibatis.binding.MapperMethod$MethodSignature,org.pitest.mutationtest.engine.gregor.mutators.RemoveConditionalMutator_EQUAL_ELSE,<init>,272,TIMED_OUT,none
MapperMethod.java,org.apache.ibatis.binding.MapperMethod$MethodSignature,org.pitest.mutationtest.engine.gregor.mutators.RemoveConditionalMutator_EQUAL_ELSE,<init>,272,TIMED_OUT,none
MapperMethod.java,org.apache.ibatis.binding.MapperMethod$MethodSignature,org.pitest.mutationtest.engine.gregor.mutators.RemoveConditionalMutator_EQUAL_ELSE,<init>,275,TIMED_OUT,none
MapperMethod.java,org.apache.ibatis.binding.MapperMethod$MethodSignature,org.pitest.mutationtest.engine.gregor.mutators.RemoveConditionalMutator_EQUAL_IF,<init>,264,TIMED_OUT,none
MapperMethod.java,org.apache.ibatis.binding.MapperMethod$MethodSignature,org.pitest.mutationtest.engine.gregor.mutators.RemoveConditionalMutator_EQUAL_IF,<init>,272,TIMED_OUT,none
MapperMethod.java,org.apache.ibatis.binding.MapperMethod$MethodSignature,org.pitest.mutationtest.engine.gregor.mutators.RemoveConditionalMutator_EQUAL_IF,<init>,272,TIMED_OUT,none
MapperMethod.java,org.apache.ibatis.binding.MapperMethod$MethodSignature,org.pitest.mutationtest.engine.gregor.mutators.RemoveConditionalMutator_EQUAL_IF,<init>,275,TIMED_OUT,none
MapperMethod.java,org.apache.ibatis.binding.MapperMethod$MethodSignature,org.pitest.mutationtest.engine.gregor.mutators.experimental.MemberVariableMutator,<init>,265,TIMED_OUT,none
MapperMethod.java,org.apache.ibatis.binding.MapperMethod$MethodSignature,org.pitest.mutationtest.engine.gregor.mutators.experimental.MemberVariableMutator,<init>,271,TIMED_OUT,none
MapperMethod.java,org.apache.ibatis.binding.MapperMethod$MethodSignature,org.pitest.mutationtest.engine.gregor.mutators.experimental.MemberVariableMutator,<init>,272,TIMED_OUT,none
MapperMethod.java,org.apache.ibatis.binding.MapperMethod$MethodSignature,org.pitest.mutationtest.engine.gregor.mutators.experimental.MemberVariableMutator,<init>,273,TIMED_OUT,none
MapperMethod.java,org.apache.ibatis.binding.MapperMethod$MethodSignature,org.pitest.mutationtest.engine.gregor.mutators.experimental.MemberVariableMutator,<init>,274,TIMED_OUT,none
MapperMethod.java,org.apache.ibatis.binding.MapperMethod$MethodSignature,org.pitest.mutationtest.engine.gregor.mutators.experimental.MemberVariableMutator,<init>,275,TIMED_OUT,none
MapperMethod.java,org.apache.ibatis.binding.MapperMethod$MethodSignature,org.pitest.mutationtest.engine.gregor.mutators.experimental.MemberVariableMutator,<init>,276,TIMED_OUT,none
MapperMethod.java,org.apache.ibatis.binding.MapperMethod$MethodSignature,org.pitest.mutationtest.engine.gregor.mutators.experimental.MemberVariableMutator,<init>,277,TIMED_OUT,none
MapperMethod.java,org.apache.ibatis.binding.MapperMethod$MethodSignature,org.pitest.mutationtest.engine.gregor.mutators.experimental.MemberVariableMutator,<init>,278,TIMED_OUT,none
MapperMethod.java,org.apache.ibatis.binding.MapperMethod$MethodSignature,org.pitest.mutationtest.engine.gregor.mutators.NonVoidMethodCallMutator,convertArgsToSqlCommandParam,282,TIMED_OUT,none
MapperMethod.java,org.apache.ibatis.binding.MapperMethod$MethodSignature,org.pitest.mutationtest.engine.gregor.mutators.ReturnValsMutator,convertArgsToSqlCommandParam,282,TIMED_OUT,none
MapperMethod.java,org.apache.ibatis.binding.MapperMethod$MethodSignature,org.pitest.mutationtest.engine.gregor.mutators.NegateConditionalsMutator,getMapKey,342,TIMED_OUT,none
MapperMethod.java,org.apache.ibatis.binding.MapperMethod$MethodSignature,org.pitest.mutationtest.engine.gregor.mutators.NonVoidMethodCallMutator,getMapKey,342,TIMED_OUT,none
MapperMethod.java,org.apache.ibatis.binding.MapperMethod$MethodSignature,org.pitest.mutationtest.engine.gregor.mutators.RemoveConditionalMutator_EQUAL_ELSE,getMapKey,342,TIMED_OUT,none
MapperMethod.java,org.apache.ibatis.binding.MapperMethod$MethodSignature,org.pitest.mutationtest.engine.gregor.mutators.RemoveConditionalMutator_EQUAL_IF,getMapKey,342,TIMED_OUT,none
MapperMethod.java,org.apache.ibatis.binding.MapperMethod$MethodSignature,org.pitest.mutationtest.engine.gregor.mutators.ReturnValsMutator,getMapKey,348,TIMED_OUT,none
MapperMethod.java,org.apache.ibatis.binding.MapperMethod$MethodSignature,org.pitest.mutationtest.engine.gregor.mutators.ConditionalsBoundaryMutator,getUniqueParamIndex,328,TIMED_OUT,none
MapperMethod.java,org.apache.ibatis.binding.MapperMethod$MethodSignature,org.pitest.mutationtest.engine.gregor.mutators.NegateConditionalsMutator,getUniqueParamIndex,328,TIMED_OUT,none
MapperMethod.java,org.apache.ibatis.binding.MapperMethod$MethodSignature,org.pitest.mutationtest.engine.gregor.mutators.NonVoidMethodCallMutator,getUniqueParamIndex,329,TIMED_OUT,none
MapperMethod.java,org.apache.ibatis.binding.MapperMethod$MethodSignature,org.pitest.mutationtest.engine.gregor.mutators.RemoveConditionalMutator_EQUAL_ELSE,getUniqueParamIndex,329,TIMED_OUT,none
MapperMethod.java,org.apache.ibatis.binding.MapperMethod$MethodSignature,org.pitest.mutationtest.engine.gregor.mutators.RemoveConditionalMutator_EQUAL_IF,getUniqueParamIndex,329,TIMED_OUT,none
MapperMethod.java,org.apache.ibatis.binding.MapperMethod$MethodSignature,org.pitest.mutationtest.engine.gregor.mutators.RemoveConditionalMutator_ORDER_ELSE,getUniqueParamIndex,328,TIMED_OUT,none
MapperMethod.java,org.apache.ibatis.binding.MapperMethod$MethodSignature,org.pitest.mutationtest.engine.gregor.mutators.ReturnValsMutator,getUniqueParamIndex,337,TIMED_OUT,none
MapperMethod.java,org.apache.ibatis.binding.MapperMethod$MethodSignature,org.pitest.mutationtest.engine.gregor.mutators.experimental.RemoveIncrementsMutator,getUniqueParamIndex,328,TIMED_OUT,none
MapperMethod.java,org.apache.ibatis.binding.MapperMethod$MethodSignature,org.pitest.mutationtest.engine.gregor.mutators.InlineConstantMutator,hasRowBounds,286,TIMED_OUT,none
MapperMethod.java,org.apache.ibatis.binding.MapperMethod$MethodSignature,org.pitest.mutationtest.engine.gregor.mutators.RemoveConditionalMutator_EQUAL_ELSE,hasRowBounds,286,TIMED_OUT,none
MapperMethod.java,org.apache.ibatis.binding.MapperMethod$MethodSignature,org.pitest.mutationtest.engine.gregor.mutators.ReturnValsMutator,returnsCursor,322,TIMED_OUT,none
MapperMethod.java,org.apache.ibatis.binding.MapperMethod$MethodSignature,org.pitest.mutationtest.engine.gregor.mutators.ReturnValsMutator,returnsMany,310,TIMED_OUT,none
MapperMethod.java,org.apache.ibatis.binding.MapperMethod$MethodSignature,org.pitest.mutationtest.engine.gregor.mutators.ReturnValsMutator,returnsMap,314,TIMED_OUT,none
MapperMethod.java,org.apache.ibatis.binding.MapperMethod$MethodSignature,org.pitest.mutationtest.engine.gregor.mutators.ReturnValsMutator,returnsVoid,318,TIMED_OUT,none
MapperMethod.java,org.apache.ibatis.binding.MapperMethod$ParamMap,org.pitest.mutationtest.engine.gregor.mutators.ArgumentPropagationMutator,get,204,TIMED_OUT,none
MapperMethod.java,org.apache.ibatis.binding.MapperMethod$ParamMap,org.pitest.mutationtest.engine.gregor.mutators.NonVoidMethodCallMutator,get,201,TIMED_OUT,none
MapperMethod.java,org.apache.ibatis.binding.MapperMethod$ParamMap,org.pitest.mutationtest.engine.gregor.mutators.RemoveConditionalMutator_EQUAL_ELSE,get,201,TIMED_OUT,none
MapperMethod.java,org.apache.ibatis.binding.MapperMethod$ParamMap,org.pitest.mutationtest.engine.gregor.mutators.RemoveConditionalMutator_EQUAL_IF,get,201,TIMED_OUT,none
MapperMethod.java,org.apache.ibatis.binding.MapperMethod$SqlCommand,org.pitest.mutationtest.engine.gregor.mutators.NegateConditionalsMutator,<init>,225,TIMED_OUT,none
MapperMethod.java,org.apache.ibatis.binding.MapperMethod$SqlCommand,org.pitest.mutationtest.engine.gregor.mutators.NegateConditionalsMutator,<init>,235,TIMED_OUT,none
MapperMethod.java,org.apache.ibatis.binding.MapperMethod$SqlCommand,org.pitest.mutationtest.engine.gregor.mutators.NonVoidMethodCallMutator,<init>,215,TIMED_OUT,none
MapperMethod.java,org.apache.ibatis.binding.MapperMethod$SqlCommand,org.pitest.mutationtest.engine.gregor.mutators.NonVoidMethodCallMutator,<init>,234,TIMED_OUT,none
MapperMethod.java,org.apache.ibatis.binding.MapperMethod$SqlCommand,org.pitest.mutationtest.engine.gregor.mutators.RemoveConditionalMutator_EQUAL_ELSE,<init>,217,TIMED_OUT,none
MapperMethod.java,org.apache.ibatis.binding.MapperMethod$SqlCommand,org.pitest.mutationtest.engine.gregor.mutators.RemoveConditionalMutator_EQUAL_IF,<init>,225,TIMED_OUT,none
MapperMethod.java,org.apache.ibatis.binding.MapperMethod$SqlCommand,org.pitest.mutationtest.engine.gregor.mutators.experimental.MemberVariableMutator,<init>,233,TIMED_OUT,none
MapperMethod.java,org.apache.ibatis.binding.MapperMethod$SqlCommand,org.pitest.mutationtest.engine.gregor.mutators.ReturnValsMutator,getName,242,TIMED_OUT,none
MapperMethod.java,org.apache.ibatis.binding.MapperMethod$SqlCommand,org.pitest.mutationtest.engine.gregor.mutators.ReturnValsMutator,getType,246,TIMED_OUT,none
MapperProxy.java,org.apache.ibatis.binding.MapperProxy,org.pitest.mutationtest.engine.gregor.mutators.experimental.MemberVariableMutator,<init>,42,TIMED_OUT,none
MapperProxy.java,org.apache.ibatis.binding.MapperProxy,org.pitest.mutationtest.engine.gregor.mutators.experimental.MemberVariableMutator,<init>,43,TIMED_OUT,none
MapperProxy.java,org.apache.ibatis.binding.MapperProxy,org.pitest.mutationtest.engine.gregor.mutators.experimental.MemberVariableMutator,<init>,44,TIMED_OUT,none
MapperProxy.java,org.apache.ibatis.binding.MapperProxy,org.pitest.mutationtest.engine.gregor.mutators.ArgumentPropagationMutator,cachedMapperMethod,63,TIMED_OUT,none
MapperProxy.java,org.apache.ibatis.binding.MapperProxy,org.pitest.mutationtest.engine.gregor.mutators.NonVoidMethodCallMutator,cachedMapperMethod,63,TIMED_OUT,none
MapperProxy.java,org.apache.ibatis.binding.MapperProxy,org.pitest.mutationtest.engine.gregor.mutators.NonVoidMethodCallMutator,cachedMapperMethod,66,TIMED_OUT,none
MapperProxy.java,org.apache.ibatis.binding.MapperProxy,org.pitest.mutationtest.engine.gregor.mutators.RemoveConditionalMutator_EQUAL_ELSE,cachedMapperMethod,64,TIMED_OUT,none
MapperProxy.java,org.apache.ibatis.binding.MapperProxy,org.pitest.mutationtest.engine.gregor.mutators.ReturnValsMutator,cachedMapperMethod,68,TIMED_OUT,none
MapperProxy.java,org.apache.ibatis.binding.MapperProxy,org.pitest.mutationtest.engine.gregor.mutators.NonVoidMethodCallMutator,invoke,50,TIMED_OUT,none
MapperProxy.java,org.apache.ibatis.binding.MapperProxy,org.pitest.mutationtest.engine.gregor.mutators.NonVoidMethodCallMutator,invoke,58,TIMED_OUT,none
MapperProxy.java,org.apache.ibatis.binding.MapperProxy,org.pitest.mutationtest.engine.gregor.mutators.RemoveConditionalMutator_EQUAL_ELSE,invoke,50,TIMED_OUT,none
MapperProxy.java,org.apache.ibatis.binding.MapperProxy,org.pitest.mutationtest.engine.gregor.mutators.RemoveConditionalMutator_EQUAL_ELSE,invoke,52,TIMED_OUT,none
MapperProxy.java,org.apache.ibatis.binding.MapperProxy,org.pitest.mutationtest.engine.gregor.mutators.RemoveConditionalMutator_EQUAL_IF,invoke,50,TIMED_OUT,none
MapperProxy.java,org.apache.ibatis.binding.MapperProxy,org.pitest.mutationtest.engine.gregor.mutators.ReturnValsMutator,invoke,59,TIMED_OUT,none
MapperProxy.java,org.apache.ibatis.binding.MapperProxy,org.pitest.mutationtest.engine.gregor.mutators.InlineConstantMutator,isDefaultMethod,91,TIMED_OUT,none
MapperProxy.java,org.apache.ibatis.binding.MapperProxy,org.pitest.mutationtest.engine.gregor.mutators.InlineConstantMutator,isDefaultMethod,91,TIMED_OUT,none
MapperProxy.java,org.apache.ibatis.binding.MapperProxy,org.pitest.mutationtest.engine.gregor.mutators.InlineConstantMutator,isDefaultMethod,93,TIMED_OUT,none
MapperProxy.java,org.apache.ibatis.binding.MapperProxy,org.pitest.mutationtest.engine.gregor.mutators.NegateConditionalsMutator,isDefaultMethod,93,TIMED_OUT,none
MapperProxy.java,org.apache.ibatis.binding.MapperProxy,org.pitest.mutationtest.engine.gregor.mutators.NonVoidMethodCallMutator,isDefaultMethod,91,TIMED_OUT,none
MapperProxy.java,org.apache.ibatis.binding.MapperProxy,org.pitest.mutationtest.engine.gregor.mutators.NonVoidMethodCallMutator,isDefaultMethod,93,TIMED_OUT,none
MapperProxy.java,org.apache.ibatis.binding.MapperProxy,org.pitest.mutationtest.engine.gregor.mutators.RemoveConditionalMutator_EQUAL_ELSE,isDefaultMethod,91,TIMED_OUT,none
MapperProxy.java,org.apache.ibatis.binding.MapperProxy,org.pitest.mutationtest.engine.gregor.mutators.RemoveConditionalMutator_EQUAL_IF,isDefaultMethod,91,TIMED_OUT,none
MapperProxy.java,org.apache.ibatis.binding.MapperProxy,org.pitest.mutationtest.engine.gregor.mutators.ReturnValsMutator,isDefaultMethod,91,TIMED_OUT,none
MapperProxyFactory.java,org.apache.ibatis.binding.MapperProxyFactory,org.pitest.mutationtest.engine.gregor.mutators.experimental.MemberVariableMutator,<init>,34,TIMED_OUT,none
MapperRegistry.java,org.apache.ibatis.binding.MapperRegistry,org.pitest.mutationtest.engine.gregor.mutators.ConstructorCallMutator,<init>,37,TIMED_OUT,none
MapperRegistry.java,org.apache.ibatis.binding.MapperRegistry,org.pitest.mutationtest.engine.gregor.mutators.experimental.MemberVariableMutator,<init>,37,TIMED_OUT,none
MapperRegistry.java,org.apache.ibatis.binding.MapperRegistry,org.pitest.mutationtest.engine.gregor.mutators.experimental.MemberVariableMutator,<init>,40,TIMED_OUT,none
MapperRegistry.java,org.apache.ibatis.binding.MapperRegistry,org.pitest.mutationtest.engine.gregor.mutators.ArgumentPropagationMutator,addMapper,67,TIMED_OUT,none
MapperRegistry.java,org.apache.ibatis.binding.MapperRegistry,org.pitest.mutationtest.engine.gregor.mutators.ConstructorCallMutator,addMapper,67,TIMED_OUT,none
MapperRegistry.java,org.apache.ibatis.binding.MapperRegistry,org.pitest.mutationtest.engine.gregor.mutators.ConstructorCallMutator,addMapper,71,TIMED_OUT,none
MapperRegistry.java,org.apache.ibatis.binding.MapperRegistry,org.pitest.mutationtest.engine.gregor.mutators.InlineConstantMutator,addMapper,65,TIMED_OUT,none
MapperRegistry.java,org.apache.ibatis.binding.MapperRegistry,org.pitest.mutationtest.engine.gregor.mutators.InlineConstantMutator,addMapper,73,TIMED_OUT,none
MapperRegistry.java,org.apache.ibatis.binding.MapperRegistry,org.pitest.mutationtest.engine.gregor.mutators.NegateConditionalsMutator,addMapper,61,TIMED_OUT,none
MapperRegistry.java,org.apache.ibatis.binding.MapperRegistry,org.pitest.mutationtest.engine.gregor.mutators.NegateConditionalsMutator,addMapper,62,TIMED_OUT,none
MapperRegistry.java,org.apache.ibatis.binding.MapperRegistry,org.pitest.mutationtest.engine.gregor.mutators.NegateConditionalsMutator,addMapper,75,TIMED_OUT,none
MapperRegistry.java,org.apache.ibatis.binding.MapperRegistry,org.pitest.mutationtest.engine.gregor.mutators.NonVoidMethodCallMutator,addMapper,61,TIMED_OUT,none
MapperRegistry.java,org.apache.ibatis.binding.MapperRegistry,org.pitest.mutationtest.engine.gregor.mutators.NonVoidMethodCallMutator,addMapper,62,TIMED_OUT,none
MapperRegistry.java,org.apache.ibatis.binding.MapperRegistry,org.pitest.mutationtest.engine.gregor.mutators.NonVoidMethodCallMutator,addMapper,67,TIMED_OUT,none
MapperRegistry.java,org.apache.ibatis.binding.MapperRegistry,org.pitest.mutationtest.engine.gregor.mutators.RemoveConditionalMutator_EQUAL_ELSE,addMapper,61,TIMED_OUT,none
MapperRegistry.java,org.apache.ibatis.binding.MapperRegistry,org.pitest.mutationtest.engine.gregor.mutators.RemoveConditionalMutator_EQUAL_ELSE,addMapper,62,TIMED_OUT,none
MapperRegistry.java,org.apache.ibatis.binding.MapperRegistry,org.pitest.mutationtest.engine.gregor.mutators.RemoveConditionalMutator_EQUAL_ELSE,addMapper,75,TIMED_OUT,none
MapperRegistry.java,org.apache.ibatis.binding.MapperRegistry,org.pitest.mutationtest.engine.gregor.mutators.RemoveConditionalMutator_EQUAL_IF,addMapper,61,TIMED_OUT,none
MapperRegistry.java,org.apache.ibatis.binding.MapperRegistry,org.pitest.mutationtest.engine.gregor.mutators.RemoveConditionalMutator_EQUAL_IF,addMapper,62,TIMED_OUT,none
MapperRegistry.java,org.apache.ibatis.binding.MapperRegistry,org.pitest.mutationtest.engine.gregor.mutators.RemoveConditionalMutator_EQUAL_IF,addMapper,75,TIMED_OUT,none
MapperRegistry.java,org.apache.ibatis.binding.MapperRegistry,org.pitest.mutationtest.engine.gregor.mutators.VoidMethodCallMutator,addMapper,72,TIMED_OUT,none
MapperRegistry.java,org.apache.ibatis.binding.MapperRegistry,org.pitest.mutationtest.engine.gregor.mutators.NonVoidMethodCallMutator,getMapper,45,TIMED_OUT,none
MapperRegistry.java,org.apache.ibatis.binding.MapperRegistry,org.pitest.mutationtest.engine.gregor.mutators.NonVoidMethodCallMutator,hasMapper,57,TIMED_OUT,none
MapperRegistry.java,org.apache.ibatis.binding.MapperRegistry,org.pitest.mutationtest.engine.gregor.mutators.ReturnValsMutator,hasMapper,57,TIMED_OUT,none
BaseBuilder.java,org.apache.ibatis.builder.BaseBuilder,org.pitest.mutationtest.engine.gregor.mutators.NonVoidMethodCallMutator,<init>,41,TIMED_OUT,none
BaseBuilder.java,org.apache.ibatis.builder.BaseBuilder,org.pitest.mutationtest.engine.gregor.mutators.NonVoidMethodCallMutator,<init>,42,TIMED_OUT,none
BaseBuilder.java,org.apache.ibatis.builder.BaseBuilder,org.pitest.mutationtest.engine.gregor.mutators.experimental.MemberVariableMutator,<init>,41,TIMED_OUT,none
BaseBuilder.java,org.apache.ibatis.builder.BaseBuilder,org.pitest.mutationtest.engine.gregor.mutators.experimental.MemberVariableMutator,<init>,42,TIMED_OUT,none
BaseBuilder.java,org.apache.ibatis.builder.BaseBuilder,org.pitest.mutationtest.engine.gregor.mutators.NegateConditionalsMutator,booleanValueOf,54,TIMED_OUT,none
BaseBuilder.java,org.apache.ibatis.builder.BaseBuilder,org.pitest.mutationtest.engine.gregor.mutators.NonVoidMethodCallMutator,booleanValueOf,54,TIMED_OUT,none
BaseBuilder.java,org.apache.ibatis.builder.BaseBuilder,org.pitest.mutationtest.engine.gregor.mutators.RemoveConditionalMutator_EQUAL_ELSE,booleanValueOf,54,TIMED_OUT,none
BaseBuilder.java,org.apache.ibatis.builder.BaseBuilder,org.pitest.mutationtest.engine.gregor.mutators.RemoveConditionalMutator_EQUAL_IF,booleanValueOf,54,TIMED_OUT,none
BaseBuilder.java,org.apache.ibatis.builder.BaseBuilder,org.pitest.mutationtest.engine.gregor.mutators.ReturnValsMutator,booleanValueOf,54,TIMED_OUT,none
BaseBuilder.java,org.apache.ibatis.builder.BaseBuilder,org.pitest.mutationtest.engine.gregor.mutators.NegateConditionalsMutator,createInstance,101,TIMED_OUT,none
BaseBuilder.java,org.apache.ibatis.builder.BaseBuilder,org.pitest.mutationtest.engine.gregor.mutators.NonVoidMethodCallMutator,createInstance,100,TIMED_OUT,none
BaseBuilder.java,org.apache.ibatis.builder.BaseBuilder,org.pitest.mutationtest.engine.gregor.mutators.RemoveConditionalMutator_EQUAL_ELSE,createInstance,101,TIMED_OUT,none
BaseBuilder.java,org.apache.ibatis.builder.BaseBuilder,org.pitest.mutationtest.engine.gregor.mutators.RemoveConditionalMutator_EQUAL_IF,createInstance,101,TIMED_OUT,none
BaseBuilder.java,org.apache.ibatis.builder.BaseBuilder,org.pitest.mutationtest.engine.gregor.mutators.ReturnValsMutator,createInstance,102,TIMED_OUT,none
BaseBuilder.java,org.apache.ibatis.builder.BaseBuilder,org.pitest.mutationtest.engine.gregor.mutators.NegateConditionalsMutator,integerValueOf,58,TIMED_OUT,none
BaseBuilder.java,org.apache.ibatis.builder.BaseBuilder,org.pitest.mutationtest.engine.gregor.mutators.NonVoidMethodCallMutator,integerValueOf,58,TIMED_OUT,none
BaseBuilder.java,org.apache.ibatis.builder.BaseBuilder,org.pitest.mutationtest.engine.gregor.mutators.RemoveConditionalMutator_EQUAL_ELSE,integerValueOf,58,TIMED_OUT,none
BaseBuilder.java,org.apache.ibatis.builder.BaseBuilder,org.pitest.mutationtest.engine.gregor.mutators.RemoveConditionalMutator_EQUAL_IF,integerValueOf,58,TIMED_OUT,none
BaseBuilder.java,org.apache.ibatis.builder.BaseBuilder,org.pitest.mutationtest.engine.gregor.mutators.ReturnValsMutator,integerValueOf,58,TIMED_OUT,none
BaseBuilder.java,org.apache.ibatis.builder.BaseBuilder,org.pitest.mutationtest.engine.gregor.mutators.NonVoidMethodCallMutator,resolveAlias,149,TIMED_OUT,none
BaseBuilder.java,org.apache.ibatis.builder.BaseBuilder,org.pitest.mutationtest.engine.gregor.mutators.ReturnValsMutator,resolveAlias,149,TIMED_OUT,none
BaseBuilder.java,org.apache.ibatis.builder.BaseBuilder,org.pitest.mutationtest.engine.gregor.mutators.NegateConditionalsMutator,resolveClass,112,TIMED_OUT,none
BaseBuilder.java,org.apache.ibatis.builder.BaseBuilder,org.pitest.mutationtest.engine.gregor.mutators.NonVoidMethodCallMutator,resolveClass,116,TIMED_OUT,none
BaseBuilder.java,org.apache.ibatis.builder.BaseBuilder,org.pitest.mutationtest.engine.gregor.mutators.RemoveConditionalMutator_EQUAL_ELSE,resolveClass,112,TIMED_OUT,none
BaseBuilder.java,org.apache.ibatis.builder.BaseBuilder,org.pitest.mutationtest.engine.gregor.mutators.RemoveConditionalMutator_EQUAL_IF,resolveClass,112,TIMED_OUT,none
BaseBuilder.java,org.apache.ibatis.builder.BaseBuilder,org.pitest.mutationtest.engine.gregor.mutators.ReturnValsMutator,resolveClass,113,TIMED_OUT,none
BaseBuilder.java,org.apache.ibatis.builder.BaseBuilder,org.pitest.mutationtest.engine.gregor.mutators.ReturnValsMutator,resolveClass,116,TIMED_OUT,none
BaseBuilder.java,org.apache.ibatis.builder.BaseBuilder,org.pitest.mutationtest.engine.gregor.mutators.NegateConditionalsMutator,resolveJdbcType,67,TIMED_OUT,none
BaseBuilder.java,org.apache.ibatis.builder.BaseBuilder,org.pitest.mutationtest.engine.gregor.mutators.NonVoidMethodCallMutator,resolveJdbcType,71,TIMED_OUT,none
BaseBuilder.java,org.apache.ibatis.builder.BaseBuilder,org.pitest.mutationtest.engine.gregor.mutators.RemoveConditionalMutator_EQUAL_ELSE,resolveJdbcType,67,TIMED_OUT,none
BaseBuilder.java,org.apache.ibatis.builder.BaseBuilder,org.pitest.mutationtest.engine.gregor.mutators.RemoveConditionalMutator_EQUAL_IF,resolveJdbcType,67,TIMED_OUT,none
BaseBuilder.java,org.apache.ibatis.builder.BaseBuilder,org.pitest.mutationtest.engine.gregor.mutators.ReturnValsMutator,resolveJdbcType,68,TIMED_OUT,none
BaseBuilder.java,org.apache.ibatis.builder.BaseBuilder,org.pitest.mutationtest.engine.gregor.mutators.ReturnValsMutator,resolveJdbcType,71,TIMED_OUT,none
BaseBuilder.java,org.apache.ibatis.builder.BaseBuilder,org.pitest.mutationtest.engine.gregor.mutators.NegateConditionalsMutator,resolveParameterMode,89,TIMED_OUT,none
BaseBuilder.java,org.apache.ibatis.builder.BaseBuilder,org.pitest.mutationtest.engine.gregor.mutators.RemoveConditionalMutator_EQUAL_ELSE,resolveParameterMode,89,TIMED_OUT,none
BaseBuilder.java,org.apache.ibatis.builder.BaseBuilder,org.pitest.mutationtest.engine.gregor.mutators.RemoveConditionalMutator_EQUAL_IF,resolveParameterMode,89,TIMED_OUT,none
BaseBuilder.java,org.apache.ibatis.builder.BaseBuilder,org.pitest.mutationtest.engine.gregor.mutators.ReturnValsMutator,resolveParameterMode,90,TIMED_OUT,none
BaseBuilder.java,org.apache.ibatis.builder.BaseBuilder,org.pitest.mutationtest.engine.gregor.mutators.NegateConditionalsMutator,resolveResultSetType,78,TIMED_OUT,none
BaseBuilder.java,org.apache.ibatis.builder.BaseBuilder,org.pitest.mutationtest.engine.gregor.mutators.NonVoidMethodCallMutator,resolveResultSetType,82,TIMED_OUT,none
BaseBuilder.java,org.apache.ibatis.builder.BaseBuilder,org.pitest.mutationtest.engine.gregor.mutators.RemoveConditionalMutator_EQUAL_ELSE,resolveResultSetType,78,TIMED_OUT,none
BaseBuilder.java,org.apache.ibatis.builder.BaseBuilder,org.pitest.mutationtest.engine.gregor.mutators.RemoveConditionalMutator_EQUAL_IF,resolveResultSetType,78,TIMED_OUT,none
BaseBuilder.java,org.apache.ibatis.builder.BaseBuilder,org.pitest.mutationtest.engine.gregor.mutators.ReturnValsMutator,resolveResultSetType,79,TIMED_OUT,none
BaseBuilder.java,org.apache.ibatis.builder.BaseBuilder,org.pitest.mutationtest.engine.gregor.mutators.ReturnValsMutator,resolveResultSetType,82,TIMED_OUT,none
BaseBuilder.java,org.apache.ibatis.builder.BaseBuilder,org.pitest.mutationtest.engine.gregor.mutators.NegateConditionalsMutator,resolveTypeHandler,136,TIMED_OUT,none
BaseBuilder.java,org.apache.ibatis.builder.BaseBuilder,org.pitest.mutationtest.engine.gregor.mutators.NegateConditionalsMutator,resolveTypeHandler,141,TIMED_OUT,none
BaseBuilder.java,org.apache.ibatis.builder.BaseBuilder,org.pitest.mutationtest.engine.gregor.mutators.NonVoidMethodCallMutator,resolveTypeHandler,140,TIMED_OUT,none
BaseBuilder.java,org.apache.ibatis.builder.BaseBuilder,org.pitest.mutationtest.engine.gregor.mutators.RemoveConditionalMutator_EQUAL_ELSE,resolveTypeHandler,136,TIMED_OUT,none
BaseBuilder.java,org.apache.ibatis.builder.BaseBuilder,org.pitest.mutationtest.engine.gregor.mutators.RemoveConditionalMutator_EQUAL_ELSE,resolveTypeHandler,141,TIMED_OUT,none
BaseBuilder.java,org.apache.ibatis.builder.BaseBuilder,org.pitest.mutationtest.engine.gregor.mutators.RemoveConditionalMutator_EQUAL_IF,resolveTypeHandler,136,TIMED_OUT,none
BaseBuilder.java,org.apache.ibatis.builder.BaseBuilder,org.pitest.mutationtest.engine.gregor.mutators.RemoveConditionalMutator_EQUAL_IF,resolveTypeHandler,141,TIMED_OUT,none
BaseBuilder.java,org.apache.ibatis.builder.BaseBuilder,org.pitest.mutationtest.engine.gregor.mutators.ReturnValsMutator,resolveTypeHandler,137,TIMED_OUT,none
BaseBuilder.java,org.apache.ibatis.builder.BaseBuilder,org.pitest.mutationtest.engine.gregor.mutators.ReturnValsMutator,resolveTypeHandler,145,TIMED_OUT,none
BaseBuilder.java,org.apache.ibatis.builder.BaseBuilder,org.pitest.mutationtest.engine.gregor.mutators.NegateConditionalsMutator,resolveTypeHandler,123,TIMED_OUT,none
BaseBuilder.java,org.apache.ibatis.builder.BaseBuilder,org.pitest.mutationtest.engine.gregor.mutators.NegateConditionalsMutator,resolveTypeHandler,127,TIMED_OUT,none
BaseBuilder.java,org.apache.ibatis.builder.BaseBuilder,org.pitest.mutationtest.engine.gregor.mutators.NegateConditionalsMutator,resolveTypeHandler,127,TIMED_OUT,none
BaseBuilder.java,org.apache.ibatis.builder.BaseBuilder,org.pitest.mutationtest.engine.gregor.mutators.NonVoidMethodCallMutator,resolveTypeHandler,126,TIMED_OUT,none
BaseBuilder.java,org.apache.ibatis.builder.BaseBuilder,org.pitest.mutationtest.engine.gregor.mutators.NonVoidMethodCallMutator,resolveTypeHandler,127,TIMED_OUT,none
BaseBuilder.java,org.apache.ibatis.builder.BaseBuilder,org.pitest.mutationtest.engine.gregor.mutators.NonVoidMethodCallMutator,resolveTypeHandler,132,TIMED_OUT,none
BaseBuilder.java,org.apache.ibatis.builder.BaseBuilder,org.pitest.mutationtest.engine.gregor.mutators.RemoveConditionalMutator_EQUAL_ELSE,resolveTypeHandler,123,TIMED_OUT,none
BaseBuilder.java,org.apache.ibatis.builder.BaseBuilder,org.pitest.mutationtest.engine.gregor.mutators.RemoveConditionalMutator_EQUAL_ELSE,resolveTypeHandler,127,TIMED_OUT,none
BaseBuilder.java,org.apache.ibatis.builder.BaseBuilder,org.pitest.mutationtest.engine.gregor.mutators.RemoveConditionalMutator_EQUAL_ELSE,resolveTypeHandler,127,TIMED_OUT,none
BaseBuilder.java,org.apache.ibatis.builder.BaseBuilder,org.pitest.mutationtest.engine.gregor.mutators.RemoveConditionalMutator_EQUAL_IF,resolveTypeHandler,123,TIMED_OUT,none
BaseBuilder.java,org.apache.ibatis.builder.BaseBuilder,org.pitest.mutationtest.engine.gregor.mutators.RemoveConditionalMutator_EQUAL_IF,resolveTypeHandler,127,TIMED_OUT,none
BaseBuilder.java,org.apache.ibatis.builder.BaseBuilder,org.pitest.mutationtest.engine.gregor.mutators.RemoveConditionalMutator_EQUAL_IF,resolveTypeHandler,127,TIMED_OUT,none
BaseBuilder.java,org.apache.ibatis.builder.BaseBuilder,org.pitest.mutationtest.engine.gregor.mutators.ReturnValsMutator,resolveTypeHandler,132,TIMED_OUT,none
BaseBuilder.java,org.apache.ibatis.builder.BaseBuilder,org.pitest.mutationtest.engine.gregor.mutators.ConstructorCallMutator,stringSetValueOf,63,TIMED_OUT,none
BaseBuilder.java,org.apache.ibatis.builder.BaseBuilder,org.pitest.mutationtest.engine.gregor.mutators.NegateConditionalsMutator,stringSetValueOf,62,TIMED_OUT,none
BaseBuilder.java,org.apache.ibatis.builder.BaseBuilder,org.pitest.mutationtest.engine.gregor.mutators.NonVoidMethodCallMutator,stringSetValueOf,63,TIMED_OUT,none
BaseBuilder.java,org.apache.ibatis.builder.BaseBuilder,org.pitest.mutationtest.engine.gregor.mutators.NonVoidMethodCallMutator,stringSetValueOf,63,TIMED_OUT,none
BaseBuilder.java,org.apache.ibatis.builder.BaseBuilder,org.pitest.mutationtest.engine.gregor.mutators.RemoveConditionalMutator_EQUAL_ELSE,stringSetValueOf,62,TIMED_OUT,none
BaseBuilder.java,org.apache.ibatis.builder.BaseBuilder,org.pitest.mutationtest.engine.gregor.mutators.RemoveConditionalMutator_EQUAL_IF,stringSetValueOf,62,TIMED_OUT,none
BaseBuilder.java,org.apache.ibatis.builder.BaseBuilder,org.pitest.mutationtest.engine.gregor.mutators.ReturnValsMutator,stringSetValueOf,63,TIMED_OUT,none
MapperBuilderAssistant.java,org.apache.ibatis.builder.MapperBuilderAssistant,org.pitest.mutationtest.engine.gregor.mutators.experimental.MemberVariableMutator,<init>,65,TIMED_OUT,none
MapperBuilderAssistant.java,org.apache.ibatis.builder.MapperBuilderAssistant,org.pitest.mutationtest.engine.gregor.mutators.ArgumentPropagationMutator,addMappedStatement,275,TIMED_OUT,none
MapperBuilderAssistant.java,org.apache.ibatis.builder.MapperBuilderAssistant,org.pitest.mutationtest.engine.gregor.mutators.ArgumentPropagationMutator,addMappedStatement,293,TIMED_OUT,none
MapperBuilderAssistant.java,org.apache.ibatis.builder.MapperBuilderAssistant,org.pitest.mutationtest.engine.gregor.mutators.InlineConstantMutator,addMappedStatement,276,TIMED_OUT,none
MapperBuilderAssistant.java,org.apache.ibatis.builder.MapperBuilderAssistant,org.pitest.mutationtest.engine.gregor.mutators.InlineConstantMutator,addMappedStatement,276,TIMED_OUT,none
MapperBuilderAssistant.java,org.apache.ibatis.builder.MapperBuilderAssistant,org.pitest.mutationtest.engine.gregor.mutators.NegateConditionalsMutator,addMappedStatement,271,TIMED_OUT,none
MapperBuilderAssistant.java,org.apache.ibatis.builder.MapperBuilderAssistant,org.pitest.mutationtest.engine.gregor.mutators.NonVoidMethodCallMutator,addMappedStatement,275,TIMED_OUT,none
MapperBuilderAssistant.java,org.apache.ibatis.builder.MapperBuilderAssistant,org.pitest.mutationtest.engine.gregor.mutators.NonVoidMethodCallMutator,addMappedStatement,279,TIMED_OUT,none
MapperBuilderAssistant.java,org.apache.ibatis.builder.MapperBuilderAssistant,org.pitest.mutationtest.engine.gregor.mutators.NonVoidMethodCallMutator,addMappedStatement,281,TIMED_OUT,none
MapperBuilderAssistant.java,org.apache.ibatis.builder.MapperBuilderAssistant,org.pitest.mutationtest.engine.gregor.mutators.NonVoidMethodCallMutator,addMappedStatement,282,TIMED_OUT,none
MapperBuilderAssistant.java,org.apache.ibatis.builder.MapperBuilderAssistant,org.pitest.mutationtest.engine.gregor.mutators.NonVoidMethodCallMutator,addMappedStatement,283,TIMED_OUT,none
MapperBuilderAssistant.java,org.apache.ibatis.builder.MapperBuilderAssistant,org.pitest.mutationtest.engine.gregor.mutators.NonVoidMethodCallMutator,addMappedStatement,284,TIMED_OUT,none
MapperBuilderAssistant.java,org.apache.ibatis.builder.MapperBuilderAssistant,org.pitest.mutationtest.engine.gregor.mutators.NonVoidMethodCallMutator,addMappedStatement,285,TIMED_OUT,none
MapperBuilderAssistant.java,org.apache.ibatis.builder.MapperBuilderAssistant,org.pitest.mutationtest.engine.gregor.mutators.NonVoidMethodCallMutator,addMappedStatement,286,TIMED_OUT,none
MapperBuilderAssistant.java,org.apache.ibatis.builder.MapperBuilderAssistant,org.pitest.mutationtest.engine.gregor.mutators.NonVoidMethodCallMutator,addMappedStatement,287,TIMED_OUT,none
MapperBuilderAssistant.java,org.apache.ibatis.builder.MapperBuilderAssistant,org.pitest.mutationtest.engine.gregor.mutators.NonVoidMethodCallMutator,addMappedStatement,290,TIMED_OUT,none
MapperBuilderAssistant.java,org.apache.ibatis.builder.MapperBuilderAssistant,org.pitest.mutationtest.engine.gregor.mutators.NonVoidMethodCallMutator,addMappedStatement,290,TIMED_OUT,none
MapperBuilderAssistant.java,org.apache.ibatis.builder.MapperBuilderAssistant,org.pitest.mutationtest.engine.gregor.mutators.NonVoidMethodCallMutator,addMappedStatement,291,TIMED_OUT,none
MapperBuilderAssistant.java,org.apache.ibatis.builder.MapperBuilderAssistant,org.pitest.mutationtest.engine.gregor.mutators.NonVoidMethodCallMutator,addMappedStatement,292,TIMED_OUT,none
MapperBuilderAssistant.java,org.apache.ibatis.builder.MapperBuilderAssistant,org.pitest.mutationtest.engine.gregor.mutators.NonVoidMethodCallMutator,addMappedStatement,292,TIMED_OUT,none
MapperBuilderAssistant.java,org.apache.ibatis.builder.MapperBuilderAssistant,org.pitest.mutationtest.engine.gregor.mutators.NonVoidMethodCallMutator,addMappedStatement,293,TIMED_OUT,none
MapperBuilderAssistant.java,org.apache.ibatis.builder.MapperBuilderAssistant,org.pitest.mutationtest.engine.gregor.mutators.NonVoidMethodCallMutator,addMappedStatement,293,TIMED_OUT,none
MapperBuilderAssistant.java,org.apache.ibatis.builder.MapperBuilderAssistant,org.pitest.mutationtest.engine.gregor.mutators.NonVoidMethodCallMutator,addMappedStatement,294,TIMED_OUT,none
MapperBuilderAssistant.java,org.apache.ibatis.builder.MapperBuilderAssistant,org.pitest.mutationtest.engine.gregor.mutators.NonVoidMethodCallMutator,addMappedStatement,296,TIMED_OUT,none
MapperBuilderAssistant.java,org.apache.ibatis.builder.MapperBuilderAssistant,org.pitest.mutationtest.engine.gregor.mutators.NonVoidMethodCallMutator,addMappedStatement,298,TIMED_OUT,none
MapperBuilderAssistant.java,org.apache.ibatis.builder.MapperBuilderAssistant,org.pitest.mutationtest.engine.gregor.mutators.NonVoidMethodCallMutator,addMappedStatement,301,TIMED_OUT,none
MapperBuilderAssistant.java,org.apache.ibatis.builder.MapperBuilderAssistant,org.pitest.mutationtest.engine.gregor.mutators.RemoveConditionalMutator_EQUAL_ELSE,addMappedStatement,276,TIMED_OUT,none
MapperBuilderAssistant.java,org.apache.ibatis.builder.MapperBuilderAssistant,org.pitest.mutationtest.engine.gregor.mutators.RemoveConditionalMutator_EQUAL_ELSE,addMappedStatement,292,TIMED_OUT,none
MapperBuilderAssistant.java,org.apache.ibatis.builder.MapperBuilderAssistant,org.pitest.mutationtest.engine.gregor.mutators.RemoveConditionalMutator_EQUAL_IF,addMappedStatement,276,TIMED_OUT,none
MapperBuilderAssistant.java,org.apache.ibatis.builder.MapperBuilderAssistant,org.pitest.mutationtest.engine.gregor.mutators.RemoveConditionalMutator_EQUAL_IF,addMappedStatement,292,TIMED_OUT,none
MapperBuilderAssistant.java,org.apache.ibatis.builder.MapperBuilderAssistant,org.pitest.mutationtest.engine.gregor.mutators.RemoveConditionalMutator_EQUAL_IF,addMappedStatement,297,TIMED_OUT,none
MapperBuilderAssistant.java,org.apache.ibatis.builder.MapperBuilderAssistant,org.pitest.mutationtest.engine.gregor.mutators.VoidMethodCallMutator,addMappedStatement,302,TIMED_OUT,none
MapperBuilderAssistant.java,org.apache.ibatis.builder.MapperBuilderAssistant,org.pitest.mutationtest.engine.gregor.mutators.ArgumentPropagationMutator,addResultMap,184,TIMED_OUT,none
MapperBuilderAssistant.java,org.apache.ibatis.builder.MapperBuilderAssistant,org.pitest.mutationtest.engine.gregor.mutators.ConstructorCallMutator,addResultMap,211,TIMED_OUT,none
MapperBuilderAssistant.java,org.apache.ibatis.builder.MapperBuilderAssistant,org.pitest.mutationtest.engine.gregor.mutators.InlineConstantMutator,addResultMap,183,TIMED_OUT,none
MapperBuilderAssistant.java,org.apache.ibatis.builder.MapperBuilderAssistant,org.pitest.mutationtest.engine.gregor.mutators.NegateConditionalsMutator,addResultMap,186,TIMED_OUT,none
MapperBuilderAssistant.java,org.apache.ibatis.builder.MapperBuilderAssistant,org.pitest.mutationtest.engine.gregor.mutators.NonVoidMethodCallMutator,addResultMap,184,TIMED_OUT,none
MapperBuilderAssistant.java,org.apache.ibatis.builder.MapperBuilderAssistant,org.pitest.mutationtest.engine.gregor.mutators.RemoveConditionalMutator_EQUAL_ELSE,addResultMap,186,TIMED_OUT,none
MapperBuilderAssistant.java,org.apache.ibatis.builder.MapperBuilderAssistant,org.pitest.mutationtest.engine.gregor.mutators.RemoveConditionalMutator_EQUAL_IF,addResultMap,186,TIMED_OUT,none
MapperBuilderAssistant.java,org.apache.ibatis.builder.MapperBuilderAssistant,org.pitest.mutationtest.engine.gregor.mutators.ReturnValsMutator,addResultMap,215,TIMED_OUT,none
MapperBuilderAssistant.java,org.apache.ibatis.builder.MapperBuilderAssistant,org.pitest.mutationtest.engine.gregor.mutators.VoidMethodCallMutator,addResultMap,214,TIMED_OUT,none
MapperBuilderAssistant.java,org.apache.ibatis.builder.MapperBuilderAssistant,org.pitest.mutationtest.engine.gregor.mutators.ConstructorCallMutator,applyCurrentNamespace,103,TIMED_OUT,none
MapperBuilderAssistant.java,org.apache.ibatis.builder.MapperBuilderAssistant,org.pitest.mutationtest.engine.gregor.mutators.NegateConditionalsMutator,applyCurrentNamespace,91,TIMED_OUT,none
MapperBuilderAssistant.java,org.apache.ibatis.builder.MapperBuilderAssistant,org.pitest.mutationtest.engine.gregor.mutators.NegateConditionalsMutator,applyCurrentNamespace,96,TIMED_OUT,none
MapperBuilderAssistant.java,org.apache.ibatis.builder.MapperBuilderAssistant,org.pitest.mutationtest.engine.gregor.mutators.NegateConditionalsMutator,applyCurrentNamespace,99,TIMED_OUT,none
MapperBuilderAssistant.java,org.apache.ibatis.builder.MapperBuilderAssistant,org.pitest.mutationtest.engine.gregor.mutators.NonVoidMethodCallMutator,applyCurrentNamespace,91,TIMED_OUT,none
MapperBuilderAssistant.java,org.apache.ibatis.builder.MapperBuilderAssistant,org.pitest.mutationtest.engine.gregor.mutators.NonVoidMethodCallMutator,applyCurrentNamespace,96,TIMED_OUT,none
MapperBuilderAssistant.java,org.apache.ibatis.builder.MapperBuilderAssistant,org.pitest.mutationtest.engine.gregor.mutators.NonVoidMethodCallMutator,applyCurrentNamespace,96,TIMED_OUT,none
MapperBuilderAssistant.java,org.apache.ibatis.builder.MapperBuilderAssistant,org.pitest.mutationtest.engine.gregor.mutators.NonVoidMethodCallMutator,applyCurrentNamespace,96,TIMED_OUT,none
MapperBuilderAssistant.java,org.apache.ibatis.builder.MapperBuilderAssistant,org.pitest.mutationtest.engine.gregor.mutators.NonVoidMethodCallMutator,applyCurrentNamespace,99,TIMED_OUT,none
MapperBuilderAssistant.java,org.apache.ibatis.builder.MapperBuilderAssistant,org.pitest.mutationtest.engine.gregor.mutators.NonVoidMethodCallMutator,applyCurrentNamespace,103,TIMED_OUT,none
MapperBuilderAssistant.java,org.apache.ibatis.builder.MapperBuilderAssistant,org.pitest.mutationtest.engine.gregor.mutators.NonVoidMethodCallMutator,applyCurrentNamespace,103,TIMED_OUT,none
MapperBuilderAssistant.java,org.apache.ibatis.builder.MapperBuilderAssistant,org.pitest.mutationtest.engine.gregor.mutators.RemoveConditionalMutator_EQUAL_ELSE,applyCurrentNamespace,91,TIMED_OUT,none
MapperBuilderAssistant.java,org.apache.ibatis.builder.MapperBuilderAssistant,org.pitest.mutationtest.engine.gregor.mutators.RemoveConditionalMutator_EQUAL_ELSE,applyCurrentNamespace,96,TIMED_OUT,none
MapperBuilderAssistant.java,org.apache.ibatis.builder.MapperBuilderAssistant,org.pitest.mutationtest.engine.gregor.mutators.RemoveConditionalMutator_EQUAL_ELSE,applyCurrentNamespace,99,TIMED_OUT,none
MapperBuilderAssistant.java,org.apache.ibatis.builder.MapperBuilderAssistant,org.pitest.mutationtest.engine.gregor.mutators.RemoveConditionalMutator_EQUAL_IF,applyCurrentNamespace,86,TIMED_OUT,none
MapperBuilderAssistant.java,org.apache.ibatis.builder.MapperBuilderAssistant,org.pitest.mutationtest.engine.gregor.mutators.RemoveConditionalMutator_EQUAL_IF,applyCurrentNamespace,91,TIMED_OUT,none
MapperBuilderAssistant.java,org.apache.ibatis.builder.MapperBuilderAssistant,org.pitest.mutationtest.engine.gregor.mutators.RemoveConditionalMutator_EQUAL_IF,applyCurrentNamespace,96,TIMED_OUT,none
MapperBuilderAssistant.java,org.apache.ibatis.builder.MapperBuilderAssistant,org.pitest.mutationtest.engine.gregor.mutators.RemoveConditionalMutator_EQUAL_IF,applyCurrentNamespace,99,TIMED_OUT,none
MapperBuilderAssistant.java,org.apache.ibatis.builder.MapperBuilderAssistant,org.pitest.mutationtest.engine.gregor.mutators.ArgumentPropagationMutator,buildResultMapping,376,TIMED_OUT,none
MapperBuilderAssistant.java,org.apache.ibatis.builder.MapperBuilderAssistant,org.pitest.mutationtest.engine.gregor.mutators.ArgumentPropagationMutator,buildResultMapping,384,TIMED_OUT,none
MapperBuilderAssistant.java,org.apache.ibatis.builder.MapperBuilderAssistant,org.pitest.mutationtest.engine.gregor.mutators.ArgumentPropagationMutator,buildResultMapping,385,TIMED_OUT,none
MapperBuilderAssistant.java,org.apache.ibatis.builder.MapperBuilderAssistant,org.pitest.mutationtest.engine.gregor.mutators.ConstructorCallMutator,buildResultMapping,387,TIMED_OUT,none
MapperBuilderAssistant.java,org.apache.ibatis.builder.MapperBuilderAssistant,org.pitest.mutationtest.engine.gregor.mutators.InlineConstantMutator,buildResultMapping,384,TIMED_OUT,none
MapperBuilderAssistant.java,org.apache.ibatis.builder.MapperBuilderAssistant,org.pitest.mutationtest.engine.gregor.mutators.NegateConditionalsMutator,buildResultMapping,379,TIMED_OUT,none
MapperBuilderAssistant.java,org.apache.ibatis.builder.MapperBuilderAssistant,org.pitest.mutationtest.engine.gregor.mutators.NegateConditionalsMutator,buildResultMapping,387,TIMED_OUT,none
MapperBuilderAssistant.java,org.apache.ibatis.builder.MapperBuilderAssistant,org.pitest.mutationtest.engine.gregor.mutators.NonVoidMethodCallMutator,buildResultMapping,383,TIMED_OUT,none
MapperBuilderAssistant.java,org.apache.ibatis.builder.MapperBuilderAssistant,org.pitest.mutationtest.engine.gregor.mutators.NonVoidMethodCallMutator,buildResultMapping,384,TIMED_OUT,none
MapperBuilderAssistant.java,org.apache.ibatis.builder.MapperBuilderAssistant,org.pitest.mutationtest.engine.gregor.mutators.NonVoidMethodCallMutator,buildResultMapping,385,TIMED_OUT,none
MapperBuilderAssistant.java,org.apache.ibatis.builder.MapperBuilderAssistant,org.pitest.mutationtest.engine.gregor.mutators.NonVoidMethodCallMutator,buildResultMapping,385,TIMED_OUT,none
MapperBuilderAssistant.java,org.apache.ibatis.builder.MapperBuilderAssistant,org.pitest.mutationtest.engine.gregor.mutators.NonVoidMethodCallMutator,buildResultMapping,386,TIMED_OUT,none
MapperBuilderAssistant.java,org.apache.ibatis.builder.MapperBuilderAssistant,org.pitest.mutationtest.engine.gregor.mutators.NonVoidMethodCallMutator,buildResultMapping,389,TIMED_OUT,none
MapperBuilderAssistant.java,org.apache.ibatis.builder.MapperBuilderAssistant,org.pitest.mutationtest.engine.gregor.mutators.NonVoidMethodCallMutator,buildResultMapping,390,TIMED_OUT,none
MapperBuilderAssistant.java,org.apache.ibatis.builder.MapperBuilderAssistant,org.pitest.mutationtest.engine.gregor.mutators.NonVoidMethodCallMutator,buildResultMapping,390,TIMED_OUT,none
MapperBuilderAssistant.java,org.apache.ibatis.builder.MapperBuilderAssistant,org.pitest.mutationtest.engine.gregor.mutators.NonVoidMethodCallMutator,buildResultMapping,391,TIMED_OUT,none
MapperBuilderAssistant.java,org.apache.ibatis.builder.MapperBuilderAssistant,org.pitest.mutationtest.engine.gregor.mutators.NonVoidMethodCallMutator,buildResultMapping,392,TIMED_OUT,none
MapperBuilderAssistant.java,org.apache.ibatis.builder.MapperBuilderAssistant,org.pitest.mutationtest.engine.gregor.mutators.NonVoidMethodCallMutator,buildResultMapping,393,TIMED_OUT,none
MapperBuilderAssistant.java,org.apache.ibatis.builder.MapperBuilderAssistant,org.pitest.mutationtest.engine.gregor.mutators.NonVoidMethodCallMutator,buildResultMapping,394,TIMED_OUT,none
MapperBuilderAssistant.java,org.apache.ibatis.builder.MapperBuilderAssistant,org.pitest.mutationtest.engine.gregor.mutators.RemoveConditionalMutator_EQUAL_IF,buildResultMapping,387,TIMED_OUT,none
MapperBuilderAssistant.java,org.apache.ibatis.builder.MapperBuilderAssistant,org.pitest.mutationtest.engine.gregor.mutators.RemoveConditionalMutator_ORDER_ELSE,buildResultMapping,379,TIMED_OUT,none
MapperBuilderAssistant.java,org.apache.ibatis.builder.MapperBuilderAssistant,org.pitest.mutationtest.engine.gregor.mutators.RemoveConditionalMutator_ORDER_IF,buildResultMapping,379,TIMED_OUT,none
MapperBuilderAssistant.java,org.apache.ibatis.builder.MapperBuilderAssistant,org.pitest.mutationtest.engine.gregor.mutators.ReturnValsMutator,buildResultMapping,382,TIMED_OUT,none
MapperBuilderAssistant.java,org.apache.ibatis.builder.MapperBuilderAssistant,org.pitest.mutationtest.engine.gregor.mutators.ReturnValsMutator,getCurrentNamespace,69,TIMED_OUT,none
MapperBuilderAssistant.java,org.apache.ibatis.builder.MapperBuilderAssistant,org.pitest.mutationtest.engine.gregor.mutators.NonVoidMethodCallMutator,getLanguageDriver,482,TIMED_OUT,none
MapperBuilderAssistant.java,org.apache.ibatis.builder.MapperBuilderAssistant,org.pitest.mutationtest.engine.gregor.mutators.NonVoidMethodCallMutator,getLanguageDriver,484,TIMED_OUT,none
MapperBuilderAssistant.java,org.apache.ibatis.builder.MapperBuilderAssistant,org.pitest.mutationtest.engine.gregor.mutators.ReturnValsMutator,getLanguageDriver,484,TIMED_OUT,none
MapperBuilderAssistant.java,org.apache.ibatis.builder.MapperBuilderAssistant,org.pitest.mutationtest.engine.gregor.mutators.ArgumentPropagationMutator,getStatementParameterMap,314,TIMED_OUT,none
MapperBuilderAssistant.java,org.apache.ibatis.builder.MapperBuilderAssistant,org.pitest.mutationtest.engine.gregor.mutators.ConstructorCallMutator,getStatementParameterMap,323,TIMED_OUT,none
MapperBuilderAssistant.java,org.apache.ibatis.builder.MapperBuilderAssistant,org.pitest.mutationtest.engine.gregor.mutators.ConstructorCallMutator,getStatementParameterMap,324,TIMED_OUT,none
MapperBuilderAssistant.java,org.apache.ibatis.builder.MapperBuilderAssistant,org.pitest.mutationtest.engine.gregor.mutators.InlineConstantMutator,getStatementParameterMap,314,TIMED_OUT,none
MapperBuilderAssistant.java,org.apache.ibatis.builder.MapperBuilderAssistant,org.pitest.mutationtest.engine.gregor.mutators.NegateConditionalsMutator,getStatementParameterMap,316,TIMED_OUT,none
MapperBuilderAssistant.java,org.apache.ibatis.builder.MapperBuilderAssistant,org.pitest.mutationtest.engine.gregor.mutators.NegateConditionalsMutator,getStatementParameterMap,322,TIMED_OUT,none
MapperBuilderAssistant.java,org.apache.ibatis.builder.MapperBuilderAssistant,org.pitest.mutationtest.engine.gregor.mutators.NonVoidMethodCallMutator,getStatementParameterMap,314,TIMED_OUT,none
MapperBuilderAssistant.java,org.apache.ibatis.builder.MapperBuilderAssistant,org.pitest.mutationtest.engine.gregor.mutators.NonVoidMethodCallMutator,getStatementParameterMap,324,TIMED_OUT,none
MapperBuilderAssistant.java,org.apache.ibatis.builder.MapperBuilderAssistant,org.pitest.mutationtest.engine.gregor.mutators.NonVoidMethodCallMutator,getStatementParameterMap,328,TIMED_OUT,none
MapperBuilderAssistant.java,org.apache.ibatis.builder.MapperBuilderAssistant,org.pitest.mutationtest.engine.gregor.mutators.RemoveConditionalMutator_EQUAL_ELSE,getStatementParameterMap,316,TIMED_OUT,none
MapperBuilderAssistant.java,org.apache.ibatis.builder.MapperBuilderAssistant,org.pitest.mutationtest.engine.gregor.mutators.RemoveConditionalMutator_EQUAL_ELSE,getStatementParameterMap,322,TIMED_OUT,none
MapperBuilderAssistant.java,org.apache.ibatis.builder.MapperBuilderAssistant,org.pitest.mutationtest.engine.gregor.mutators.RemoveConditionalMutator_EQUAL_IF,getStatementParameterMap,316,TIMED_OUT,none
MapperBuilderAssistant.java,org.apache.ibatis.builder.MapperBuilderAssistant,org.pitest.mutationtest.engine.gregor.mutators.ArgumentPropagationMutator,getStatementResultMaps,337,TIMED_OUT,none
MapperBuilderAssistant.java,org.apache.ibatis.builder.MapperBuilderAssistant,org.pitest.mutationtest.engine.gregor.mutators.ConditionalsBoundaryMutator,getStatementResultMaps,342,TIMED_OUT,none
MapperBuilderAssistant.java,org.apache.ibatis.builder.MapperBuilderAssistant,org.pitest.mutationtest.engine.gregor.mutators.InlineConstantMutator,getStatementResultMaps,337,TIMED_OUT,none
MapperBuilderAssistant.java,org.apache.ibatis.builder.MapperBuilderAssistant,org.pitest.mutationtest.engine.gregor.mutators.InlineConstantMutator,getStatementResultMaps,342,TIMED_OUT,none
MapperBuilderAssistant.java,org.apache.ibatis.builder.MapperBuilderAssistant,org.pitest.mutationtest.engine.gregor.mutators.NegateConditionalsMutator,getStatementResultMaps,340,TIMED_OUT,none
MapperBuilderAssistant.java,org.apache.ibatis.builder.MapperBuilderAssistant,org.pitest.mutationtest.engine.gregor.mutators.NegateConditionalsMutator,getStatementResultMaps,342,TIMED_OUT,none
MapperBuilderAssistant.java,org.apache.ibatis.builder.MapperBuilderAssistant,org.pitest.mutationtest.engine.gregor.mutators.NonVoidMethodCallMutator,getStatementResultMaps,337,TIMED_OUT,none
MapperBuilderAssistant.java,org.apache.ibatis.builder.MapperBuilderAssistant,org.pitest.mutationtest.engine.gregor.mutators.NonVoidMethodCallMutator,getStatementResultMaps,341,TIMED_OUT,none
MapperBuilderAssistant.java,org.apache.ibatis.builder.MapperBuilderAssistant,org.pitest.mutationtest.engine.gregor.mutators.NonVoidMethodCallMutator,getStatementResultMaps,344,TIMED_OUT,none
MapperBuilderAssistant.java,org.apache.ibatis.builder.MapperBuilderAssistant,org.pitest.mutationtest.engine.gregor.mutators.NonVoidMethodCallMutator,getStatementResultMaps,344,TIMED_OUT,none
MapperBuilderAssistant.java,org.apache.ibatis.builder.MapperBuilderAssistant,org.pitest.mutationtest.engine.gregor.mutators.RemoveConditionalMutator_EQUAL_ELSE,getStatementResultMaps,340,TIMED_OUT,none
MapperBuilderAssistant.java,org.apache.ibatis.builder.MapperBuilderAssistant,org.pitest.mutationtest.engine.gregor.mutators.RemoveConditionalMutator_EQUAL_ELSE,getStatementResultMaps,349,TIMED_OUT,none
MapperBuilderAssistant.java,org.apache.ibatis.builder.MapperBuilderAssistant,org.pitest.mutationtest.engine.gregor.mutators.RemoveConditionalMutator_EQUAL_IF,getStatementResultMaps,349,TIMED_OUT,none
MapperBuilderAssistant.java,org.apache.ibatis.builder.MapperBuilderAssistant,org.pitest.mutationtest.engine.gregor.mutators.RemoveConditionalMutator_ORDER_ELSE,getStatementResultMaps,342,TIMED_OUT,none
MapperBuilderAssistant.java,org.apache.ibatis.builder.MapperBuilderAssistant,org.pitest.mutationtest.engine.gregor.mutators.RemoveConditionalMutator_ORDER_IF,getStatementResultMaps,342,TIMED_OUT,none
MapperBuilderAssistant.java,org.apache.ibatis.builder.MapperBuilderAssistant,org.pitest.mutationtest.engine.gregor.mutators.ReturnValsMutator,getStatementResultMaps,358,TIMED_OUT,none
MapperBuilderAssistant.java,org.apache.ibatis.builder.MapperBuilderAssistant,org.pitest.mutationtest.engine.gregor.mutators.experimental.RemoveIncrementsMutator,getStatementResultMaps,342,TIMED_OUT,none
MapperBuilderAssistant.java,org.apache.ibatis.builder.MapperBuilderAssistant,org.pitest.mutationtest.engine.gregor.mutators.ArgumentPropagationMutator,parseCompositeColumnName,415,TIMED_OUT,none
MapperBuilderAssistant.java,org.apache.ibatis.builder.MapperBuilderAssistant,org.pitest.mutationtest.engine.gregor.mutators.ConditionalsBoundaryMutator,parseCompositeColumnName,415,TIMED_OUT,none
MapperBuilderAssistant.java,org.apache.ibatis.builder.MapperBuilderAssistant,org.pitest.mutationtest.engine.gregor.mutators.InlineConstantMutator,parseCompositeColumnName,415,TIMED_OUT,none
MapperBuilderAssistant.java,org.apache.ibatis.builder.MapperBuilderAssistant,org.pitest.mutationtest.engine.gregor.mutators.InlineConstantMutator,parseCompositeColumnName,415,TIMED_OUT,none
MapperBuilderAssistant.java,org.apache.ibatis.builder.MapperBuilderAssistant,org.pitest.mutationtest.engine.gregor.mutators.NegateConditionalsMutator,parseCompositeColumnName,415,TIMED_OUT,none
MapperBuilderAssistant.java,org.apache.ibatis.builder.MapperBuilderAssistant,org.pitest.mutationtest.engine.gregor.mutators.NegateConditionalsMutator,parseCompositeColumnName,415,TIMED_OUT,none
MapperBuilderAssistant.java,org.apache.ibatis.builder.MapperBuilderAssistant,org.pitest.mutationtest.engine.gregor.mutators.NonVoidMethodCallMutator,parseCompositeColumnName,415,TIMED_OUT,none
MapperBuilderAssistant.java,org.apache.ibatis.builder.MapperBuilderAssistant,org.pitest.mutationtest.engine.gregor.mutators.RemoveConditionalMutator_EQUAL_ELSE,parseCompositeColumnName,415,TIMED_OUT,none
MapperBuilderAssistant.java,org.apache.ibatis.builder.MapperBuilderAssistant,org.pitest.mutationtest.engine.gregor.mutators.RemoveConditionalMutator_EQUAL_IF,parseCompositeColumnName,415,TIMED_OUT,none
MapperBuilderAssistant.java,org.apache.ibatis.builder.MapperBuilderAssistant,org.pitest.mutationtest.engine.gregor.mutators.RemoveConditionalMutator_ORDER_ELSE,parseCompositeColumnName,415,TIMED_OUT,none
MapperBuilderAssistant.java,org.apache.ibatis.builder.MapperBuilderAssistant,org.pitest.mutationtest.engine.gregor.mutators.RemoveConditionalMutator_ORDER_ELSE,parseCompositeColumnName,415,TIMED_OUT,none
MapperBuilderAssistant.java,org.apache.ibatis.builder.MapperBuilderAssistant,org.pitest.mutationtest.engine.gregor.mutators.RemoveConditionalMutator_ORDER_IF,parseCompositeColumnName,415,TIMED_OUT,none
MapperBuilderAssistant.java,org.apache.ibatis.builder.MapperBuilderAssistant,org.pitest.mutationtest.engine.gregor.mutators.ReturnValsMutator,parseCompositeColumnName,425,TIMED_OUT,none
MapperBuilderAssistant.java,org.apache.ibatis.builder.MapperBuilderAssistant,org.pitest.mutationtest.engine.gregor.mutators.NegateConditionalsMutator,parseMultipleColumnNames,399,TIMED_OUT,none
MapperBuilderAssistant.java,org.apache.ibatis.builder.MapperBuilderAssistant,org.pitest.mutationtest.engine.gregor.mutators.NonVoidMethodCallMutator,parseMultipleColumnNames,403,TIMED_OUT,none
MapperBuilderAssistant.java,org.apache.ibatis.builder.MapperBuilderAssistant,org.pitest.mutationtest.engine.gregor.mutators.ReturnValsMutator,parseMultipleColumnNames,410,TIMED_OUT,none
MapperBuilderAssistant.java,org.apache.ibatis.builder.MapperBuilderAssistant,org.pitest.mutationtest.engine.gregor.mutators.NegateConditionalsMutator,resolveResultJavaType,429,TIMED_OUT,none
MapperBuilderAssistant.java,org.apache.ibatis.builder.MapperBuilderAssistant,org.pitest.mutationtest.engine.gregor.mutators.NegateConditionalsMutator,resolveResultJavaType,429,TIMED_OUT,none
MapperBuilderAssistant.java,org.apache.ibatis.builder.MapperBuilderAssistant,org.pitest.mutationtest.engine.gregor.mutators.NegateConditionalsMutator,resolveResultJavaType,437,TIMED_OUT,none
MapperBuilderAssistant.java,org.apache.ibatis.builder.MapperBuilderAssistant,org.pitest.mutationtest.engine.gregor.mutators.NonVoidMethodCallMutator,resolveResultJavaType,431,TIMED_OUT,none
MapperBuilderAssistant.java,org.apache.ibatis.builder.MapperBuilderAssistant,org.pitest.mutationtest.engine.gregor.mutators.NonVoidMethodCallMutator,resolveResultJavaType,432,TIMED_OUT,none
MapperBuilderAssistant.java,org.apache.ibatis.builder.MapperBuilderAssistant,org.pitest.mutationtest.engine.gregor.mutators.RemoveConditionalMutator_EQUAL_ELSE,resolveResultJavaType,429,TIMED_OUT,none
MapperBuilderAssistant.java,org.apache.ibatis.builder.MapperBuilderAssistant,org.pitest.mutationtest.engine.gregor.mutators.RemoveConditionalMutator_EQUAL_ELSE,resolveResultJavaType,429,TIMED_OUT,none
MapperBuilderAssistant.java,org.apache.ibatis.builder.MapperBuilderAssistant,org.pitest.mutationtest.engine.gregor.mutators.RemoveConditionalMutator_EQUAL_IF,resolveResultJavaType,429,TIMED_OUT,none
MapperBuilderAssistant.java,org.apache.ibatis.builder.MapperBuilderAssistant,org.pitest.mutationtest.engine.gregor.mutators.RemoveConditionalMutator_EQUAL_IF,resolveResultJavaType,437,TIMED_OUT,none
MapperBuilderAssistant.java,org.apache.ibatis.builder.MapperBuilderAssistant,org.pitest.mutationtest.engine.gregor.mutators.ReturnValsMutator,resolveResultJavaType,440,TIMED_OUT,none
MapperBuilderAssistant.java,org.apache.ibatis.builder.MapperBuilderAssistant,org.pitest.mutationtest.engine.gregor.mutators.NegateConditionalsMutator,setCurrentNamespace,73,TIMED_OUT,none
MapperBuilderAssistant.java,org.apache.ibatis.builder.MapperBuilderAssistant,org.pitest.mutationtest.engine.gregor.mutators.NegateConditionalsMutator,setCurrentNamespace,77,TIMED_OUT,none
MapperBuilderAssistant.java,org.apache.ibatis.builder.MapperBuilderAssistant,org.pitest.mutationtest.engine.gregor.mutators.NonVoidMethodCallMutator,setCurrentNamespace,77,TIMED_OUT,none
MapperBuilderAssistant.java,org.apache.ibatis.builder.MapperBuilderAssistant,org.pitest.mutationtest.engine.gregor.mutators.RemoveConditionalMutator_EQUAL_ELSE,setCurrentNamespace,73,TIMED_OUT,none
MapperBuilderAssistant.java,org.apache.ibatis.builder.MapperBuilderAssistant,org.pitest.mutationtest.engine.gregor.mutators.RemoveConditionalMutator_EQUAL_ELSE,setCurrentNamespace,77,TIMED_OUT,none
MapperBuilderAssistant.java,org.apache.ibatis.builder.MapperBuilderAssistant,org.pitest.mutationtest.engine.gregor.mutators.RemoveConditionalMutator_EQUAL_IF,setCurrentNamespace,73,TIMED_OUT,none
MapperBuilderAssistant.java,org.apache.ibatis.builder.MapperBuilderAssistant,org.pitest.mutationtest.engine.gregor.mutators.RemoveConditionalMutator_EQUAL_IF,setCurrentNamespace,77,TIMED_OUT,none
MapperBuilderAssistant.java,org.apache.ibatis.builder.MapperBuilderAssistant,org.pitest.mutationtest.engine.gregor.mutators.RemoveConditionalMutator_EQUAL_IF,setCurrentNamespace,77,TIMED_OUT,none
MapperBuilderAssistant.java,org.apache.ibatis.builder.MapperBuilderAssistant,org.pitest.mutationtest.engine.gregor.mutators.experimental.MemberVariableMutator,setCurrentNamespace,82,TIMED_OUT,none
MapperBuilderAssistant.java,org.apache.ibatis.builder.MapperBuilderAssistant,org.pitest.mutationtest.engine.gregor.mutators.RemoveConditionalMutator_EQUAL_IF,valueOrDefault,307,TIMED_OUT,none
MapperBuilderAssistant.java,org.apache.ibatis.builder.MapperBuilderAssistant,org.pitest.mutationtest.engine.gregor.mutators.ReturnValsMutator,valueOrDefault,307,TIMED_OUT,none
ParameterExpression.java,org.apache.ibatis.builder.ParameterExpression,org.pitest.mutationtest.engine.gregor.mutators.VoidMethodCallMutator,<init>,39,TIMED_OUT,none
ParameterExpression.java,org.apache.ibatis.builder.ParameterExpression,org.pitest.mutationtest.engine.gregor.mutators.experimental.RemoveIncrementsMutator,expression,60,TIMED_OUT,none
ParameterExpression.java,org.apache.ibatis.builder.ParameterExpression,org.pitest.mutationtest.engine.gregor.mutators.ArgumentPropagationMutator,jdbcType,107,TIMED_OUT,none
ParameterExpression.java,org.apache.ibatis.builder.ParameterExpression,org.pitest.mutationtest.engine.gregor.mutators.ArgumentPropagationMutator,jdbcType,108,TIMED_OUT,none
ParameterExpression.java,org.apache.ibatis.builder.ParameterExpression,org.pitest.mutationtest.engine.gregor.mutators.ArgumentPropagationMutator,jdbcType,110,TIMED_OUT,none
ParameterExpression.java,org.apache.ibatis.builder.ParameterExpression,org.pitest.mutationtest.engine.gregor.mutators.ArgumentPropagationMutator,jdbcType,110,TIMED_OUT,none
ParameterExpression.java,org.apache.ibatis.builder.ParameterExpression,org.pitest.mutationtest.engine.gregor.mutators.ConditionalsBoundaryMutator,jdbcType,109,TIMED_OUT,none
ParameterExpression.java,org.apache.ibatis.builder.ParameterExpression,org.pitest.mutationtest.engine.gregor.mutators.InlineConstantMutator,jdbcType,114,TIMED_OUT,none
ParameterExpression.java,org.apache.ibatis.builder.ParameterExpression,org.pitest.mutationtest.engine.gregor.mutators.MathMutator,jdbcType,114,TIMED_OUT,none
ParameterExpression.java,org.apache.ibatis.builder.ParameterExpression,org.pitest.mutationtest.engine.gregor.mutators.NegateConditionalsMutator,jdbcType,109,TIMED_OUT,none
ParameterExpression.java,org.apache.ibatis.builder.ParameterExpression,org.pitest.mutationtest.engine.gregor.mutators.NonVoidMethodCallMutator,jdbcType,107,TIMED_OUT,none
ParameterExpression.java,org.apache.ibatis.builder.ParameterExpression,org.pitest.mutationtest.engine.gregor.mutators.NonVoidMethodCallMutator,jdbcType,108,TIMED_OUT,none
ParameterExpression.java,org.apache.ibatis.builder.ParameterExpression,org.pitest.mutationtest.engine.gregor.mutators.NonVoidMethodCallMutator,jdbcType,110,TIMED_OUT,none
ParameterExpression.java,org.apache.ibatis.builder.ParameterExpression,org.pitest.mutationtest.engine.gregor.mutators.NonVoidMethodCallMutator,jdbcType,110,TIMED_OUT,none
ParameterExpression.java,org.apache.ibatis.builder.ParameterExpression,org.pitest.mutationtest.engine.gregor.mutators.RemoveConditionalMutator_ORDER_ELSE,jdbcType,109,TIMED_OUT,none
ParameterExpression.java,org.apache.ibatis.builder.ParameterExpression,org.pitest.mutationtest.engine.gregor.mutators.RemoveConditionalMutator_ORDER_IF,jdbcType,109,TIMED_OUT,none
ParameterExpression.java,org.apache.ibatis.builder.ParameterExpression,org.pitest.mutationtest.engine.gregor.mutators.VoidMethodCallMutator,jdbcType,114,TIMED_OUT,none
ParameterExpression.java,org.apache.ibatis.builder.ParameterExpression,org.pitest.mutationtest.engine.gregor.mutators.ArgumentPropagationMutator,jdbcTypeOpt,94,TIMED_OUT,none
ParameterExpression.java,org.apache.ibatis.builder.ParameterExpression,org.pitest.mutationtest.engine.gregor.mutators.ConditionalsBoundaryMutator,jdbcTypeOpt,95,TIMED_OUT,none
ParameterExpression.java,org.apache.ibatis.builder.ParameterExpression,org.pitest.mutationtest.engine.gregor.mutators.InlineConstantMutator,jdbcTypeOpt,96,TIMED_OUT,none
ParameterExpression.java,org.apache.ibatis.builder.ParameterExpression,org.pitest.mutationtest.engine.gregor.mutators.InlineConstantMutator,jdbcTypeOpt,97,TIMED_OUT,none
ParameterExpression.java,org.apache.ibatis.builder.ParameterExpression,org.pitest.mutationtest.engine.gregor.mutators.InlineConstantMutator,jdbcTypeOpt,98,TIMED_OUT,none
ParameterExpression.java,org.apache.ibatis.builder.ParameterExpression,org.pitest.mutationtest.engine.gregor.mutators.InlineConstantMutator,jdbcTypeOpt,99,TIMED_OUT,none
ParameterExpression.java,org.apache.ibatis.builder.ParameterExpression,org.pitest.mutationtest.engine.gregor.mutators.MathMutator,jdbcTypeOpt,97,TIMED_OUT,none
ParameterExpression.java,org.apache.ibatis.builder.ParameterExpression,org.pitest.mutationtest.engine.gregor.mutators.MathMutator,jdbcTypeOpt,99,TIMED_OUT,none
ParameterExpression.java,org.apache.ibatis.builder.ParameterExpression,org.pitest.mutationtest.engine.gregor.mutators.NegateConditionalsMutator,jdbcTypeOpt,95,TIMED_OUT,none
ParameterExpression.java,org.apache.ibatis.builder.ParameterExpression,org.pitest.mutationtest.engine.gregor.mutators.NegateConditionalsMutator,jdbcTypeOpt,96,TIMED_OUT,none
ParameterExpression.java,org.apache.ibatis.builder.ParameterExpression,org.pitest.mutationtest.engine.gregor.mutators.NegateConditionalsMutator,jdbcTypeOpt,98,TIMED_OUT,none
ParameterExpression.java,org.apache.ibatis.builder.ParameterExpression,org.pitest.mutationtest.engine.gregor.mutators.NonVoidMethodCallMutator,jdbcTypeOpt,94,TIMED_OUT,none
ParameterExpression.java,org.apache.ibatis.builder.ParameterExpression,org.pitest.mutationtest.engine.gregor.mutators.NonVoidMethodCallMutator,jdbcTypeOpt,95,TIMED_OUT,none
ParameterExpression.java,org.apache.ibatis.builder.ParameterExpression,org.pitest.mutationtest.engine.gregor.mutators.NonVoidMethodCallMutator,jdbcTypeOpt,96,TIMED_OUT,none
ParameterExpression.java,org.apache.ibatis.builder.ParameterExpression,org.pitest.mutationtest.engine.gregor.mutators.NonVoidMethodCallMutator,jdbcTypeOpt,98,TIMED_OUT,none
ParameterExpression.java,org.apache.ibatis.builder.ParameterExpression,org.pitest.mutationtest.engine.gregor.mutators.RemoveConditionalMutator_EQUAL_ELSE,jdbcTypeOpt,96,TIMED_OUT,none
ParameterExpression.java,org.apache.ibatis.builder.ParameterExpression,org.pitest.mutationtest.engine.gregor.mutators.RemoveConditionalMutator_EQUAL_ELSE,jdbcTypeOpt,98,TIMED_OUT,none
ParameterExpression.java,org.apache.ibatis.builder.ParameterExpression,org.pitest.mutationtest.engine.gregor.mutators.RemoveConditionalMutator_EQUAL_IF,jdbcTypeOpt,96,TIMED_OUT,none
ParameterExpression.java,org.apache.ibatis.builder.ParameterExpression,org.pitest.mutationtest.engine.gregor.mutators.RemoveConditionalMutator_EQUAL_IF,jdbcTypeOpt,98,TIMED_OUT,none
ParameterExpression.java,org.apache.ibatis.builder.ParameterExpression,org.pitest.mutationtest.engine.gregor.mutators.RemoveConditionalMutator_ORDER_ELSE,jdbcTypeOpt,95,TIMED_OUT,none
ParameterExpression.java,org.apache.ibatis.builder.ParameterExpression,org.pitest.mutationtest.engine.gregor.mutators.RemoveConditionalMutator_ORDER_IF,jdbcTypeOpt,95,TIMED_OUT,none
ParameterExpression.java,org.apache.ibatis.builder.ParameterExpression,org.pitest.mutationtest.engine.gregor.mutators.VoidMethodCallMutator,jdbcTypeOpt,97,TIMED_OUT,none
ParameterExpression.java,org.apache.ibatis.builder.ParameterExpression,org.pitest.mutationtest.engine.gregor.mutators.VoidMethodCallMutator,jdbcTypeOpt,99,TIMED_OUT,none
ParameterExpression.java,org.apache.ibatis.builder.ParameterExpression,org.pitest.mutationtest.engine.gregor.mutators.ArgumentPropagationMutator,option,118,TIMED_OUT,none
ParameterExpression.java,org.apache.ibatis.builder.ParameterExpression,org.pitest.mutationtest.engine.gregor.mutators.ArgumentPropagationMutator,option,120,TIMED_OUT,none
ParameterExpression.java,org.apache.ibatis.builder.ParameterExpression,org.pitest.mutationtest.engine.gregor.mutators.ArgumentPropagationMutator,option,121,TIMED_OUT,none
ParameterExpression.java,org.apache.ibatis.builder.ParameterExpression,org.pitest.mutationtest.engine.gregor.mutators.ArgumentPropagationMutator,option,123,TIMED_OUT,none
ParameterExpression.java,org.apache.ibatis.builder.ParameterExpression,org.pitest.mutationtest.engine.gregor.mutators.ArgumentPropagationMutator,option,124,TIMED_OUT,none
ParameterExpression.java,org.apache.ibatis.builder.ParameterExpression,org.pitest.mutationtest.engine.gregor.mutators.ArgumentPropagationMutator,option,125,TIMED_OUT,none
ParameterExpression.java,org.apache.ibatis.builder.ParameterExpression,org.pitest.mutationtest.engine.gregor.mutators.ConditionalsBoundaryMutator,option,119,TIMED_OUT,none
ParameterExpression.java,org.apache.ibatis.builder.ParameterExpression,org.pitest.mutationtest.engine.gregor.mutators.InlineConstantMutator,option,122,TIMED_OUT,none
ParameterExpression.java,org.apache.ibatis.builder.ParameterExpression,org.pitest.mutationtest.engine.gregor.mutators.InlineConstantMutator,option,126,TIMED_OUT,none
ParameterExpression.java,org.apache.ibatis.builder.ParameterExpression,org.pitest.mutationtest.engine.gregor.mutators.MathMutator,option,122,TIMED_OUT,none
ParameterExpression.java,org.apache.ibatis.builder.ParameterExpression,org.pitest.mutationtest.engine.gregor.mutators.MathMutator,option,126,TIMED_OUT,none
ParameterExpression.java,org.apache.ibatis.builder.ParameterExpression,org.pitest.mutationtest.engine.gregor.mutators.NegateConditionalsMutator,option,119,TIMED_OUT,none
ParameterExpression.java,org.apache.ibatis.builder.ParameterExpression,org.pitest.mutationtest.engine.gregor.mutators.NonVoidMethodCallMutator,option,118,TIMED_OUT,none
ParameterExpression.java,org.apache.ibatis.builder.ParameterExpression,org.pitest.mutationtest.engine.gregor.mutators.NonVoidMethodCallMutator,option,119,TIMED_OUT,none
ParameterExpression.java,org.apache.ibatis.builder.ParameterExpression,org.pitest.mutationtest.engine.gregor.mutators.NonVoidMethodCallMutator,option,120,TIMED_OUT,none
ParameterExpression.java,org.apache.ibatis.builder.ParameterExpression,org.pitest.mutationtest.engine.gregor.mutators.NonVoidMethodCallMutator,option,121,TIMED_OUT,none
ParameterExpression.java,org.apache.ibatis.builder.ParameterExpression,org.pitest.mutationtest.engine.gregor.mutators.NonVoidMethodCallMutator,option,123,TIMED_OUT,none
ParameterExpression.java,org.apache.ibatis.builder.ParameterExpression,org.pitest.mutationtest.engine.gregor.mutators.NonVoidMethodCallMutator,option,124,TIMED_OUT,none
ParameterExpression.java,org.apache.ibatis.builder.ParameterExpression,org.pitest.mutationtest.engine.gregor.mutators.NonVoidMethodCallMutator,option,125,TIMED_OUT,none
ParameterExpression.java,org.apache.ibatis.builder.ParameterExpression,org.pitest.mutationtest.engine.gregor.mutators.RemoveConditionalMutator_ORDER_ELSE,option,119,TIMED_OUT,none
ParameterExpression.java,org.apache.ibatis.builder.ParameterExpression,org.pitest.mutationtest.engine.gregor.mutators.RemoveConditionalMutator_ORDER_IF,option,119,TIMED_OUT,none
ParameterExpression.java,org.apache.ibatis.builder.ParameterExpression,org.pitest.mutationtest.engine.gregor.mutators.VoidMethodCallMutator,option,126,TIMED_OUT,none
ParameterExpression.java,org.apache.ibatis.builder.ParameterExpression,org.pitest.mutationtest.engine.gregor.mutators.ArgumentPropagationMutator,parse,43,TIMED_OUT,none
ParameterExpression.java,org.apache.ibatis.builder.ParameterExpression,org.pitest.mutationtest.engine.gregor.mutators.InlineConstantMutator,parse,43,TIMED_OUT,none
ParameterExpression.java,org.apache.ibatis.builder.ParameterExpression,org.pitest.mutationtest.engine.gregor.mutators.InlineConstantMutator,parse,44,TIMED_OUT,none
ParameterExpression.java,org.apache.ibatis.builder.ParameterExpression,org.pitest.mutationtest.engine.gregor.mutators.NegateConditionalsMutator,parse,44,TIMED_OUT,none
ParameterExpression.java,org.apache.ibatis.builder.ParameterExpression,org.pitest.mutationtest.engine.gregor.mutators.NonVoidMethodCallMutator,parse,43,TIMED_OUT,none
ParameterExpression.java,org.apache.ibatis.builder.ParameterExpression,org.pitest.mutationtest.engine.gregor.mutators.NonVoidMethodCallMutator,parse,44,TIMED_OUT,none
ParameterExpression.java,org.apache.ibatis.builder.ParameterExpression,org.pitest.mutationtest.engine.gregor.mutators.RemoveConditionalMutator_EQUAL_ELSE,parse,44,TIMED_OUT,none
ParameterExpression.java,org.apache.ibatis.builder.ParameterExpression,org.pitest.mutationtest.engine.gregor.mutators.RemoveConditionalMutator_EQUAL_IF,parse,44,TIMED_OUT,none
ParameterExpression.java,org.apache.ibatis.builder.ParameterExpression,org.pitest.mutationtest.engine.gregor.mutators.VoidMethodCallMutator,parse,47,TIMED_OUT,none
ParameterExpression.java,org.apache.ibatis.builder.ParameterExpression,org.pitest.mutationtest.engine.gregor.mutators.ArgumentPropagationMutator,property,68,TIMED_OUT,none
ParameterExpression.java,org.apache.ibatis.builder.ParameterExpression,org.pitest.mutationtest.engine.gregor.mutators.ArgumentPropagationMutator,property,69,TIMED_OUT,none
ParameterExpression.java,org.apache.ibatis.builder.ParameterExpression,org.pitest.mutationtest.engine.gregor.mutators.ArgumentPropagationMutator,property,69,TIMED_OUT,none
ParameterExpression.java,org.apache.ibatis.builder.ParameterExpression,org.pitest.mutationtest.engine.gregor.mutators.ConditionalsBoundaryMutator,property,67,TIMED_OUT,none
ParameterExpression.java,org.apache.ibatis.builder.ParameterExpression,org.pitest.mutationtest.engine.gregor.mutators.NegateConditionalsMutator,property,67,TIMED_OUT,none
ParameterExpression.java,org.apache.ibatis.builder.ParameterExpression,org.pitest.mutationtest.engine.gregor.mutators.NonVoidMethodCallMutator,property,67,TIMED_OUT,none
ParameterExpression.java,org.apache.ibatis.builder.ParameterExpression,org.pitest.mutationtest.engine.gregor.mutators.NonVoidMethodCallMutator,property,68,TIMED_OUT,none
ParameterExpression.java,org.apache.ibatis.builder.ParameterExpression,org.pitest.mutationtest.engine.gregor.mutators.NonVoidMethodCallMutator,property,69,TIMED_OUT,none
ParameterExpression.java,org.apache.ibatis.builder.ParameterExpression,org.pitest.mutationtest.engine.gregor.mutators.NonVoidMethodCallMutator,property,69,TIMED_OUT,none
ParameterExpression.java,org.apache.ibatis.builder.ParameterExpression,org.pitest.mutationtest.engine.gregor.mutators.RemoveConditionalMutator_ORDER_ELSE,property,67,TIMED_OUT,none
ParameterExpression.java,org.apache.ibatis.builder.ParameterExpression,org.pitest.mutationtest.engine.gregor.mutators.RemoveConditionalMutator_ORDER_IF,property,67,TIMED_OUT,none
ParameterExpression.java,org.apache.ibatis.builder.ParameterExpression,org.pitest.mutationtest.engine.gregor.mutators.VoidMethodCallMutator,property,70,TIMED_OUT,none
ParameterExpression.java,org.apache.ibatis.builder.ParameterExpression,org.pitest.mutationtest.engine.gregor.mutators.ArgumentPropagationMutator,skipUntil,86,TIMED_OUT,none
ParameterExpression.java,org.apache.ibatis.builder.ParameterExpression,org.pitest.mutationtest.engine.gregor.mutators.ConditionalsBoundaryMutator,skipUntil,84,TIMED_OUT,none
ParameterExpression.java,org.apache.ibatis.builder.ParameterExpression,org.pitest.mutationtest.engine.gregor.mutators.ConditionalsBoundaryMutator,skipUntil,86,TIMED_OUT,none
ParameterExpression.java,org.apache.ibatis.builder.ParameterExpression,org.pitest.mutationtest.engine.gregor.mutators.IncrementsMutator,skipUntil,84,TIMED_OUT,none
ParameterExpression.java,org.apache.ibatis.builder.ParameterExpression,org.pitest.mutationtest.engine.gregor.mutators.InlineConstantMutator,skipUntil,86,TIMED_OUT,none
ParameterExpression.java,org.apache.ibatis.builder.ParameterExpression,org.pitest.mutationtest.engine.gregor.mutators.NegateConditionalsMutator,skipUntil,84,TIMED_OUT,none
ParameterExpression.java,org.apache.ibatis.builder.ParameterExpression,org.pitest.mutationtest.engine.gregor.mutators.NegateConditionalsMutator,skipUntil,86,TIMED_OUT,none
ParameterExpression.java,org.apache.ibatis.builder.ParameterExpression,org.pitest.mutationtest.engine.gregor.mutators.NonVoidMethodCallMutator,skipUntil,84,TIMED_OUT,none
ParameterExpression.java,org.apache.ibatis.builder.ParameterExpression,org.pitest.mutationtest.engine.gregor.mutators.NonVoidMethodCallMutator,skipUntil,85,TIMED_OUT,none
ParameterExpression.java,org.apache.ibatis.builder.ParameterExpression,org.pitest.mutationtest.engine.gregor.mutators.NonVoidMethodCallMutator,skipUntil,86,TIMED_OUT,none
ParameterExpression.java,org.apache.ibatis.builder.ParameterExpression,org.pitest.mutationtest.engine.gregor.mutators.NonVoidMethodCallMutator,skipUntil,90,TIMED_OUT,none
ParameterExpression.java,org.apache.ibatis.builder.ParameterExpression,org.pitest.mutationtest.engine.gregor.mutators.RemoveConditionalMutator_ORDER_ELSE,skipUntil,84,TIMED_OUT,none
ParameterExpression.java,org.apache.ibatis.builder.ParameterExpression,org.pitest.mutationtest.engine.gregor.mutators.RemoveConditionalMutator_ORDER_ELSE,skipUntil,86,TIMED_OUT,none
ParameterExpression.java,org.apache.ibatis.builder.ParameterExpression,org.pitest.mutationtest.engine.gregor.mutators.RemoveConditionalMutator_ORDER_IF,skipUntil,84,TIMED_OUT,none
ParameterExpression.java,org.apache.ibatis.builder.ParameterExpression,org.pitest.mutationtest.engine.gregor.mutators.RemoveConditionalMutator_ORDER_IF,skipUntil,86,TIMED_OUT,none
ParameterExpression.java,org.apache.ibatis.builder.ParameterExpression,org.pitest.mutationtest.engine.gregor.mutators.ReturnValsMutator,skipUntil,87,TIMED_OUT,none
ParameterExpression.java,org.apache.ibatis.builder.ParameterExpression,org.pitest.mutationtest.engine.gregor.mutators.ReturnValsMutator,skipUntil,90,TIMED_OUT,none
ParameterExpression.java,org.apache.ibatis.builder.ParameterExpression,org.pitest.mutationtest.engine.gregor.mutators.experimental.RemoveIncrementsMutator,skipUntil,84,TIMED_OUT,none
ParameterExpression.java,org.apache.ibatis.builder.ParameterExpression,org.pitest.mutationtest.engine.gregor.mutators.ConditionalsBoundaryMutator,skipWS,75,TIMED_OUT,none
ParameterExpression.java,org.apache.ibatis.builder.ParameterExpression,org.pitest.mutationtest.engine.gregor.mutators.ConditionalsBoundaryMutator,skipWS,76,TIMED_OUT,none
ParameterExpression.java,org.apache.ibatis.builder.ParameterExpression,org.pitest.mutationtest.engine.gregor.mutators.IncrementsMutator,skipWS,75,TIMED_OUT,none
ParameterExpression.java,org.apache.ibatis.builder.ParameterExpression,org.pitest.mutationtest.engine.gregor.mutators.InlineConstantMutator,skipWS,76,TIMED_OUT,none
ParameterExpression.java,org.apache.ibatis.builder.ParameterExpression,org.pitest.mutationtest.engine.gregor.mutators.NegateConditionalsMutator,skipWS,75,TIMED_OUT,none
ParameterExpression.java,org.apache.ibatis.builder.ParameterExpression,org.pitest.mutationtest.engine.gregor.mutators.NegateConditionalsMutator,skipWS,76,TIMED_OUT,none
ParameterExpression.java,org.apache.ibatis.builder.ParameterExpression,org.pitest.mutationtest.engine.gregor.mutators.NonVoidMethodCallMutator,skipWS,75,TIMED_OUT,none
ParameterExpression.java,org.apache.ibatis.builder.ParameterExpression,org.pitest.mutationtest.engine.gregor.mutators.NonVoidMethodCallMutator,skipWS,76,TIMED_OUT,none
ParameterExpression.java,org.apache.ibatis.builder.ParameterExpression,org.pitest.mutationtest.engine.gregor.mutators.NonVoidMethodCallMutator,skipWS,80,TIMED_OUT,none
ParameterExpression.java,org.apache.ibatis.builder.ParameterExpression,org.pitest.mutationtest.engine.gregor.mutators.RemoveConditionalMutator_ORDER_ELSE,skipWS,75,TIMED_OUT,none
ParameterExpression.java,org.apache.ibatis.builder.ParameterExpression,org.pitest.mutationtest.engine.gregor.mutators.RemoveConditionalMutator_ORDER_ELSE,skipWS,76,TIMED_OUT,none
ParameterExpression.java,org.apache.ibatis.builder.ParameterExpression,org.pitest.mutationtest.engine.gregor.mutators.RemoveConditionalMutator_ORDER_IF,skipWS,75,TIMED_OUT,none
ParameterExpression.java,org.apache.ibatis.builder.ParameterExpression,org.pitest.mutationtest.engine.gregor.mutators.RemoveConditionalMutator_ORDER_IF,skipWS,76,TIMED_OUT,none
ParameterExpression.java,org.apache.ibatis.builder.ParameterExpression,org.pitest.mutationtest.engine.gregor.mutators.ReturnValsMutator,skipWS,77,TIMED_OUT,none
ParameterExpression.java,org.apache.ibatis.builder.ParameterExpression,org.pitest.mutationtest.engine.gregor.mutators.ReturnValsMutator,skipWS,80,TIMED_OUT,none
ParameterExpression.java,org.apache.ibatis.builder.ParameterExpression,org.pitest.mutationtest.engine.gregor.mutators.experimental.RemoveIncrementsMutator,skipWS,75,TIMED_OUT,none
ParameterExpression.java,org.apache.ibatis.builder.ParameterExpression,org.pitest.mutationtest.engine.gregor.mutators.ConditionalsBoundaryMutator,trimmedStr,131,TIMED_OUT,none
ParameterExpression.java,org.apache.ibatis.builder.ParameterExpression,org.pitest.mutationtest.engine.gregor.mutators.ConditionalsBoundaryMutator,trimmedStr,134,TIMED_OUT,none
ParameterExpression.java,org.apache.ibatis.builder.ParameterExpression,org.pitest.mutationtest.engine.gregor.mutators.ConditionalsBoundaryMutator,trimmedStr,137,TIMED_OUT,none
ParameterExpression.java,org.apache.ibatis.builder.ParameterExpression,org.pitest.mutationtest.engine.gregor.mutators.InlineConstantMutator,trimmedStr,131,TIMED_OUT,none
ParameterExpression.java,org.apache.ibatis.builder.ParameterExpression,org.pitest.mutationtest.engine.gregor.mutators.InlineConstantMutator,trimmedStr,134,TIMED_OUT,none
ParameterExpression.java,org.apache.ibatis.builder.ParameterExpression,org.pitest.mutationtest.engine.gregor.mutators.InlineConstantMutator,trimmedStr,134,TIMED_OUT,none
ParameterExpression.java,org.apache.ibatis.builder.ParameterExpression,org.pitest.mutationtest.engine.gregor.mutators.MathMutator,trimmedStr,134,TIMED_OUT,none
ParameterExpression.java,org.apache.ibatis.builder.ParameterExpression,org.pitest.mutationtest.engine.gregor.mutators.NegateConditionalsMutator,trimmedStr,131,TIMED_OUT,none
ParameterExpression.java,org.apache.ibatis.builder.ParameterExpression,org.pitest.mutationtest.engine.gregor.mutators.NegateConditionalsMutator,trimmedStr,134,TIMED_OUT,none
ParameterExpression.java,org.apache.ibatis.builder.ParameterExpression,org.pitest.mutationtest.engine.gregor.mutators.NegateConditionalsMutator,trimmedStr,137,TIMED_OUT,none
ParameterExpression.java,org.apache.ibatis.builder.ParameterExpression,org.pitest.mutationtest.engine.gregor.mutators.NonVoidMethodCallMutator,trimmedStr,131,TIMED_OUT,none
ParameterExpression.java,org.apache.ibatis.builder.ParameterExpression,org.pitest.mutationtest.engine.gregor.mutators.NonVoidMethodCallMutator,trimmedStr,134,TIMED_OUT,none
ParameterExpression.java,org.apache.ibatis.builder.ParameterExpression,org.pitest.mutationtest.engine.gregor.mutators.NonVoidMethodCallMutator,trimmedStr,137,TIMED_OUT,none
ParameterExpression.java,org.apache.ibatis.builder.ParameterExpression,org.pitest.mutationtest.engine.gregor.mutators.RemoveConditionalMutator_ORDER_ELSE,trimmedStr,131,TIMED_OUT,none
ParameterExpression.java,org.apache.ibatis.builder.ParameterExpression,org.pitest.mutationtest.engine.gregor.mutators.RemoveConditionalMutator_ORDER_ELSE,trimmedStr,134,TIMED_OUT,none
ParameterExpression.java,org.apache.ibatis.builder.ParameterExpression,org.pitest.mutationtest.engine.gregor.mutators.RemoveConditionalMutator_ORDER_ELSE,trimmedStr,137,TIMED_OUT,none
ParameterExpression.java,org.apache.ibatis.builder.ParameterExpression,org.pitest.mutationtest.engine.gregor.mutators.RemoveConditionalMutator_ORDER_IF,trimmedStr,131,TIMED_OUT,none
ParameterExpression.java,org.apache.ibatis.builder.ParameterExpression,org.pitest.mutationtest.engine.gregor.mutators.RemoveConditionalMutator_ORDER_IF,trimmedStr,134,TIMED_OUT,none
ParameterExpression.java,org.apache.ibatis.builder.ParameterExpression,org.pitest.mutationtest.engine.gregor.mutators.RemoveConditionalMutator_ORDER_IF,trimmedStr,137,TIMED_OUT,none
ParameterExpression.java,org.apache.ibatis.builder.ParameterExpression,org.pitest.mutationtest.engine.gregor.mutators.ReturnValsMutator,trimmedStr,137,TIMED_OUT,none
ParameterExpression.java,org.apache.ibatis.builder.ParameterExpression,org.pitest.mutationtest.engine.gregor.mutators.experimental.RemoveIncrementsMutator,trimmedStr,132,TIMED_OUT,none
ParameterExpression.java,org.apache.ibatis.builder.ParameterExpression,org.pitest.mutationtest.engine.gregor.mutators.experimental.RemoveIncrementsMutator,trimmedStr,135,TIMED_OUT,none
ResultMapResolver.java,org.apache.ibatis.builder.ResultMapResolver,org.pitest.mutationtest.engine.gregor.mutators.experimental.MemberVariableMutator,<init>,37,TIMED_OUT,none
ResultMapResolver.java,org.apache.ibatis.builder.ResultMapResolver,org.pitest.mutationtest.engine.gregor.mutators.experimental.MemberVariableMutator,<init>,39,TIMED_OUT,none
ResultMapResolver.java,org.apache.ibatis.builder.ResultMapResolver,org.pitest.mutationtest.engine.gregor.mutators.experimental.MemberVariableMutator,<init>,41,TIMED_OUT,none
ResultMapResolver.java,org.apache.ibatis.builder.ResultMapResolver,org.pitest.mutationtest.engine.gregor.mutators.experimental.MemberVariableMutator,<init>,42,TIMED_OUT,none
ResultMapResolver.java,org.apache.ibatis.builder.ResultMapResolver,org.pitest.mutationtest.engine.gregor.mutators.experimental.MemberVariableMutator,<init>,43,TIMED_OUT,none
ResultMapResolver.java,org.apache.ibatis.builder.ResultMapResolver,org.pitest.mutationtest.engine.gregor.mutators.NonVoidMethodCallMutator,resolve,47,TIMED_OUT,none
ResultMapResolver.java,org.apache.ibatis.builder.ResultMapResolver,org.pitest.mutationtest.engine.gregor.mutators.ReturnValsMutator,resolve,47,TIMED_OUT,none
SqlSourceBuilder.java,org.apache.ibatis.builder.SqlSourceBuilder,org.pitest.mutationtest.engine.gregor.mutators.ConstructorCallMutator,parse,46,TIMED_OUT,none
SqlSourceBuilder.java,org.apache.ibatis.builder.SqlSourceBuilder,org.pitest.mutationtest.engine.gregor.mutators.ReturnValsMutator,parse,46,TIMED_OUT,none
SqlSourceBuilder.java,org.apache.ibatis.builder.SqlSourceBuilder$ParameterMappingTokenHandler,org.pitest.mutationtest.engine.gregor.mutators.ConstructorCallMutator,<init>,51,TIMED_OUT,none
SqlSourceBuilder.java,org.apache.ibatis.builder.SqlSourceBuilder$ParameterMappingTokenHandler,org.pitest.mutationtest.engine.gregor.mutators.NonVoidMethodCallMutator,<init>,58,TIMED_OUT,none
SqlSourceBuilder.java,org.apache.ibatis.builder.SqlSourceBuilder$ParameterMappingTokenHandler,org.pitest.mutationtest.engine.gregor.mutators.experimental.MemberVariableMutator,<init>,51,TIMED_OUT,none
SqlSourceBuilder.java,org.apache.ibatis.builder.SqlSourceBuilder$ParameterMappingTokenHandler,org.pitest.mutationtest.engine.gregor.mutators.experimental.MemberVariableMutator,<init>,57,TIMED_OUT,none
SqlSourceBuilder.java,org.apache.ibatis.builder.SqlSourceBuilder$ParameterMappingTokenHandler,org.pitest.mutationtest.engine.gregor.mutators.experimental.MemberVariableMutator,<init>,58,TIMED_OUT,none
SqlSourceBuilder.java,org.apache.ibatis.builder.SqlSourceBuilder$ParameterMappingTokenHandler,org.pitest.mutationtest.engine.gregor.mutators.ArgumentPropagationMutator,buildParameterMapping,73,TIMED_OUT,none
SqlSourceBuilder.java,org.apache.ibatis.builder.SqlSourceBuilder$ParameterMappingTokenHandler,org.pitest.mutationtest.engine.gregor.mutators.ArgumentPropagationMutator,buildParameterMapping,79,TIMED_OUT,none
SqlSourceBuilder.java,org.apache.ibatis.builder.SqlSourceBuilder$ParameterMappingTokenHandler,org.pitest.mutationtest.engine.gregor.mutators.ConstructorCallMutator,buildParameterMapping,91,TIMED_OUT,none
SqlSourceBuilder.java,org.apache.ibatis.builder.SqlSourceBuilder$ParameterMappingTokenHandler,org.pitest.mutationtest.engine.gregor.mutators.NegateConditionalsMutator,buildParameterMapping,75,TIMED_OUT,none
SqlSourceBuilder.java,org.apache.ibatis.builder.SqlSourceBuilder$ParameterMappingTokenHandler,org.pitest.mutationtest.engine.gregor.mutators.NegateConditionalsMutator,buildParameterMapping,77,TIMED_OUT,none
SqlSourceBuilder.java,org.apache.ibatis.builder.SqlSourceBuilder$ParameterMappingTokenHandler,org.pitest.mutationtest.engine.gregor.mutators.NegateConditionalsMutator,buildParameterMapping,79,TIMED_OUT,none
SqlSourceBuilder.java,org.apache.ibatis.builder.SqlSourceBuilder$ParameterMappingTokenHandler,org.pitest.mutationtest.engine.gregor.mutators.NegateConditionalsMutator,buildParameterMapping,81,TIMED_OUT,none
SqlSourceBuilder.java,org.apache.ibatis.builder.SqlSourceBuilder$ParameterMappingTokenHandler,org.pitest.mutationtest.engine.gregor.mutators.NegateConditionalsMutator,buildParameterMapping,83,TIMED_OUT,none
SqlSourceBuilder.java,org.apache.ibatis.builder.SqlSourceBuilder$ParameterMappingTokenHandler,org.pitest.mutationtest.engine.gregor.mutators.NegateConditionalsMutator,buildParameterMapping,94,TIMED_OUT,none
SqlSourceBuilder.java,org.apache.ibatis.builder.SqlSourceBuilder$ParameterMappingTokenHandler,org.pitest.mutationtest.engine.gregor.mutators.NegateConditionalsMutator,buildParameterMapping,97,TIMED_OUT,none
SqlSourceBuilder.java,org.apache.ibatis.builder.SqlSourceBuilder$ParameterMappingTokenHandler,org.pitest.mutationtest.engine.gregor.mutators.NegateConditionalsMutator,buildParameterMapping,100,TIMED_OUT,none
SqlSourceBuilder.java,org.apache.ibatis.builder.SqlSourceBuilder$ParameterMappingTokenHandler,org.pitest.mutationtest.engine.gregor.mutators.NegateConditionalsMutator,buildParameterMapping,102,TIMED_OUT,none
SqlSourceBuilder.java,org.apache.ibatis.builder.SqlSourceBuilder$ParameterMappingTokenHandler,org.pitest.mutationtest.engine.gregor.mutators.NegateConditionalsMutator,buildParameterMapping,104,TIMED_OUT,none
SqlSourceBuilder.java,org.apache.ibatis.builder.SqlSourceBuilder$ParameterMappingTokenHandler,org.pitest.mutationtest.engine.gregor.mutators.NegateConditionalsMutator,buildParameterMapping,106,TIMED_OUT,none
SqlSourceBuilder.java,org.apache.ibatis.builder.SqlSourceBuilder$ParameterMappingTokenHandler,org.pitest.mutationtest.engine.gregor.mutators.NegateConditionalsMutator,buildParameterMapping,108,TIMED_OUT,none
SqlSourceBuilder.java,org.apache.ibatis.builder.SqlSourceBuilder$ParameterMappingTokenHandler,org.pitest.mutationtest.engine.gregor.mutators.NegateConditionalsMutator,buildParameterMapping,110,TIMED_OUT,none
SqlSourceBuilder.java,org.apache.ibatis.builder.SqlSourceBuilder$ParameterMappingTokenHandler,org.pitest.mutationtest.engine.gregor.mutators.NegateConditionalsMutator,buildParameterMapping,112,TIMED_OUT,none
SqlSourceBuilder.java,org.apache.ibatis.builder.SqlSourceBuilder$ParameterMappingTokenHandler,org.pitest.mutationtest.engine.gregor.mutators.NegateConditionalsMutator,buildParameterMapping,120,TIMED_OUT,none
SqlSourceBuilder.java,org.apache.ibatis.builder.SqlSourceBuilder$ParameterMappingTokenHandler,org.pitest.mutationtest.engine.gregor.mutators.NonVoidMethodCallMutator,buildParameterMapping,72,TIMED_OUT,none
SqlSourceBuilder.java,org.apache.ibatis.builder.SqlSourceBuilder$ParameterMappingTokenHandler,org.pitest.mutationtest.engine.gregor.mutators.NonVoidMethodCallMutator,buildParameterMapping,73,TIMED_OUT,none
SqlSourceBuilder.java,org.apache.ibatis.builder.SqlSourceBuilder$ParameterMappingTokenHandler,org.pitest.mutationtest.engine.gregor.mutators.NonVoidMethodCallMutator,buildParameterMapping,75,TIMED_OUT,none
SqlSourceBuilder.java,org.apache.ibatis.builder.SqlSourceBuilder$ParameterMappingTokenHandler,org.pitest.mutationtest.engine.gregor.mutators.NonVoidMethodCallMutator,buildParameterMapping,76,TIMED_OUT,none
SqlSourceBuilder.java,org.apache.ibatis.builder.SqlSourceBuilder$ParameterMappingTokenHandler,org.pitest.mutationtest.engine.gregor.mutators.NonVoidMethodCallMutator,buildParameterMapping,77,TIMED_OUT,none
SqlSourceBuilder.java,org.apache.ibatis.builder.SqlSourceBuilder$ParameterMappingTokenHandler,org.pitest.mutationtest.engine.gregor.mutators.NonVoidMethodCallMutator,buildParameterMapping,79,TIMED_OUT,none
SqlSourceBuilder.java,org.apache.ibatis.builder.SqlSourceBuilder$ParameterMappingTokenHandler,org.pitest.mutationtest.engine.gregor.mutators.NonVoidMethodCallMutator,buildParameterMapping,79,TIMED_OUT,none
SqlSourceBuilder.java,org.apache.ibatis.builder.SqlSourceBuilder$ParameterMappingTokenHandler,org.pitest.mutationtest.engine.gregor.mutators.NonVoidMethodCallMutator,buildParameterMapping,79,TIMED_OUT,none
SqlSourceBuilder.java,org.apache.ibatis.builder.SqlSourceBuilder$ParameterMappingTokenHandler,org.pitest.mutationtest.engine.gregor.mutators.NonVoidMethodCallMutator,buildParameterMapping,82,TIMED_OUT,none
SqlSourceBuilder.java,org.apache.ibatis.builder.SqlSourceBuilder$ParameterMappingTokenHandler,org.pitest.mutationtest.engine.gregor.mutators.NonVoidMethodCallMutator,buildParameterMapping,82,TIMED_OUT,none
SqlSourceBuilder.java,org.apache.ibatis.builder.SqlSourceBuilder$ParameterMappingTokenHandler,org.pitest.mutationtest.engine.gregor.mutators.NonVoidMethodCallMutator,buildParameterMapping,83,TIMED_OUT,none
SqlSourceBuilder.java,org.apache.ibatis.builder.SqlSourceBuilder$ParameterMappingTokenHandler,org.pitest.mutationtest.engine.gregor.mutators.NonVoidMethodCallMutator,buildParameterMapping,84,TIMED_OUT,none
SqlSourceBuilder.java,org.apache.ibatis.builder.SqlSourceBuilder$ParameterMappingTokenHandler,org.pitest.mutationtest.engine.gregor.mutators.NonVoidMethodCallMutator,buildParameterMapping,94,TIMED_OUT,none
SqlSourceBuilder.java,org.apache.ibatis.builder.SqlSourceBuilder$ParameterMappingTokenHandler,org.pitest.mutationtest.engine.gregor.mutators.NonVoidMethodCallMutator,buildParameterMapping,94,TIMED_OUT,none
SqlSourceBuilder.java,org.apache.ibatis.builder.SqlSourceBuilder$ParameterMappingTokenHandler,org.pitest.mutationtest.engine.gregor.mutators.NonVoidMethodCallMutator,buildParameterMapping,94,TIMED_OUT,none
SqlSourceBuilder.java,org.apache.ibatis.builder.SqlSourceBuilder$ParameterMappingTokenHandler,org.pitest.mutationtest.engine.gregor.mutators.NonVoidMethodCallMutator,buildParameterMapping,94,TIMED_OUT,none
SqlSourceBuilder.java,org.apache.ibatis.builder.SqlSourceBuilder$ParameterMappingTokenHandler,org.pitest.mutationtest.engine.gregor.mutators.NonVoidMethodCallMutator,buildParameterMapping,95,TIMED_OUT,none
SqlSourceBuilder.java,org.apache.ibatis.builder.SqlSourceBuilder$ParameterMappingTokenHandler,org.pitest.mutationtest.engine.gregor.mutators.NonVoidMethodCallMutator,buildParameterMapping,96,TIMED_OUT,none
SqlSourceBuilder.java,org.apache.ibatis.builder.SqlSourceBuilder$ParameterMappingTokenHandler,org.pitest.mutationtest.engine.gregor.mutators.NonVoidMethodCallMutator,buildParameterMapping,97,TIMED_OUT,none
SqlSourceBuilder.java,org.apache.ibatis.builder.SqlSourceBuilder$ParameterMappingTokenHandler,org.pitest.mutationtest.engine.gregor.mutators.NonVoidMethodCallMutator,buildParameterMapping,98,TIMED_OUT,none
SqlSourceBuilder.java,org.apache.ibatis.builder.SqlSourceBuilder$ParameterMappingTokenHandler,org.pitest.mutationtest.engine.gregor.mutators.NonVoidMethodCallMutator,buildParameterMapping,99,TIMED_OUT,none
SqlSourceBuilder.java,org.apache.ibatis.builder.SqlSourceBuilder$ParameterMappingTokenHandler,org.pitest.mutationtest.engine.gregor.mutators.NonVoidMethodCallMutator,buildParameterMapping,100,TIMED_OUT,none
SqlSourceBuilder.java,org.apache.ibatis.builder.SqlSourceBuilder$ParameterMappingTokenHandler,org.pitest.mutationtest.engine.gregor.mutators.NonVoidMethodCallMutator,buildParameterMapping,101,TIMED_OUT,none
SqlSourceBuilder.java,org.apache.ibatis.builder.SqlSourceBuilder$ParameterMappingTokenHandler,org.pitest.mutationtest.engine.gregor.mutators.NonVoidMethodCallMutator,buildParameterMapping,101,TIMED_OUT,none
SqlSourceBuilder.java,org.apache.ibatis.builder.SqlSourceBuilder$ParameterMappingTokenHandler,org.pitest.mutationtest.engine.gregor.mutators.NonVoidMethodCallMutator,buildParameterMapping,102,TIMED_OUT,none
SqlSourceBuilder.java,org.apache.ibatis.builder.SqlSourceBuilder$ParameterMappingTokenHandler,org.pitest.mutationtest.engine.gregor.mutators.NonVoidMethodCallMutator,buildParameterMapping,104,TIMED_OUT,none
SqlSourceBuilder.java,org.apache.ibatis.builder.SqlSourceBuilder$ParameterMappingTokenHandler,org.pitest.mutationtest.engine.gregor.mutators.NonVoidMethodCallMutator,buildParameterMapping,106,TIMED_OUT,none
SqlSourceBuilder.java,org.apache.ibatis.builder.SqlSourceBuilder$ParameterMappingTokenHandler,org.pitest.mutationtest.engine.gregor.mutators.NonVoidMethodCallMutator,buildParameterMapping,108,TIMED_OUT,none
SqlSourceBuilder.java,org.apache.ibatis.builder.SqlSourceBuilder$ParameterMappingTokenHandler,org.pitest.mutationtest.engine.gregor.mutators.NonVoidMethodCallMutator,buildParameterMapping,110,TIMED_OUT,none
SqlSourceBuilder.java,org.apache.ibatis.builder.SqlSourceBuilder$ParameterMappingTokenHandler,org.pitest.mutationtest.engine.gregor.mutators.NonVoidMethodCallMutator,buildParameterMapping,112,TIMED_OUT,none
SqlSourceBuilder.java,org.apache.ibatis.builder.SqlSourceBuilder$ParameterMappingTokenHandler,org.pitest.mutationtest.engine.gregor.mutators.NonVoidMethodCallMutator,buildParameterMapping,121,TIMED_OUT,none
SqlSourceBuilder.java,org.apache.ibatis.builder.SqlSourceBuilder$ParameterMappingTokenHandler,org.pitest.mutationtest.engine.gregor.mutators.NonVoidMethodCallMutator,buildParameterMapping,121,TIMED_OUT,none
SqlSourceBuilder.java,org.apache.ibatis.builder.SqlSourceBuilder$ParameterMappingTokenHandler,org.pitest.mutationtest.engine.gregor.mutators.NonVoidMethodCallMutator,buildParameterMapping,123,TIMED_OUT,none
SqlSourceBuilder.java,org.apache.ibatis.builder.SqlSourceBuilder$ParameterMappingTokenHandler,org.pitest.mutationtest.engine.gregor.mutators.RemoveConditionalMutator_EQUAL_ELSE,buildParameterMapping,75,TIMED_OUT,none
SqlSourceBuilder.java,org.apache.ibatis.builder.SqlSourceBuilder$ParameterMappingTokenHandler,org.pitest.mutationtest.engine.gregor.mutators.RemoveConditionalMutator_EQUAL_ELSE,buildParameterMapping,77,TIMED_OUT,none
SqlSourceBuilder.java,org.apache.ibatis.builder.SqlSourceBuilder$ParameterMappingTokenHandler,org.pitest.mutationtest.engine.gregor.mutators.RemoveConditionalMutator_EQUAL_ELSE,buildParameterMapping,79,TIMED_OUT,none
SqlSourceBuilder.java,org.apache.ibatis.builder.SqlSourceBuilder$ParameterMappingTokenHandler,org.pitest.mutationtest.engine.gregor.mutators.RemoveConditionalMutator_EQUAL_ELSE,buildParameterMapping,81,TIMED_OUT,none
SqlSourceBuilder.java,org.apache.ibatis.builder.SqlSourceBuilder$ParameterMappingTokenHandler,org.pitest.mutationtest.engine.gregor.mutators.RemoveConditionalMutator_EQUAL_ELSE,buildParameterMapping,83,TIMED_OUT,none
SqlSourceBuilder.java,org.apache.ibatis.builder.SqlSourceBuilder$ParameterMappingTokenHandler,org.pitest.mutationtest.engine.gregor.mutators.RemoveConditionalMutator_EQUAL_ELSE,buildParameterMapping,94,TIMED_OUT,none
SqlSourceBuilder.java,org.apache.ibatis.builder.SqlSourceBuilder$ParameterMappingTokenHandler,org.pitest.mutationtest.engine.gregor.mutators.RemoveConditionalMutator_EQUAL_ELSE,buildParameterMapping,97,TIMED_OUT,none
SqlSourceBuilder.java,org.apache.ibatis.builder.SqlSourceBuilder$ParameterMappingTokenHandler,org.pitest.mutationtest.engine.gregor.mutators.RemoveConditionalMutator_EQUAL_ELSE,buildParameterMapping,100,TIMED_OUT,none
SqlSourceBuilder.java,org.apache.ibatis.builder.SqlSourceBuilder$ParameterMappingTokenHandler,org.pitest.mutationtest.engine.gregor.mutators.RemoveConditionalMutator_EQUAL_ELSE,buildParameterMapping,102,TIMED_OUT,none
SqlSourceBuilder.java,org.apache.ibatis.builder.SqlSourceBuilder$ParameterMappingTokenHandler,org.pitest.mutationtest.engine.gregor.mutators.RemoveConditionalMutator_EQUAL_ELSE,buildParameterMapping,104,TIMED_OUT,none
SqlSourceBuilder.java,org.apache.ibatis.builder.SqlSourceBuilder$ParameterMappingTokenHandler,org.pitest.mutationtest.engine.gregor.mutators.RemoveConditionalMutator_EQUAL_ELSE,buildParameterMapping,106,TIMED_OUT,none
SqlSourceBuilder.java,org.apache.ibatis.builder.SqlSourceBuilder$ParameterMappingTokenHandler,org.pitest.mutationtest.engine.gregor.mutators.RemoveConditionalMutator_EQUAL_ELSE,buildParameterMapping,108,TIMED_OUT,none
SqlSourceBuilder.java,org.apache.ibatis.builder.SqlSourceBuilder$ParameterMappingTokenHandler,org.pitest.mutationtest.engine.gregor.mutators.RemoveConditionalMutator_EQUAL_ELSE,buildParameterMapping,110,TIMED_OUT,none
SqlSourceBuilder.java,org.apache.ibatis.builder.SqlSourceBuilder$ParameterMappingTokenHandler,org.pitest.mutationtest.engine.gregor.mutators.RemoveConditionalMutator_EQUAL_ELSE,buildParameterMapping,112,TIMED_OUT,none
SqlSourceBuilder.java,org.apache.ibatis.builder.SqlSourceBuilder$ParameterMappingTokenHandler,org.pitest.mutationtest.engine.gregor.mutators.RemoveConditionalMutator_EQUAL_ELSE,buildParameterMapping,120,TIMED_OUT,none
SqlSourceBuilder.java,org.apache.ibatis.builder.SqlSourceBuilder$ParameterMappingTokenHandler,org.pitest.mutationtest.engine.gregor.mutators.RemoveConditionalMutator_EQUAL_IF,buildParameterMapping,75,TIMED_OUT,none
SqlSourceBuilder.java,org.apache.ibatis.builder.SqlSourceBuilder$ParameterMappingTokenHandler,org.pitest.mutationtest.engine.gregor.mutators.RemoveConditionalMutator_EQUAL_IF,buildParameterMapping,77,TIMED_OUT,none
SqlSourceBuilder.java,org.apache.ibatis.builder.SqlSourceBuilder$ParameterMappingTokenHandler,org.pitest.mutationtest.engine.gregor.mutators.RemoveConditionalMutator_EQUAL_IF,buildParameterMapping,79,TIMED_OUT,none
SqlSourceBuilder.java,org.apache.ibatis.builder.SqlSourceBuilder$ParameterMappingTokenHandler,org.pitest.mutationtest.engine.gregor.mutators.RemoveConditionalMutator_EQUAL_IF,buildParameterMapping,81,TIMED_OUT,none
SqlSourceBuilder.java,org.apache.ibatis.builder.SqlSourceBuilder$ParameterMappingTokenHandler,org.pitest.mutationtest.engine.gregor.mutators.RemoveConditionalMutator_EQUAL_IF,buildParameterMapping,83,TIMED_OUT,none
SqlSourceBuilder.java,org.apache.ibatis.builder.SqlSourceBuilder$ParameterMappingTokenHandler,org.pitest.mutationtest.engine.gregor.mutators.RemoveConditionalMutator_EQUAL_IF,buildParameterMapping,94,TIMED_OUT,none
SqlSourceBuilder.java,org.apache.ibatis.builder.SqlSourceBuilder$ParameterMappingTokenHandler,org.pitest.mutationtest.engine.gregor.mutators.RemoveConditionalMutator_EQUAL_IF,buildParameterMapping,97,TIMED_OUT,none
SqlSourceBuilder.java,org.apache.ibatis.builder.SqlSourceBuilder$ParameterMappingTokenHandler,org.pitest.mutationtest.engine.gregor.mutators.RemoveConditionalMutator_EQUAL_IF,buildParameterMapping,100,TIMED_OUT,none
SqlSourceBuilder.java,org.apache.ibatis.builder.SqlSourceBuilder$ParameterMappingTokenHandler,org.pitest.mutationtest.engine.gregor.mutators.RemoveConditionalMutator_EQUAL_IF,buildParameterMapping,102,TIMED_OUT,none
SqlSourceBuilder.java,org.apache.ibatis.builder.SqlSourceBuilder$ParameterMappingTokenHandler,org.pitest.mutationtest.engine.gregor.mutators.RemoveConditionalMutator_EQUAL_IF,buildParameterMapping,104,TIMED_OUT,none
SqlSourceBuilder.java,org.apache.ibatis.builder.SqlSourceBuilder$ParameterMappingTokenHandler,org.pitest.mutationtest.engine.gregor.mutators.RemoveConditionalMutator_EQUAL_IF,buildParameterMapping,106,TIMED_OUT,none
SqlSourceBuilder.java,org.apache.ibatis.builder.SqlSourceBuilder$ParameterMappingTokenHandler,org.pitest.mutationtest.engine.gregor.mutators.RemoveConditionalMutator_EQUAL_IF,buildParameterMapping,108,TIMED_OUT,none
SqlSourceBuilder.java,org.apache.ibatis.builder.SqlSourceBuilder$ParameterMappingTokenHandler,org.pitest.mutationtest.engine.gregor.mutators.RemoveConditionalMutator_EQUAL_IF,buildParameterMapping,110,TIMED_OUT,none
SqlSourceBuilder.java,org.apache.ibatis.builder.SqlSourceBuilder$ParameterMappingTokenHandler,org.pitest.mutationtest.engine.gregor.mutators.RemoveConditionalMutator_EQUAL_IF,buildParameterMapping,112,TIMED_OUT,none
SqlSourceBuilder.java,org.apache.ibatis.builder.SqlSourceBuilder$ParameterMappingTokenHandler,org.pitest.mutationtest.engine.gregor.mutators.RemoveConditionalMutator_EQUAL_IF,buildParameterMapping,120,TIMED_OUT,none
SqlSourceBuilder.java,org.apache.ibatis.builder.SqlSourceBuilder$ParameterMappingTokenHandler,org.pitest.mutationtest.engine.gregor.mutators.ReturnValsMutator,buildParameterMapping,123,TIMED_OUT,none
SqlSourceBuilder.java,org.apache.ibatis.builder.SqlSourceBuilder$ParameterMappingTokenHandler,org.pitest.mutationtest.engine.gregor.mutators.ReturnValsMutator,getParameterMappings,62,TIMED_OUT,none
SqlSourceBuilder.java,org.apache.ibatis.builder.SqlSourceBuilder$ParameterMappingTokenHandler,org.pitest.mutationtest.engine.gregor.mutators.NonVoidMethodCallMutator,handleToken,67,TIMED_OUT,none
SqlSourceBuilder.java,org.apache.ibatis.builder.SqlSourceBuilder$ParameterMappingTokenHandler,org.pitest.mutationtest.engine.gregor.mutators.NonVoidMethodCallMutator,handleToken,67,TIMED_OUT,none
SqlSourceBuilder.java,org.apache.ibatis.builder.SqlSourceBuilder$ParameterMappingTokenHandler,org.pitest.mutationtest.engine.gregor.mutators.ReturnValsMutator,handleToken,68,TIMED_OUT,none
SqlSourceBuilder.java,org.apache.ibatis.builder.SqlSourceBuilder$ParameterMappingTokenHandler,org.pitest.mutationtest.engine.gregor.mutators.ConstructorCallMutator,parseParameterMapping,128,TIMED_OUT,none
SqlSourceBuilder.java,org.apache.ibatis.builder.SqlSourceBuilder$ParameterMappingTokenHandler,org.pitest.mutationtest.engine.gregor.mutators.ReturnValsMutator,parseParameterMapping,128,TIMED_OUT,none
StaticSqlSource.java,org.apache.ibatis.builder.StaticSqlSource,org.pitest.mutationtest.engine.gregor.mutators.ConstructorCallMutator,getBoundSql,46,TIMED_OUT,none
MapperAnnotationBuilder.java,org.apache.ibatis.builder.annotation.MapperAnnotationBuilder,org.pitest.mutationtest.engine.gregor.mutators.ConstructorCallMutator,<init>,105,TIMED_OUT,none
MapperAnnotationBuilder.java,org.apache.ibatis.builder.annotation.MapperAnnotationBuilder,org.pitest.mutationtest.engine.gregor.mutators.InlineConstantMutator,<init>,105,TIMED_OUT,none
MapperAnnotationBuilder.java,org.apache.ibatis.builder.annotation.MapperAnnotationBuilder,org.pitest.mutationtest.engine.gregor.mutators.InlineConstantMutator,<init>,105,TIMED_OUT,none
MapperAnnotationBuilder.java,org.apache.ibatis.builder.annotation.MapperAnnotationBuilder,org.pitest.mutationtest.engine.gregor.mutators.NonVoidMethodCallMutator,<init>,105,TIMED_OUT,none
MapperAnnotationBuilder.java,org.apache.ibatis.builder.annotation.MapperAnnotationBuilder,org.pitest.mutationtest.engine.gregor.mutators.NonVoidMethodCallMutator,<init>,105,TIMED_OUT,none
MapperAnnotationBuilder.java,org.apache.ibatis.builder.annotation.MapperAnnotationBuilder,org.pitest.mutationtest.engine.gregor.mutators.NonVoidMethodCallMutator,<init>,105,TIMED_OUT,none
MapperAnnotationBuilder.java,org.apache.ibatis.builder.annotation.MapperAnnotationBuilder,org.pitest.mutationtest.engine.gregor.mutators.NonVoidMethodCallMutator,<init>,105,TIMED_OUT,none
MapperAnnotationBuilder.java,org.apache.ibatis.builder.annotation.MapperAnnotationBuilder,org.pitest.mutationtest.engine.gregor.mutators.NonVoidMethodCallMutator,<init>,110,TIMED_OUT,none
MapperAnnotationBuilder.java,org.apache.ibatis.builder.annotation.MapperAnnotationBuilder,org.pitest.mutationtest.engine.gregor.mutators.NonVoidMethodCallMutator,<init>,112,TIMED_OUT,none
MapperAnnotationBuilder.java,org.apache.ibatis.builder.annotation.MapperAnnotationBuilder,org.pitest.mutationtest.engine.gregor.mutators.NonVoidMethodCallMutator,<init>,113,TIMED_OUT,none
MapperAnnotationBuilder.java,org.apache.ibatis.builder.annotation.MapperAnnotationBuilder,org.pitest.mutationtest.engine.gregor.mutators.NonVoidMethodCallMutator,<init>,116,TIMED_OUT,none
MapperAnnotationBuilder.java,org.apache.ibatis.builder.annotation.MapperAnnotationBuilder,org.pitest.mutationtest.engine.gregor.mutators.NonVoidMethodCallMutator,<init>,118,TIMED_OUT,none
MapperAnnotationBuilder.java,org.apache.ibatis.builder.annotation.MapperAnnotationBuilder,org.pitest.mutationtest.engine.gregor.mutators.experimental.MemberVariableMutator,<init>,97,TIMED_OUT,none
MapperAnnotationBuilder.java,org.apache.ibatis.builder.annotation.MapperAnnotationBuilder,org.pitest.mutationtest.engine.gregor.mutators.experimental.MemberVariableMutator,<init>,98,TIMED_OUT,none
MapperAnnotationBuilder.java,org.apache.ibatis.builder.annotation.MapperAnnotationBuilder,org.pitest.mutationtest.engine.gregor.mutators.experimental.MemberVariableMutator,<init>,106,TIMED_OUT,none
MapperAnnotationBuilder.java,org.apache.ibatis.builder.annotation.MapperAnnotationBuilder,org.pitest.mutationtest.engine.gregor.mutators.experimental.MemberVariableMutator,<init>,107,TIMED_OUT,none
MapperAnnotationBuilder.java,org.apache.ibatis.builder.annotation.MapperAnnotationBuilder,org.pitest.mutationtest.engine.gregor.mutators.experimental.MemberVariableMutator,<init>,108,TIMED_OUT,none
MapperAnnotationBuilder.java,org.apache.ibatis.builder.annotation.MapperAnnotationBuilder,org.pitest.mutationtest.engine.gregor.mutators.experimental.RemoveIncrementsMutator,applyConstructorArgs,584,TIMED_OUT,none
MapperAnnotationBuilder.java,org.apache.ibatis.builder.annotation.MapperAnnotationBuilder,org.pitest.mutationtest.engine.gregor.mutators.experimental.RemoveIncrementsMutator,applyDiscriminator,276,TIMED_OUT,none
MapperAnnotationBuilder.java,org.apache.ibatis.builder.annotation.MapperAnnotationBuilder,org.pitest.mutationtest.engine.gregor.mutators.experimental.RemoveIncrementsMutator,applyResults,528,TIMED_OUT,none
MapperAnnotationBuilder.java,org.apache.ibatis.builder.annotation.MapperAnnotationBuilder,org.pitest.mutationtest.engine.gregor.mutators.experimental.RemoveIncrementsMutator,buildSqlSourceFromStrings,478,TIMED_OUT,none
MapperAnnotationBuilder.java,org.apache.ibatis.builder.annotation.MapperAnnotationBuilder,org.pitest.mutationtest.engine.gregor.mutators.NegateConditionalsMutator,chooseAnnotationType,518,TIMED_OUT,none
MapperAnnotationBuilder.java,org.apache.ibatis.builder.annotation.MapperAnnotationBuilder,org.pitest.mutationtest.engine.gregor.mutators.NegateConditionalsMutator,chooseAnnotationType,520,TIMED_OUT,none
MapperAnnotationBuilder.java,org.apache.ibatis.builder.annotation.MapperAnnotationBuilder,org.pitest.mutationtest.engine.gregor.mutators.NonVoidMethodCallMutator,chooseAnnotationType,518,TIMED_OUT,none
MapperAnnotationBuilder.java,org.apache.ibatis.builder.annotation.MapperAnnotationBuilder,org.pitest.mutationtest.engine.gregor.mutators.NonVoidMethodCallMutator,chooseAnnotationType,518,TIMED_OUT,none
MapperAnnotationBuilder.java,org.apache.ibatis.builder.annotation.MapperAnnotationBuilder,org.pitest.mutationtest.engine.gregor.mutators.NonVoidMethodCallMutator,chooseAnnotationType,519,TIMED_OUT,none
MapperAnnotationBuilder.java,org.apache.ibatis.builder.annotation.MapperAnnotationBuilder,org.pitest.mutationtest.engine.gregor.mutators.RemoveConditionalMutator_EQUAL_ELSE,chooseAnnotationType,520,TIMED_OUT,none
MapperAnnotationBuilder.java,org.apache.ibatis.builder.annotation.MapperAnnotationBuilder,org.pitest.mutationtest.engine.gregor.mutators.RemoveConditionalMutator_EQUAL_IF,chooseAnnotationType,520,TIMED_OUT,none
MapperAnnotationBuilder.java,org.apache.ibatis.builder.annotation.MapperAnnotationBuilder,org.pitest.mutationtest.engine.gregor.mutators.ReturnValsMutator,chooseAnnotationType,524,TIMED_OUT,none
MapperAnnotationBuilder.java,org.apache.ibatis.builder.annotation.MapperAnnotationBuilder,org.pitest.mutationtest.engine.gregor.mutators.experimental.RemoveIncrementsMutator,convertToProperties,193,TIMED_OUT,none
MapperAnnotationBuilder.java,org.apache.ibatis.builder.annotation.MapperAnnotationBuilder,org.pitest.mutationtest.engine.gregor.mutators.experimental.RemoveIncrementsMutator,generateResultMapName,232,TIMED_OUT,none
MapperAnnotationBuilder.java,org.apache.ibatis.builder.annotation.MapperAnnotationBuilder,org.pitest.mutationtest.engine.gregor.mutators.NegateConditionalsMutator,getLanguageDriver,382,TIMED_OUT,none
MapperAnnotationBuilder.java,org.apache.ibatis.builder.annotation.MapperAnnotationBuilder,org.pitest.mutationtest.engine.gregor.mutators.NonVoidMethodCallMutator,getLanguageDriver,385,TIMED_OUT,none
MapperAnnotationBuilder.java,org.apache.ibatis.builder.annotation.MapperAnnotationBuilder,org.pitest.mutationtest.engine.gregor.mutators.RemoveConditionalMutator_EQUAL_ELSE,getLanguageDriver,382,TIMED_OUT,none
MapperAnnotationBuilder.java,org.apache.ibatis.builder.annotation.MapperAnnotationBuilder,org.pitest.mutationtest.engine.gregor.mutators.RemoveConditionalMutator_EQUAL_IF,getLanguageDriver,382,TIMED_OUT,none
MapperAnnotationBuilder.java,org.apache.ibatis.builder.annotation.MapperAnnotationBuilder,org.pitest.mutationtest.engine.gregor.mutators.ReturnValsMutator,getLanguageDriver,385,TIMED_OUT,none
MapperAnnotationBuilder.java,org.apache.ibatis.builder.annotation.MapperAnnotationBuilder,org.pitest.mutationtest.engine.gregor.mutators.ConditionalsBoundaryMutator,getParameterType,391,TIMED_OUT,none
MapperAnnotationBuilder.java,org.apache.ibatis.builder.annotation.MapperAnnotationBuilder,org.pitest.mutationtest.engine.gregor.mutators.IncrementsMutator,getParameterType,391,TIMED_OUT,none
MapperAnnotationBuilder.java,org.apache.ibatis.builder.annotation.MapperAnnotationBuilder,org.pitest.mutationtest.engine.gregor.mutators.NegateConditionalsMutator,getParameterType,392,TIMED_OUT,none
MapperAnnotationBuilder.java,org.apache.ibatis.builder.annotation.MapperAnnotationBuilder,org.pitest.mutationtest.engine.gregor.mutators.NegateConditionalsMutator,getParameterType,393,TIMED_OUT,none
MapperAnnotationBuilder.java,org.apache.ibatis.builder.annotation.MapperAnnotationBuilder,org.pitest.mutationtest.engine.gregor.mutators.NonVoidMethodCallMutator,getParameterType,390,TIMED_OUT,none
MapperAnnotationBuilder.java,org.apache.ibatis.builder.annotation.MapperAnnotationBuilder,org.pitest.mutationtest.engine.gregor.mutators.RemoveConditionalMutator_EQUAL_ELSE,getParameterType,392,TIMED_OUT,none
MapperAnnotationBuilder.java,org.apache.ibatis.builder.annotation.MapperAnnotationBuilder,org.pitest.mutationtest.engine.gregor.mutators.RemoveConditionalMutator_EQUAL_ELSE,getParameterType,392,TIMED_OUT,none
MapperAnnotationBuilder.java,org.apache.ibatis.builder.annotation.MapperAnnotationBuilder,org.pitest.mutationtest.engine.gregor.mutators.RemoveConditionalMutator_EQUAL_ELSE,getParameterType,393,TIMED_OUT,none
MapperAnnotationBuilder.java,org.apache.ibatis.builder.annotation.MapperAnnotationBuilder,org.pitest.mutationtest.engine.gregor.mutators.RemoveConditionalMutator_EQUAL_IF,getParameterType,393,TIMED_OUT,none
MapperAnnotationBuilder.java,org.apache.ibatis.builder.annotation.MapperAnnotationBuilder,org.pitest.mutationtest.engine.gregor.mutators.RemoveConditionalMutator_ORDER_ELSE,getParameterType,391,TIMED_OUT,none
MapperAnnotationBuilder.java,org.apache.ibatis.builder.annotation.MapperAnnotationBuilder,org.pitest.mutationtest.engine.gregor.mutators.RemoveConditionalMutator_ORDER_IF,getParameterType,391,TIMED_OUT,none
MapperAnnotationBuilder.java,org.apache.ibatis.builder.annotation.MapperAnnotationBuilder,org.pitest.mutationtest.engine.gregor.mutators.ReturnValsMutator,getParameterType,401,TIMED_OUT,none
MapperAnnotationBuilder.java,org.apache.ibatis.builder.annotation.MapperAnnotationBuilder,org.pitest.mutationtest.engine.gregor.mutators.experimental.RemoveIncrementsMutator,getParameterType,391,TIMED_OUT,none
MapperAnnotationBuilder.java,org.apache.ibatis.builder.annotation.MapperAnnotationBuilder,org.pitest.mutationtest.engine.gregor.mutators.NonVoidMethodCallMutator,getSqlProviderAnnotationType,514,TIMED_OUT,none
MapperAnnotationBuilder.java,org.apache.ibatis.builder.annotation.MapperAnnotationBuilder,org.pitest.mutationtest.engine.gregor.mutators.ReturnValsMutator,getSqlProviderAnnotationType,514,TIMED_OUT,none
MapperAnnotationBuilder.java,org.apache.ibatis.builder.annotation.MapperAnnotationBuilder,org.pitest.mutationtest.engine.gregor.mutators.NegateConditionalsMutator,getSqlSourceFromAnnotations,459,TIMED_OUT,none
MapperAnnotationBuilder.java,org.apache.ibatis.builder.annotation.MapperAnnotationBuilder,org.pitest.mutationtest.engine.gregor.mutators.NonVoidMethodCallMutator,getSqlSourceFromAnnotations,458,TIMED_OUT,none
MapperAnnotationBuilder.java,org.apache.ibatis.builder.annotation.MapperAnnotationBuilder,org.pitest.mutationtest.engine.gregor.mutators.RemoveConditionalMutator_EQUAL_ELSE,getSqlSourceFromAnnotations,459,TIMED_OUT,none
MapperAnnotationBuilder.java,org.apache.ibatis.builder.annotation.MapperAnnotationBuilder,org.pitest.mutationtest.engine.gregor.mutators.RemoveConditionalMutator_EQUAL_ELSE,getSqlSourceFromAnnotations,466,TIMED_OUT,none
MapperAnnotationBuilder.java,org.apache.ibatis.builder.annotation.MapperAnnotationBuilder,org.pitest.mutationtest.engine.gregor.mutators.RemoveConditionalMutator_EQUAL_IF,getSqlSourceFromAnnotations,466,TIMED_OUT,none
MapperAnnotationBuilder.java,org.apache.ibatis.builder.annotation.MapperAnnotationBuilder,org.pitest.mutationtest.engine.gregor.mutators.ReturnValsMutator,getSqlSourceFromAnnotations,470,TIMED_OUT,none
MapperAnnotationBuilder.java,org.apache.ibatis.builder.annotation.MapperAnnotationBuilder,org.pitest.mutationtest.engine.gregor.mutators.NegateConditionalsMutator,loadXmlResource,163,TIMED_OUT,none
MapperAnnotationBuilder.java,org.apache.ibatis.builder.annotation.MapperAnnotationBuilder,org.pitest.mutationtest.engine.gregor.mutators.NonVoidMethodCallMutator,loadXmlResource,163,TIMED_OUT,none
MapperAnnotationBuilder.java,org.apache.ibatis.builder.annotation.MapperAnnotationBuilder,org.pitest.mutationtest.engine.gregor.mutators.NonVoidMethodCallMutator,loadXmlResource,163,TIMED_OUT,none
MapperAnnotationBuilder.java,org.apache.ibatis.builder.annotation.MapperAnnotationBuilder,org.pitest.mutationtest.engine.gregor.mutators.NonVoidMethodCallMutator,loadXmlResource,163,TIMED_OUT,none
MapperAnnotationBuilder.java,org.apache.ibatis.builder.annotation.MapperAnnotationBuilder,org.pitest.mutationtest.engine.gregor.mutators.RemoveConditionalMutator_EQUAL_ELSE,loadXmlResource,163,TIMED_OUT,none
MapperAnnotationBuilder.java,org.apache.ibatis.builder.annotation.MapperAnnotationBuilder,org.pitest.mutationtest.engine.gregor.mutators.RemoveConditionalMutator_EQUAL_IF,loadXmlResource,163,TIMED_OUT,none
MapperAnnotationBuilder.java,org.apache.ibatis.builder.annotation.MapperAnnotationBuilder,org.pitest.mutationtest.engine.gregor.mutators.IncrementsMutator,parse,130,TIMED_OUT,none
MapperAnnotationBuilder.java,org.apache.ibatis.builder.annotation.MapperAnnotationBuilder,org.pitest.mutationtest.engine.gregor.mutators.NegateConditionalsMutator,parse,123,TIMED_OUT,none
MapperAnnotationBuilder.java,org.apache.ibatis.builder.annotation.MapperAnnotationBuilder,org.pitest.mutationtest.engine.gregor.mutators.NegateConditionalsMutator,parse,130,TIMED_OUT,none
MapperAnnotationBuilder.java,org.apache.ibatis.builder.annotation.MapperAnnotationBuilder,org.pitest.mutationtest.engine.gregor.mutators.NonVoidMethodCallMutator,parse,126,TIMED_OUT,none
MapperAnnotationBuilder.java,org.apache.ibatis.builder.annotation.MapperAnnotationBuilder,org.pitest.mutationtest.engine.gregor.mutators.NonVoidMethodCallMutator,parse,133,TIMED_OUT,none
MapperAnnotationBuilder.java,org.apache.ibatis.builder.annotation.MapperAnnotationBuilder,org.pitest.mutationtest.engine.gregor.mutators.RemoveConditionalMutator_ORDER_ELSE,parse,130,TIMED_OUT,none
MapperAnnotationBuilder.java,org.apache.ibatis.builder.annotation.MapperAnnotationBuilder,org.pitest.mutationtest.engine.gregor.mutators.RemoveConditionalMutator_ORDER_IF,parse,130,TIMED_OUT,none
MapperAnnotationBuilder.java,org.apache.ibatis.builder.annotation.MapperAnnotationBuilder,org.pitest.mutationtest.engine.gregor.mutators.VoidMethodCallMutator,parse,126,TIMED_OUT,none
MapperAnnotationBuilder.java,org.apache.ibatis.builder.annotation.MapperAnnotationBuilder,org.pitest.mutationtest.engine.gregor.mutators.VoidMethodCallMutator,parse,127,TIMED_OUT,none
MapperAnnotationBuilder.java,org.apache.ibatis.builder.annotation.MapperAnnotationBuilder,org.pitest.mutationtest.engine.gregor.mutators.VoidMethodCallMutator,parse,128,TIMED_OUT,none
MapperAnnotationBuilder.java,org.apache.ibatis.builder.annotation.MapperAnnotationBuilder,org.pitest.mutationtest.engine.gregor.mutators.VoidMethodCallMutator,parse,141,TIMED_OUT,none
MapperAnnotationBuilder.java,org.apache.ibatis.builder.annotation.MapperAnnotationBuilder,org.pitest.mutationtest.engine.gregor.mutators.experimental.RemoveIncrementsMutator,parse,130,TIMED_OUT,none
MapperAnnotationBuilder.java,org.apache.ibatis.builder.annotation.MapperAnnotationBuilder,org.pitest.mutationtest.engine.gregor.mutators.NonVoidMethodCallMutator,parseCache,179,TIMED_OUT,none
MapperAnnotationBuilder.java,org.apache.ibatis.builder.annotation.MapperAnnotationBuilder,org.pitest.mutationtest.engine.gregor.mutators.RemoveConditionalMutator_EQUAL_IF,parseCache,180,TIMED_OUT,none
MapperAnnotationBuilder.java,org.apache.ibatis.builder.annotation.MapperAnnotationBuilder,org.pitest.mutationtest.engine.gregor.mutators.NonVoidMethodCallMutator,parseCacheRef,201,TIMED_OUT,none
MapperAnnotationBuilder.java,org.apache.ibatis.builder.annotation.MapperAnnotationBuilder,org.pitest.mutationtest.engine.gregor.mutators.RemoveConditionalMutator_EQUAL_IF,parseCacheRef,202,TIMED_OUT,none
MapperAnnotationBuilder.java,org.apache.ibatis.builder.annotation.MapperAnnotationBuilder,org.pitest.mutationtest.engine.gregor.mutators.NegateConditionalsMutator,parsePendingMethods,148,TIMED_OUT,none
MapperAnnotationBuilder.java,org.apache.ibatis.builder.annotation.MapperAnnotationBuilder,org.pitest.mutationtest.engine.gregor.mutators.NonVoidMethodCallMutator,parsePendingMethods,145,TIMED_OUT,none
MapperAnnotationBuilder.java,org.apache.ibatis.builder.annotation.MapperAnnotationBuilder,org.pitest.mutationtest.engine.gregor.mutators.NonVoidMethodCallMutator,parsePendingMethods,148,TIMED_OUT,none
MapperAnnotationBuilder.java,org.apache.ibatis.builder.annotation.MapperAnnotationBuilder,org.pitest.mutationtest.engine.gregor.mutators.RemoveConditionalMutator_EQUAL_IF,parsePendingMethods,148,TIMED_OUT,none
MapperAnnotationBuilder.java,org.apache.ibatis.builder.annotation.MapperAnnotationBuilder,org.pitest.mutationtest.engine.gregor.mutators.NegateConditionalsMutator,parseStatement,290,TIMED_OUT,none
MapperAnnotationBuilder.java,org.apache.ibatis.builder.annotation.MapperAnnotationBuilder,org.pitest.mutationtest.engine.gregor.mutators.NonVoidMethodCallMutator,parseStatement,287,TIMED_OUT,none
MapperAnnotationBuilder.java,org.apache.ibatis.builder.annotation.MapperAnnotationBuilder,org.pitest.mutationtest.engine.gregor.mutators.NonVoidMethodCallMutator,parseStatement,288,TIMED_OUT,none
MapperAnnotationBuilder.java,org.apache.ibatis.builder.annotation.MapperAnnotationBuilder,org.pitest.mutationtest.engine.gregor.mutators.NonVoidMethodCallMutator,parseStatement,289,TIMED_OUT,none
MapperAnnotationBuilder.java,org.apache.ibatis.builder.annotation.MapperAnnotationBuilder,org.pitest.mutationtest.engine.gregor.mutators.NonVoidMethodCallMutator,parseStatement,305,TIMED_OUT,none
MapperAnnotationBuilder.java,org.apache.ibatis.builder.annotation.MapperAnnotationBuilder,org.pitest.mutationtest.engine.gregor.mutators.RemoveConditionalMutator_EQUAL_ELSE,parseStatement,290,TIMED_OUT,none
MapperAnnotationBuilder.java,org.apache.ibatis.builder.annotation.MapperAnnotationBuilder,org.pitest.mutationtest.engine.gregor.mutators.RemoveConditionalMutator_EQUAL_IF,parseStatement,290,TIMED_OUT,none
MapperAnnotationBuilder.java,org.apache.ibatis.builder.annotation.MapperAnnotationBuilder,org.pitest.mutationtest.engine.gregor.mutators.experimental.RemoveIncrementsMutator,parseStatement,340,TIMED_OUT,none
ProviderSqlSource.java,org.apache.ibatis.builder.annotation.ProviderSqlSource,org.pitest.mutationtest.engine.gregor.mutators.experimental.RemoveIncrementsMutator,<init>,47,TIMED_OUT,none
ProviderSqlSource.java,org.apache.ibatis.builder.annotation.ProviderSqlSource,org.pitest.mutationtest.engine.gregor.mutators.experimental.RemoveIncrementsMutator,extractProviderMethodArguments,110,TIMED_OUT,none
XMLConfigBuilder.java,org.apache.ibatis.builder.xml.XMLConfigBuilder,org.pitest.mutationtest.engine.gregor.mutators.ConstructorCallMutator,<init>,69,TIMED_OUT,none
XMLConfigBuilder.java,org.apache.ibatis.builder.xml.XMLConfigBuilder,org.pitest.mutationtest.engine.gregor.mutators.InlineConstantMutator,<init>,88,TIMED_OUT,none
XMLConfigBuilder.java,org.apache.ibatis.builder.xml.XMLConfigBuilder,org.pitest.mutationtest.engine.gregor.mutators.NonVoidMethodCallMutator,<init>,86,TIMED_OUT,none
XMLConfigBuilder.java,org.apache.ibatis.builder.xml.XMLConfigBuilder,org.pitest.mutationtest.engine.gregor.mutators.VoidMethodCallMutator,<init>,87,TIMED_OUT,none
XMLConfigBuilder.java,org.apache.ibatis.builder.xml.XMLConfigBuilder,org.pitest.mutationtest.engine.gregor.mutators.experimental.MemberVariableMutator,<init>,58,TIMED_OUT,none
XMLConfigBuilder.java,org.apache.ibatis.builder.xml.XMLConfigBuilder,org.pitest.mutationtest.engine.gregor.mutators.NonVoidMethodCallMutator,dataSourceElement,319,TIMED_OUT,none
XMLConfigBuilder.java,org.apache.ibatis.builder.xml.XMLConfigBuilder,org.pitest.mutationtest.engine.gregor.mutators.NonVoidMethodCallMutator,dataSourceElement,320,TIMED_OUT,none
XMLConfigBuilder.java,org.apache.ibatis.builder.xml.XMLConfigBuilder,org.pitest.mutationtest.engine.gregor.mutators.NonVoidMethodCallMutator,dataSourceElement,321,TIMED_OUT,none
XMLConfigBuilder.java,org.apache.ibatis.builder.xml.XMLConfigBuilder,org.pitest.mutationtest.engine.gregor.mutators.RemoveConditionalMutator_EQUAL_ELSE,dataSourceElement,318,TIMED_OUT,none
XMLConfigBuilder.java,org.apache.ibatis.builder.xml.XMLConfigBuilder,org.pitest.mutationtest.engine.gregor.mutators.RemoveConditionalMutator_EQUAL_IF,dataSourceElement,318,TIMED_OUT,none
XMLConfigBuilder.java,org.apache.ibatis.builder.xml.XMLConfigBuilder,org.pitest.mutationtest.engine.gregor.mutators.ReturnValsMutator,dataSourceElement,323,TIMED_OUT,none
XMLConfigBuilder.java,org.apache.ibatis.builder.xml.XMLConfigBuilder,org.pitest.mutationtest.engine.gregor.mutators.VoidMethodCallMutator,dataSourceElement,322,TIMED_OUT,none
XMLConfigBuilder.java,org.apache.ibatis.builder.xml.XMLConfigBuilder,org.pitest.mutationtest.engine.gregor.mutators.NegateConditionalsMutator,databaseIdProviderElement,289,TIMED_OUT,none
XMLConfigBuilder.java,org.apache.ibatis.builder.xml.XMLConfigBuilder,org.pitest.mutationtest.engine.gregor.mutators.NegateConditionalsMutator,databaseIdProviderElement,300,TIMED_OUT,none
XMLConfigBuilder.java,org.apache.ibatis.builder.xml.XMLConfigBuilder,org.pitest.mutationtest.engine.gregor.mutators.RemoveConditionalMutator_EQUAL_ELSE,databaseIdProviderElement,289,TIMED_OUT,none
XMLConfigBuilder.java,org.apache.ibatis.builder.xml.XMLConfigBuilder,org.pitest.mutationtest.engine.gregor.mutators.RemoveConditionalMutator_EQUAL_ELSE,databaseIdProviderElement,300,TIMED_OUT,none
XMLConfigBuilder.java,org.apache.ibatis.builder.xml.XMLConfigBuilder,org.pitest.mutationtest.engine.gregor.mutators.RemoveConditionalMutator_EQUAL_IF,databaseIdProviderElement,289,TIMED_OUT,none
XMLConfigBuilder.java,org.apache.ibatis.builder.xml.XMLConfigBuilder,org.pitest.mutationtest.engine.gregor.mutators.RemoveConditionalMutator_EQUAL_IF,databaseIdProviderElement,300,TIMED_OUT,none
XMLConfigBuilder.java,org.apache.ibatis.builder.xml.XMLConfigBuilder,org.pitest.mutationtest.engine.gregor.mutators.ArgumentPropagationMutator,environmentsElement,270,TIMED_OUT,none
XMLConfigBuilder.java,org.apache.ibatis.builder.xml.XMLConfigBuilder,org.pitest.mutationtest.engine.gregor.mutators.ConstructorCallMutator,environmentsElement,278,TIMED_OUT,none
XMLConfigBuilder.java,org.apache.ibatis.builder.xml.XMLConfigBuilder,org.pitest.mutationtest.engine.gregor.mutators.NegateConditionalsMutator,environmentsElement,268,TIMED_OUT,none
XMLConfigBuilder.java,org.apache.ibatis.builder.xml.XMLConfigBuilder,org.pitest.mutationtest.engine.gregor.mutators.NegateConditionalsMutator,environmentsElement,269,TIMED_OUT,none
XMLConfigBuilder.java,org.apache.ibatis.builder.xml.XMLConfigBuilder,org.pitest.mutationtest.engine.gregor.mutators.NegateConditionalsMutator,environmentsElement,274,TIMED_OUT,none
XMLConfigBuilder.java,org.apache.ibatis.builder.xml.XMLConfigBuilder,org.pitest.mutationtest.engine.gregor.mutators.NonVoidMethodCallMutator,environmentsElement,275,TIMED_OUT,none
XMLConfigBuilder.java,org.apache.ibatis.builder.xml.XMLConfigBuilder,org.pitest.mutationtest.engine.gregor.mutators.NonVoidMethodCallMutator,environmentsElement,276,TIMED_OUT,none
XMLConfigBuilder.java,org.apache.ibatis.builder.xml.XMLConfigBuilder,org.pitest.mutationtest.engine.gregor.mutators.NonVoidMethodCallMutator,environmentsElement,279,TIMED_OUT,none
XMLConfigBuilder.java,org.apache.ibatis.builder.xml.XMLConfigBuilder,org.pitest.mutationtest.engine.gregor.mutators.NonVoidMethodCallMutator,environmentsElement,280,TIMED_OUT,none
XMLConfigBuilder.java,org.apache.ibatis.builder.xml.XMLConfigBuilder,org.pitest.mutationtest.engine.gregor.mutators.RemoveConditionalMutator_EQUAL_ELSE,environmentsElement,272,TIMED_OUT,none
XMLConfigBuilder.java,org.apache.ibatis.builder.xml.XMLConfigBuilder,org.pitest.mutationtest.engine.gregor.mutators.RemoveConditionalMutator_EQUAL_ELSE,environmentsElement,274,TIMED_OUT,none
XMLConfigBuilder.java,org.apache.ibatis.builder.xml.XMLConfigBuilder,org.pitest.mutationtest.engine.gregor.mutators.RemoveConditionalMutator_EQUAL_IF,environmentsElement,268,TIMED_OUT,none
XMLConfigBuilder.java,org.apache.ibatis.builder.xml.XMLConfigBuilder,org.pitest.mutationtest.engine.gregor.mutators.RemoveConditionalMutator_EQUAL_IF,environmentsElement,272,TIMED_OUT,none
XMLConfigBuilder.java,org.apache.ibatis.builder.xml.XMLConfigBuilder,org.pitest.mutationtest.engine.gregor.mutators.RemoveConditionalMutator_EQUAL_IF,environmentsElement,274,TIMED_OUT,none
XMLConfigBuilder.java,org.apache.ibatis.builder.xml.XMLConfigBuilder,org.pitest.mutationtest.engine.gregor.mutators.VoidMethodCallMutator,environmentsElement,281,TIMED_OUT,none
XMLConfigBuilder.java,org.apache.ibatis.builder.xml.XMLConfigBuilder,org.pitest.mutationtest.engine.gregor.mutators.RemoveConditionalMutator_EQUAL_ELSE,isSpecifiedEnvironment,389,TIMED_OUT,none
XMLConfigBuilder.java,org.apache.ibatis.builder.xml.XMLConfigBuilder,org.pitest.mutationtest.engine.gregor.mutators.RemoveConditionalMutator_EQUAL_IF,isSpecifiedEnvironment,389,TIMED_OUT,none
XMLConfigBuilder.java,org.apache.ibatis.builder.xml.XMLConfigBuilder,org.pitest.mutationtest.engine.gregor.mutators.RemoveConditionalMutator_EQUAL_IF,isSpecifiedEnvironment,391,TIMED_OUT,none
XMLConfigBuilder.java,org.apache.ibatis.builder.xml.XMLConfigBuilder,org.pitest.mutationtest.engine.gregor.mutators.ReturnValsMutator,isSpecifiedEnvironment,392,TIMED_OUT,none
XMLConfigBuilder.java,org.apache.ibatis.builder.xml.XMLConfigBuilder,org.pitest.mutationtest.engine.gregor.mutators.RemoveConditionalMutator_EQUAL_ELSE,loadCustomVfs,141,TIMED_OUT,none
XMLConfigBuilder.java,org.apache.ibatis.builder.xml.XMLConfigBuilder,org.pitest.mutationtest.engine.gregor.mutators.RemoveConditionalMutator_EQUAL_IF,loadCustomVfs,141,TIMED_OUT,none
XMLConfigBuilder.java,org.apache.ibatis.builder.xml.XMLConfigBuilder,org.pitest.mutationtest.engine.gregor.mutators.experimental.RemoveIncrementsMutator,loadCustomVfs,143,TIMED_OUT,none
XMLConfigBuilder.java,org.apache.ibatis.builder.xml.XMLConfigBuilder,org.pitest.mutationtest.engine.gregor.mutators.ArgumentPropagationMutator,mapperElement,363,TIMED_OUT,none
XMLConfigBuilder.java,org.apache.ibatis.builder.xml.XMLConfigBuilder,org.pitest.mutationtest.engine.gregor.mutators.NegateConditionalsMutator,mapperElement,356,TIMED_OUT,none
XMLConfigBuilder.java,org.apache.ibatis.builder.xml.XMLConfigBuilder,org.pitest.mutationtest.engine.gregor.mutators.NegateConditionalsMutator,mapperElement,357,TIMED_OUT,none
XMLConfigBuilder.java,org.apache.ibatis.builder.xml.XMLConfigBuilder,org.pitest.mutationtest.engine.gregor.mutators.NegateConditionalsMutator,mapperElement,358,TIMED_OUT,none
XMLConfigBuilder.java,org.apache.ibatis.builder.xml.XMLConfigBuilder,org.pitest.mutationtest.engine.gregor.mutators.NegateConditionalsMutator,mapperElement,365,TIMED_OUT,none
XMLConfigBuilder.java,org.apache.ibatis.builder.xml.XMLConfigBuilder,org.pitest.mutationtest.engine.gregor.mutators.NegateConditionalsMutator,mapperElement,365,TIMED_OUT,none
XMLConfigBuilder.java,org.apache.ibatis.builder.xml.XMLConfigBuilder,org.pitest.mutationtest.engine.gregor.mutators.NegateConditionalsMutator,mapperElement,370,TIMED_OUT,none
XMLConfigBuilder.java,org.apache.ibatis.builder.xml.XMLConfigBuilder,org.pitest.mutationtest.engine.gregor.mutators.NegateConditionalsMutator,mapperElement,370,TIMED_OUT,none
XMLConfigBuilder.java,org.apache.ibatis.builder.xml.XMLConfigBuilder,org.pitest.mutationtest.engine.gregor.mutators.NonVoidMethodCallMutator,mapperElement,357,TIMED_OUT,none
XMLConfigBuilder.java,org.apache.ibatis.builder.xml.XMLConfigBuilder,org.pitest.mutationtest.engine.gregor.mutators.NonVoidMethodCallMutator,mapperElement,358,TIMED_OUT,none
XMLConfigBuilder.java,org.apache.ibatis.builder.xml.XMLConfigBuilder,org.pitest.mutationtest.engine.gregor.mutators.NonVoidMethodCallMutator,mapperElement,358,TIMED_OUT,none
XMLConfigBuilder.java,org.apache.ibatis.builder.xml.XMLConfigBuilder,org.pitest.mutationtest.engine.gregor.mutators.NonVoidMethodCallMutator,mapperElement,362,TIMED_OUT,none
XMLConfigBuilder.java,org.apache.ibatis.builder.xml.XMLConfigBuilder,org.pitest.mutationtest.engine.gregor.mutators.NonVoidMethodCallMutator,mapperElement,363,TIMED_OUT,none
XMLConfigBuilder.java,org.apache.ibatis.builder.xml.XMLConfigBuilder,org.pitest.mutationtest.engine.gregor.mutators.NonVoidMethodCallMutator,mapperElement,367,TIMED_OUT,none
XMLConfigBuilder.java,org.apache.ibatis.builder.xml.XMLConfigBuilder,org.pitest.mutationtest.engine.gregor.mutators.NonVoidMethodCallMutator,mapperElement,368,TIMED_OUT,none
XMLConfigBuilder.java,org.apache.ibatis.builder.xml.XMLConfigBuilder,org.pitest.mutationtest.engine.gregor.mutators.RemoveConditionalMutator_EQUAL_ELSE,mapperElement,356,TIMED_OUT,none
XMLConfigBuilder.java,org.apache.ibatis.builder.xml.XMLConfigBuilder,org.pitest.mutationtest.engine.gregor.mutators.RemoveConditionalMutator_EQUAL_ELSE,mapperElement,357,TIMED_OUT,none
XMLConfigBuilder.java,org.apache.ibatis.builder.xml.XMLConfigBuilder,org.pitest.mutationtest.engine.gregor.mutators.RemoveConditionalMutator_EQUAL_ELSE,mapperElement,358,TIMED_OUT,none
XMLConfigBuilder.java,org.apache.ibatis.builder.xml.XMLConfigBuilder,org.pitest.mutationtest.engine.gregor.mutators.RemoveConditionalMutator_EQUAL_ELSE,mapperElement,365,TIMED_OUT,none
XMLConfigBuilder.java,org.apache.ibatis.builder.xml.XMLConfigBuilder,org.pitest.mutationtest.engine.gregor.mutators.RemoveConditionalMutator_EQUAL_ELSE,mapperElement,365,TIMED_OUT,none
XMLConfigBuilder.java,org.apache.ibatis.builder.xml.XMLConfigBuilder,org.pitest.mutationtest.engine.gregor.mutators.RemoveConditionalMutator_EQUAL_ELSE,mapperElement,370,TIMED_OUT,none
XMLConfigBuilder.java,org.apache.ibatis.builder.xml.XMLConfigBuilder,org.pitest.mutationtest.engine.gregor.mutators.RemoveConditionalMutator_EQUAL_ELSE,mapperElement,370,TIMED_OUT,none
XMLConfigBuilder.java,org.apache.ibatis.builder.xml.XMLConfigBuilder,org.pitest.mutationtest.engine.gregor.mutators.RemoveConditionalMutator_EQUAL_IF,mapperElement,358,TIMED_OUT,none
XMLConfigBuilder.java,org.apache.ibatis.builder.xml.XMLConfigBuilder,org.pitest.mutationtest.engine.gregor.mutators.RemoveConditionalMutator_EQUAL_IF,mapperElement,365,TIMED_OUT,none
XMLConfigBuilder.java,org.apache.ibatis.builder.xml.XMLConfigBuilder,org.pitest.mutationtest.engine.gregor.mutators.RemoveConditionalMutator_EQUAL_IF,mapperElement,370,TIMED_OUT,none
XMLConfigBuilder.java,org.apache.ibatis.builder.xml.XMLConfigBuilder,org.pitest.mutationtest.engine.gregor.mutators.NegateConditionalsMutator,objectFactoryElement,190,TIMED_OUT,none
XMLConfigBuilder.java,org.apache.ibatis.builder.xml.XMLConfigBuilder,org.pitest.mutationtest.engine.gregor.mutators.RemoveConditionalMutator_EQUAL_ELSE,objectFactoryElement,190,TIMED_OUT,none
XMLConfigBuilder.java,org.apache.ibatis.builder.xml.XMLConfigBuilder,org.pitest.mutationtest.engine.gregor.mutators.RemoveConditionalMutator_EQUAL_IF,objectFactoryElement,190,TIMED_OUT,none
XMLConfigBuilder.java,org.apache.ibatis.builder.xml.XMLConfigBuilder,org.pitest.mutationtest.engine.gregor.mutators.RemoveConditionalMutator_EQUAL_ELSE,objectWrapperFactoryElement,200,TIMED_OUT,none
XMLConfigBuilder.java,org.apache.ibatis.builder.xml.XMLConfigBuilder,org.pitest.mutationtest.engine.gregor.mutators.RemoveConditionalMutator_EQUAL_IF,objectWrapperFactoryElement,200,TIMED_OUT,none
XMLConfigBuilder.java,org.apache.ibatis.builder.xml.XMLConfigBuilder,org.pitest.mutationtest.engine.gregor.mutators.NegateConditionalsMutator,parse,94,TIMED_OUT,none
XMLConfigBuilder.java,org.apache.ibatis.builder.xml.XMLConfigBuilder,org.pitest.mutationtest.engine.gregor.mutators.RemoveConditionalMutator_EQUAL_ELSE,parse,94,TIMED_OUT,none
XMLConfigBuilder.java,org.apache.ibatis.builder.xml.XMLConfigBuilder,org.pitest.mutationtest.engine.gregor.mutators.ReturnValsMutator,parse,99,TIMED_OUT,none
XMLConfigBuilder.java,org.apache.ibatis.builder.xml.XMLConfigBuilder,org.pitest.mutationtest.engine.gregor.mutators.experimental.MemberVariableMutator,parse,97,TIMED_OUT,none
XMLConfigBuilder.java,org.apache.ibatis.builder.xml.XMLConfigBuilder,org.pitest.mutationtest.engine.gregor.mutators.NonVoidMethodCallMutator,parseConfiguration,106,TIMED_OUT,none
XMLConfigBuilder.java,org.apache.ibatis.builder.xml.XMLConfigBuilder,org.pitest.mutationtest.engine.gregor.mutators.NonVoidMethodCallMutator,parseConfiguration,108,TIMED_OUT,none
XMLConfigBuilder.java,org.apache.ibatis.builder.xml.XMLConfigBuilder,org.pitest.mutationtest.engine.gregor.mutators.NonVoidMethodCallMutator,parseConfiguration,110,TIMED_OUT,none
XMLConfigBuilder.java,org.apache.ibatis.builder.xml.XMLConfigBuilder,org.pitest.mutationtest.engine.gregor.mutators.NonVoidMethodCallMutator,parseConfiguration,111,TIMED_OUT,none
XMLConfigBuilder.java,org.apache.ibatis.builder.xml.XMLConfigBuilder,org.pitest.mutationtest.engine.gregor.mutators.NonVoidMethodCallMutator,parseConfiguration,115,TIMED_OUT,none
XMLConfigBuilder.java,org.apache.ibatis.builder.xml.XMLConfigBuilder,org.pitest.mutationtest.engine.gregor.mutators.NonVoidMethodCallMutator,parseConfiguration,117,TIMED_OUT,none
XMLConfigBuilder.java,org.apache.ibatis.builder.xml.XMLConfigBuilder,org.pitest.mutationtest.engine.gregor.mutators.VoidMethodCallMutator,parseConfiguration,109,TIMED_OUT,none
XMLConfigBuilder.java,org.apache.ibatis.builder.xml.XMLConfigBuilder,org.pitest.mutationtest.engine.gregor.mutators.VoidMethodCallMutator,parseConfiguration,112,TIMED_OUT,none
XMLConfigBuilder.java,org.apache.ibatis.builder.xml.XMLConfigBuilder,org.pitest.mutationtest.engine.gregor.mutators.VoidMethodCallMutator,parseConfiguration,113,TIMED_OUT,none
XMLConfigBuilder.java,org.apache.ibatis.builder.xml.XMLConfigBuilder,org.pitest.mutationtest.engine.gregor.mutators.VoidMethodCallMutator,parseConfiguration,115,TIMED_OUT,none
XMLConfigBuilder.java,org.apache.ibatis.builder.xml.XMLConfigBuilder,org.pitest.mutationtest.engine.gregor.mutators.VoidMethodCallMutator,parseConfiguration,117,TIMED_OUT,none
XMLConfigBuilder.java,org.apache.ibatis.builder.xml.XMLConfigBuilder,org.pitest.mutationtest.engine.gregor.mutators.NegateConditionalsMutator,pluginElement,178,TIMED_OUT,none
XMLConfigBuilder.java,org.apache.ibatis.builder.xml.XMLConfigBuilder,org.pitest.mutationtest.engine.gregor.mutators.RemoveConditionalMutator_EQUAL_IF,pluginElement,178,TIMED_OUT,none
XMLConfigBuilder.java,org.apache.ibatis.builder.xml.XMLConfigBuilder,org.pitest.mutationtest.engine.gregor.mutators.NegateConditionalsMutator,propertiesElement,216,TIMED_OUT,none
XMLConfigBuilder.java,org.apache.ibatis.builder.xml.XMLConfigBuilder,org.pitest.mutationtest.engine.gregor.mutators.RemoveConditionalMutator_EQUAL_ELSE,propertiesElement,216,TIMED_OUT,none
XMLConfigBuilder.java,org.apache.ibatis.builder.xml.XMLConfigBuilder,org.pitest.mutationtest.engine.gregor.mutators.RemoveConditionalMutator_EQUAL_IF,propertiesElement,216,TIMED_OUT,none
XMLConfigBuilder.java,org.apache.ibatis.builder.xml.XMLConfigBuilder,org.pitest.mutationtest.engine.gregor.mutators.RemoveConditionalMutator_EQUAL_ELSE,reflectorFactoryElement,208,TIMED_OUT,none
XMLConfigBuilder.java,org.apache.ibatis.builder.xml.XMLConfigBuilder,org.pitest.mutationtest.engine.gregor.mutators.RemoveConditionalMutator_EQUAL_IF,reflectorFactoryElement,208,TIMED_OUT,none
XMLConfigBuilder.java,org.apache.ibatis.builder.xml.XMLConfigBuilder,org.pitest.mutationtest.engine.gregor.mutators.ConstructorCallMutator,settingsAsProperties,126,TIMED_OUT,none
XMLConfigBuilder.java,org.apache.ibatis.builder.xml.XMLConfigBuilder,org.pitest.mutationtest.engine.gregor.mutators.NonVoidMethodCallMutator,settingsAsProperties,131,TIMED_OUT,none
XMLConfigBuilder.java,org.apache.ibatis.builder.xml.XMLConfigBuilder,org.pitest.mutationtest.engine.gregor.mutators.NonVoidMethodCallMutator,settingsAsProperties,131,TIMED_OUT,none
XMLConfigBuilder.java,org.apache.ibatis.builder.xml.XMLConfigBuilder,org.pitest.mutationtest.engine.gregor.mutators.NonVoidMethodCallMutator,settingsAsProperties,132,TIMED_OUT,none
XMLConfigBuilder.java,org.apache.ibatis.builder.xml.XMLConfigBuilder,org.pitest.mutationtest.engine.gregor.mutators.RemoveConditionalMutator_EQUAL_ELSE,settingsAsProperties,131,TIMED_OUT,none
XMLConfigBuilder.java,org.apache.ibatis.builder.xml.XMLConfigBuilder,org.pitest.mutationtest.engine.gregor.mutators.RemoveConditionalMutator_EQUAL_IF,settingsAsProperties,125,TIMED_OUT,none
XMLConfigBuilder.java,org.apache.ibatis.builder.xml.XMLConfigBuilder,org.pitest.mutationtest.engine.gregor.mutators.ReturnValsMutator,settingsAsProperties,126,TIMED_OUT,none
XMLConfigBuilder.java,org.apache.ibatis.builder.xml.XMLConfigBuilder,org.pitest.mutationtest.engine.gregor.mutators.ArgumentPropagationMutator,settingsElement,238,TIMED_OUT,none
XMLConfigBuilder.java,org.apache.ibatis.builder.xml.XMLConfigBuilder,org.pitest.mutationtest.engine.gregor.mutators.ArgumentPropagationMutator,settingsElement,239,TIMED_OUT,none
XMLConfigBuilder.java,org.apache.ibatis.builder.xml.XMLConfigBuilder,org.pitest.mutationtest.engine.gregor.mutators.ArgumentPropagationMutator,settingsElement,240,TIMED_OUT,none
XMLConfigBuilder.java,org.apache.ibatis.builder.xml.XMLConfigBuilder,org.pitest.mutationtest.engine.gregor.mutators.ArgumentPropagationMutator,settingsElement,240,TIMED_OUT,none
XMLConfigBuilder.java,org.apache.ibatis.builder.xml.XMLConfigBuilder,org.pitest.mutationtest.engine.gregor.mutators.ArgumentPropagationMutator,settingsElement,241,TIMED_OUT,none
XMLConfigBuilder.java,org.apache.ibatis.builder.xml.XMLConfigBuilder,org.pitest.mutationtest.engine.gregor.mutators.ArgumentPropagationMutator,settingsElement,242,TIMED_OUT,none
XMLConfigBuilder.java,org.apache.ibatis.builder.xml.XMLConfigBuilder,org.pitest.mutationtest.engine.gregor.mutators.ArgumentPropagationMutator,settingsElement,243,TIMED_OUT,none
XMLConfigBuilder.java,org.apache.ibatis.builder.xml.XMLConfigBuilder,org.pitest.mutationtest.engine.gregor.mutators.ArgumentPropagationMutator,settingsElement,244,TIMED_OUT,none
XMLConfigBuilder.java,org.apache.ibatis.builder.xml.XMLConfigBuilder,org.pitest.mutationtest.engine.gregor.mutators.ArgumentPropagationMutator,settingsElement,244,TIMED_OUT,none
XMLConfigBuilder.java,org.apache.ibatis.builder.xml.XMLConfigBuilder,org.pitest.mutationtest.engine.gregor.mutators.ArgumentPropagationMutator,settingsElement,245,TIMED_OUT,none
XMLConfigBuilder.java,org.apache.ibatis.builder.xml.XMLConfigBuilder,org.pitest.mutationtest.engine.gregor.mutators.ArgumentPropagationMutator,settingsElement,245,TIMED_OUT,none
XMLConfigBuilder.java,org.apache.ibatis.builder.xml.XMLConfigBuilder,org.pitest.mutationtest.engine.gregor.mutators.ArgumentPropagationMutator,settingsElement,246,TIMED_OUT,none
XMLConfigBuilder.java,org.apache.ibatis.builder.xml.XMLConfigBuilder,org.pitest.mutationtest.engine.gregor.mutators.ArgumentPropagationMutator,settingsElement,246,TIMED_OUT,none
XMLConfigBuilder.java,org.apache.ibatis.builder.xml.XMLConfigBuilder,org.pitest.mutationtest.engine.gregor.mutators.ArgumentPropagationMutator,settingsElement,247,TIMED_OUT,none
XMLConfigBuilder.java,org.apache.ibatis.builder.xml.XMLConfigBuilder,org.pitest.mutationtest.engine.gregor.mutators.ArgumentPropagationMutator,settingsElement,248,TIMED_OUT,none
XMLConfigBuilder.java,org.apache.ibatis.builder.xml.XMLConfigBuilder,org.pitest.mutationtest.engine.gregor.mutators.ArgumentPropagationMutator,settingsElement,249,TIMED_OUT,none
XMLConfigBuilder.java,org.apache.ibatis.builder.xml.XMLConfigBuilder,org.pitest.mutationtest.engine.gregor.mutators.ArgumentPropagationMutator,settingsElement,249,TIMED_OUT,none
XMLConfigBuilder.java,org.apache.ibatis.builder.xml.XMLConfigBuilder,org.pitest.mutationtest.engine.gregor.mutators.ArgumentPropagationMutator,settingsElement,250,TIMED_OUT,none
XMLConfigBuilder.java,org.apache.ibatis.builder.xml.XMLConfigBuilder,org.pitest.mutationtest.engine.gregor.mutators.ArgumentPropagationMutator,settingsElement,250,TIMED_OUT,none
XMLConfigBuilder.java,org.apache.ibatis.builder.xml.XMLConfigBuilder,org.pitest.mutationtest.engine.gregor.mutators.ArgumentPropagationMutator,settingsElement,251,TIMED_OUT,none
XMLConfigBuilder.java,org.apache.ibatis.builder.xml.XMLConfigBuilder,org.pitest.mutationtest.engine.gregor.mutators.ArgumentPropagationMutator,settingsElement,251,TIMED_OUT,none
XMLConfigBuilder.java,org.apache.ibatis.builder.xml.XMLConfigBuilder,org.pitest.mutationtest.engine.gregor.mutators.ArgumentPropagationMutator,settingsElement,252,TIMED_OUT,none
XMLConfigBuilder.java,org.apache.ibatis.builder.xml.XMLConfigBuilder,org.pitest.mutationtest.engine.gregor.mutators.ArgumentPropagationMutator,settingsElement,253,TIMED_OUT,none
XMLConfigBuilder.java,org.apache.ibatis.builder.xml.XMLConfigBuilder,org.pitest.mutationtest.engine.gregor.mutators.ArgumentPropagationMutator,settingsElement,254,TIMED_OUT,none
XMLConfigBuilder.java,org.apache.ibatis.builder.xml.XMLConfigBuilder,org.pitest.mutationtest.engine.gregor.mutators.ArgumentPropagationMutator,settingsElement,257,TIMED_OUT,none
XMLConfigBuilder.java,org.apache.ibatis.builder.xml.XMLConfigBuilder,org.pitest.mutationtest.engine.gregor.mutators.ArgumentPropagationMutator,settingsElement,257,TIMED_OUT,none
XMLConfigBuilder.java,org.apache.ibatis.builder.xml.XMLConfigBuilder,org.pitest.mutationtest.engine.gregor.mutators.ArgumentPropagationMutator,settingsElement,258,TIMED_OUT,none
XMLConfigBuilder.java,org.apache.ibatis.builder.xml.XMLConfigBuilder,org.pitest.mutationtest.engine.gregor.mutators.ArgumentPropagationMutator,settingsElement,259,TIMED_OUT,none
XMLConfigBuilder.java,org.apache.ibatis.builder.xml.XMLConfigBuilder,org.pitest.mutationtest.engine.gregor.mutators.ArgumentPropagationMutator,settingsElement,262,TIMED_OUT,none
XMLConfigBuilder.java,org.apache.ibatis.builder.xml.XMLConfigBuilder,org.pitest.mutationtest.engine.gregor.mutators.InlineConstantMutator,settingsElement,240,TIMED_OUT,none
XMLConfigBuilder.java,org.apache.ibatis.builder.xml.XMLConfigBuilder,org.pitest.mutationtest.engine.gregor.mutators.InlineConstantMutator,settingsElement,242,TIMED_OUT,none
XMLConfigBuilder.java,org.apache.ibatis.builder.xml.XMLConfigBuilder,org.pitest.mutationtest.engine.gregor.mutators.InlineConstantMutator,settingsElement,243,TIMED_OUT,none
XMLConfigBuilder.java,org.apache.ibatis.builder.xml.XMLConfigBuilder,org.pitest.mutationtest.engine.gregor.mutators.InlineConstantMutator,settingsElement,244,TIMED_OUT,none
XMLConfigBuilder.java,org.apache.ibatis.builder.xml.XMLConfigBuilder,org.pitest.mutationtest.engine.gregor.mutators.InlineConstantMutator,settingsElement,250,TIMED_OUT,none
XMLConfigBuilder.java,org.apache.ibatis.builder.xml.XMLConfigBuilder,org.pitest.mutationtest.engine.gregor.mutators.InlineConstantMutator,settingsElement,251,TIMED_OUT,none
XMLConfigBuilder.java,org.apache.ibatis.builder.xml.XMLConfigBuilder,org.pitest.mutationtest.engine.gregor.mutators.InlineConstantMutator,settingsElement,257,TIMED_OUT,none
XMLConfigBuilder.java,org.apache.ibatis.builder.xml.XMLConfigBuilder,org.pitest.mutationtest.engine.gregor.mutators.InlineConstantMutator,settingsElement,259,TIMED_OUT,none
XMLConfigBuilder.java,org.apache.ibatis.builder.xml.XMLConfigBuilder,org.pitest.mutationtest.engine.gregor.mutators.NonVoidMethodCallMutator,settingsElement,238,TIMED_OUT,none
XMLConfigBuilder.java,org.apache.ibatis.builder.xml.XMLConfigBuilder,org.pitest.mutationtest.engine.gregor.mutators.NonVoidMethodCallMutator,settingsElement,239,TIMED_OUT,none
XMLConfigBuilder.java,org.apache.ibatis.builder.xml.XMLConfigBuilder,org.pitest.mutationtest.engine.gregor.mutators.NonVoidMethodCallMutator,settingsElement,240,TIMED_OUT,none
XMLConfigBuilder.java,org.apache.ibatis.builder.xml.XMLConfigBuilder,org.pitest.mutationtest.engine.gregor.mutators.NonVoidMethodCallMutator,settingsElement,241,TIMED_OUT,none
XMLConfigBuilder.java,org.apache.ibatis.builder.xml.XMLConfigBuilder,org.pitest.mutationtest.engine.gregor.mutators.NonVoidMethodCallMutator,settingsElement,241,TIMED_OUT,none
XMLConfigBuilder.java,org.apache.ibatis.builder.xml.XMLConfigBuilder,org.pitest.mutationtest.engine.gregor.mutators.NonVoidMethodCallMutator,settingsElement,242,TIMED_OUT,none
XMLConfigBuilder.java,org.apache.ibatis.builder.xml.XMLConfigBuilder,org.pitest.mutationtest.engine.gregor.mutators.NonVoidMethodCallMutator,settingsElement,242,TIMED_OUT,none
XMLConfigBuilder.java,org.apache.ibatis.builder.xml.XMLConfigBuilder,org.pitest.mutationtest.engine.gregor.mutators.NonVoidMethodCallMutator,settingsElement,242,TIMED_OUT,none
XMLConfigBuilder.java,org.apache.ibatis.builder.xml.XMLConfigBuilder,org.pitest.mutationtest.engine.gregor.mutators.NonVoidMethodCallMutator,settingsElement,242,TIMED_OUT,none
XMLConfigBuilder.java,org.apache.ibatis.builder.xml.XMLConfigBuilder,org.pitest.mutationtest.engine.gregor.mutators.NonVoidMethodCallMutator,settingsElement,243,TIMED_OUT,none
XMLConfigBuilder.java,org.apache.ibatis.builder.xml.XMLConfigBuilder,org.pitest.mutationtest.engine.gregor.mutators.NonVoidMethodCallMutator,settingsElement,243,TIMED_OUT,none
XMLConfigBuilder.java,org.apache.ibatis.builder.xml.XMLConfigBuilder,org.pitest.mutationtest.engine.gregor.mutators.NonVoidMethodCallMutator,settingsElement,244,TIMED_OUT,none
XMLConfigBuilder.java,org.apache.ibatis.builder.xml.XMLConfigBuilder,org.pitest.mutationtest.engine.gregor.mutators.NonVoidMethodCallMutator,settingsElement,244,TIMED_OUT,none
XMLConfigBuilder.java,org.apache.ibatis.builder.xml.XMLConfigBuilder,org.pitest.mutationtest.engine.gregor.mutators.NonVoidMethodCallMutator,settingsElement,244,TIMED_OUT,none
XMLConfigBuilder.java,org.apache.ibatis.builder.xml.XMLConfigBuilder,org.pitest.mutationtest.engine.gregor.mutators.NonVoidMethodCallMutator,settingsElement,245,TIMED_OUT,none
XMLConfigBuilder.java,org.apache.ibatis.builder.xml.XMLConfigBuilder,org.pitest.mutationtest.engine.gregor.mutators.NonVoidMethodCallMutator,settingsElement,245,TIMED_OUT,none
XMLConfigBuilder.java,org.apache.ibatis.builder.xml.XMLConfigBuilder,org.pitest.mutationtest.engine.gregor.mutators.NonVoidMethodCallMutator,settingsElement,245,TIMED_OUT,none
XMLConfigBuilder.java,org.apache.ibatis.builder.xml.XMLConfigBuilder,org.pitest.mutationtest.engine.gregor.mutators.NonVoidMethodCallMutator,settingsElement,246,TIMED_OUT,none
XMLConfigBuilder.java,org.apache.ibatis.builder.xml.XMLConfigBuilder,org.pitest.mutationtest.engine.gregor.mutators.NonVoidMethodCallMutator,settingsElement,246,TIMED_OUT,none
XMLConfigBuilder.java,org.apache.ibatis.builder.xml.XMLConfigBuilder,org.pitest.mutationtest.engine.gregor.mutators.NonVoidMethodCallMutator,settingsElement,246,TIMED_OUT,none
XMLConfigBuilder.java,org.apache.ibatis.builder.xml.XMLConfigBuilder,org.pitest.mutationtest.engine.gregor.mutators.NonVoidMethodCallMutator,settingsElement,246,TIMED_OUT,none
XMLConfigBuilder.java,org.apache.ibatis.builder.xml.XMLConfigBuilder,org.pitest.mutationtest.engine.gregor.mutators.NonVoidMethodCallMutator,settingsElement,247,TIMED_OUT,none
XMLConfigBuilder.java,org.apache.ibatis.builder.xml.XMLConfigBuilder,org.pitest.mutationtest.engine.gregor.mutators.NonVoidMethodCallMutator,settingsElement,247,TIMED_OUT,none
XMLConfigBuilder.java,org.apache.ibatis.builder.xml.XMLConfigBuilder,org.pitest.mutationtest.engine.gregor.mutators.NonVoidMethodCallMutator,settingsElement,248,TIMED_OUT,none
XMLConfigBuilder.java,org.apache.ibatis.builder.xml.XMLConfigBuilder,org.pitest.mutationtest.engine.gregor.mutators.NonVoidMethodCallMutator,settingsElement,248,TIMED_OUT,none
XMLConfigBuilder.java,org.apache.ibatis.builder.xml.XMLConfigBuilder,org.pitest.mutationtest.engine.gregor.mutators.NonVoidMethodCallMutator,settingsElement,249,TIMED_OUT,none
XMLConfigBuilder.java,org.apache.ibatis.builder.xml.XMLConfigBuilder,org.pitest.mutationtest.engine.gregor.mutators.NonVoidMethodCallMutator,settingsElement,250,TIMED_OUT,none
XMLConfigBuilder.java,org.apache.ibatis.builder.xml.XMLConfigBuilder,org.pitest.mutationtest.engine.gregor.mutators.NonVoidMethodCallMutator,settingsElement,250,TIMED_OUT,none
XMLConfigBuilder.java,org.apache.ibatis.builder.xml.XMLConfigBuilder,org.pitest.mutationtest.engine.gregor.mutators.NonVoidMethodCallMutator,settingsElement,250,TIMED_OUT,none
XMLConfigBuilder.java,org.apache.ibatis.builder.xml.XMLConfigBuilder,org.pitest.mutationtest.engine.gregor.mutators.NonVoidMethodCallMutator,settingsElement,251,TIMED_OUT,none
XMLConfigBuilder.java,org.apache.ibatis.builder.xml.XMLConfigBuilder,org.pitest.mutationtest.engine.gregor.mutators.NonVoidMethodCallMutator,settingsElement,252,TIMED_OUT,none
XMLConfigBuilder.java,org.apache.ibatis.builder.xml.XMLConfigBuilder,org.pitest.mutationtest.engine.gregor.mutators.NonVoidMethodCallMutator,settingsElement,252,TIMED_OUT,none
XMLConfigBuilder.java,org.apache.ibatis.builder.xml.XMLConfigBuilder,org.pitest.mutationtest.engine.gregor.mutators.NonVoidMethodCallMutator,settingsElement,253,TIMED_OUT,none
XMLConfigBuilder.java,org.apache.ibatis.builder.xml.XMLConfigBuilder,org.pitest.mutationtest.engine.gregor.mutators.NonVoidMethodCallMutator,settingsElement,254,TIMED_OUT,none
XMLConfigBuilder.java,org.apache.ibatis.builder.xml.XMLConfigBuilder,org.pitest.mutationtest.engine.gregor.mutators.NonVoidMethodCallMutator,settingsElement,254,TIMED_OUT,none
XMLConfigBuilder.java,org.apache.ibatis.builder.xml.XMLConfigBuilder,org.pitest.mutationtest.engine.gregor.mutators.NonVoidMethodCallMutator,settingsElement,255,TIMED_OUT,none
XMLConfigBuilder.java,org.apache.ibatis.builder.xml.XMLConfigBuilder,org.pitest.mutationtest.engine.gregor.mutators.NonVoidMethodCallMutator,settingsElement,255,TIMED_OUT,none
XMLConfigBuilder.java,org.apache.ibatis.builder.xml.XMLConfigBuilder,org.pitest.mutationtest.engine.gregor.mutators.NonVoidMethodCallMutator,settingsElement,255,TIMED_OUT,none
XMLConfigBuilder.java,org.apache.ibatis.builder.xml.XMLConfigBuilder,org.pitest.mutationtest.engine.gregor.mutators.NonVoidMethodCallMutator,settingsElement,255,TIMED_OUT,none
XMLConfigBuilder.java,org.apache.ibatis.builder.xml.XMLConfigBuilder,org.pitest.mutationtest.engine.gregor.mutators.NonVoidMethodCallMutator,settingsElement,257,TIMED_OUT,none
XMLConfigBuilder.java,org.apache.ibatis.builder.xml.XMLConfigBuilder,org.pitest.mutationtest.engine.gregor.mutators.NonVoidMethodCallMutator,settingsElement,258,TIMED_OUT,none
XMLConfigBuilder.java,org.apache.ibatis.builder.xml.XMLConfigBuilder,org.pitest.mutationtest.engine.gregor.mutators.NonVoidMethodCallMutator,settingsElement,258,TIMED_OUT,none
XMLConfigBuilder.java,org.apache.ibatis.builder.xml.XMLConfigBuilder,org.pitest.mutationtest.engine.gregor.mutators.NonVoidMethodCallMutator,settingsElement,258,TIMED_OUT,none
XMLConfigBuilder.java,org.apache.ibatis.builder.xml.XMLConfigBuilder,org.pitest.mutationtest.engine.gregor.mutators.NonVoidMethodCallMutator,settingsElement,259,TIMED_OUT,none
XMLConfigBuilder.java,org.apache.ibatis.builder.xml.XMLConfigBuilder,org.pitest.mutationtest.engine.gregor.mutators.NonVoidMethodCallMutator,settingsElement,259,TIMED_OUT,none
XMLConfigBuilder.java,org.apache.ibatis.builder.xml.XMLConfigBuilder,org.pitest.mutationtest.engine.gregor.mutators.NonVoidMethodCallMutator,settingsElement,260,TIMED_OUT,none
XMLConfigBuilder.java,org.apache.ibatis.builder.xml.XMLConfigBuilder,org.pitest.mutationtest.engine.gregor.mutators.NonVoidMethodCallMutator,settingsElement,262,TIMED_OUT,none
XMLConfigBuilder.java,org.apache.ibatis.builder.xml.XMLConfigBuilder,org.pitest.mutationtest.engine.gregor.mutators.VoidMethodCallMutator,settingsElement,238,TIMED_OUT,none
XMLConfigBuilder.java,org.apache.ibatis.builder.xml.XMLConfigBuilder,org.pitest.mutationtest.engine.gregor.mutators.VoidMethodCallMutator,settingsElement,239,TIMED_OUT,none
XMLConfigBuilder.java,org.apache.ibatis.builder.xml.XMLConfigBuilder,org.pitest.mutationtest.engine.gregor.mutators.VoidMethodCallMutator,settingsElement,241,TIMED_OUT,none
XMLConfigBuilder.java,org.apache.ibatis.builder.xml.XMLConfigBuilder,org.pitest.mutationtest.engine.gregor.mutators.VoidMethodCallMutator,settingsElement,243,TIMED_OUT,none
XMLConfigBuilder.java,org.apache.ibatis.builder.xml.XMLConfigBuilder,org.pitest.mutationtest.engine.gregor.mutators.VoidMethodCallMutator,settingsElement,244,TIMED_OUT,none
XMLConfigBuilder.java,org.apache.ibatis.builder.xml.XMLConfigBuilder,org.pitest.mutationtest.engine.gregor.mutators.VoidMethodCallMutator,settingsElement,245,TIMED_OUT,none
XMLConfigBuilder.java,org.apache.ibatis.builder.xml.XMLConfigBuilder,org.pitest.mutationtest.engine.gregor.mutators.VoidMethodCallMutator,settingsElement,246,TIMED_OUT,none
XMLConfigBuilder.java,org.apache.ibatis.builder.xml.XMLConfigBuilder,org.pitest.mutationtest.engine.gregor.mutators.VoidMethodCallMutator,settingsElement,248,TIMED_OUT,none
XMLConfigBuilder.java,org.apache.ibatis.builder.xml.XMLConfigBuilder,org.pitest.mutationtest.engine.gregor.mutators.VoidMethodCallMutator,settingsElement,251,TIMED_OUT,none
XMLConfigBuilder.java,org.apache.ibatis.builder.xml.XMLConfigBuilder,org.pitest.mutationtest.engine.gregor.mutators.VoidMethodCallMutator,settingsElement,257,TIMED_OUT,none
XMLConfigBuilder.java,org.apache.ibatis.builder.xml.XMLConfigBuilder,org.pitest.mutationtest.engine.gregor.mutators.VoidMethodCallMutator,settingsElement,258,TIMED_OUT,none
XMLConfigBuilder.java,org.apache.ibatis.builder.xml.XMLConfigBuilder,org.pitest.mutationtest.engine.gregor.mutators.VoidMethodCallMutator,settingsElement,259,TIMED_OUT,none
XMLConfigBuilder.java,org.apache.ibatis.builder.xml.XMLConfigBuilder,org.pitest.mutationtest.engine.gregor.mutators.VoidMethodCallMutator,settingsElement,260,TIMED_OUT,none
XMLConfigBuilder.java,org.apache.ibatis.builder.xml.XMLConfigBuilder,org.pitest.mutationtest.engine.gregor.mutators.VoidMethodCallMutator,settingsElement,263,TIMED_OUT,none
XMLConfigBuilder.java,org.apache.ibatis.builder.xml.XMLConfigBuilder,org.pitest.mutationtest.engine.gregor.mutators.VoidMethodCallMutator,settingsElement,264,TIMED_OUT,none
XMLConfigBuilder.java,org.apache.ibatis.builder.xml.XMLConfigBuilder,org.pitest.mutationtest.engine.gregor.mutators.NonVoidMethodCallMutator,transactionManagerElement,309,TIMED_OUT,none
XMLConfigBuilder.java,org.apache.ibatis.builder.xml.XMLConfigBuilder,org.pitest.mutationtest.engine.gregor.mutators.NonVoidMethodCallMutator,transactionManagerElement,310,TIMED_OUT,none
XMLConfigBuilder.java,org.apache.ibatis.builder.xml.XMLConfigBuilder,org.pitest.mutationtest.engine.gregor.mutators.NonVoidMethodCallMutator,transactionManagerElement,310,TIMED_OUT,none
XMLConfigBuilder.java,org.apache.ibatis.builder.xml.XMLConfigBuilder,org.pitest.mutationtest.engine.gregor.mutators.RemoveConditionalMutator_EQUAL_ELSE,transactionManagerElement,307,TIMED_OUT,none
XMLConfigBuilder.java,org.apache.ibatis.builder.xml.XMLConfigBuilder,org.pitest.mutationtest.engine.gregor.mutators.RemoveConditionalMutator_EQUAL_IF,transactionManagerElement,307,TIMED_OUT,none
XMLConfigBuilder.java,org.apache.ibatis.builder.xml.XMLConfigBuilder,org.pitest.mutationtest.engine.gregor.mutators.VoidMethodCallMutator,transactionManagerElement,311,TIMED_OUT,none
XMLConfigBuilder.java,org.apache.ibatis.builder.xml.XMLConfigBuilder,org.pitest.mutationtest.engine.gregor.mutators.ArgumentPropagationMutator,typeAliasesElement,160,TIMED_OUT,none
XMLConfigBuilder.java,org.apache.ibatis.builder.xml.XMLConfigBuilder,org.pitest.mutationtest.engine.gregor.mutators.ArgumentPropagationMutator,typeAliasesElement,161,TIMED_OUT,none
XMLConfigBuilder.java,org.apache.ibatis.builder.xml.XMLConfigBuilder,org.pitest.mutationtest.engine.gregor.mutators.NonVoidMethodCallMutator,typeAliasesElement,155,TIMED_OUT,none
XMLConfigBuilder.java,org.apache.ibatis.builder.xml.XMLConfigBuilder,org.pitest.mutationtest.engine.gregor.mutators.NonVoidMethodCallMutator,typeAliasesElement,155,TIMED_OUT,none
XMLConfigBuilder.java,org.apache.ibatis.builder.xml.XMLConfigBuilder,org.pitest.mutationtest.engine.gregor.mutators.NonVoidMethodCallMutator,typeAliasesElement,161,TIMED_OUT,none
XMLConfigBuilder.java,org.apache.ibatis.builder.xml.XMLConfigBuilder,org.pitest.mutationtest.engine.gregor.mutators.NonVoidMethodCallMutator,typeAliasesElement,163,TIMED_OUT,none
XMLConfigBuilder.java,org.apache.ibatis.builder.xml.XMLConfigBuilder,org.pitest.mutationtest.engine.gregor.mutators.RemoveConditionalMutator_EQUAL_ELSE,typeAliasesElement,154,TIMED_OUT,none
XMLConfigBuilder.java,org.apache.ibatis.builder.xml.XMLConfigBuilder,org.pitest.mutationtest.engine.gregor.mutators.RemoveConditionalMutator_EQUAL_ELSE,typeAliasesElement,155,TIMED_OUT,none
XMLConfigBuilder.java,org.apache.ibatis.builder.xml.XMLConfigBuilder,org.pitest.mutationtest.engine.gregor.mutators.RemoveConditionalMutator_EQUAL_ELSE,typeAliasesElement,156,TIMED_OUT,none
XMLConfigBuilder.java,org.apache.ibatis.builder.xml.XMLConfigBuilder,org.pitest.mutationtest.engine.gregor.mutators.RemoveConditionalMutator_EQUAL_ELSE,typeAliasesElement,164,TIMED_OUT,none
XMLConfigBuilder.java,org.apache.ibatis.builder.xml.XMLConfigBuilder,org.pitest.mutationtest.engine.gregor.mutators.RemoveConditionalMutator_EQUAL_IF,typeAliasesElement,154,TIMED_OUT,none
XMLConfigBuilder.java,org.apache.ibatis.builder.xml.XMLConfigBuilder,org.pitest.mutationtest.engine.gregor.mutators.RemoveConditionalMutator_EQUAL_IF,typeAliasesElement,155,TIMED_OUT,none
XMLConfigBuilder.java,org.apache.ibatis.builder.xml.XMLConfigBuilder,org.pitest.mutationtest.engine.gregor.mutators.RemoveConditionalMutator_EQUAL_IF,typeAliasesElement,156,TIMED_OUT,none
XMLConfigBuilder.java,org.apache.ibatis.builder.xml.XMLConfigBuilder,org.pitest.mutationtest.engine.gregor.mutators.RemoveConditionalMutator_EQUAL_ELSE,typeHandlerElement,329,TIMED_OUT,none
XMLConfigBuilder.java,org.apache.ibatis.builder.xml.XMLConfigBuilder,org.pitest.mutationtest.engine.gregor.mutators.RemoveConditionalMutator_EQUAL_IF,typeHandlerElement,329,TIMED_OUT,none
XMLIncludeTransformer.java,org.apache.ibatis.builder.xml.XMLIncludeTransformer,org.pitest.mutationtest.engine.gregor.mutators.experimental.MemberVariableMutator,<init>,40,TIMED_OUT,none
XMLIncludeTransformer.java,org.apache.ibatis.builder.xml.XMLIncludeTransformer,org.pitest.mutationtest.engine.gregor.mutators.experimental.MemberVariableMutator,<init>,41,TIMED_OUT,none
XMLIncludeTransformer.java,org.apache.ibatis.builder.xml.XMLIncludeTransformer,org.pitest.mutationtest.engine.gregor.mutators.ConstructorCallMutator,applyIncludes,45,TIMED_OUT,none
XMLIncludeTransformer.java,org.apache.ibatis.builder.xml.XMLIncludeTransformer,org.pitest.mutationtest.engine.gregor.mutators.InlineConstantMutator,applyIncludes,50,TIMED_OUT,none
XMLIncludeTransformer.java,org.apache.ibatis.builder.xml.XMLIncludeTransformer,org.pitest.mutationtest.engine.gregor.mutators.NegateConditionalsMutator,applyIncludes,47,TIMED_OUT,none
XMLIncludeTransformer.java,org.apache.ibatis.builder.xml.XMLIncludeTransformer,org.pitest.mutationtest.engine.gregor.mutators.NonVoidMethodCallMutator,applyIncludes,46,TIMED_OUT,none
XMLIncludeTransformer.java,org.apache.ibatis.builder.xml.XMLIncludeTransformer,org.pitest.mutationtest.engine.gregor.mutators.RemoveConditionalMutator_EQUAL_ELSE,applyIncludes,47,TIMED_OUT,none
XMLIncludeTransformer.java,org.apache.ibatis.builder.xml.XMLIncludeTransformer,org.pitest.mutationtest.engine.gregor.mutators.RemoveConditionalMutator_EQUAL_IF,applyIncludes,47,TIMED_OUT,none
XMLIncludeTransformer.java,org.apache.ibatis.builder.xml.XMLIncludeTransformer,org.pitest.mutationtest.engine.gregor.mutators.VoidMethodCallMutator,applyIncludes,48,TIMED_OUT,none
XMLIncludeTransformer.java,org.apache.ibatis.builder.xml.XMLIncludeTransformer,org.pitest.mutationtest.engine.gregor.mutators.VoidMethodCallMutator,applyIncludes,50,TIMED_OUT,none
XMLIncludeTransformer.java,org.apache.ibatis.builder.xml.XMLIncludeTransformer,org.pitest.mutationtest.engine.gregor.mutators.ArgumentPropagationMutator,applyIncludes,60,TIMED_OUT,none
XMLIncludeTransformer.java,org.apache.ibatis.builder.xml.XMLIncludeTransformer,org.pitest.mutationtest.engine.gregor.mutators.ArgumentPropagationMutator,applyIncludes,61,TIMED_OUT,none
XMLIncludeTransformer.java,org.apache.ibatis.builder.xml.XMLIncludeTransformer,org.pitest.mutationtest.engine.gregor.mutators.ArgumentPropagationMutator,applyIncludes,66,TIMED_OUT,none
XMLIncludeTransformer.java,org.apache.ibatis.builder.xml.XMLIncludeTransformer,org.pitest.mutationtest.engine.gregor.mutators.ArgumentPropagationMutator,applyIncludes,68,TIMED_OUT,none
XMLIncludeTransformer.java,org.apache.ibatis.builder.xml.XMLIncludeTransformer,org.pitest.mutationtest.engine.gregor.mutators.ArgumentPropagationMutator,applyIncludes,70,TIMED_OUT,none
XMLIncludeTransformer.java,org.apache.ibatis.builder.xml.XMLIncludeTransformer,org.pitest.mutationtest.engine.gregor.mutators.ArgumentPropagationMutator,applyIncludes,79,TIMED_OUT,none
XMLIncludeTransformer.java,org.apache.ibatis.builder.xml.XMLIncludeTransformer,org.pitest.mutationtest.engine.gregor.mutators.ConditionalsBoundaryMutator,applyIncludes,73,TIMED_OUT,none
XMLIncludeTransformer.java,org.apache.ibatis.builder.xml.XMLIncludeTransformer,org.pitest.mutationtest.engine.gregor.mutators.IncrementsMutator,applyIncludes,73,TIMED_OUT,none
XMLIncludeTransformer.java,org.apache.ibatis.builder.xml.XMLIncludeTransformer,org.pitest.mutationtest.engine.gregor.mutators.InlineConstantMutator,applyIncludes,62,TIMED_OUT,none
XMLIncludeTransformer.java,org.apache.ibatis.builder.xml.XMLIncludeTransformer,org.pitest.mutationtest.engine.gregor.mutators.InlineConstantMutator,applyIncludes,71,TIMED_OUT,none
XMLIncludeTransformer.java,org.apache.ibatis.builder.xml.XMLIncludeTransformer,org.pitest.mutationtest.engine.gregor.mutators.InlineConstantMutator,applyIncludes,73,TIMED_OUT,none
XMLIncludeTransformer.java,org.apache.ibatis.builder.xml.XMLIncludeTransformer,org.pitest.mutationtest.engine.gregor.mutators.InlineConstantMutator,applyIncludes,76,TIMED_OUT,none
XMLIncludeTransformer.java,org.apache.ibatis.builder.xml.XMLIncludeTransformer,org.pitest.mutationtest.engine.gregor.mutators.NegateConditionalsMutator,applyIncludes,59,TIMED_OUT,none
XMLIncludeTransformer.java,org.apache.ibatis.builder.xml.XMLIncludeTransformer,org.pitest.mutationtest.engine.gregor.mutators.NegateConditionalsMutator,applyIncludes,63,TIMED_OUT,none
XMLIncludeTransformer.java,org.apache.ibatis.builder.xml.XMLIncludeTransformer,org.pitest.mutationtest.engine.gregor.mutators.NegateConditionalsMutator,applyIncludes,67,TIMED_OUT,none
XMLIncludeTransformer.java,org.apache.ibatis.builder.xml.XMLIncludeTransformer,org.pitest.mutationtest.engine.gregor.mutators.NegateConditionalsMutator,applyIncludes,71,TIMED_OUT,none
XMLIncludeTransformer.java,org.apache.ibatis.builder.xml.XMLIncludeTransformer,org.pitest.mutationtest.engine.gregor.mutators.NegateConditionalsMutator,applyIncludes,73,TIMED_OUT,none
XMLIncludeTransformer.java,org.apache.ibatis.builder.xml.XMLIncludeTransformer,org.pitest.mutationtest.engine.gregor.mutators.NegateConditionalsMutator,applyIncludes,76,TIMED_OUT,none
XMLIncludeTransformer.java,org.apache.ibatis.builder.xml.XMLIncludeTransformer,org.pitest.mutationtest.engine.gregor.mutators.NegateConditionalsMutator,applyIncludes,76,TIMED_OUT,none
XMLIncludeTransformer.java,org.apache.ibatis.builder.xml.XMLIncludeTransformer,org.pitest.mutationtest.engine.gregor.mutators.NegateConditionalsMutator,applyIncludes,77,TIMED_OUT,none
XMLIncludeTransformer.java,org.apache.ibatis.builder.xml.XMLIncludeTransformer,org.pitest.mutationtest.engine.gregor.mutators.NonVoidMethodCallMutator,applyIncludes,59,TIMED_OUT,none
XMLIncludeTransformer.java,org.apache.ibatis.builder.xml.XMLIncludeTransformer,org.pitest.mutationtest.engine.gregor.mutators.NonVoidMethodCallMutator,applyIncludes,59,TIMED_OUT,none
XMLIncludeTransformer.java,org.apache.ibatis.builder.xml.XMLIncludeTransformer,org.pitest.mutationtest.engine.gregor.mutators.NonVoidMethodCallMutator,applyIncludes,60,TIMED_OUT,none
XMLIncludeTransformer.java,org.apache.ibatis.builder.xml.XMLIncludeTransformer,org.pitest.mutationtest.engine.gregor.mutators.NonVoidMethodCallMutator,applyIncludes,60,TIMED_OUT,none
XMLIncludeTransformer.java,org.apache.ibatis.builder.xml.XMLIncludeTransformer,org.pitest.mutationtest.engine.gregor.mutators.NonVoidMethodCallMutator,applyIncludes,61,TIMED_OUT,none
XMLIncludeTransformer.java,org.apache.ibatis.builder.xml.XMLIncludeTransformer,org.pitest.mutationtest.engine.gregor.mutators.NonVoidMethodCallMutator,applyIncludes,63,TIMED_OUT,none
XMLIncludeTransformer.java,org.apache.ibatis.builder.xml.XMLIncludeTransformer,org.pitest.mutationtest.engine.gregor.mutators.NonVoidMethodCallMutator,applyIncludes,63,TIMED_OUT,none
XMLIncludeTransformer.java,org.apache.ibatis.builder.xml.XMLIncludeTransformer,org.pitest.mutationtest.engine.gregor.mutators.NonVoidMethodCallMutator,applyIncludes,66,TIMED_OUT,none
XMLIncludeTransformer.java,org.apache.ibatis.builder.xml.XMLIncludeTransformer,org.pitest.mutationtest.engine.gregor.mutators.NonVoidMethodCallMutator,applyIncludes,66,TIMED_OUT,none
XMLIncludeTransformer.java,org.apache.ibatis.builder.xml.XMLIncludeTransformer,org.pitest.mutationtest.engine.gregor.mutators.NonVoidMethodCallMutator,applyIncludes,67,TIMED_OUT,none
XMLIncludeTransformer.java,org.apache.ibatis.builder.xml.XMLIncludeTransformer,org.pitest.mutationtest.engine.gregor.mutators.NonVoidMethodCallMutator,applyIncludes,68,TIMED_OUT,none
XMLIncludeTransformer.java,org.apache.ibatis.builder.xml.XMLIncludeTransformer,org.pitest.mutationtest.engine.gregor.mutators.NonVoidMethodCallMutator,applyIncludes,68,TIMED_OUT,none
XMLIncludeTransformer.java,org.apache.ibatis.builder.xml.XMLIncludeTransformer,org.pitest.mutationtest.engine.gregor.mutators.NonVoidMethodCallMutator,applyIncludes,68,TIMED_OUT,none
XMLIncludeTransformer.java,org.apache.ibatis.builder.xml.XMLIncludeTransformer,org.pitest.mutationtest.engine.gregor.mutators.NonVoidMethodCallMutator,applyIncludes,70,TIMED_OUT,none
XMLIncludeTransformer.java,org.apache.ibatis.builder.xml.XMLIncludeTransformer,org.pitest.mutationtest.engine.gregor.mutators.NonVoidMethodCallMutator,applyIncludes,70,TIMED_OUT,none
XMLIncludeTransformer.java,org.apache.ibatis.builder.xml.XMLIncludeTransformer,org.pitest.mutationtest.engine.gregor.mutators.NonVoidMethodCallMutator,applyIncludes,71,TIMED_OUT,none
XMLIncludeTransformer.java,org.apache.ibatis.builder.xml.XMLIncludeTransformer,org.pitest.mutationtest.engine.gregor.mutators.NonVoidMethodCallMutator,applyIncludes,72,TIMED_OUT,none
XMLIncludeTransformer.java,org.apache.ibatis.builder.xml.XMLIncludeTransformer,org.pitest.mutationtest.engine.gregor.mutators.NonVoidMethodCallMutator,applyIncludes,73,TIMED_OUT,none
XMLIncludeTransformer.java,org.apache.ibatis.builder.xml.XMLIncludeTransformer,org.pitest.mutationtest.engine.gregor.mutators.NonVoidMethodCallMutator,applyIncludes,74,TIMED_OUT,none
XMLIncludeTransformer.java,org.apache.ibatis.builder.xml.XMLIncludeTransformer,org.pitest.mutationtest.engine.gregor.mutators.NonVoidMethodCallMutator,applyIncludes,76,TIMED_OUT,none
XMLIncludeTransformer.java,org.apache.ibatis.builder.xml.XMLIncludeTransformer,org.pitest.mutationtest.engine.gregor.mutators.NonVoidMethodCallMutator,applyIncludes,77,TIMED_OUT,none
XMLIncludeTransformer.java,org.apache.ibatis.builder.xml.XMLIncludeTransformer,org.pitest.mutationtest.engine.gregor.mutators.NonVoidMethodCallMutator,applyIncludes,79,TIMED_OUT,none
XMLIncludeTransformer.java,org.apache.ibatis.builder.xml.XMLIncludeTransformer,org.pitest.mutationtest.engine.gregor.mutators.NonVoidMethodCallMutator,applyIncludes,79,TIMED_OUT,none
XMLIncludeTransformer.java,org.apache.ibatis.builder.xml.XMLIncludeTransformer,org.pitest.mutationtest.engine.gregor.mutators.RemoveConditionalMutator_EQUAL_ELSE,applyIncludes,59,TIMED_OUT,none
XMLIncludeTransformer.java,org.apache.ibatis.builder.xml.XMLIncludeTransformer,org.pitest.mutationtest.engine.gregor.mutators.RemoveConditionalMutator_EQUAL_ELSE,applyIncludes,63,TIMED_OUT,none
XMLIncludeTransformer.java,org.apache.ibatis.builder.xml.XMLIncludeTransformer,org.pitest.mutationtest.engine.gregor.mutators.RemoveConditionalMutator_EQUAL_ELSE,applyIncludes,67,TIMED_OUT,none
XMLIncludeTransformer.java,org.apache.ibatis.builder.xml.XMLIncludeTransformer,org.pitest.mutationtest.engine.gregor.mutators.RemoveConditionalMutator_EQUAL_ELSE,applyIncludes,71,TIMED_OUT,none
XMLIncludeTransformer.java,org.apache.ibatis.builder.xml.XMLIncludeTransformer,org.pitest.mutationtest.engine.gregor.mutators.RemoveConditionalMutator_EQUAL_ELSE,applyIncludes,76,TIMED_OUT,none
XMLIncludeTransformer.java,org.apache.ibatis.builder.xml.XMLIncludeTransformer,org.pitest.mutationtest.engine.gregor.mutators.RemoveConditionalMutator_EQUAL_ELSE,applyIncludes,76,TIMED_OUT,none
XMLIncludeTransformer.java,org.apache.ibatis.builder.xml.XMLIncludeTransformer,org.pitest.mutationtest.engine.gregor.mutators.RemoveConditionalMutator_EQUAL_ELSE,applyIncludes,77,TIMED_OUT,none
XMLIncludeTransformer.java,org.apache.ibatis.builder.xml.XMLIncludeTransformer,org.pitest.mutationtest.engine.gregor.mutators.RemoveConditionalMutator_EQUAL_IF,applyIncludes,59,TIMED_OUT,none
XMLIncludeTransformer.java,org.apache.ibatis.builder.xml.XMLIncludeTransformer,org.pitest.mutationtest.engine.gregor.mutators.RemoveConditionalMutator_EQUAL_IF,applyIncludes,63,TIMED_OUT,none
XMLIncludeTransformer.java,org.apache.ibatis.builder.xml.XMLIncludeTransformer,org.pitest.mutationtest.engine.gregor.mutators.RemoveConditionalMutator_EQUAL_IF,applyIncludes,67,TIMED_OUT,none
XMLIncludeTransformer.java,org.apache.ibatis.builder.xml.XMLIncludeTransformer,org.pitest.mutationtest.engine.gregor.mutators.RemoveConditionalMutator_EQUAL_IF,applyIncludes,71,TIMED_OUT,none
XMLIncludeTransformer.java,org.apache.ibatis.builder.xml.XMLIncludeTransformer,org.pitest.mutationtest.engine.gregor.mutators.RemoveConditionalMutator_EQUAL_IF,applyIncludes,76,TIMED_OUT,none
XMLIncludeTransformer.java,org.apache.ibatis.builder.xml.XMLIncludeTransformer,org.pitest.mutationtest.engine.gregor.mutators.RemoveConditionalMutator_EQUAL_IF,applyIncludes,76,TIMED_OUT,none
XMLIncludeTransformer.java,org.apache.ibatis.builder.xml.XMLIncludeTransformer,org.pitest.mutationtest.engine.gregor.mutators.RemoveConditionalMutator_EQUAL_IF,applyIncludes,77,TIMED_OUT,none
XMLIncludeTransformer.java,org.apache.ibatis.builder.xml.XMLIncludeTransformer,org.pitest.mutationtest.engine.gregor.mutators.RemoveConditionalMutator_ORDER_ELSE,applyIncludes,73,TIMED_OUT,none
XMLIncludeTransformer.java,org.apache.ibatis.builder.xml.XMLIncludeTransformer,org.pitest.mutationtest.engine.gregor.mutators.RemoveConditionalMutator_ORDER_IF,applyIncludes,73,TIMED_OUT,none
XMLIncludeTransformer.java,org.apache.ibatis.builder.xml.XMLIncludeTransformer,org.pitest.mutationtest.engine.gregor.mutators.VoidMethodCallMutator,applyIncludes,62,TIMED_OUT,none
XMLIncludeTransformer.java,org.apache.ibatis.builder.xml.XMLIncludeTransformer,org.pitest.mutationtest.engine.gregor.mutators.VoidMethodCallMutator,applyIncludes,74,TIMED_OUT,none
XMLIncludeTransformer.java,org.apache.ibatis.builder.xml.XMLIncludeTransformer,org.pitest.mutationtest.engine.gregor.mutators.VoidMethodCallMutator,applyIncludes,79,TIMED_OUT,none
XMLIncludeTransformer.java,org.apache.ibatis.builder.xml.XMLIncludeTransformer,org.pitest.mutationtest.engine.gregor.mutators.experimental.RemoveIncrementsMutator,applyIncludes,73,TIMED_OUT,none
XMLIncludeTransformer.java,org.apache.ibatis.builder.xml.XMLIncludeTransformer,org.pitest.mutationtest.engine.gregor.mutators.ArgumentPropagationMutator,findSqlFragment,84,TIMED_OUT,none
XMLIncludeTransformer.java,org.apache.ibatis.builder.xml.XMLIncludeTransformer,org.pitest.mutationtest.engine.gregor.mutators.ArgumentPropagationMutator,findSqlFragment,85,TIMED_OUT,none
XMLIncludeTransformer.java,org.apache.ibatis.builder.xml.XMLIncludeTransformer,org.pitest.mutationtest.engine.gregor.mutators.ArgumentPropagationMutator,findSqlFragment,87,TIMED_OUT,none
XMLIncludeTransformer.java,org.apache.ibatis.builder.xml.XMLIncludeTransformer,org.pitest.mutationtest.engine.gregor.mutators.InlineConstantMutator,findSqlFragment,85,TIMED_OUT,none
XMLIncludeTransformer.java,org.apache.ibatis.builder.xml.XMLIncludeTransformer,org.pitest.mutationtest.engine.gregor.mutators.InlineConstantMutator,findSqlFragment,88,TIMED_OUT,none
XMLIncludeTransformer.java,org.apache.ibatis.builder.xml.XMLIncludeTransformer,org.pitest.mutationtest.engine.gregor.mutators.NonVoidMethodCallMutator,findSqlFragment,84,TIMED_OUT,none
XMLIncludeTransformer.java,org.apache.ibatis.builder.xml.XMLIncludeTransformer,org.pitest.mutationtest.engine.gregor.mutators.NonVoidMethodCallMutator,findSqlFragment,85,TIMED_OUT,none
XMLIncludeTransformer.java,org.apache.ibatis.builder.xml.XMLIncludeTransformer,org.pitest.mutationtest.engine.gregor.mutators.NonVoidMethodCallMutator,findSqlFragment,87,TIMED_OUT,none
XMLIncludeTransformer.java,org.apache.ibatis.builder.xml.XMLIncludeTransformer,org.pitest.mutationtest.engine.gregor.mutators.NonVoidMethodCallMutator,findSqlFragment,87,TIMED_OUT,none
XMLIncludeTransformer.java,org.apache.ibatis.builder.xml.XMLIncludeTransformer,org.pitest.mutationtest.engine.gregor.mutators.NonVoidMethodCallMutator,findSqlFragment,88,TIMED_OUT,none
XMLIncludeTransformer.java,org.apache.ibatis.builder.xml.XMLIncludeTransformer,org.pitest.mutationtest.engine.gregor.mutators.NonVoidMethodCallMutator,findSqlFragment,88,TIMED_OUT,none
XMLIncludeTransformer.java,org.apache.ibatis.builder.xml.XMLIncludeTransformer,org.pitest.mutationtest.engine.gregor.mutators.ReturnValsMutator,findSqlFragment,88,TIMED_OUT,none
XMLIncludeTransformer.java,org.apache.ibatis.builder.xml.XMLIncludeTransformer,org.pitest.mutationtest.engine.gregor.mutators.NonVoidMethodCallMutator,getStringAttribute,95,TIMED_OUT,none
XMLIncludeTransformer.java,org.apache.ibatis.builder.xml.XMLIncludeTransformer,org.pitest.mutationtest.engine.gregor.mutators.NonVoidMethodCallMutator,getStringAttribute,95,TIMED_OUT,none
XMLIncludeTransformer.java,org.apache.ibatis.builder.xml.XMLIncludeTransformer,org.pitest.mutationtest.engine.gregor.mutators.NonVoidMethodCallMutator,getStringAttribute,95,TIMED_OUT,none
XMLIncludeTransformer.java,org.apache.ibatis.builder.xml.XMLIncludeTransformer,org.pitest.mutationtest.engine.gregor.mutators.ReturnValsMutator,getStringAttribute,95,TIMED_OUT,none
XMLIncludeTransformer.java,org.apache.ibatis.builder.xml.XMLIncludeTransformer,org.pitest.mutationtest.engine.gregor.mutators.ArgumentPropagationMutator,getVariablesContext,110,TIMED_OUT,none
XMLIncludeTransformer.java,org.apache.ibatis.builder.xml.XMLIncludeTransformer,org.pitest.mutationtest.engine.gregor.mutators.ArgumentPropagationMutator,getVariablesContext,112,TIMED_OUT,none
XMLIncludeTransformer.java,org.apache.ibatis.builder.xml.XMLIncludeTransformer,org.pitest.mutationtest.engine.gregor.mutators.ArgumentPropagationMutator,getVariablesContext,112,TIMED_OUT,none
XMLIncludeTransformer.java,org.apache.ibatis.builder.xml.XMLIncludeTransformer,org.pitest.mutationtest.engine.gregor.mutators.ArgumentPropagationMutator,getVariablesContext,116,TIMED_OUT,none
XMLIncludeTransformer.java,org.apache.ibatis.builder.xml.XMLIncludeTransformer,org.pitest.mutationtest.engine.gregor.mutators.ConditionalsBoundaryMutator,getVariablesContext,107,TIMED_OUT,none
XMLIncludeTransformer.java,org.apache.ibatis.builder.xml.XMLIncludeTransformer,org.pitest.mutationtest.engine.gregor.mutators.ConstructorCallMutator,getVariablesContext,114,TIMED_OUT,none
XMLIncludeTransformer.java,org.apache.ibatis.builder.xml.XMLIncludeTransformer,org.pitest.mutationtest.engine.gregor.mutators.ConstructorCallMutator,getVariablesContext,124,TIMED_OUT,none
XMLIncludeTransformer.java,org.apache.ibatis.builder.xml.XMLIncludeTransformer,org.pitest.mutationtest.engine.gregor.mutators.IncrementsMutator,getVariablesContext,107,TIMED_OUT,none
XMLIncludeTransformer.java,org.apache.ibatis.builder.xml.XMLIncludeTransformer,org.pitest.mutationtest.engine.gregor.mutators.InlineConstantMutator,getVariablesContext,107,TIMED_OUT,none
XMLIncludeTransformer.java,org.apache.ibatis.builder.xml.XMLIncludeTransformer,org.pitest.mutationtest.engine.gregor.mutators.InlineConstantMutator,getVariablesContext,109,TIMED_OUT,none
XMLIncludeTransformer.java,org.apache.ibatis.builder.xml.XMLIncludeTransformer,org.pitest.mutationtest.engine.gregor.mutators.NegateConditionalsMutator,getVariablesContext,107,TIMED_OUT,none
XMLIncludeTransformer.java,org.apache.ibatis.builder.xml.XMLIncludeTransformer,org.pitest.mutationtest.engine.gregor.mutators.NegateConditionalsMutator,getVariablesContext,109,TIMED_OUT,none
XMLIncludeTransformer.java,org.apache.ibatis.builder.xml.XMLIncludeTransformer,org.pitest.mutationtest.engine.gregor.mutators.NegateConditionalsMutator,getVariablesContext,113,TIMED_OUT,none
XMLIncludeTransformer.java,org.apache.ibatis.builder.xml.XMLIncludeTransformer,org.pitest.mutationtest.engine.gregor.mutators.NegateConditionalsMutator,getVariablesContext,116,TIMED_OUT,none
XMLIncludeTransformer.java,org.apache.ibatis.builder.xml.XMLIncludeTransformer,org.pitest.mutationtest.engine.gregor.mutators.NegateConditionalsMutator,getVariablesContext,121,TIMED_OUT,none
XMLIncludeTransformer.java,org.apache.ibatis.builder.xml.XMLIncludeTransformer,org.pitest.mutationtest.engine.gregor.mutators.NonVoidMethodCallMutator,getVariablesContext,106,TIMED_OUT,none
XMLIncludeTransformer.java,org.apache.ibatis.builder.xml.XMLIncludeTransformer,org.pitest.mutationtest.engine.gregor.mutators.NonVoidMethodCallMutator,getVariablesContext,107,TIMED_OUT,none
XMLIncludeTransformer.java,org.apache.ibatis.builder.xml.XMLIncludeTransformer,org.pitest.mutationtest.engine.gregor.mutators.NonVoidMethodCallMutator,getVariablesContext,108,TIMED_OUT,none
XMLIncludeTransformer.java,org.apache.ibatis.builder.xml.XMLIncludeTransformer,org.pitest.mutationtest.engine.gregor.mutators.NonVoidMethodCallMutator,getVariablesContext,109,TIMED_OUT,none
XMLIncludeTransformer.java,org.apache.ibatis.builder.xml.XMLIncludeTransformer,org.pitest.mutationtest.engine.gregor.mutators.NonVoidMethodCallMutator,getVariablesContext,110,TIMED_OUT,none
XMLIncludeTransformer.java,org.apache.ibatis.builder.xml.XMLIncludeTransformer,org.pitest.mutationtest.engine.gregor.mutators.NonVoidMethodCallMutator,getVariablesContext,112,TIMED_OUT,none
XMLIncludeTransformer.java,org.apache.ibatis.builder.xml.XMLIncludeTransformer,org.pitest.mutationtest.engine.gregor.mutators.NonVoidMethodCallMutator,getVariablesContext,112,TIMED_OUT,none
XMLIncludeTransformer.java,org.apache.ibatis.builder.xml.XMLIncludeTransformer,org.pitest.mutationtest.engine.gregor.mutators.NonVoidMethodCallMutator,getVariablesContext,116,TIMED_OUT,none
XMLIncludeTransformer.java,org.apache.ibatis.builder.xml.XMLIncludeTransformer,org.pitest.mutationtest.engine.gregor.mutators.RemoveConditionalMutator_EQUAL_ELSE,getVariablesContext,109,TIMED_OUT,none
XMLIncludeTransformer.java,org.apache.ibatis.builder.xml.XMLIncludeTransformer,org.pitest.mutationtest.engine.gregor.mutators.RemoveConditionalMutator_EQUAL_ELSE,getVariablesContext,113,TIMED_OUT,none
XMLIncludeTransformer.java,org.apache.ibatis.builder.xml.XMLIncludeTransformer,org.pitest.mutationtest.engine.gregor.mutators.RemoveConditionalMutator_EQUAL_ELSE,getVariablesContext,116,TIMED_OUT,none
XMLIncludeTransformer.java,org.apache.ibatis.builder.xml.XMLIncludeTransformer,org.pitest.mutationtest.engine.gregor.mutators.RemoveConditionalMutator_EQUAL_ELSE,getVariablesContext,121,TIMED_OUT,none
XMLIncludeTransformer.java,org.apache.ibatis.builder.xml.XMLIncludeTransformer,org.pitest.mutationtest.engine.gregor.mutators.RemoveConditionalMutator_EQUAL_IF,getVariablesContext,109,TIMED_OUT,none
XMLIncludeTransformer.java,org.apache.ibatis.builder.xml.XMLIncludeTransformer,org.pitest.mutationtest.engine.gregor.mutators.RemoveConditionalMutator_EQUAL_IF,getVariablesContext,113,TIMED_OUT,none
XMLIncludeTransformer.java,org.apache.ibatis.builder.xml.XMLIncludeTransformer,org.pitest.mutationtest.engine.gregor.mutators.RemoveConditionalMutator_EQUAL_IF,getVariablesContext,116,TIMED_OUT,none
XMLIncludeTransformer.java,org.apache.ibatis.builder.xml.XMLIncludeTransformer,org.pitest.mutationtest.engine.gregor.mutators.RemoveConditionalMutator_EQUAL_IF,getVariablesContext,121,TIMED_OUT,none
XMLIncludeTransformer.java,org.apache.ibatis.builder.xml.XMLIncludeTransformer,org.pitest.mutationtest.engine.gregor.mutators.RemoveConditionalMutator_ORDER_ELSE,getVariablesContext,107,TIMED_OUT,none
XMLIncludeTransformer.java,org.apache.ibatis.builder.xml.XMLIncludeTransformer,org.pitest.mutationtest.engine.gregor.mutators.RemoveConditionalMutator_ORDER_IF,getVariablesContext,107,TIMED_OUT,none
XMLIncludeTransformer.java,org.apache.ibatis.builder.xml.XMLIncludeTransformer,org.pitest.mutationtest.engine.gregor.mutators.ReturnValsMutator,getVariablesContext,127,TIMED_OUT,none
XMLIncludeTransformer.java,org.apache.ibatis.builder.xml.XMLIncludeTransformer,org.pitest.mutationtest.engine.gregor.mutators.VoidMethodCallMutator,getVariablesContext,125,TIMED_OUT,none
XMLIncludeTransformer.java,org.apache.ibatis.builder.xml.XMLIncludeTransformer,org.pitest.mutationtest.engine.gregor.mutators.VoidMethodCallMutator,getVariablesContext,126,TIMED_OUT,none
XMLIncludeTransformer.java,org.apache.ibatis.builder.xml.XMLIncludeTransformer,org.pitest.mutationtest.engine.gregor.mutators.experimental.RemoveIncrementsMutator,getVariablesContext,107,TIMED_OUT,none
XMLMapperBuilder.java,org.apache.ibatis.builder.xml.XMLMapperBuilder,org.pitest.mutationtest.engine.gregor.mutators.ConstructorCallMutator,<init>,78,TIMED_OUT,none
XMLMapperBuilder.java,org.apache.ibatis.builder.xml.XMLMapperBuilder,org.pitest.mutationtest.engine.gregor.mutators.ConstructorCallMutator,<init>,78,TIMED_OUT,none
XMLMapperBuilder.java,org.apache.ibatis.builder.xml.XMLMapperBuilder,org.pitest.mutationtest.engine.gregor.mutators.NonVoidMethodCallMutator,<init>,78,TIMED_OUT,none
XMLMapperBuilder.java,org.apache.ibatis.builder.xml.XMLMapperBuilder,org.pitest.mutationtest.engine.gregor.mutators.ConstructorCallMutator,<init>,84,TIMED_OUT,none
XMLMapperBuilder.java,org.apache.ibatis.builder.xml.XMLMapperBuilder,org.pitest.mutationtest.engine.gregor.mutators.NegateConditionalsMutator,bindMapperForNamespace,400,TIMED_OUT,none
XMLMapperBuilder.java,org.apache.ibatis.builder.xml.XMLMapperBuilder,org.pitest.mutationtest.engine.gregor.mutators.NonVoidMethodCallMutator,bindMapperForNamespace,403,TIMED_OUT,none
XMLMapperBuilder.java,org.apache.ibatis.builder.xml.XMLMapperBuilder,org.pitest.mutationtest.engine.gregor.mutators.NonVoidMethodCallMutator,bindMapperForNamespace,408,TIMED_OUT,none
XMLMapperBuilder.java,org.apache.ibatis.builder.xml.XMLMapperBuilder,org.pitest.mutationtest.engine.gregor.mutators.NonVoidMethodCallMutator,bindMapperForNamespace,412,TIMED_OUT,none
XMLMapperBuilder.java,org.apache.ibatis.builder.xml.XMLMapperBuilder,org.pitest.mutationtest.engine.gregor.mutators.NonVoidMethodCallMutator,bindMapperForNamespace,412,TIMED_OUT,none
XMLMapperBuilder.java,org.apache.ibatis.builder.xml.XMLMapperBuilder,org.pitest.mutationtest.engine.gregor.mutators.RemoveConditionalMutator_EQUAL_ELSE,bindMapperForNamespace,400,TIMED_OUT,none
XMLMapperBuilder.java,org.apache.ibatis.builder.xml.XMLMapperBuilder,org.pitest.mutationtest.engine.gregor.mutators.RemoveConditionalMutator_EQUAL_ELSE,bindMapperForNamespace,408,TIMED_OUT,none
XMLMapperBuilder.java,org.apache.ibatis.builder.xml.XMLMapperBuilder,org.pitest.mutationtest.engine.gregor.mutators.RemoveConditionalMutator_EQUAL_IF,bindMapperForNamespace,407,TIMED_OUT,none
XMLMapperBuilder.java,org.apache.ibatis.builder.xml.XMLMapperBuilder,org.pitest.mutationtest.engine.gregor.mutators.VoidMethodCallMutator,bindMapperForNamespace,412,TIMED_OUT,none
XMLMapperBuilder.java,org.apache.ibatis.builder.xml.XMLMapperBuilder,org.pitest.mutationtest.engine.gregor.mutators.ArgumentPropagationMutator,buildResultMappingFromContext,365,TIMED_OUT,none
XMLMapperBuilder.java,org.apache.ibatis.builder.xml.XMLMapperBuilder,org.pitest.mutationtest.engine.gregor.mutators.ArgumentPropagationMutator,buildResultMappingFromContext,367,TIMED_OUT,none
XMLMapperBuilder.java,org.apache.ibatis.builder.xml.XMLMapperBuilder,org.pitest.mutationtest.engine.gregor.mutators.ArgumentPropagationMutator,buildResultMappingFromContext,369,TIMED_OUT,none
XMLMapperBuilder.java,org.apache.ibatis.builder.xml.XMLMapperBuilder,org.pitest.mutationtest.engine.gregor.mutators.ArgumentPropagationMutator,buildResultMappingFromContext,370,TIMED_OUT,none
XMLMapperBuilder.java,org.apache.ibatis.builder.xml.XMLMapperBuilder,org.pitest.mutationtest.engine.gregor.mutators.ArgumentPropagationMutator,buildResultMappingFromContext,371,TIMED_OUT,none
XMLMapperBuilder.java,org.apache.ibatis.builder.xml.XMLMapperBuilder,org.pitest.mutationtest.engine.gregor.mutators.ArgumentPropagationMutator,buildResultMappingFromContext,374,TIMED_OUT,none
XMLMapperBuilder.java,org.apache.ibatis.builder.xml.XMLMapperBuilder,org.pitest.mutationtest.engine.gregor.mutators.ArgumentPropagationMutator,buildResultMappingFromContext,375,TIMED_OUT,none
XMLMapperBuilder.java,org.apache.ibatis.builder.xml.XMLMapperBuilder,org.pitest.mutationtest.engine.gregor.mutators.ArgumentPropagationMutator,buildResultMappingFromContext,376,TIMED_OUT,none
XMLMapperBuilder.java,org.apache.ibatis.builder.xml.XMLMapperBuilder,org.pitest.mutationtest.engine.gregor.mutators.ArgumentPropagationMutator,buildResultMappingFromContext,377,TIMED_OUT,none
XMLMapperBuilder.java,org.apache.ibatis.builder.xml.XMLMapperBuilder,org.pitest.mutationtest.engine.gregor.mutators.ArgumentPropagationMutator,buildResultMappingFromContext,378,TIMED_OUT,none
XMLMapperBuilder.java,org.apache.ibatis.builder.xml.XMLMapperBuilder,org.pitest.mutationtest.engine.gregor.mutators.NegateConditionalsMutator,buildResultMappingFromContext,362,TIMED_OUT,none
XMLMapperBuilder.java,org.apache.ibatis.builder.xml.XMLMapperBuilder,org.pitest.mutationtest.engine.gregor.mutators.NegateConditionalsMutator,buildResultMappingFromContext,378,TIMED_OUT,none
XMLMapperBuilder.java,org.apache.ibatis.builder.xml.XMLMapperBuilder,org.pitest.mutationtest.engine.gregor.mutators.NonVoidMethodCallMutator,buildResultMappingFromContext,362,TIMED_OUT,none
XMLMapperBuilder.java,org.apache.ibatis.builder.xml.XMLMapperBuilder,org.pitest.mutationtest.engine.gregor.mutators.NonVoidMethodCallMutator,buildResultMappingFromContext,365,TIMED_OUT,none
XMLMapperBuilder.java,org.apache.ibatis.builder.xml.XMLMapperBuilder,org.pitest.mutationtest.engine.gregor.mutators.NonVoidMethodCallMutator,buildResultMappingFromContext,367,TIMED_OUT,none
XMLMapperBuilder.java,org.apache.ibatis.builder.xml.XMLMapperBuilder,org.pitest.mutationtest.engine.gregor.mutators.NonVoidMethodCallMutator,buildResultMappingFromContext,369,TIMED_OUT,none
XMLMapperBuilder.java,org.apache.ibatis.builder.xml.XMLMapperBuilder,org.pitest.mutationtest.engine.gregor.mutators.NonVoidMethodCallMutator,buildResultMappingFromContext,372,TIMED_OUT,none
XMLMapperBuilder.java,org.apache.ibatis.builder.xml.XMLMapperBuilder,org.pitest.mutationtest.engine.gregor.mutators.NonVoidMethodCallMutator,buildResultMappingFromContext,371,TIMED_OUT,none
XMLMapperBuilder.java,org.apache.ibatis.builder.xml.XMLMapperBuilder,org.pitest.mutationtest.engine.gregor.mutators.NonVoidMethodCallMutator,buildResultMappingFromContext,373,TIMED_OUT,none
XMLMapperBuilder.java,org.apache.ibatis.builder.xml.XMLMapperBuilder,org.pitest.mutationtest.engine.gregor.mutators.NonVoidMethodCallMutator,buildResultMappingFromContext,374,TIMED_OUT,none
XMLMapperBuilder.java,org.apache.ibatis.builder.xml.XMLMapperBuilder,org.pitest.mutationtest.engine.gregor.mutators.NonVoidMethodCallMutator,buildResultMappingFromContext,375,TIMED_OUT,none
XMLMapperBuilder.java,org.apache.ibatis.builder.xml.XMLMapperBuilder,org.pitest.mutationtest.engine.gregor.mutators.NonVoidMethodCallMutator,buildResultMappingFromContext,376,TIMED_OUT,none
XMLMapperBuilder.java,org.apache.ibatis.builder.xml.XMLMapperBuilder,org.pitest.mutationtest.engine.gregor.mutators.NonVoidMethodCallMutator,buildResultMappingFromContext,378,TIMED_OUT,none
XMLMapperBuilder.java,org.apache.ibatis.builder.xml.XMLMapperBuilder,org.pitest.mutationtest.engine.gregor.mutators.NonVoidMethodCallMutator,buildResultMappingFromContext,378,TIMED_OUT,none
XMLMapperBuilder.java,org.apache.ibatis.builder.xml.XMLMapperBuilder,org.pitest.mutationtest.engine.gregor.mutators.NonVoidMethodCallMutator,buildResultMappingFromContext,379,TIMED_OUT,none
XMLMapperBuilder.java,org.apache.ibatis.builder.xml.XMLMapperBuilder,org.pitest.mutationtest.engine.gregor.mutators.NonVoidMethodCallMutator,buildResultMappingFromContext,383,TIMED_OUT,none
XMLMapperBuilder.java,org.apache.ibatis.builder.xml.XMLMapperBuilder,org.pitest.mutationtest.engine.gregor.mutators.RemoveConditionalMutator_EQUAL_ELSE,buildResultMappingFromContext,378,TIMED_OUT,none
XMLMapperBuilder.java,org.apache.ibatis.builder.xml.XMLMapperBuilder,org.pitest.mutationtest.engine.gregor.mutators.RemoveConditionalMutator_EQUAL_IF,buildResultMappingFromContext,362,TIMED_OUT,none
XMLMapperBuilder.java,org.apache.ibatis.builder.xml.XMLMapperBuilder,org.pitest.mutationtest.engine.gregor.mutators.RemoveConditionalMutator_EQUAL_IF,buildResultMappingFromContext,378,TIMED_OUT,none
XMLMapperBuilder.java,org.apache.ibatis.builder.xml.XMLMapperBuilder,org.pitest.mutationtest.engine.gregor.mutators.NegateConditionalsMutator,buildStatementFromContext,125,TIMED_OUT,none
XMLMapperBuilder.java,org.apache.ibatis.builder.xml.XMLMapperBuilder,org.pitest.mutationtest.engine.gregor.mutators.RemoveConditionalMutator_EQUAL_ELSE,buildStatementFromContext,125,TIMED_OUT,none
XMLMapperBuilder.java,org.apache.ibatis.builder.xml.XMLMapperBuilder,org.pitest.mutationtest.engine.gregor.mutators.NonVoidMethodCallMutator,buildStatementFromContext,132,TIMED_OUT,none
XMLMapperBuilder.java,org.apache.ibatis.builder.xml.XMLMapperBuilder,org.pitest.mutationtest.engine.gregor.mutators.NonVoidMethodCallMutator,buildStatementFromContext,132,TIMED_OUT,none
XMLMapperBuilder.java,org.apache.ibatis.builder.xml.XMLMapperBuilder,org.pitest.mutationtest.engine.gregor.mutators.RemoveConditionalMutator_EQUAL_ELSE,buildStatementFromContext,132,TIMED_OUT,none
XMLMapperBuilder.java,org.apache.ibatis.builder.xml.XMLMapperBuilder,org.pitest.mutationtest.engine.gregor.mutators.VoidMethodCallMutator,buildStatementFromContext,135,TIMED_OUT,none
XMLMapperBuilder.java,org.apache.ibatis.builder.xml.XMLMapperBuilder,org.pitest.mutationtest.engine.gregor.mutators.NegateConditionalsMutator,cacheElement,200,TIMED_OUT,none
XMLMapperBuilder.java,org.apache.ibatis.builder.xml.XMLMapperBuilder,org.pitest.mutationtest.engine.gregor.mutators.NegateConditionalsMutator,cacheRefElement,188,TIMED_OUT,none
XMLMapperBuilder.java,org.apache.ibatis.builder.xml.XMLMapperBuilder,org.pitest.mutationtest.engine.gregor.mutators.RemoveConditionalMutator_EQUAL_ELSE,cacheRefElement,188,TIMED_OUT,none
XMLMapperBuilder.java,org.apache.ibatis.builder.xml.XMLMapperBuilder,org.pitest.mutationtest.engine.gregor.mutators.RemoveConditionalMutator_EQUAL_IF,cacheRefElement,188,TIMED_OUT,none
XMLMapperBuilder.java,org.apache.ibatis.builder.xml.XMLMapperBuilder,org.pitest.mutationtest.engine.gregor.mutators.ArgumentPropagationMutator,configurationElement,108,TIMED_OUT,none
XMLMapperBuilder.java,org.apache.ibatis.builder.xml.XMLMapperBuilder,org.pitest.mutationtest.engine.gregor.mutators.NegateConditionalsMutator,configurationElement,109,TIMED_OUT,none
XMLMapperBuilder.java,org.apache.ibatis.builder.xml.XMLMapperBuilder,org.pitest.mutationtest.engine.gregor.mutators.NegateConditionalsMutator,configurationElement,109,TIMED_OUT,none
XMLMapperBuilder.java,org.apache.ibatis.builder.xml.XMLMapperBuilder,org.pitest.mutationtest.engine.gregor.mutators.NonVoidMethodCallMutator,configurationElement,109,TIMED_OUT,none
XMLMapperBuilder.java,org.apache.ibatis.builder.xml.XMLMapperBuilder,org.pitest.mutationtest.engine.gregor.mutators.NonVoidMethodCallMutator,configurationElement,113,TIMED_OUT,none
XMLMapperBuilder.java,org.apache.ibatis.builder.xml.XMLMapperBuilder,org.pitest.mutationtest.engine.gregor.mutators.NonVoidMethodCallMutator,configurationElement,115,TIMED_OUT,none
XMLMapperBuilder.java,org.apache.ibatis.builder.xml.XMLMapperBuilder,org.pitest.mutationtest.engine.gregor.mutators.NonVoidMethodCallMutator,configurationElement,116,TIMED_OUT,none
XMLMapperBuilder.java,org.apache.ibatis.builder.xml.XMLMapperBuilder,org.pitest.mutationtest.engine.gregor.mutators.NonVoidMethodCallMutator,configurationElement,117,TIMED_OUT,none
XMLMapperBuilder.java,org.apache.ibatis.builder.xml.XMLMapperBuilder,org.pitest.mutationtest.engine.gregor.mutators.NonVoidMethodCallMutator,configurationElement,118,TIMED_OUT,none
XMLMapperBuilder.java,org.apache.ibatis.builder.xml.XMLMapperBuilder,org.pitest.mutationtest.engine.gregor.mutators.RemoveConditionalMutator_EQUAL_ELSE,configurationElement,109,TIMED_OUT,none
XMLMapperBuilder.java,org.apache.ibatis.builder.xml.XMLMapperBuilder,org.pitest.mutationtest.engine.gregor.mutators.RemoveConditionalMutator_EQUAL_ELSE,configurationElement,109,TIMED_OUT,none
XMLMapperBuilder.java,org.apache.ibatis.builder.xml.XMLMapperBuilder,org.pitest.mutationtest.engine.gregor.mutators.RemoveConditionalMutator_EQUAL_IF,configurationElement,109,TIMED_OUT,none
XMLMapperBuilder.java,org.apache.ibatis.builder.xml.XMLMapperBuilder,org.pitest.mutationtest.engine.gregor.mutators.VoidMethodCallMutator,configurationElement,112,TIMED_OUT,none
XMLMapperBuilder.java,org.apache.ibatis.builder.xml.XMLMapperBuilder,org.pitest.mutationtest.engine.gregor.mutators.VoidMethodCallMutator,configurationElement,113,TIMED_OUT,none
XMLMapperBuilder.java,org.apache.ibatis.builder.xml.XMLMapperBuilder,org.pitest.mutationtest.engine.gregor.mutators.VoidMethodCallMutator,configurationElement,115,TIMED_OUT,none
XMLMapperBuilder.java,org.apache.ibatis.builder.xml.XMLMapperBuilder,org.pitest.mutationtest.engine.gregor.mutators.InlineConstantMutator,databaseIdMatchesCurrent,357,TIMED_OUT,none
XMLMapperBuilder.java,org.apache.ibatis.builder.xml.XMLMapperBuilder,org.pitest.mutationtest.engine.gregor.mutators.NegateConditionalsMutator,databaseIdMatchesCurrent,341,TIMED_OUT,none
XMLMapperBuilder.java,org.apache.ibatis.builder.xml.XMLMapperBuilder,org.pitest.mutationtest.engine.gregor.mutators.NegateConditionalsMutator,databaseIdMatchesCurrent,346,TIMED_OUT,none
XMLMapperBuilder.java,org.apache.ibatis.builder.xml.XMLMapperBuilder,org.pitest.mutationtest.engine.gregor.mutators.NonVoidMethodCallMutator,databaseIdMatchesCurrent,350,TIMED_OUT,none
XMLMapperBuilder.java,org.apache.ibatis.builder.xml.XMLMapperBuilder,org.pitest.mutationtest.engine.gregor.mutators.RemoveConditionalMutator_EQUAL_ELSE,databaseIdMatchesCurrent,341,TIMED_OUT,none
XMLMapperBuilder.java,org.apache.ibatis.builder.xml.XMLMapperBuilder,org.pitest.mutationtest.engine.gregor.mutators.RemoveConditionalMutator_EQUAL_ELSE,databaseIdMatchesCurrent,346,TIMED_OUT,none
XMLMapperBuilder.java,org.apache.ibatis.builder.xml.XMLMapperBuilder,org.pitest.mutationtest.engine.gregor.mutators.RemoveConditionalMutator_EQUAL_ELSE,databaseIdMatchesCurrent,350,TIMED_OUT,none
XMLMapperBuilder.java,org.apache.ibatis.builder.xml.XMLMapperBuilder,org.pitest.mutationtest.engine.gregor.mutators.ReturnValsMutator,databaseIdMatchesCurrent,357,TIMED_OUT,none
XMLMapperBuilder.java,org.apache.ibatis.builder.xml.XMLMapperBuilder,org.pitest.mutationtest.engine.gregor.mutators.NegateConditionalsMutator,parameterMapElement,215,TIMED_OUT,none
XMLMapperBuilder.java,org.apache.ibatis.builder.xml.XMLMapperBuilder,org.pitest.mutationtest.engine.gregor.mutators.NonVoidMethodCallMutator,parameterMapElement,215,TIMED_OUT,none
XMLMapperBuilder.java,org.apache.ibatis.builder.xml.XMLMapperBuilder,org.pitest.mutationtest.engine.gregor.mutators.NonVoidMethodCallMutator,parameterMapElement,215,TIMED_OUT,none
XMLMapperBuilder.java,org.apache.ibatis.builder.xml.XMLMapperBuilder,org.pitest.mutationtest.engine.gregor.mutators.RemoveConditionalMutator_EQUAL_IF,parameterMapElement,215,TIMED_OUT,none
XMLMapperBuilder.java,org.apache.ibatis.builder.xml.XMLMapperBuilder,org.pitest.mutationtest.engine.gregor.mutators.NegateConditionalsMutator,parse,91,TIMED_OUT,none
XMLMapperBuilder.java,org.apache.ibatis.builder.xml.XMLMapperBuilder,org.pitest.mutationtest.engine.gregor.mutators.NonVoidMethodCallMutator,parse,91,TIMED_OUT,none
XMLMapperBuilder.java,org.apache.ibatis.builder.xml.XMLMapperBuilder,org.pitest.mutationtest.engine.gregor.mutators.NonVoidMethodCallMutator,parse,92,TIMED_OUT,none
XMLMapperBuilder.java,org.apache.ibatis.builder.xml.XMLMapperBuilder,org.pitest.mutationtest.engine.gregor.mutators.RemoveConditionalMutator_EQUAL_ELSE,parse,91,TIMED_OUT,none
XMLMapperBuilder.java,org.apache.ibatis.builder.xml.XMLMapperBuilder,org.pitest.mutationtest.engine.gregor.mutators.RemoveConditionalMutator_EQUAL_IF,parse,91,TIMED_OUT,none
XMLMapperBuilder.java,org.apache.ibatis.builder.xml.XMLMapperBuilder,org.pitest.mutationtest.engine.gregor.mutators.VoidMethodCallMutator,parse,92,TIMED_OUT,none
XMLMapperBuilder.java,org.apache.ibatis.builder.xml.XMLMapperBuilder,org.pitest.mutationtest.engine.gregor.mutators.VoidMethodCallMutator,parse,97,TIMED_OUT,none
XMLMapperBuilder.java,org.apache.ibatis.builder.xml.XMLMapperBuilder,org.pitest.mutationtest.engine.gregor.mutators.VoidMethodCallMutator,parse,98,TIMED_OUT,none
XMLMapperBuilder.java,org.apache.ibatis.builder.xml.XMLMapperBuilder,org.pitest.mutationtest.engine.gregor.mutators.VoidMethodCallMutator,parse,99,TIMED_OUT,none
XMLMapperBuilder.java,org.apache.ibatis.builder.xml.XMLMapperBuilder,org.pitest.mutationtest.engine.gregor.mutators.NonVoidMethodCallMutator,parsePendingChacheRefs,160,TIMED_OUT,none
XMLMapperBuilder.java,org.apache.ibatis.builder.xml.XMLMapperBuilder,org.pitest.mutationtest.engine.gregor.mutators.NonVoidMethodCallMutator,parsePendingChacheRefs,161,TIMED_OUT,none
XMLMapperBuilder.java,org.apache.ibatis.builder.xml.XMLMapperBuilder,org.pitest.mutationtest.engine.gregor.mutators.RemoveConditionalMutator_EQUAL_IF,parsePendingChacheRefs,161,TIMED_OUT,none
XMLMapperBuilder.java,org.apache.ibatis.builder.xml.XMLMapperBuilder,org.pitest.mutationtest.engine.gregor.mutators.NegateConditionalsMutator,parsePendingResultMaps,146,TIMED_OUT,none
XMLMapperBuilder.java,org.apache.ibatis.builder.xml.XMLMapperBuilder,org.pitest.mutationtest.engine.gregor.mutators.NonVoidMethodCallMutator,parsePendingResultMaps,143,TIMED_OUT,none
XMLMapperBuilder.java,org.apache.ibatis.builder.xml.XMLMapperBuilder,org.pitest.mutationtest.engine.gregor.mutators.NonVoidMethodCallMutator,parsePendingResultMaps,145,TIMED_OUT,none
XMLMapperBuilder.java,org.apache.ibatis.builder.xml.XMLMapperBuilder,org.pitest.mutationtest.engine.gregor.mutators.RemoveConditionalMutator_EQUAL_IF,parsePendingResultMaps,146,TIMED_OUT,none
XMLMapperBuilder.java,org.apache.ibatis.builder.xml.XMLMapperBuilder,org.pitest.mutationtest.engine.gregor.mutators.NegateConditionalsMutator,parsePendingStatements,176,TIMED_OUT,none
XMLMapperBuilder.java,org.apache.ibatis.builder.xml.XMLMapperBuilder,org.pitest.mutationtest.engine.gregor.mutators.NonVoidMethodCallMutator,parsePendingStatements,175,TIMED_OUT,none
XMLMapperBuilder.java,org.apache.ibatis.builder.xml.XMLMapperBuilder,org.pitest.mutationtest.engine.gregor.mutators.NonVoidMethodCallMutator,parsePendingStatements,176,TIMED_OUT,none
XMLMapperBuilder.java,org.apache.ibatis.builder.xml.XMLMapperBuilder,org.pitest.mutationtest.engine.gregor.mutators.RemoveConditionalMutator_EQUAL_ELSE,parsePendingStatements,176,TIMED_OUT,none
XMLMapperBuilder.java,org.apache.ibatis.builder.xml.XMLMapperBuilder,org.pitest.mutationtest.engine.gregor.mutators.RemoveConditionalMutator_EQUAL_IF,parsePendingStatements,176,TIMED_OUT,none
XMLMapperBuilder.java,org.apache.ibatis.builder.xml.XMLMapperBuilder,org.pitest.mutationtest.engine.gregor.mutators.NegateConditionalsMutator,processNestedResultMappings,387,TIMED_OUT,none
XMLMapperBuilder.java,org.apache.ibatis.builder.xml.XMLMapperBuilder,org.pitest.mutationtest.engine.gregor.mutators.NegateConditionalsMutator,processNestedResultMappings,388,TIMED_OUT,none
XMLMapperBuilder.java,org.apache.ibatis.builder.xml.XMLMapperBuilder,org.pitest.mutationtest.engine.gregor.mutators.NegateConditionalsMutator,processNestedResultMappings,389,TIMED_OUT,none
XMLMapperBuilder.java,org.apache.ibatis.builder.xml.XMLMapperBuilder,org.pitest.mutationtest.engine.gregor.mutators.NonVoidMethodCallMutator,processNestedResultMappings,387,TIMED_OUT,none
XMLMapperBuilder.java,org.apache.ibatis.builder.xml.XMLMapperBuilder,org.pitest.mutationtest.engine.gregor.mutators.NonVoidMethodCallMutator,processNestedResultMappings,387,TIMED_OUT,none
XMLMapperBuilder.java,org.apache.ibatis.builder.xml.XMLMapperBuilder,org.pitest.mutationtest.engine.gregor.mutators.NonVoidMethodCallMutator,processNestedResultMappings,389,TIMED_OUT,none
XMLMapperBuilder.java,org.apache.ibatis.builder.xml.XMLMapperBuilder,org.pitest.mutationtest.engine.gregor.mutators.RemoveConditionalMutator_EQUAL_ELSE,processNestedResultMappings,387,TIMED_OUT,none
XMLMapperBuilder.java,org.apache.ibatis.builder.xml.XMLMapperBuilder,org.pitest.mutationtest.engine.gregor.mutators.RemoveConditionalMutator_EQUAL_ELSE,processNestedResultMappings,388,TIMED_OUT,none
XMLMapperBuilder.java,org.apache.ibatis.builder.xml.XMLMapperBuilder,org.pitest.mutationtest.engine.gregor.mutators.RemoveConditionalMutator_EQUAL_IF,processNestedResultMappings,388,TIMED_OUT,none
XMLMapperBuilder.java,org.apache.ibatis.builder.xml.XMLMapperBuilder,org.pitest.mutationtest.engine.gregor.mutators.RemoveConditionalMutator_EQUAL_IF,processNestedResultMappings,389,TIMED_OUT,none
XMLMapperBuilder.java,org.apache.ibatis.builder.xml.XMLMapperBuilder,org.pitest.mutationtest.engine.gregor.mutators.RemoveConditionalMutator_EQUAL_IF,processNestedResultMappings,390,TIMED_OUT,none
XMLMapperBuilder.java,org.apache.ibatis.builder.xml.XMLMapperBuilder,org.pitest.mutationtest.engine.gregor.mutators.ReturnValsMutator,processNestedResultMappings,395,TIMED_OUT,none
XMLMapperBuilder.java,org.apache.ibatis.builder.xml.XMLMapperBuilder,org.pitest.mutationtest.engine.gregor.mutators.NonVoidMethodCallMutator,resultMapElement,252,TIMED_OUT,none
XMLMapperBuilder.java,org.apache.ibatis.builder.xml.XMLMapperBuilder,org.pitest.mutationtest.engine.gregor.mutators.NonVoidMethodCallMutator,resultMapElement,252,TIMED_OUT,none
XMLMapperBuilder.java,org.apache.ibatis.builder.xml.XMLMapperBuilder,org.pitest.mutationtest.engine.gregor.mutators.ReturnValsMutator,resultMapElement,252,TIMED_OUT,none
XMLMapperBuilder.java,org.apache.ibatis.builder.xml.XMLMapperBuilder,org.pitest.mutationtest.engine.gregor.mutators.ArgumentPropagationMutator,resultMapElement,257,TIMED_OUT,none
XMLMapperBuilder.java,org.apache.ibatis.builder.xml.XMLMapperBuilder,org.pitest.mutationtest.engine.gregor.mutators.ArgumentPropagationMutator,resultMapElement,261,TIMED_OUT,none
XMLMapperBuilder.java,org.apache.ibatis.builder.xml.XMLMapperBuilder,org.pitest.mutationtest.engine.gregor.mutators.ArgumentPropagationMutator,resultMapElement,260,TIMED_OUT,none
XMLMapperBuilder.java,org.apache.ibatis.builder.xml.XMLMapperBuilder,org.pitest.mutationtest.engine.gregor.mutators.ArgumentPropagationMutator,resultMapElement,259,TIMED_OUT,none
XMLMapperBuilder.java,org.apache.ibatis.builder.xml.XMLMapperBuilder,org.pitest.mutationtest.engine.gregor.mutators.ConstructorCallMutator,resultMapElement,256,TIMED_OUT,none
XMLMapperBuilder.java,org.apache.ibatis.builder.xml.XMLMapperBuilder,org.pitest.mutationtest.engine.gregor.mutators.ConstructorCallMutator,resultMapElement,276,TIMED_OUT,none
XMLMapperBuilder.java,org.apache.ibatis.builder.xml.XMLMapperBuilder,org.pitest.mutationtest.engine.gregor.mutators.ConstructorCallMutator,resultMapElement,283,TIMED_OUT,none
XMLMapperBuilder.java,org.apache.ibatis.builder.xml.XMLMapperBuilder,org.pitest.mutationtest.engine.gregor.mutators.NegateConditionalsMutator,resultMapElement,270,TIMED_OUT,none
XMLMapperBuilder.java,org.apache.ibatis.builder.xml.XMLMapperBuilder,org.pitest.mutationtest.engine.gregor.mutators.NegateConditionalsMutator,resultMapElement,271,TIMED_OUT,none
XMLMapperBuilder.java,org.apache.ibatis.builder.xml.XMLMapperBuilder,org.pitest.mutationtest.engine.gregor.mutators.NonVoidMethodCallMutator,resultMapElement,256,TIMED_OUT,none
XMLMapperBuilder.java,org.apache.ibatis.builder.xml.XMLMapperBuilder,org.pitest.mutationtest.engine.gregor.mutators.NonVoidMethodCallMutator,resultMapElement,256,TIMED_OUT,none
XMLMapperBuilder.java,org.apache.ibatis.builder.xml.XMLMapperBuilder,org.pitest.mutationtest.engine.gregor.mutators.NonVoidMethodCallMutator,resultMapElement,256,TIMED_OUT,none
XMLMapperBuilder.java,org.apache.ibatis.builder.xml.XMLMapperBuilder,org.pitest.mutationtest.engine.gregor.mutators.NonVoidMethodCallMutator,resultMapElement,258,TIMED_OUT,none
XMLMapperBuilder.java,org.apache.ibatis.builder.xml.XMLMapperBuilder,org.pitest.mutationtest.engine.gregor.mutators.NonVoidMethodCallMutator,resultMapElement,257,TIMED_OUT,none
XMLMapperBuilder.java,org.apache.ibatis.builder.xml.XMLMapperBuilder,org.pitest.mutationtest.engine.gregor.mutators.NonVoidMethodCallMutator,resultMapElement,262,TIMED_OUT,none
XMLMapperBuilder.java,org.apache.ibatis.builder.xml.XMLMapperBuilder,org.pitest.mutationtest.engine.gregor.mutators.NonVoidMethodCallMutator,resultMapElement,261,TIMED_OUT,none
XMLMapperBuilder.java,org.apache.ibatis.builder.xml.XMLMapperBuilder,org.pitest.mutationtest.engine.gregor.mutators.NonVoidMethodCallMutator,resultMapElement,260,TIMED_OUT,none
XMLMapperBuilder.java,org.apache.ibatis.builder.xml.XMLMapperBuilder,org.pitest.mutationtest.engine.gregor.mutators.NonVoidMethodCallMutator,resultMapElement,259,TIMED_OUT,none
XMLMapperBuilder.java,org.apache.ibatis.builder.xml.XMLMapperBuilder,org.pitest.mutationtest.engine.gregor.mutators.NonVoidMethodCallMutator,resultMapElement,263,TIMED_OUT,none
XMLMapperBuilder.java,org.apache.ibatis.builder.xml.XMLMapperBuilder,org.pitest.mutationtest.engine.gregor.mutators.NonVoidMethodCallMutator,resultMapElement,264,TIMED_OUT,none
XMLMapperBuilder.java,org.apache.ibatis.builder.xml.XMLMapperBuilder,org.pitest.mutationtest.engine.gregor.mutators.NonVoidMethodCallMutator,resultMapElement,265,TIMED_OUT,none
XMLMapperBuilder.java,org.apache.ibatis.builder.xml.XMLMapperBuilder,org.pitest.mutationtest.engine.gregor.mutators.NonVoidMethodCallMutator,resultMapElement,270,TIMED_OUT,none
XMLMapperBuilder.java,org.apache.ibatis.builder.xml.XMLMapperBuilder,org.pitest.mutationtest.engine.gregor.mutators.NonVoidMethodCallMutator,resultMapElement,270,TIMED_OUT,none
XMLMapperBuilder.java,org.apache.ibatis.builder.xml.XMLMapperBuilder,org.pitest.mutationtest.engine.gregor.mutators.NonVoidMethodCallMutator,resultMapElement,271,TIMED_OUT,none
XMLMapperBuilder.java,org.apache.ibatis.builder.xml.XMLMapperBuilder,org.pitest.mutationtest.engine.gregor.mutators.NonVoidMethodCallMutator,resultMapElement,278,TIMED_OUT,none
XMLMapperBuilder.java,org.apache.ibatis.builder.xml.XMLMapperBuilder,org.pitest.mutationtest.engine.gregor.mutators.NonVoidMethodCallMutator,resultMapElement,280,TIMED_OUT,none
XMLMapperBuilder.java,org.apache.ibatis.builder.xml.XMLMapperBuilder,org.pitest.mutationtest.engine.gregor.mutators.NonVoidMethodCallMutator,resultMapElement,285,TIMED_OUT,none
XMLMapperBuilder.java,org.apache.ibatis.builder.xml.XMLMapperBuilder,org.pitest.mutationtest.engine.gregor.mutators.RemoveConditionalMutator_EQUAL_ELSE,resultMapElement,270,TIMED_OUT,none
XMLMapperBuilder.java,org.apache.ibatis.builder.xml.XMLMapperBuilder,org.pitest.mutationtest.engine.gregor.mutators.RemoveConditionalMutator_EQUAL_ELSE,resultMapElement,271,TIMED_OUT,none
XMLMapperBuilder.java,org.apache.ibatis.builder.xml.XMLMapperBuilder,org.pitest.mutationtest.engine.gregor.mutators.RemoveConditionalMutator_EQUAL_ELSE,resultMapElement,273,TIMED_OUT,none
XMLMapperBuilder.java,org.apache.ibatis.builder.xml.XMLMapperBuilder,org.pitest.mutationtest.engine.gregor.mutators.RemoveConditionalMutator_EQUAL_IF,resultMapElement,270,TIMED_OUT,none
XMLMapperBuilder.java,org.apache.ibatis.builder.xml.XMLMapperBuilder,org.pitest.mutationtest.engine.gregor.mutators.RemoveConditionalMutator_EQUAL_IF,resultMapElement,271,TIMED_OUT,none
XMLMapperBuilder.java,org.apache.ibatis.builder.xml.XMLMapperBuilder,org.pitest.mutationtest.engine.gregor.mutators.RemoveConditionalMutator_EQUAL_IF,resultMapElement,273,TIMED_OUT,none
XMLMapperBuilder.java,org.apache.ibatis.builder.xml.XMLMapperBuilder,org.pitest.mutationtest.engine.gregor.mutators.RemoveConditionalMutator_EQUAL_IF,resultMapElement,277,TIMED_OUT,none
XMLMapperBuilder.java,org.apache.ibatis.builder.xml.XMLMapperBuilder,org.pitest.mutationtest.engine.gregor.mutators.ReturnValsMutator,resultMapElement,285,TIMED_OUT,none
XMLMapperBuilder.java,org.apache.ibatis.builder.xml.XMLMapperBuilder,org.pitest.mutationtest.engine.gregor.mutators.NonVoidMethodCallMutator,resultMapElements,242,TIMED_OUT,none
XMLMapperBuilder.java,org.apache.ibatis.builder.xml.XMLMapperBuilder,org.pitest.mutationtest.engine.gregor.mutators.NonVoidMethodCallMutator,resultMapElements,242,TIMED_OUT,none
XMLMapperBuilder.java,org.apache.ibatis.builder.xml.XMLMapperBuilder,org.pitest.mutationtest.engine.gregor.mutators.RemoveConditionalMutator_EQUAL_IF,resultMapElements,242,TIMED_OUT,none
XMLMapperBuilder.java,org.apache.ibatis.builder.xml.XMLMapperBuilder,org.pitest.mutationtest.engine.gregor.mutators.NegateConditionalsMutator,sqlElement,323,TIMED_OUT,none
XMLMapperBuilder.java,org.apache.ibatis.builder.xml.XMLMapperBuilder,org.pitest.mutationtest.engine.gregor.mutators.RemoveConditionalMutator_EQUAL_ELSE,sqlElement,323,TIMED_OUT,none
XMLMapperBuilder.java,org.apache.ibatis.builder.xml.XMLMapperBuilder,org.pitest.mutationtest.engine.gregor.mutators.VoidMethodCallMutator,sqlElement,326,TIMED_OUT,none
XMLMapperBuilder.java,org.apache.ibatis.builder.xml.XMLMapperBuilder,org.pitest.mutationtest.engine.gregor.mutators.ArgumentPropagationMutator,sqlElement,332,TIMED_OUT,none
XMLMapperBuilder.java,org.apache.ibatis.builder.xml.XMLMapperBuilder,org.pitest.mutationtest.engine.gregor.mutators.InlineConstantMutator,sqlElement,333,TIMED_OUT,none
XMLMapperBuilder.java,org.apache.ibatis.builder.xml.XMLMapperBuilder,org.pitest.mutationtest.engine.gregor.mutators.NegateConditionalsMutator,sqlElement,330,TIMED_OUT,none
XMLMapperBuilder.java,org.apache.ibatis.builder.xml.XMLMapperBuilder,org.pitest.mutationtest.engine.gregor.mutators.NegateConditionalsMutator,sqlElement,334,TIMED_OUT,none
XMLMapperBuilder.java,org.apache.ibatis.builder.xml.XMLMapperBuilder,org.pitest.mutationtest.engine.gregor.mutators.NonVoidMethodCallMutator,sqlElement,330,TIMED_OUT,none
XMLMapperBuilder.java,org.apache.ibatis.builder.xml.XMLMapperBuilder,org.pitest.mutationtest.engine.gregor.mutators.NonVoidMethodCallMutator,sqlElement,331,TIMED_OUT,none
XMLMapperBuilder.java,org.apache.ibatis.builder.xml.XMLMapperBuilder,org.pitest.mutationtest.engine.gregor.mutators.NonVoidMethodCallMutator,sqlElement,333,TIMED_OUT,none
XMLMapperBuilder.java,org.apache.ibatis.builder.xml.XMLMapperBuilder,org.pitest.mutationtest.engine.gregor.mutators.NonVoidMethodCallMutator,sqlElement,334,TIMED_OUT,none
XMLMapperBuilder.java,org.apache.ibatis.builder.xml.XMLMapperBuilder,org.pitest.mutationtest.engine.gregor.mutators.NonVoidMethodCallMutator,sqlElement,335,TIMED_OUT,none
XMLMapperBuilder.java,org.apache.ibatis.builder.xml.XMLMapperBuilder,org.pitest.mutationtest.engine.gregor.mutators.RemoveConditionalMutator_EQUAL_ELSE,sqlElement,330,TIMED_OUT,none
XMLMapperBuilder.java,org.apache.ibatis.builder.xml.XMLMapperBuilder,org.pitest.mutationtest.engine.gregor.mutators.RemoveConditionalMutator_EQUAL_ELSE,sqlElement,334,TIMED_OUT,none
XMLMapperBuilder.java,org.apache.ibatis.builder.xml.XMLMapperBuilder,org.pitest.mutationtest.engine.gregor.mutators.RemoveConditionalMutator_EQUAL_IF,sqlElement,330,TIMED_OUT,none
XMLMapperBuilder.java,org.apache.ibatis.builder.xml.XMLMapperBuilder,org.pitest.mutationtest.engine.gregor.mutators.RemoveConditionalMutator_EQUAL_IF,sqlElement,334,TIMED_OUT,none
XMLMapperEntityResolver.java,org.apache.ibatis.builder.xml.XMLMapperEntityResolver,org.pitest.mutationtest.engine.gregor.mutators.ConstructorCallMutator,getInputSource,74,TIMED_OUT,none
XMLMapperEntityResolver.java,org.apache.ibatis.builder.xml.XMLMapperEntityResolver,org.pitest.mutationtest.engine.gregor.mutators.NegateConditionalsMutator,getInputSource,71,TIMED_OUT,none
XMLMapperEntityResolver.java,org.apache.ibatis.builder.xml.XMLMapperEntityResolver,org.pitest.mutationtest.engine.gregor.mutators.NonVoidMethodCallMutator,getInputSource,73,TIMED_OUT,none
XMLMapperEntityResolver.java,org.apache.ibatis.builder.xml.XMLMapperEntityResolver,org.pitest.mutationtest.engine.gregor.mutators.RemoveConditionalMutator_EQUAL_ELSE,getInputSource,71,TIMED_OUT,none
XMLMapperEntityResolver.java,org.apache.ibatis.builder.xml.XMLMapperEntityResolver,org.pitest.mutationtest.engine.gregor.mutators.RemoveConditionalMutator_EQUAL_IF,getInputSource,71,TIMED_OUT,none
XMLMapperEntityResolver.java,org.apache.ibatis.builder.xml.XMLMapperEntityResolver,org.pitest.mutationtest.engine.gregor.mutators.ReturnValsMutator,getInputSource,81,TIMED_OUT,none
XMLMapperEntityResolver.java,org.apache.ibatis.builder.xml.XMLMapperEntityResolver,org.pitest.mutationtest.engine.gregor.mutators.VoidMethodCallMutator,getInputSource,75,TIMED_OUT,none
XMLMapperEntityResolver.java,org.apache.ibatis.builder.xml.XMLMapperEntityResolver,org.pitest.mutationtest.engine.gregor.mutators.VoidMethodCallMutator,getInputSource,76,TIMED_OUT,none
XMLMapperEntityResolver.java,org.apache.ibatis.builder.xml.XMLMapperEntityResolver,org.pitest.mutationtest.engine.gregor.mutators.NegateConditionalsMutator,resolveEntity,55,TIMED_OUT,none
XMLMapperEntityResolver.java,org.apache.ibatis.builder.xml.XMLMapperEntityResolver,org.pitest.mutationtest.engine.gregor.mutators.NegateConditionalsMutator,resolveEntity,57,TIMED_OUT,none
XMLMapperEntityResolver.java,org.apache.ibatis.builder.xml.XMLMapperEntityResolver,org.pitest.mutationtest.engine.gregor.mutators.NegateConditionalsMutator,resolveEntity,59,TIMED_OUT,none
XMLMapperEntityResolver.java,org.apache.ibatis.builder.xml.XMLMapperEntityResolver,org.pitest.mutationtest.engine.gregor.mutators.NonVoidMethodCallMutator,resolveEntity,56,TIMED_OUT,none
XMLMapperEntityResolver.java,org.apache.ibatis.builder.xml.XMLMapperEntityResolver,org.pitest.mutationtest.engine.gregor.mutators.NonVoidMethodCallMutator,resolveEntity,57,TIMED_OUT,none
XMLMapperEntityResolver.java,org.apache.ibatis.builder.xml.XMLMapperEntityResolver,org.pitest.mutationtest.engine.gregor.mutators.NonVoidMethodCallMutator,resolveEntity,59,TIMED_OUT,none
XMLMapperEntityResolver.java,org.apache.ibatis.builder.xml.XMLMapperEntityResolver,org.pitest.mutationtest.engine.gregor.mutators.NonVoidMethodCallMutator,resolveEntity,60,TIMED_OUT,none
XMLMapperEntityResolver.java,org.apache.ibatis.builder.xml.XMLMapperEntityResolver,org.pitest.mutationtest.engine.gregor.mutators.RemoveConditionalMutator_EQUAL_ELSE,resolveEntity,55,TIMED_OUT,none
XMLMapperEntityResolver.java,org.apache.ibatis.builder.xml.XMLMapperEntityResolver,org.pitest.mutationtest.engine.gregor.mutators.RemoveConditionalMutator_EQUAL_ELSE,resolveEntity,57,TIMED_OUT,none
XMLMapperEntityResolver.java,org.apache.ibatis.builder.xml.XMLMapperEntityResolver,org.pitest.mutationtest.engine.gregor.mutators.RemoveConditionalMutator_EQUAL_ELSE,resolveEntity,57,TIMED_OUT,none
XMLMapperEntityResolver.java,org.apache.ibatis.builder.xml.XMLMapperEntityResolver,org.pitest.mutationtest.engine.gregor.mutators.RemoveConditionalMutator_EQUAL_ELSE,resolveEntity,59,TIMED_OUT,none
XMLMapperEntityResolver.java,org.apache.ibatis.builder.xml.XMLMapperEntityResolver,org.pitest.mutationtest.engine.gregor.mutators.RemoveConditionalMutator_EQUAL_IF,resolveEntity,57,TIMED_OUT,none
XMLMapperEntityResolver.java,org.apache.ibatis.builder.xml.XMLMapperEntityResolver,org.pitest.mutationtest.engine.gregor.mutators.RemoveConditionalMutator_EQUAL_IF,resolveEntity,57,TIMED_OUT,none
XMLMapperEntityResolver.java,org.apache.ibatis.builder.xml.XMLMapperEntityResolver,org.pitest.mutationtest.engine.gregor.mutators.ReturnValsMutator,resolveEntity,58,TIMED_OUT,none
XMLMapperEntityResolver.java,org.apache.ibatis.builder.xml.XMLMapperEntityResolver,org.pitest.mutationtest.engine.gregor.mutators.ReturnValsMutator,resolveEntity,60,TIMED_OUT,none
XMLStatementBuilder.java,org.apache.ibatis.builder.xml.XMLStatementBuilder,org.pitest.mutationtest.engine.gregor.mutators.experimental.MemberVariableMutator,<init>,53,TIMED_OUT,none
XMLStatementBuilder.java,org.apache.ibatis.builder.xml.XMLStatementBuilder,org.pitest.mutationtest.engine.gregor.mutators.ArgumentPropagationMutator,databaseIdMatchesCurrent,183,TIMED_OUT,none
XMLStatementBuilder.java,org.apache.ibatis.builder.xml.XMLStatementBuilder,org.pitest.mutationtest.engine.gregor.mutators.InlineConstantMutator,databaseIdMatchesCurrent,184,TIMED_OUT,none
XMLStatementBuilder.java,org.apache.ibatis.builder.xml.XMLStatementBuilder,org.pitest.mutationtest.engine.gregor.mutators.NegateConditionalsMutator,databaseIdMatchesCurrent,174,TIMED_OUT,none
XMLStatementBuilder.java,org.apache.ibatis.builder.xml.XMLStatementBuilder,org.pitest.mutationtest.engine.gregor.mutators.NegateConditionalsMutator,databaseIdMatchesCurrent,179,TIMED_OUT,none
XMLStatementBuilder.java,org.apache.ibatis.builder.xml.XMLStatementBuilder,org.pitest.mutationtest.engine.gregor.mutators.NonVoidMethodCallMutator,databaseIdMatchesCurrent,183,TIMED_OUT,none
XMLStatementBuilder.java,org.apache.ibatis.builder.xml.XMLStatementBuilder,org.pitest.mutationtest.engine.gregor.mutators.NonVoidMethodCallMutator,databaseIdMatchesCurrent,184,TIMED_OUT,none
XMLStatementBuilder.java,org.apache.ibatis.builder.xml.XMLStatementBuilder,org.pitest.mutationtest.engine.gregor.mutators.RemoveConditionalMutator_EQUAL_ELSE,databaseIdMatchesCurrent,174,TIMED_OUT,none
XMLStatementBuilder.java,org.apache.ibatis.builder.xml.XMLStatementBuilder,org.pitest.mutationtest.engine.gregor.mutators.RemoveConditionalMutator_EQUAL_ELSE,databaseIdMatchesCurrent,179,TIMED_OUT,none
XMLStatementBuilder.java,org.apache.ibatis.builder.xml.XMLStatementBuilder,org.pitest.mutationtest.engine.gregor.mutators.RemoveConditionalMutator_EQUAL_ELSE,databaseIdMatchesCurrent,184,TIMED_OUT,none
XMLStatementBuilder.java,org.apache.ibatis.builder.xml.XMLStatementBuilder,org.pitest.mutationtest.engine.gregor.mutators.RemoveConditionalMutator_EQUAL_IF,databaseIdMatchesCurrent,179,TIMED_OUT,none
XMLStatementBuilder.java,org.apache.ibatis.builder.xml.XMLStatementBuilder,org.pitest.mutationtest.engine.gregor.mutators.RemoveConditionalMutator_EQUAL_IF,databaseIdMatchesCurrent,184,TIMED_OUT,none
XMLStatementBuilder.java,org.apache.ibatis.builder.xml.XMLStatementBuilder,org.pitest.mutationtest.engine.gregor.mutators.ReturnValsMutator,databaseIdMatchesCurrent,191,TIMED_OUT,none
XMLStatementBuilder.java,org.apache.ibatis.builder.xml.XMLStatementBuilder,org.pitest.mutationtest.engine.gregor.mutators.NegateConditionalsMutator,getLanguageDriver,196,TIMED_OUT,none
XMLStatementBuilder.java,org.apache.ibatis.builder.xml.XMLStatementBuilder,org.pitest.mutationtest.engine.gregor.mutators.NonVoidMethodCallMutator,getLanguageDriver,199,TIMED_OUT,none
XMLStatementBuilder.java,org.apache.ibatis.builder.xml.XMLStatementBuilder,org.pitest.mutationtest.engine.gregor.mutators.ReturnValsMutator,getLanguageDriver,199,TIMED_OUT,none
XMLStatementBuilder.java,org.apache.ibatis.builder.xml.XMLStatementBuilder,org.pitest.mutationtest.engine.gregor.mutators.NegateConditionalsMutator,parseSelectKeyNodes,125,TIMED_OUT,none
XMLStatementBuilder.java,org.apache.ibatis.builder.xml.XMLStatementBuilder,org.pitest.mutationtest.engine.gregor.mutators.NonVoidMethodCallMutator,parseSelectKeyNodes,125,TIMED_OUT,none
XMLStatementBuilder.java,org.apache.ibatis.builder.xml.XMLStatementBuilder,org.pitest.mutationtest.engine.gregor.mutators.NonVoidMethodCallMutator,parseSelectKeyNodes,125,TIMED_OUT,none
XMLStatementBuilder.java,org.apache.ibatis.builder.xml.XMLStatementBuilder,org.pitest.mutationtest.engine.gregor.mutators.NonVoidMethodCallMutator,parseSelectKeyNodes,125,TIMED_OUT,none
XMLStatementBuilder.java,org.apache.ibatis.builder.xml.XMLStatementBuilder,org.pitest.mutationtest.engine.gregor.mutators.ArgumentPropagationMutator,parseStatementNode,66,TIMED_OUT,none
XMLStatementBuilder.java,org.apache.ibatis.builder.xml.XMLStatementBuilder,org.pitest.mutationtest.engine.gregor.mutators.ArgumentPropagationMutator,parseStatementNode,71,TIMED_OUT,none
XMLStatementBuilder.java,org.apache.ibatis.builder.xml.XMLStatementBuilder,org.pitest.mutationtest.engine.gregor.mutators.ArgumentPropagationMutator,parseStatementNode,75,TIMED_OUT,none
XMLStatementBuilder.java,org.apache.ibatis.builder.xml.XMLStatementBuilder,org.pitest.mutationtest.engine.gregor.mutators.ArgumentPropagationMutator,parseStatementNode,76,TIMED_OUT,none
XMLStatementBuilder.java,org.apache.ibatis.builder.xml.XMLStatementBuilder,org.pitest.mutationtest.engine.gregor.mutators.ArgumentPropagationMutator,parseStatementNode,82,TIMED_OUT,none
XMLStatementBuilder.java,org.apache.ibatis.builder.xml.XMLStatementBuilder,org.pitest.mutationtest.engine.gregor.mutators.ArgumentPropagationMutator,parseStatementNode,83,TIMED_OUT,none
XMLStatementBuilder.java,org.apache.ibatis.builder.xml.XMLStatementBuilder,org.pitest.mutationtest.engine.gregor.mutators.ArgumentPropagationMutator,parseStatementNode,97,TIMED_OUT,none
XMLStatementBuilder.java,org.apache.ibatis.builder.xml.XMLStatementBuilder,org.pitest.mutationtest.engine.gregor.mutators.InlineConstantMutator,parseStatementNode,81,TIMED_OUT,none
XMLStatementBuilder.java,org.apache.ibatis.builder.xml.XMLStatementBuilder,org.pitest.mutationtest.engine.gregor.mutators.InlineConstantMutator,parseStatementNode,82,TIMED_OUT,none
XMLStatementBuilder.java,org.apache.ibatis.builder.xml.XMLStatementBuilder,org.pitest.mutationtest.engine.gregor.mutators.InlineConstantMutator,parseStatementNode,82,TIMED_OUT,none
XMLStatementBuilder.java,org.apache.ibatis.builder.xml.XMLStatementBuilder,org.pitest.mutationtest.engine.gregor.mutators.InlineConstantMutator,parseStatementNode,105,TIMED_OUT,none
XMLStatementBuilder.java,org.apache.ibatis.builder.xml.XMLStatementBuilder,org.pitest.mutationtest.engine.gregor.mutators.NegateConditionalsMutator,parseStatementNode,60,TIMED_OUT,none
XMLStatementBuilder.java,org.apache.ibatis.builder.xml.XMLStatementBuilder,org.pitest.mutationtest.engine.gregor.mutators.NegateConditionalsMutator,parseStatementNode,81,TIMED_OUT,none
XMLStatementBuilder.java,org.apache.ibatis.builder.xml.XMLStatementBuilder,org.pitest.mutationtest.engine.gregor.mutators.NegateConditionalsMutator,parseStatementNode,82,TIMED_OUT,none
XMLStatementBuilder.java,org.apache.ibatis.builder.xml.XMLStatementBuilder,org.pitest.mutationtest.engine.gregor.mutators.NegateConditionalsMutator,parseStatementNode,101,TIMED_OUT,none
XMLStatementBuilder.java,org.apache.ibatis.builder.xml.XMLStatementBuilder,org.pitest.mutationtest.engine.gregor.mutators.NegateConditionalsMutator,parseStatementNode,105,TIMED_OUT,none
XMLStatementBuilder.java,org.apache.ibatis.builder.xml.XMLStatementBuilder,org.pitest.mutationtest.engine.gregor.mutators.NegateConditionalsMutator,parseStatementNode,105,TIMED_OUT,none
XMLStatementBuilder.java,org.apache.ibatis.builder.xml.XMLStatementBuilder,org.pitest.mutationtest.engine.gregor.mutators.NegateConditionalsMutator,parseStatementNode,104,TIMED_OUT,none
XMLStatementBuilder.java,org.apache.ibatis.builder.xml.XMLStatementBuilder,org.pitest.mutationtest.engine.gregor.mutators.NonVoidMethodCallMutator,parseStatementNode,60,TIMED_OUT,none
XMLStatementBuilder.java,org.apache.ibatis.builder.xml.XMLStatementBuilder,org.pitest.mutationtest.engine.gregor.mutators.NonVoidMethodCallMutator,parseStatementNode,64,TIMED_OUT,none
XMLStatementBuilder.java,org.apache.ibatis.builder.xml.XMLStatementBuilder,org.pitest.mutationtest.engine.gregor.mutators.NonVoidMethodCallMutator,parseStatementNode,66,TIMED_OUT,none
XMLStatementBuilder.java,org.apache.ibatis.builder.xml.XMLStatementBuilder,org.pitest.mutationtest.engine.gregor.mutators.NonVoidMethodCallMutator,parseStatementNode,69,TIMED_OUT,none
XMLStatementBuilder.java,org.apache.ibatis.builder.xml.XMLStatementBuilder,org.pitest.mutationtest.engine.gregor.mutators.NonVoidMethodCallMutator,parseStatementNode,70,TIMED_OUT,none
XMLStatementBuilder.java,org.apache.ibatis.builder.xml.XMLStatementBuilder,org.pitest.mutationtest.engine.gregor.mutators.NonVoidMethodCallMutator,parseStatementNode,71,TIMED_OUT,none
XMLStatementBuilder.java,org.apache.ibatis.builder.xml.XMLStatementBuilder,org.pitest.mutationtest.engine.gregor.mutators.NonVoidMethodCallMutator,parseStatementNode,74,TIMED_OUT,none
XMLStatementBuilder.java,org.apache.ibatis.builder.xml.XMLStatementBuilder,org.pitest.mutationtest.engine.gregor.mutators.NonVoidMethodCallMutator,parseStatementNode,76,TIMED_OUT,none
XMLStatementBuilder.java,org.apache.ibatis.builder.xml.XMLStatementBuilder,org.pitest.mutationtest.engine.gregor.mutators.NonVoidMethodCallMutator,parseStatementNode,76,TIMED_OUT,none
XMLStatementBuilder.java,org.apache.ibatis.builder.xml.XMLStatementBuilder,org.pitest.mutationtest.engine.gregor.mutators.NonVoidMethodCallMutator,parseStatementNode,76,TIMED_OUT,none
XMLStatementBuilder.java,org.apache.ibatis.builder.xml.XMLStatementBuilder,org.pitest.mutationtest.engine.gregor.mutators.NonVoidMethodCallMutator,parseStatementNode,79,TIMED_OUT,none
XMLStatementBuilder.java,org.apache.ibatis.builder.xml.XMLStatementBuilder,org.pitest.mutationtest.engine.gregor.mutators.NonVoidMethodCallMutator,parseStatementNode,79,TIMED_OUT,none
XMLStatementBuilder.java,org.apache.ibatis.builder.xml.XMLStatementBuilder,org.pitest.mutationtest.engine.gregor.mutators.NonVoidMethodCallMutator,parseStatementNode,80,TIMED_OUT,none
XMLStatementBuilder.java,org.apache.ibatis.builder.xml.XMLStatementBuilder,org.pitest.mutationtest.engine.gregor.mutators.NonVoidMethodCallMutator,parseStatementNode,80,TIMED_OUT,none
XMLStatementBuilder.java,org.apache.ibatis.builder.xml.XMLStatementBuilder,org.pitest.mutationtest.engine.gregor.mutators.NonVoidMethodCallMutator,parseStatementNode,82,TIMED_OUT,none
XMLStatementBuilder.java,org.apache.ibatis.builder.xml.XMLStatementBuilder,org.pitest.mutationtest.engine.gregor.mutators.NonVoidMethodCallMutator,parseStatementNode,82,TIMED_OUT,none
XMLStatementBuilder.java,org.apache.ibatis.builder.xml.XMLStatementBuilder,org.pitest.mutationtest.engine.gregor.mutators.NonVoidMethodCallMutator,parseStatementNode,83,TIMED_OUT,none
XMLStatementBuilder.java,org.apache.ibatis.builder.xml.XMLStatementBuilder,org.pitest.mutationtest.engine.gregor.mutators.NonVoidMethodCallMutator,parseStatementNode,83,TIMED_OUT,none
XMLStatementBuilder.java,org.apache.ibatis.builder.xml.XMLStatementBuilder,org.pitest.mutationtest.engine.gregor.mutators.NonVoidMethodCallMutator,parseStatementNode,83,TIMED_OUT,none
XMLStatementBuilder.java,org.apache.ibatis.builder.xml.XMLStatementBuilder,org.pitest.mutationtest.engine.gregor.mutators.NonVoidMethodCallMutator,parseStatementNode,84,TIMED_OUT,none
XMLStatementBuilder.java,org.apache.ibatis.builder.xml.XMLStatementBuilder,org.pitest.mutationtest.engine.gregor.mutators.NonVoidMethodCallMutator,parseStatementNode,84,TIMED_OUT,none
XMLStatementBuilder.java,org.apache.ibatis.builder.xml.XMLStatementBuilder,org.pitest.mutationtest.engine.gregor.mutators.NonVoidMethodCallMutator,parseStatementNode,84,TIMED_OUT,none
XMLStatementBuilder.java,org.apache.ibatis.builder.xml.XMLStatementBuilder,org.pitest.mutationtest.engine.gregor.mutators.NonVoidMethodCallMutator,parseStatementNode,88,TIMED_OUT,none
XMLStatementBuilder.java,org.apache.ibatis.builder.xml.XMLStatementBuilder,org.pitest.mutationtest.engine.gregor.mutators.NonVoidMethodCallMutator,parseStatementNode,99,TIMED_OUT,none
XMLStatementBuilder.java,org.apache.ibatis.builder.xml.XMLStatementBuilder,org.pitest.mutationtest.engine.gregor.mutators.NonVoidMethodCallMutator,parseStatementNode,101,TIMED_OUT,none
XMLStatementBuilder.java,org.apache.ibatis.builder.xml.XMLStatementBuilder,org.pitest.mutationtest.engine.gregor.mutators.NonVoidMethodCallMutator,parseStatementNode,105,TIMED_OUT,none
XMLStatementBuilder.java,org.apache.ibatis.builder.xml.XMLStatementBuilder,org.pitest.mutationtest.engine.gregor.mutators.NonVoidMethodCallMutator,parseStatementNode,109,TIMED_OUT,none
XMLStatementBuilder.java,org.apache.ibatis.builder.xml.XMLStatementBuilder,org.pitest.mutationtest.engine.gregor.mutators.RemoveConditionalMutator_EQUAL_ELSE,parseStatementNode,60,TIMED_OUT,none
XMLStatementBuilder.java,org.apache.ibatis.builder.xml.XMLStatementBuilder,org.pitest.mutationtest.engine.gregor.mutators.RemoveConditionalMutator_EQUAL_ELSE,parseStatementNode,82,TIMED_OUT,none
XMLStatementBuilder.java,org.apache.ibatis.builder.xml.XMLStatementBuilder,org.pitest.mutationtest.engine.gregor.mutators.RemoveConditionalMutator_EQUAL_ELSE,parseStatementNode,105,TIMED_OUT,none
XMLStatementBuilder.java,org.apache.ibatis.builder.xml.XMLStatementBuilder,org.pitest.mutationtest.engine.gregor.mutators.RemoveConditionalMutator_EQUAL_ELSE,parseStatementNode,104,TIMED_OUT,none
XMLStatementBuilder.java,org.apache.ibatis.builder.xml.XMLStatementBuilder,org.pitest.mutationtest.engine.gregor.mutators.RemoveConditionalMutator_EQUAL_IF,parseStatementNode,81,TIMED_OUT,none
XMLStatementBuilder.java,org.apache.ibatis.builder.xml.XMLStatementBuilder,org.pitest.mutationtest.engine.gregor.mutators.RemoveConditionalMutator_EQUAL_IF,parseStatementNode,101,TIMED_OUT,none
XMLStatementBuilder.java,org.apache.ibatis.builder.xml.XMLStatementBuilder,org.pitest.mutationtest.engine.gregor.mutators.RemoveConditionalMutator_EQUAL_IF,parseStatementNode,105,TIMED_OUT,none
XMLStatementBuilder.java,org.apache.ibatis.builder.xml.XMLStatementBuilder,org.pitest.mutationtest.engine.gregor.mutators.VoidMethodCallMutator,parseStatementNode,91,TIMED_OUT,none
XMLStatementBuilder.java,org.apache.ibatis.builder.xml.XMLStatementBuilder,org.pitest.mutationtest.engine.gregor.mutators.NonVoidMethodCallMutator,processSelectKeyNodes,116,TIMED_OUT,none
XMLStatementBuilder.java,org.apache.ibatis.builder.xml.XMLStatementBuilder,org.pitest.mutationtest.engine.gregor.mutators.NonVoidMethodCallMutator,processSelectKeyNodes,117,TIMED_OUT,none
XMLStatementBuilder.java,org.apache.ibatis.builder.xml.XMLStatementBuilder,org.pitest.mutationtest.engine.gregor.mutators.RemoveConditionalMutator_EQUAL_ELSE,processSelectKeyNodes,117,TIMED_OUT,none
XMLStatementBuilder.java,org.apache.ibatis.builder.xml.XMLStatementBuilder,org.pitest.mutationtest.engine.gregor.mutators.RemoveConditionalMutator_EQUAL_IF,processSelectKeyNodes,117,TIMED_OUT,none
XMLStatementBuilder.java,org.apache.ibatis.builder.xml.XMLStatementBuilder,org.pitest.mutationtest.engine.gregor.mutators.VoidMethodCallMutator,processSelectKeyNodes,120,TIMED_OUT,none
XMLStatementBuilder.java,org.apache.ibatis.builder.xml.XMLStatementBuilder,org.pitest.mutationtest.engine.gregor.mutators.VoidMethodCallMutator,processSelectKeyNodes,121,TIMED_OUT,none
XMLStatementBuilder.java,org.apache.ibatis.builder.xml.XMLStatementBuilder,org.pitest.mutationtest.engine.gregor.mutators.NegateConditionalsMutator,removeSelectKeyNodes,168,TIMED_OUT,none
XMLStatementBuilder.java,org.apache.ibatis.builder.xml.XMLStatementBuilder,org.pitest.mutationtest.engine.gregor.mutators.NonVoidMethodCallMutator,removeSelectKeyNodes,168,TIMED_OUT,none
XMLStatementBuilder.java,org.apache.ibatis.builder.xml.XMLStatementBuilder,org.pitest.mutationtest.engine.gregor.mutators.NonVoidMethodCallMutator,removeSelectKeyNodes,168,TIMED_OUT,none
XMLStatementBuilder.java,org.apache.ibatis.builder.xml.XMLStatementBuilder,org.pitest.mutationtest.engine.gregor.mutators.RemoveConditionalMutator_EQUAL_ELSE,removeSelectKeyNodes,168,TIMED_OUT,none
XMLStatementBuilder.java,org.apache.ibatis.builder.xml.XMLStatementBuilder,org.pitest.mutationtest.engine.gregor.mutators.RemoveConditionalMutator_EQUAL_IF,removeSelectKeyNodes,168,TIMED_OUT,none
CacheKey.java,org.apache.ibatis.cache.CacheKey,org.pitest.mutationtest.engine.gregor.mutators.ConstructorCallMutator,<init>,45,TIMED_OUT,none
CacheKey.java,org.apache.ibatis.cache.CacheKey,org.pitest.mutationtest.engine.gregor.mutators.InlineConstantMutator,<init>,42,TIMED_OUT,none
CacheKey.java,org.apache.ibatis.cache.CacheKey,org.pitest.mutationtest.engine.gregor.mutators.InlineConstantMutator,<init>,43,TIMED_OUT,none
CacheKey.java,org.apache.ibatis.cache.CacheKey,org.pitest.mutationtest.engine.gregor.mutators.experimental.MemberVariableMutator,<init>,42,TIMED_OUT,none
CacheKey.java,org.apache.ibatis.cache.CacheKey,org.pitest.mutationtest.engine.gregor.mutators.experimental.MemberVariableMutator,<init>,43,TIMED_OUT,none
CacheKey.java,org.apache.ibatis.cache.CacheKey,org.pitest.mutationtest.engine.gregor.mutators.experimental.MemberVariableMutator,<init>,45,TIMED_OUT,none
CacheKey.java,org.apache.ibatis.cache.CacheKey,org.pitest.mutationtest.engine.gregor.mutators.InlineConstantMutator,doUpdate,72,TIMED_OUT,none
CacheKey.java,org.apache.ibatis.cache.CacheKey,org.pitest.mutationtest.engine.gregor.mutators.MathMutator,doUpdate,72,TIMED_OUT,none
CacheKey.java,org.apache.ibatis.cache.CacheKey,org.pitest.mutationtest.engine.gregor.mutators.MathMutator,doUpdate,73,TIMED_OUT,none
CacheKey.java,org.apache.ibatis.cache.CacheKey,org.pitest.mutationtest.engine.gregor.mutators.MathMutator,doUpdate,74,TIMED_OUT,none
CacheKey.java,org.apache.ibatis.cache.CacheKey,org.pitest.mutationtest.engine.gregor.mutators.MathMutator,doUpdate,76,TIMED_OUT,none
CacheKey.java,org.apache.ibatis.cache.CacheKey,org.pitest.mutationtest.engine.gregor.mutators.MathMutator,doUpdate,76,TIMED_OUT,none
CacheKey.java,org.apache.ibatis.cache.CacheKey,org.pitest.mutationtest.engine.gregor.mutators.NegateConditionalsMutator,doUpdate,70,TIMED_OUT,none
CacheKey.java,org.apache.ibatis.cache.CacheKey,org.pitest.mutationtest.engine.gregor.mutators.NonVoidMethodCallMutator,doUpdate,70,TIMED_OUT,none
CacheKey.java,org.apache.ibatis.cache.CacheKey,org.pitest.mutationtest.engine.gregor.mutators.RemoveConditionalMutator_EQUAL_ELSE,doUpdate,70,TIMED_OUT,none
CacheKey.java,org.apache.ibatis.cache.CacheKey,org.pitest.mutationtest.engine.gregor.mutators.RemoveConditionalMutator_EQUAL_IF,doUpdate,70,TIMED_OUT,none
CacheKey.java,org.apache.ibatis.cache.CacheKey,org.pitest.mutationtest.engine.gregor.mutators.experimental.MemberVariableMutator,doUpdate,73,TIMED_OUT,none
CacheKey.java,org.apache.ibatis.cache.CacheKey,org.pitest.mutationtest.engine.gregor.mutators.experimental.MemberVariableMutator,doUpdate,76,TIMED_OUT,none
CacheKey.java,org.apache.ibatis.cache.CacheKey,org.pitest.mutationtest.engine.gregor.mutators.ConditionalsBoundaryMutator,equals,108,TIMED_OUT,none
CacheKey.java,org.apache.ibatis.cache.CacheKey,org.pitest.mutationtest.engine.gregor.mutators.IncrementsMutator,equals,108,TIMED_OUT,none
CacheKey.java,org.apache.ibatis.cache.CacheKey,org.pitest.mutationtest.engine.gregor.mutators.InlineConstantMutator,equals,121,TIMED_OUT,none
CacheKey.java,org.apache.ibatis.cache.CacheKey,org.pitest.mutationtest.engine.gregor.mutators.NegateConditionalsMutator,equals,89,TIMED_OUT,none
CacheKey.java,org.apache.ibatis.cache.CacheKey,org.pitest.mutationtest.engine.gregor.mutators.NegateConditionalsMutator,equals,92,TIMED_OUT,none
CacheKey.java,org.apache.ibatis.cache.CacheKey,org.pitest.mutationtest.engine.gregor.mutators.NegateConditionalsMutator,equals,98,TIMED_OUT,none
CacheKey.java,org.apache.ibatis.cache.CacheKey,org.pitest.mutationtest.engine.gregor.mutators.NegateConditionalsMutator,equals,101,TIMED_OUT,none
CacheKey.java,org.apache.ibatis.cache.CacheKey,org.pitest.mutationtest.engine.gregor.mutators.NegateConditionalsMutator,equals,104,TIMED_OUT,none
CacheKey.java,org.apache.ibatis.cache.CacheKey,org.pitest.mutationtest.engine.gregor.mutators.NonVoidMethodCallMutator,equals,108,TIMED_OUT,none
CacheKey.java,org.apache.ibatis.cache.CacheKey,org.pitest.mutationtest.engine.gregor.mutators.NonVoidMethodCallMutator,equals,109,TIMED_OUT,none
CacheKey.java,org.apache.ibatis.cache.CacheKey,org.pitest.mutationtest.engine.gregor.mutators.NonVoidMethodCallMutator,equals,116,TIMED_OUT,none
CacheKey.java,org.apache.ibatis.cache.CacheKey,org.pitest.mutationtest.engine.gregor.mutators.RemoveConditionalMutator_EQUAL_ELSE,equals,89,TIMED_OUT,none
CacheKey.java,org.apache.ibatis.cache.CacheKey,org.pitest.mutationtest.engine.gregor.mutators.RemoveConditionalMutator_EQUAL_ELSE,equals,92,TIMED_OUT,none
CacheKey.java,org.apache.ibatis.cache.CacheKey,org.pitest.mutationtest.engine.gregor.mutators.RemoveConditionalMutator_EQUAL_ELSE,equals,98,TIMED_OUT,none
CacheKey.java,org.apache.ibatis.cache.CacheKey,org.pitest.mutationtest.engine.gregor.mutators.RemoveConditionalMutator_EQUAL_ELSE,equals,101,TIMED_OUT,none
CacheKey.java,org.apache.ibatis.cache.CacheKey,org.pitest.mutationtest.engine.gregor.mutators.RemoveConditionalMutator_EQUAL_ELSE,equals,111,TIMED_OUT,none
CacheKey.java,org.apache.ibatis.cache.CacheKey,org.pitest.mutationtest.engine.gregor.mutators.RemoveConditionalMutator_EQUAL_IF,equals,92,TIMED_OUT,none
CacheKey.java,org.apache.ibatis.cache.CacheKey,org.pitest.mutationtest.engine.gregor.mutators.RemoveConditionalMutator_EQUAL_IF,equals,98,TIMED_OUT,none
CacheKey.java,org.apache.ibatis.cache.CacheKey,org.pitest.mutationtest.engine.gregor.mutators.RemoveConditionalMutator_EQUAL_IF,equals,111,TIMED_OUT,none
CacheKey.java,org.apache.ibatis.cache.CacheKey,org.pitest.mutationtest.engine.gregor.mutators.RemoveConditionalMutator_EQUAL_IF,equals,116,TIMED_OUT,none
CacheKey.java,org.apache.ibatis.cache.CacheKey,org.pitest.mutationtest.engine.gregor.mutators.RemoveConditionalMutator_ORDER_ELSE,equals,108,TIMED_OUT,none
CacheKey.java,org.apache.ibatis.cache.CacheKey,org.pitest.mutationtest.engine.gregor.mutators.experimental.RemoveIncrementsMutator,equals,108,TIMED_OUT,none
CacheKey.java,org.apache.ibatis.cache.CacheKey,org.pitest.mutationtest.engine.gregor.mutators.NonVoidMethodCallMutator,toString,132,TIMED_OUT,none
CacheKey.java,org.apache.ibatis.cache.CacheKey,org.pitest.mutationtest.engine.gregor.mutators.NonVoidMethodCallMutator,update,58,TIMED_OUT,none
CacheKey.java,org.apache.ibatis.cache.CacheKey,org.pitest.mutationtest.engine.gregor.mutators.NonVoidMethodCallMutator,update,58,TIMED_OUT,none
CacheKey.java,org.apache.ibatis.cache.CacheKey,org.pitest.mutationtest.engine.gregor.mutators.RemoveConditionalMutator_EQUAL_IF,update,58,TIMED_OUT,none
CacheKey.java,org.apache.ibatis.cache.CacheKey,org.pitest.mutationtest.engine.gregor.mutators.experimental.RemoveIncrementsMutator,update,60,TIMED_OUT,none
CacheKey.java,org.apache.ibatis.cache.CacheKey,org.pitest.mutationtest.engine.gregor.mutators.experimental.RemoveIncrementsMutator,updateAll,82,TIMED_OUT,none
TransactionalCacheManager.java,org.apache.ibatis.cache.TransactionalCacheManager,org.pitest.mutationtest.engine.gregor.mutators.experimental.MemberVariableMutator,<init>,28,TIMED_OUT,none
TransactionalCacheManager.java,org.apache.ibatis.cache.TransactionalCacheManager,org.pitest.mutationtest.engine.gregor.mutators.NegateConditionalsMutator,commit,43,TIMED_OUT,none
TransactionalCacheManager.java,org.apache.ibatis.cache.TransactionalCacheManager,org.pitest.mutationtest.engine.gregor.mutators.NonVoidMethodCallMutator,commit,43,TIMED_OUT,none
TransactionalCacheManager.java,org.apache.ibatis.cache.TransactionalCacheManager,org.pitest.mutationtest.engine.gregor.mutators.NonVoidMethodCallMutator,commit,43,TIMED_OUT,none
TransactionalCacheManager.java,org.apache.ibatis.cache.TransactionalCacheManager,org.pitest.mutationtest.engine.gregor.mutators.NonVoidMethodCallMutator,commit,43,TIMED_OUT,none
TransactionalCacheManager.java,org.apache.ibatis.cache.TransactionalCacheManager,org.pitest.mutationtest.engine.gregor.mutators.RemoveConditionalMutator_EQUAL_ELSE,commit,43,TIMED_OUT,none
TransactionalCacheManager.java,org.apache.ibatis.cache.TransactionalCacheManager,org.pitest.mutationtest.engine.gregor.mutators.VoidMethodCallMutator,commit,44,TIMED_OUT,none
TransactionalCacheManager.java,org.apache.ibatis.cache.TransactionalCacheManager,org.pitest.mutationtest.engine.gregor.mutators.ArgumentPropagationMutator,getTransactionalCache,58,TIMED_OUT,none
TransactionalCacheManager.java,org.apache.ibatis.cache.TransactionalCacheManager,org.pitest.mutationtest.engine.gregor.mutators.NonVoidMethodCallMutator,getTransactionalCache,58,TIMED_OUT,none
TransactionalCacheManager.java,org.apache.ibatis.cache.TransactionalCacheManager,org.pitest.mutationtest.engine.gregor.mutators.NegateConditionalsMutator,rollback,49,TIMED_OUT,none
TransactionalCacheManager.java,org.apache.ibatis.cache.TransactionalCacheManager,org.pitest.mutationtest.engine.gregor.mutators.NonVoidMethodCallMutator,rollback,49,TIMED_OUT,none
TransactionalCacheManager.java,org.apache.ibatis.cache.TransactionalCacheManager,org.pitest.mutationtest.engine.gregor.mutators.NonVoidMethodCallMutator,rollback,49,TIMED_OUT,none
TransactionalCacheManager.java,org.apache.ibatis.cache.TransactionalCacheManager,org.pitest.mutationtest.engine.gregor.mutators.RemoveConditionalMutator_EQUAL_IF,rollback,49,TIMED_OUT,none
BlockingCache.java,org.apache.ibatis.cache.decorators.BlockingCache,org.pitest.mutationtest.engine.gregor.mutators.ReturnValsMutator,getObject,74,TIMED_OUT,none
BlockingCache.java,org.apache.ibatis.cache.decorators.BlockingCache,org.pitest.mutationtest.engine.gregor.mutators.VoidMethodCallMutator,putObject,63,TIMED_OUT,none
BlockingCache.java,org.apache.ibatis.cache.decorators.BlockingCache,org.pitest.mutationtest.engine.gregor.mutators.ArgumentPropagationMutator,releaseLock,117,TIMED_OUT,none
BlockingCache.java,org.apache.ibatis.cache.decorators.BlockingCache,org.pitest.mutationtest.engine.gregor.mutators.NegateConditionalsMutator,releaseLock,118,TIMED_OUT,none
BlockingCache.java,org.apache.ibatis.cache.decorators.BlockingCache,org.pitest.mutationtest.engine.gregor.mutators.NonVoidMethodCallMutator,releaseLock,117,TIMED_OUT,none
BlockingCache.java,org.apache.ibatis.cache.decorators.BlockingCache,org.pitest.mutationtest.engine.gregor.mutators.NonVoidMethodCallMutator,releaseLock,118,TIMED_OUT,none
BlockingCache.java,org.apache.ibatis.cache.decorators.BlockingCache,org.pitest.mutationtest.engine.gregor.mutators.RemoveConditionalMutator_EQUAL_ELSE,releaseLock,118,TIMED_OUT,none
BlockingCache.java,org.apache.ibatis.cache.decorators.BlockingCache,org.pitest.mutationtest.engine.gregor.mutators.VoidMethodCallMutator,releaseLock,119,TIMED_OUT,none
LoggingCache.java,org.apache.ibatis.cache.decorators.LoggingCache,org.pitest.mutationtest.engine.gregor.mutators.InlineConstantMutator,<init>,31,TIMED_OUT,none
LoggingCache.java,org.apache.ibatis.cache.decorators.LoggingCache,org.pitest.mutationtest.engine.gregor.mutators.InlineConstantMutator,<init>,32,TIMED_OUT,none
LoggingCache.java,org.apache.ibatis.cache.decorators.LoggingCache,org.pitest.mutationtest.engine.gregor.mutators.NonVoidMethodCallMutator,<init>,36,TIMED_OUT,none
LoggingCache.java,org.apache.ibatis.cache.decorators.LoggingCache,org.pitest.mutationtest.engine.gregor.mutators.NonVoidMethodCallMutator,<init>,36,TIMED_OUT,none
LoggingCache.java,org.apache.ibatis.cache.decorators.LoggingCache,org.pitest.mutationtest.engine.gregor.mutators.experimental.MemberVariableMutator,<init>,31,TIMED_OUT,none
LoggingCache.java,org.apache.ibatis.cache.decorators.LoggingCache,org.pitest.mutationtest.engine.gregor.mutators.experimental.MemberVariableMutator,<init>,32,TIMED_OUT,none
LoggingCache.java,org.apache.ibatis.cache.decorators.LoggingCache,org.pitest.mutationtest.engine.gregor.mutators.experimental.MemberVariableMutator,<init>,35,TIMED_OUT,none
LoggingCache.java,org.apache.ibatis.cache.decorators.LoggingCache,org.pitest.mutationtest.engine.gregor.mutators.experimental.MemberVariableMutator,<init>,36,TIMED_OUT,none
LoggingCache.java,org.apache.ibatis.cache.decorators.LoggingCache,org.pitest.mutationtest.engine.gregor.mutators.NonVoidMethodCallMutator,getId,41,TIMED_OUT,none
LoggingCache.java,org.apache.ibatis.cache.decorators.LoggingCache,org.pitest.mutationtest.engine.gregor.mutators.ReturnValsMutator,getId,41,TIMED_OUT,none
LoggingCache.java,org.apache.ibatis.cache.decorators.LoggingCache,org.pitest.mutationtest.engine.gregor.mutators.ReturnValsMutator,getObject,64,TIMED_OUT,none
LruCache.java,org.apache.ibatis.cache.decorators.LruCache,org.pitest.mutationtest.engine.gregor.mutators.ArgumentPropagationMutator,getObject,74,TIMED_OUT,none
LruCache.java,org.apache.ibatis.cache.decorators.LruCache,org.pitest.mutationtest.engine.gregor.mutators.ReturnValsMutator,getObject,74,TIMED_OUT,none
LruCache.java,org.apache.ibatis.cache.decorators.LruCache,org.pitest.mutationtest.engine.gregor.mutators.ConstructorCallMutator,setSize,51,TIMED_OUT,none
LruCache.java,org.apache.ibatis.cache.decorators.LruCache,org.pitest.mutationtest.engine.gregor.mutators.experimental.MemberVariableMutator,setSize,51,TIMED_OUT,none
LruCache.java,org.apache.ibatis.cache.decorators.LruCache$1,org.pitest.mutationtest.engine.gregor.mutators.experimental.MemberVariableMutator,<init>,51,TIMED_OUT,none
SerializedCache.java,org.apache.ibatis.cache.decorators.SerializedCache,org.pitest.mutationtest.engine.gregor.mutators.ArgumentPropagationMutator,getObject,64,TIMED_OUT,none
SerializedCache.java,org.apache.ibatis.cache.decorators.SerializedCache,org.pitest.mutationtest.engine.gregor.mutators.NegateConditionalsMutator,getObject,65,TIMED_OUT,none
SerializedCache.java,org.apache.ibatis.cache.decorators.SerializedCache,org.pitest.mutationtest.engine.gregor.mutators.RemoveConditionalMutator_EQUAL_ELSE,getObject,65,TIMED_OUT,none
SerializedCache.java,org.apache.ibatis.cache.decorators.SerializedCache,org.pitest.mutationtest.engine.gregor.mutators.ReturnValsMutator,getObject,65,TIMED_OUT,none
SynchronizedCache.java,org.apache.ibatis.cache.decorators.SynchronizedCache,org.pitest.mutationtest.engine.gregor.mutators.experimental.MemberVariableMutator,<init>,30,TIMED_OUT,none
SynchronizedCache.java,org.apache.ibatis.cache.decorators.SynchronizedCache,org.pitest.mutationtest.engine.gregor.mutators.ReturnValsMutator,getObject,50,TIMED_OUT,none
TransactionalCache.java,org.apache.ibatis.cache.decorators.TransactionalCache,org.pitest.mutationtest.engine.gregor.mutators.ConstructorCallMutator,<init>,51,TIMED_OUT,none
TransactionalCache.java,org.apache.ibatis.cache.decorators.TransactionalCache,org.pitest.mutationtest.engine.gregor.mutators.ConstructorCallMutator,<init>,52,TIMED_OUT,none
TransactionalCache.java,org.apache.ibatis.cache.decorators.TransactionalCache,org.pitest.mutationtest.engine.gregor.mutators.experimental.MemberVariableMutator,<init>,51,TIMED_OUT,none
TransactionalCache.java,org.apache.ibatis.cache.decorators.TransactionalCache,org.pitest.mutationtest.engine.gregor.mutators.experimental.MemberVariableMutator,<init>,52,TIMED_OUT,none
TransactionalCache.java,org.apache.ibatis.cache.decorators.TransactionalCache,org.pitest.mutationtest.engine.gregor.mutators.VoidMethodCallMutator,commit,105,TIMED_OUT,none
TransactionalCache.java,org.apache.ibatis.cache.decorators.TransactionalCache,org.pitest.mutationtest.engine.gregor.mutators.VoidMethodCallMutator,commit,106,TIMED_OUT,none
TransactionalCache.java,org.apache.ibatis.cache.decorators.TransactionalCache,org.pitest.mutationtest.engine.gregor.mutators.NegateConditionalsMutator,flushPendingEntries,121,TIMED_OUT,none
TransactionalCache.java,org.apache.ibatis.cache.decorators.TransactionalCache,org.pitest.mutationtest.engine.gregor.mutators.NonVoidMethodCallMutator,flushPendingEntries,121,TIMED_OUT,none
TransactionalCache.java,org.apache.ibatis.cache.decorators.TransactionalCache,org.pitest.mutationtest.engine.gregor.mutators.NonVoidMethodCallMutator,flushPendingEntries,121,TIMED_OUT,none
TransactionalCache.java,org.apache.ibatis.cache.decorators.TransactionalCache,org.pitest.mutationtest.engine.gregor.mutators.NonVoidMethodCallMutator,flushPendingEntries,121,TIMED_OUT,none
TransactionalCache.java,org.apache.ibatis.cache.decorators.TransactionalCache,org.pitest.mutationtest.engine.gregor.mutators.NonVoidMethodCallMutator,flushPendingEntries,121,TIMED_OUT,none
TransactionalCache.java,org.apache.ibatis.cache.decorators.TransactionalCache,org.pitest.mutationtest.engine.gregor.mutators.NonVoidMethodCallMutator,flushPendingEntries,122,TIMED_OUT,none
TransactionalCache.java,org.apache.ibatis.cache.decorators.TransactionalCache,org.pitest.mutationtest.engine.gregor.mutators.NonVoidMethodCallMutator,flushPendingEntries,124,TIMED_OUT,none
TransactionalCache.java,org.apache.ibatis.cache.decorators.TransactionalCache,org.pitest.mutationtest.engine.gregor.mutators.RemoveConditionalMutator_EQUAL_ELSE,flushPendingEntries,121,TIMED_OUT,none
TransactionalCache.java,org.apache.ibatis.cache.decorators.TransactionalCache,org.pitest.mutationtest.engine.gregor.mutators.VoidMethodCallMutator,flushPendingEntries,122,TIMED_OUT,none
TransactionalCache.java,org.apache.ibatis.cache.decorators.TransactionalCache,org.pitest.mutationtest.engine.gregor.mutators.VoidMethodCallMutator,reset,116,TIMED_OUT,none
TransactionalCache.java,org.apache.ibatis.cache.decorators.TransactionalCache,org.pitest.mutationtest.engine.gregor.mutators.NonVoidMethodCallMutator,unlockMissedEntries,132,TIMED_OUT,none
WeakCache.java,org.apache.ibatis.cache.decorators.WeakCache,org.pitest.mutationtest.engine.gregor.mutators.ArgumentPropagationMutator,removeGarbageCollectedItems,106,TIMED_OUT,none
WeakCache.java,org.apache.ibatis.cache.decorators.WeakCache,org.pitest.mutationtest.engine.gregor.mutators.NonVoidMethodCallMutator,removeGarbageCollectedItems,105,TIMED_OUT,none
WeakCache.java,org.apache.ibatis.cache.decorators.WeakCache,org.pitest.mutationtest.engine.gregor.mutators.NonVoidMethodCallMutator,removeGarbageCollectedItems,106,TIMED_OUT,none
WeakCache.java,org.apache.ibatis.cache.decorators.WeakCache,org.pitest.mutationtest.engine.gregor.mutators.NonVoidMethodCallMutator,removeGarbageCollectedItems,106,TIMED_OUT,none
WeakCache.java,org.apache.ibatis.cache.decorators.WeakCache,org.pitest.mutationtest.engine.gregor.mutators.RemoveConditionalMutator_EQUAL_ELSE,removeGarbageCollectedItems,105,TIMED_OUT,none
WeakCache.java,org.apache.ibatis.cache.decorators.WeakCache$WeakEntry,org.pitest.mutationtest.engine.gregor.mutators.experimental.MemberVariableMutator,<init>,115,TIMED_OUT,none
PerpetualCache.java,org.apache.ibatis.cache.impl.PerpetualCache,org.pitest.mutationtest.engine.gregor.mutators.ConstructorCallMutator,<init>,32,TIMED_OUT,none
PerpetualCache.java,org.apache.ibatis.cache.impl.PerpetualCache,org.pitest.mutationtest.engine.gregor.mutators.experimental.MemberVariableMutator,<init>,32,TIMED_OUT,none
PerpetualCache.java,org.apache.ibatis.cache.impl.PerpetualCache,org.pitest.mutationtest.engine.gregor.mutators.ArgumentPropagationMutator,getObject,55,TIMED_OUT,none
PerpetualCache.java,org.apache.ibatis.cache.impl.PerpetualCache,org.pitest.mutationtest.engine.gregor.mutators.NonVoidMethodCallMutator,getObject,55,TIMED_OUT,none
PerpetualCache.java,org.apache.ibatis.cache.impl.PerpetualCache,org.pitest.mutationtest.engine.gregor.mutators.ReturnValsMutator,getObject,55,TIMED_OUT,none
PerpetualCache.java,org.apache.ibatis.cache.impl.PerpetualCache,org.pitest.mutationtest.engine.gregor.mutators.ArgumentPropagationMutator,putObject,50,TIMED_OUT,none
PerpetualCache.java,org.apache.ibatis.cache.impl.PerpetualCache,org.pitest.mutationtest.engine.gregor.mutators.NonVoidMethodCallMutator,putObject,50,TIMED_OUT,none
PerpetualCache.java,org.apache.ibatis.cache.impl.PerpetualCache,org.pitest.mutationtest.engine.gregor.mutators.NonVoidMethodCallMutator,removeObject,60,TIMED_OUT,none
DefaultCursor.java,org.apache.ibatis.cursor.defaults.DefaultCursor,org.pitest.mutationtest.engine.gregor.mutators.ArgumentPropagationMutator,fetchNextObjectFromDatabase,155,TIMED_OUT,none
DefaultCursor.java,org.apache.ibatis.cursor.defaults.DefaultCursor,org.pitest.mutationtest.engine.gregor.mutators.NonVoidMethodCallMutator,fetchNextObjectFromDatabase,155,TIMED_OUT,none
DefaultCursor.java,org.apache.ibatis.cursor.defaults.DefaultCursor,org.pitest.mutationtest.engine.gregor.mutators.RemoveConditionalMutator_EQUAL_IF,fetchNextUsingRowBound,128,TIMED_OUT,none
DefaultCursor.java,org.apache.ibatis.cursor.defaults.DefaultCursor$CursorIterator,org.pitest.mutationtest.engine.gregor.mutators.experimental.MemberVariableMutator,next,209,TIMED_OUT,none
PooledDataSource.java,org.apache.ibatis.datasource.pooled.PooledDataSource,org.pitest.mutationtest.engine.gregor.mutators.IncrementsMutator,forceCloseAll,286,TIMED_OUT,none
PooledDataSource.java,org.apache.ibatis.datasource.pooled.PooledDataSource,org.pitest.mutationtest.engine.gregor.mutators.IncrementsMutator,forceCloseAll,300,TIMED_OUT,none
PooledDataSource.java,org.apache.ibatis.datasource.pooled.PooledDataSource,org.pitest.mutationtest.engine.gregor.mutators.NegateConditionalsMutator,forceCloseAll,286,TIMED_OUT,none
PooledDataSource.java,org.apache.ibatis.datasource.pooled.PooledDataSource,org.pitest.mutationtest.engine.gregor.mutators.NegateConditionalsMutator,forceCloseAll,300,TIMED_OUT,none
PooledDataSource.java,org.apache.ibatis.datasource.pooled.PooledDataSource,org.pitest.mutationtest.engine.gregor.mutators.RemoveConditionalMutator_ORDER_IF,forceCloseAll,286,TIMED_OUT,none
PooledDataSource.java,org.apache.ibatis.datasource.pooled.PooledDataSource,org.pitest.mutationtest.engine.gregor.mutators.RemoveConditionalMutator_ORDER_IF,forceCloseAll,300,TIMED_OUT,none
PooledDataSource.java,org.apache.ibatis.datasource.pooled.PooledDataSource,org.pitest.mutationtest.engine.gregor.mutators.experimental.RemoveIncrementsMutator,forceCloseAll,286,TIMED_OUT,none
PooledDataSource.java,org.apache.ibatis.datasource.pooled.PooledDataSource,org.pitest.mutationtest.engine.gregor.mutators.experimental.RemoveIncrementsMutator,forceCloseAll,300,TIMED_OUT,none
PooledDataSource.java,org.apache.ibatis.datasource.pooled.PooledDataSource,org.pitest.mutationtest.engine.gregor.mutators.ConstructorCallMutator,popConnection,385,TIMED_OUT,none
PooledDataSource.java,org.apache.ibatis.datasource.pooled.PooledDataSource,org.pitest.mutationtest.engine.gregor.mutators.RemoveConditionalMutator_EQUAL_IF,popConnection,373,TIMED_OUT,none
UnpooledDataSource.java,org.apache.ibatis.datasource.unpooled.UnpooledDataSource,org.pitest.mutationtest.engine.gregor.mutators.NegateConditionalsMutator,configureConnection,227,TIMED_OUT,none
UnpooledDataSource.java,org.apache.ibatis.datasource.unpooled.UnpooledDataSource,org.pitest.mutationtest.engine.gregor.mutators.NegateConditionalsMutator,configureConnection,230,TIMED_OUT,none
UnpooledDataSource.java,org.apache.ibatis.datasource.unpooled.UnpooledDataSource,org.pitest.mutationtest.engine.gregor.mutators.NonVoidMethodCallMutator,configureConnection,227,TIMED_OUT,none
UnpooledDataSource.java,org.apache.ibatis.datasource.unpooled.UnpooledDataSource,org.pitest.mutationtest.engine.gregor.mutators.ConstructorCallMutator,doGetConnection,186,TIMED_OUT,none
UnpooledDataSource.java,org.apache.ibatis.datasource.unpooled.UnpooledDataSource,org.pitest.mutationtest.engine.gregor.mutators.NegateConditionalsMutator,doGetConnection,187,TIMED_OUT,none
UnpooledDataSource.java,org.apache.ibatis.datasource.unpooled.UnpooledDataSource,org.pitest.mutationtest.engine.gregor.mutators.NegateConditionalsMutator,doGetConnection,190,TIMED_OUT,none
UnpooledDataSource.java,org.apache.ibatis.datasource.unpooled.UnpooledDataSource,org.pitest.mutationtest.engine.gregor.mutators.NegateConditionalsMutator,doGetConnection,193,TIMED_OUT,none
UnpooledDataSource.java,org.apache.ibatis.datasource.unpooled.UnpooledDataSource,org.pitest.mutationtest.engine.gregor.mutators.NonVoidMethodCallMutator,doGetConnection,191,TIMED_OUT,none
UnpooledDataSource.java,org.apache.ibatis.datasource.unpooled.UnpooledDataSource,org.pitest.mutationtest.engine.gregor.mutators.RemoveConditionalMutator_EQUAL_ELSE,doGetConnection,187,TIMED_OUT,none
UnpooledDataSource.java,org.apache.ibatis.datasource.unpooled.UnpooledDataSource,org.pitest.mutationtest.engine.gregor.mutators.RemoveConditionalMutator_EQUAL_ELSE,doGetConnection,190,TIMED_OUT,none
UnpooledDataSource.java,org.apache.ibatis.datasource.unpooled.UnpooledDataSource,org.pitest.mutationtest.engine.gregor.mutators.RemoveConditionalMutator_EQUAL_IF,doGetConnection,193,TIMED_OUT,none
UnpooledDataSource.java,org.apache.ibatis.datasource.unpooled.UnpooledDataSource,org.pitest.mutationtest.engine.gregor.mutators.ReturnValsMutator,doGetConnection,196,TIMED_OUT,none
UnpooledDataSource.java,org.apache.ibatis.datasource.unpooled.UnpooledDataSource,org.pitest.mutationtest.engine.gregor.mutators.NonVoidMethodCallMutator,doGetConnection,201,TIMED_OUT,none
UnpooledDataSource.java,org.apache.ibatis.datasource.unpooled.UnpooledDataSource,org.pitest.mutationtest.engine.gregor.mutators.VoidMethodCallMutator,doGetConnection,202,TIMED_OUT,none
UnpooledDataSource.java,org.apache.ibatis.datasource.unpooled.UnpooledDataSource,org.pitest.mutationtest.engine.gregor.mutators.NonVoidMethodCallMutator,getConnection,93,TIMED_OUT,none
UnpooledDataSource.java,org.apache.ibatis.datasource.unpooled.UnpooledDataSource,org.pitest.mutationtest.engine.gregor.mutators.ReturnValsMutator,getConnection,93,TIMED_OUT,none
UnpooledDataSource.java,org.apache.ibatis.datasource.unpooled.UnpooledDataSource,org.pitest.mutationtest.engine.gregor.mutators.ArgumentPropagationMutator,initializeDriver,219,TIMED_OUT,none
UnpooledDataSource.java,org.apache.ibatis.datasource.unpooled.UnpooledDataSource,org.pitest.mutationtest.engine.gregor.mutators.NegateConditionalsMutator,initializeDriver,207,TIMED_OUT,none
UnpooledDataSource.java,org.apache.ibatis.datasource.unpooled.UnpooledDataSource,org.pitest.mutationtest.engine.gregor.mutators.NonVoidMethodCallMutator,initializeDriver,213,TIMED_OUT,none
UnpooledDataSource.java,org.apache.ibatis.datasource.unpooled.UnpooledDataSource,org.pitest.mutationtest.engine.gregor.mutators.NonVoidMethodCallMutator,initializeDriver,219,TIMED_OUT,none
UnpooledDataSource.java,org.apache.ibatis.datasource.unpooled.UnpooledDataSource,org.pitest.mutationtest.engine.gregor.mutators.RemoveConditionalMutator_EQUAL_ELSE,initializeDriver,210,TIMED_OUT,none
UnpooledDataSource.java,org.apache.ibatis.datasource.unpooled.UnpooledDataSource,org.pitest.mutationtest.engine.gregor.mutators.RemoveConditionalMutator_EQUAL_IF,initializeDriver,207,TIMED_OUT,none
UnpooledDataSource.java,org.apache.ibatis.datasource.unpooled.UnpooledDataSource,org.pitest.mutationtest.engine.gregor.mutators.RemoveConditionalMutator_EQUAL_IF,initializeDriver,210,TIMED_OUT,none
UnpooledDataSource.java,org.apache.ibatis.datasource.unpooled.UnpooledDataSource,org.pitest.mutationtest.engine.gregor.mutators.VoidMethodCallMutator,initializeDriver,218,TIMED_OUT,none
UnpooledDataSource.java,org.apache.ibatis.datasource.unpooled.UnpooledDataSource,org.pitest.mutationtest.engine.gregor.mutators.experimental.MemberVariableMutator,setDriver,142,TIMED_OUT,none
UnpooledDataSource.java,org.apache.ibatis.datasource.unpooled.UnpooledDataSource,org.pitest.mutationtest.engine.gregor.mutators.experimental.MemberVariableMutator,setUsername,158,TIMED_OUT,none
UnpooledDataSourceFactory.java,org.apache.ibatis.datasource.unpooled.UnpooledDataSourceFactory,org.pitest.mutationtest.engine.gregor.mutators.ConstructorCallMutator,<init>,38,TIMED_OUT,none
UnpooledDataSourceFactory.java,org.apache.ibatis.datasource.unpooled.UnpooledDataSourceFactory,org.pitest.mutationtest.engine.gregor.mutators.experimental.MemberVariableMutator,<init>,38,TIMED_OUT,none
UnpooledDataSourceFactory.java,org.apache.ibatis.datasource.unpooled.UnpooledDataSourceFactory,org.pitest.mutationtest.engine.gregor.mutators.NegateConditionalsMutator,convertValue,71,TIMED_OUT,none
UnpooledDataSourceFactory.java,org.apache.ibatis.datasource.unpooled.UnpooledDataSourceFactory,org.pitest.mutationtest.engine.gregor.mutators.NegateConditionalsMutator,convertValue,71,TIMED_OUT,none
UnpooledDataSourceFactory.java,org.apache.ibatis.datasource.unpooled.UnpooledDataSourceFactory,org.pitest.mutationtest.engine.gregor.mutators.NegateConditionalsMutator,convertValue,73,TIMED_OUT,none
UnpooledDataSourceFactory.java,org.apache.ibatis.datasource.unpooled.UnpooledDataSourceFactory,org.pitest.mutationtest.engine.gregor.mutators.NegateConditionalsMutator,convertValue,73,TIMED_OUT,none
UnpooledDataSourceFactory.java,org.apache.ibatis.datasource.unpooled.UnpooledDataSourceFactory,org.pitest.mutationtest.engine.gregor.mutators.NegateConditionalsMutator,convertValue,75,TIMED_OUT,none
UnpooledDataSourceFactory.java,org.apache.ibatis.datasource.unpooled.UnpooledDataSourceFactory,org.pitest.mutationtest.engine.gregor.mutators.NegateConditionalsMutator,convertValue,75,TIMED_OUT,none
UnpooledDataSourceFactory.java,org.apache.ibatis.datasource.unpooled.UnpooledDataSourceFactory,org.pitest.mutationtest.engine.gregor.mutators.NonVoidMethodCallMutator,convertValue,70,TIMED_OUT,none
UnpooledDataSourceFactory.java,org.apache.ibatis.datasource.unpooled.UnpooledDataSourceFactory,org.pitest.mutationtest.engine.gregor.mutators.RemoveConditionalMutator_EQUAL_ELSE,convertValue,71,TIMED_OUT,none
UnpooledDataSourceFactory.java,org.apache.ibatis.datasource.unpooled.UnpooledDataSourceFactory,org.pitest.mutationtest.engine.gregor.mutators.RemoveConditionalMutator_EQUAL_ELSE,convertValue,71,TIMED_OUT,none
UnpooledDataSourceFactory.java,org.apache.ibatis.datasource.unpooled.UnpooledDataSourceFactory,org.pitest.mutationtest.engine.gregor.mutators.RemoveConditionalMutator_EQUAL_ELSE,convertValue,73,TIMED_OUT,none
UnpooledDataSourceFactory.java,org.apache.ibatis.datasource.unpooled.UnpooledDataSourceFactory,org.pitest.mutationtest.engine.gregor.mutators.RemoveConditionalMutator_EQUAL_ELSE,convertValue,73,TIMED_OUT,none
UnpooledDataSourceFactory.java,org.apache.ibatis.datasource.unpooled.UnpooledDataSourceFactory,org.pitest.mutationtest.engine.gregor.mutators.RemoveConditionalMutator_EQUAL_ELSE,convertValue,75,TIMED_OUT,none
UnpooledDataSourceFactory.java,org.apache.ibatis.datasource.unpooled.UnpooledDataSourceFactory,org.pitest.mutationtest.engine.gregor.mutators.RemoveConditionalMutator_EQUAL_ELSE,convertValue,75,TIMED_OUT,none
UnpooledDataSourceFactory.java,org.apache.ibatis.datasource.unpooled.UnpooledDataSourceFactory,org.pitest.mutationtest.engine.gregor.mutators.RemoveConditionalMutator_EQUAL_IF,convertValue,71,TIMED_OUT,none
UnpooledDataSourceFactory.java,org.apache.ibatis.datasource.unpooled.UnpooledDataSourceFactory,org.pitest.mutationtest.engine.gregor.mutators.RemoveConditionalMutator_EQUAL_IF,convertValue,71,TIMED_OUT,none
UnpooledDataSourceFactory.java,org.apache.ibatis.datasource.unpooled.UnpooledDataSourceFactory,org.pitest.mutationtest.engine.gregor.mutators.RemoveConditionalMutator_EQUAL_IF,convertValue,73,TIMED_OUT,none
UnpooledDataSourceFactory.java,org.apache.ibatis.datasource.unpooled.UnpooledDataSourceFactory,org.pitest.mutationtest.engine.gregor.mutators.RemoveConditionalMutator_EQUAL_IF,convertValue,73,TIMED_OUT,none
UnpooledDataSourceFactory.java,org.apache.ibatis.datasource.unpooled.UnpooledDataSourceFactory,org.pitest.mutationtest.engine.gregor.mutators.RemoveConditionalMutator_EQUAL_IF,convertValue,75,TIMED_OUT,none
UnpooledDataSourceFactory.java,org.apache.ibatis.datasource.unpooled.UnpooledDataSourceFactory,org.pitest.mutationtest.engine.gregor.mutators.RemoveConditionalMutator_EQUAL_IF,convertValue,75,TIMED_OUT,none
UnpooledDataSourceFactory.java,org.apache.ibatis.datasource.unpooled.UnpooledDataSourceFactory,org.pitest.mutationtest.engine.gregor.mutators.ReturnValsMutator,convertValue,78,TIMED_OUT,none
UnpooledDataSourceFactory.java,org.apache.ibatis.datasource.unpooled.UnpooledDataSourceFactory,org.pitest.mutationtest.engine.gregor.mutators.ReturnValsMutator,getDataSource,65,TIMED_OUT,none
UnpooledDataSourceFactory.java,org.apache.ibatis.datasource.unpooled.UnpooledDataSourceFactory,org.pitest.mutationtest.engine.gregor.mutators.ArgumentPropagationMutator,setProperties,51,TIMED_OUT,none
UnpooledDataSourceFactory.java,org.apache.ibatis.datasource.unpooled.UnpooledDataSourceFactory,org.pitest.mutationtest.engine.gregor.mutators.ConditionalsBoundaryMutator,setProperties,58,TIMED_OUT,none
UnpooledDataSourceFactory.java,org.apache.ibatis.datasource.unpooled.UnpooledDataSourceFactory,org.pitest.mutationtest.engine.gregor.mutators.ConstructorCallMutator,setProperties,43,TIMED_OUT,none
UnpooledDataSourceFactory.java,org.apache.ibatis.datasource.unpooled.UnpooledDataSourceFactory,org.pitest.mutationtest.engine.gregor.mutators.NegateConditionalsMutator,setProperties,45,TIMED_OUT,none
UnpooledDataSourceFactory.java,org.apache.ibatis.datasource.unpooled.UnpooledDataSourceFactory,org.pitest.mutationtest.engine.gregor.mutators.NegateConditionalsMutator,setProperties,47,TIMED_OUT,none
UnpooledDataSourceFactory.java,org.apache.ibatis.datasource.unpooled.UnpooledDataSourceFactory,org.pitest.mutationtest.engine.gregor.mutators.NegateConditionalsMutator,setProperties,50,TIMED_OUT,none
UnpooledDataSourceFactory.java,org.apache.ibatis.datasource.unpooled.UnpooledDataSourceFactory,org.pitest.mutationtest.engine.gregor.mutators.NegateConditionalsMutator,setProperties,58,TIMED_OUT,none
UnpooledDataSourceFactory.java,org.apache.ibatis.datasource.unpooled.UnpooledDataSourceFactory,org.pitest.mutationtest.engine.gregor.mutators.NonVoidMethodCallMutator,setProperties,44,TIMED_OUT,none
UnpooledDataSourceFactory.java,org.apache.ibatis.datasource.unpooled.UnpooledDataSourceFactory,org.pitest.mutationtest.engine.gregor.mutators.NonVoidMethodCallMutator,setProperties,45,TIMED_OUT,none
UnpooledDataSourceFactory.java,org.apache.ibatis.datasource.unpooled.UnpooledDataSourceFactory,org.pitest.mutationtest.engine.gregor.mutators.NonVoidMethodCallMutator,setProperties,45,TIMED_OUT,none
UnpooledDataSourceFactory.java,org.apache.ibatis.datasource.unpooled.UnpooledDataSourceFactory,org.pitest.mutationtest.engine.gregor.mutators.NonVoidMethodCallMutator,setProperties,45,TIMED_OUT,none
UnpooledDataSourceFactory.java,org.apache.ibatis.datasource.unpooled.UnpooledDataSourceFactory,org.pitest.mutationtest.engine.gregor.mutators.NonVoidMethodCallMutator,setProperties,45,TIMED_OUT,none
UnpooledDataSourceFactory.java,org.apache.ibatis.datasource.unpooled.UnpooledDataSourceFactory,org.pitest.mutationtest.engine.gregor.mutators.NonVoidMethodCallMutator,setProperties,47,TIMED_OUT,none
UnpooledDataSourceFactory.java,org.apache.ibatis.datasource.unpooled.UnpooledDataSourceFactory,org.pitest.mutationtest.engine.gregor.mutators.NonVoidMethodCallMutator,setProperties,50,TIMED_OUT,none
UnpooledDataSourceFactory.java,org.apache.ibatis.datasource.unpooled.UnpooledDataSourceFactory,org.pitest.mutationtest.engine.gregor.mutators.NonVoidMethodCallMutator,setProperties,51,TIMED_OUT,none
UnpooledDataSourceFactory.java,org.apache.ibatis.datasource.unpooled.UnpooledDataSourceFactory,org.pitest.mutationtest.engine.gregor.mutators.NonVoidMethodCallMutator,setProperties,52,TIMED_OUT,none
UnpooledDataSourceFactory.java,org.apache.ibatis.datasource.unpooled.UnpooledDataSourceFactory,org.pitest.mutationtest.engine.gregor.mutators.NonVoidMethodCallMutator,setProperties,58,TIMED_OUT,none
UnpooledDataSourceFactory.java,org.apache.ibatis.datasource.unpooled.UnpooledDataSourceFactory,org.pitest.mutationtest.engine.gregor.mutators.RemoveConditionalMutator_EQUAL_ELSE,setProperties,45,TIMED_OUT,none
UnpooledDataSourceFactory.java,org.apache.ibatis.datasource.unpooled.UnpooledDataSourceFactory,org.pitest.mutationtest.engine.gregor.mutators.RemoveConditionalMutator_EQUAL_ELSE,setProperties,47,TIMED_OUT,none
UnpooledDataSourceFactory.java,org.apache.ibatis.datasource.unpooled.UnpooledDataSourceFactory,org.pitest.mutationtest.engine.gregor.mutators.RemoveConditionalMutator_EQUAL_ELSE,setProperties,50,TIMED_OUT,none
UnpooledDataSourceFactory.java,org.apache.ibatis.datasource.unpooled.UnpooledDataSourceFactory,org.pitest.mutationtest.engine.gregor.mutators.RemoveConditionalMutator_EQUAL_IF,setProperties,45,TIMED_OUT,none
UnpooledDataSourceFactory.java,org.apache.ibatis.datasource.unpooled.UnpooledDataSourceFactory,org.pitest.mutationtest.engine.gregor.mutators.RemoveConditionalMutator_EQUAL_IF,setProperties,47,TIMED_OUT,none
UnpooledDataSourceFactory.java,org.apache.ibatis.datasource.unpooled.UnpooledDataSourceFactory,org.pitest.mutationtest.engine.gregor.mutators.RemoveConditionalMutator_EQUAL_IF,setProperties,50,TIMED_OUT,none
UnpooledDataSourceFactory.java,org.apache.ibatis.datasource.unpooled.UnpooledDataSourceFactory,org.pitest.mutationtest.engine.gregor.mutators.RemoveConditionalMutator_ORDER_ELSE,setProperties,58,TIMED_OUT,none
UnpooledDataSourceFactory.java,org.apache.ibatis.datasource.unpooled.UnpooledDataSourceFactory,org.pitest.mutationtest.engine.gregor.mutators.RemoveConditionalMutator_ORDER_IF,setProperties,58,TIMED_OUT,none
UnpooledDataSourceFactory.java,org.apache.ibatis.datasource.unpooled.UnpooledDataSourceFactory,org.pitest.mutationtest.engine.gregor.mutators.VoidMethodCallMutator,setProperties,53,TIMED_OUT,none
BaseExecutor.java,org.apache.ibatis.executor.BaseExecutor,org.pitest.mutationtest.engine.gregor.mutators.ConstructorCallMutator,<init>,67,TIMED_OUT,none
BaseExecutor.java,org.apache.ibatis.executor.BaseExecutor,org.pitest.mutationtest.engine.gregor.mutators.ConstructorCallMutator,<init>,68,TIMED_OUT,none
BaseExecutor.java,org.apache.ibatis.executor.BaseExecutor,org.pitest.mutationtest.engine.gregor.mutators.ConstructorCallMutator,<init>,69,TIMED_OUT,none
BaseExecutor.java,org.apache.ibatis.executor.BaseExecutor,org.pitest.mutationtest.engine.gregor.mutators.InlineConstantMutator,<init>,70,TIMED_OUT,none
BaseExecutor.java,org.apache.ibatis.executor.BaseExecutor,org.pitest.mutationtest.engine.gregor.mutators.experimental.MemberVariableMutator,<init>,66,TIMED_OUT,none
BaseExecutor.java,org.apache.ibatis.executor.BaseExecutor,org.pitest.mutationtest.engine.gregor.mutators.experimental.MemberVariableMutator,<init>,67,TIMED_OUT,none
BaseExecutor.java,org.apache.ibatis.executor.BaseExecutor,org.pitest.mutationtest.engine.gregor.mutators.experimental.MemberVariableMutator,<init>,68,TIMED_OUT,none
BaseExecutor.java,org.apache.ibatis.executor.BaseExecutor,org.pitest.mutationtest.engine.gregor.mutators.experimental.MemberVariableMutator,<init>,69,TIMED_OUT,none
BaseExecutor.java,org.apache.ibatis.executor.BaseExecutor,org.pitest.mutationtest.engine.gregor.mutators.experimental.MemberVariableMutator,<init>,72,TIMED_OUT,none
BaseExecutor.java,org.apache.ibatis.executor.BaseExecutor,org.pitest.mutationtest.engine.gregor.mutators.NegateConditionalsMutator,clearLocalCache,264,TIMED_OUT,none
BaseExecutor.java,org.apache.ibatis.executor.BaseExecutor,org.pitest.mutationtest.engine.gregor.mutators.RemoveConditionalMutator_EQUAL_IF,clearLocalCache,264,TIMED_OUT,none
BaseExecutor.java,org.apache.ibatis.executor.BaseExecutor,org.pitest.mutationtest.engine.gregor.mutators.VoidMethodCallMutator,clearLocalCache,265,TIMED_OUT,none
BaseExecutor.java,org.apache.ibatis.executor.BaseExecutor,org.pitest.mutationtest.engine.gregor.mutators.VoidMethodCallMutator,clearLocalCache,266,TIMED_OUT,none
BaseExecutor.java,org.apache.ibatis.executor.BaseExecutor,org.pitest.mutationtest.engine.gregor.mutators.NegateConditionalsMutator,close,89,TIMED_OUT,none
BaseExecutor.java,org.apache.ibatis.executor.BaseExecutor,org.pitest.mutationtest.engine.gregor.mutators.RemoveConditionalMutator_EQUAL_ELSE,close,89,TIMED_OUT,none
BaseExecutor.java,org.apache.ibatis.executor.BaseExecutor,org.pitest.mutationtest.engine.gregor.mutators.RemoveConditionalMutator_EQUAL_IF,close,89,TIMED_OUT,none
BaseExecutor.java,org.apache.ibatis.executor.BaseExecutor,org.pitest.mutationtest.engine.gregor.mutators.VoidMethodCallMutator,close,87,TIMED_OUT,none
BaseExecutor.java,org.apache.ibatis.executor.BaseExecutor,org.pitest.mutationtest.engine.gregor.mutators.VoidMethodCallMutator,close,90,TIMED_OUT,none
BaseExecutor.java,org.apache.ibatis.executor.BaseExecutor,org.pitest.mutationtest.engine.gregor.mutators.experimental.MemberVariableMutator,close,98,TIMED_OUT,none
BaseExecutor.java,org.apache.ibatis.executor.BaseExecutor,org.pitest.mutationtest.engine.gregor.mutators.experimental.MemberVariableMutator,close,101,TIMED_OUT,none
BaseExecutor.java,org.apache.ibatis.executor.BaseExecutor,org.pitest.mutationtest.engine.gregor.mutators.NegateConditionalsMutator,closeStatement,283,TIMED_OUT,none
BaseExecutor.java,org.apache.ibatis.executor.BaseExecutor,org.pitest.mutationtest.engine.gregor.mutators.RemoveConditionalMutator_EQUAL_IF,closeStatement,283,TIMED_OUT,none
BaseExecutor.java,org.apache.ibatis.executor.BaseExecutor,org.pitest.mutationtest.engine.gregor.mutators.RemoveConditionalMutator_EQUAL_IF,commit,243,TIMED_OUT,none
BaseExecutor.java,org.apache.ibatis.executor.BaseExecutor,org.pitest.mutationtest.engine.gregor.mutators.ConstructorCallMutator,createCacheKey,199,TIMED_OUT,none
BaseExecutor.java,org.apache.ibatis.executor.BaseExecutor,org.pitest.mutationtest.engine.gregor.mutators.NegateConditionalsMutator,createCacheKey,196,TIMED_OUT,none
BaseExecutor.java,org.apache.ibatis.executor.BaseExecutor,org.pitest.mutationtest.engine.gregor.mutators.NegateConditionalsMutator,createCacheKey,207,TIMED_OUT,none
BaseExecutor.java,org.apache.ibatis.executor.BaseExecutor,org.pitest.mutationtest.engine.gregor.mutators.NegateConditionalsMutator,createCacheKey,208,TIMED_OUT,none
BaseExecutor.java,org.apache.ibatis.executor.BaseExecutor,org.pitest.mutationtest.engine.gregor.mutators.NegateConditionalsMutator,createCacheKey,211,TIMED_OUT,none
BaseExecutor.java,org.apache.ibatis.executor.BaseExecutor,org.pitest.mutationtest.engine.gregor.mutators.NegateConditionalsMutator,createCacheKey,215,TIMED_OUT,none
BaseExecutor.java,org.apache.ibatis.executor.BaseExecutor,org.pitest.mutationtest.engine.gregor.mutators.NonVoidMethodCallMutator,createCacheKey,200,TIMED_OUT,none
BaseExecutor.java,org.apache.ibatis.executor.BaseExecutor,org.pitest.mutationtest.engine.gregor.mutators.NonVoidMethodCallMutator,createCacheKey,201,TIMED_OUT,none
BaseExecutor.java,org.apache.ibatis.executor.BaseExecutor,org.pitest.mutationtest.engine.gregor.mutators.NonVoidMethodCallMutator,createCacheKey,201,TIMED_OUT,none
BaseExecutor.java,org.apache.ibatis.executor.BaseExecutor,org.pitest.mutationtest.engine.gregor.mutators.NonVoidMethodCallMutator,createCacheKey,202,TIMED_OUT,none
BaseExecutor.java,org.apache.ibatis.executor.BaseExecutor,org.pitest.mutationtest.engine.gregor.mutators.NonVoidMethodCallMutator,createCacheKey,203,TIMED_OUT,none
BaseExecutor.java,org.apache.ibatis.executor.BaseExecutor,org.pitest.mutationtest.engine.gregor.mutators.NonVoidMethodCallMutator,createCacheKey,204,TIMED_OUT,none
BaseExecutor.java,org.apache.ibatis.executor.BaseExecutor,org.pitest.mutationtest.engine.gregor.mutators.NonVoidMethodCallMutator,createCacheKey,205,TIMED_OUT,none
BaseExecutor.java,org.apache.ibatis.executor.BaseExecutor,org.pitest.mutationtest.engine.gregor.mutators.NonVoidMethodCallMutator,createCacheKey,205,TIMED_OUT,none
BaseExecutor.java,org.apache.ibatis.executor.BaseExecutor,org.pitest.mutationtest.engine.gregor.mutators.NonVoidMethodCallMutator,createCacheKey,207,TIMED_OUT,none
BaseExecutor.java,org.apache.ibatis.executor.BaseExecutor,org.pitest.mutationtest.engine.gregor.mutators.NonVoidMethodCallMutator,createCacheKey,207,TIMED_OUT,none
BaseExecutor.java,org.apache.ibatis.executor.BaseExecutor,org.pitest.mutationtest.engine.gregor.mutators.NonVoidMethodCallMutator,createCacheKey,207,TIMED_OUT,none
BaseExecutor.java,org.apache.ibatis.executor.BaseExecutor,org.pitest.mutationtest.engine.gregor.mutators.NonVoidMethodCallMutator,createCacheKey,208,TIMED_OUT,none
BaseExecutor.java,org.apache.ibatis.executor.BaseExecutor,org.pitest.mutationtest.engine.gregor.mutators.NonVoidMethodCallMutator,createCacheKey,210,TIMED_OUT,none
BaseExecutor.java,org.apache.ibatis.executor.BaseExecutor,org.pitest.mutationtest.engine.gregor.mutators.NonVoidMethodCallMutator,createCacheKey,215,TIMED_OUT,none
BaseExecutor.java,org.apache.ibatis.executor.BaseExecutor,org.pitest.mutationtest.engine.gregor.mutators.NonVoidMethodCallMutator,createCacheKey,224,TIMED_OUT,none
BaseExecutor.java,org.apache.ibatis.executor.BaseExecutor,org.pitest.mutationtest.engine.gregor.mutators.NonVoidMethodCallMutator,createCacheKey,226,TIMED_OUT,none
BaseExecutor.java,org.apache.ibatis.executor.BaseExecutor,org.pitest.mutationtest.engine.gregor.mutators.RemoveConditionalMutator_EQUAL_ELSE,createCacheKey,207,TIMED_OUT,none
BaseExecutor.java,org.apache.ibatis.executor.BaseExecutor,org.pitest.mutationtest.engine.gregor.mutators.RemoveConditionalMutator_EQUAL_ELSE,createCacheKey,208,TIMED_OUT,none
BaseExecutor.java,org.apache.ibatis.executor.BaseExecutor,org.pitest.mutationtest.engine.gregor.mutators.RemoveConditionalMutator_EQUAL_ELSE,createCacheKey,211,TIMED_OUT,none
BaseExecutor.java,org.apache.ibatis.executor.BaseExecutor,org.pitest.mutationtest.engine.gregor.mutators.RemoveConditionalMutator_EQUAL_ELSE,createCacheKey,213,TIMED_OUT,none
BaseExecutor.java,org.apache.ibatis.executor.BaseExecutor,org.pitest.mutationtest.engine.gregor.mutators.RemoveConditionalMutator_EQUAL_ELSE,createCacheKey,215,TIMED_OUT,none
BaseExecutor.java,org.apache.ibatis.executor.BaseExecutor,org.pitest.mutationtest.engine.gregor.mutators.RemoveConditionalMutator_EQUAL_ELSE,createCacheKey,224,TIMED_OUT,none
BaseExecutor.java,org.apache.ibatis.executor.BaseExecutor,org.pitest.mutationtest.engine.gregor.mutators.RemoveConditionalMutator_EQUAL_IF,createCacheKey,207,TIMED_OUT,none
BaseExecutor.java,org.apache.ibatis.executor.BaseExecutor,org.pitest.mutationtest.engine.gregor.mutators.RemoveConditionalMutator_EQUAL_IF,createCacheKey,208,TIMED_OUT,none
BaseExecutor.java,org.apache.ibatis.executor.BaseExecutor,org.pitest.mutationtest.engine.gregor.mutators.RemoveConditionalMutator_EQUAL_IF,createCacheKey,211,TIMED_OUT,none
BaseExecutor.java,org.apache.ibatis.executor.BaseExecutor,org.pitest.mutationtest.engine.gregor.mutators.RemoveConditionalMutator_EQUAL_IF,createCacheKey,215,TIMED_OUT,none
BaseExecutor.java,org.apache.ibatis.executor.BaseExecutor,org.pitest.mutationtest.engine.gregor.mutators.ReturnValsMutator,createCacheKey,228,TIMED_OUT,none
BaseExecutor.java,org.apache.ibatis.executor.BaseExecutor,org.pitest.mutationtest.engine.gregor.mutators.VoidMethodCallMutator,createCacheKey,200,TIMED_OUT,none
BaseExecutor.java,org.apache.ibatis.executor.BaseExecutor,org.pitest.mutationtest.engine.gregor.mutators.VoidMethodCallMutator,createCacheKey,203,TIMED_OUT,none
BaseExecutor.java,org.apache.ibatis.executor.BaseExecutor,org.pitest.mutationtest.engine.gregor.mutators.VoidMethodCallMutator,createCacheKey,221,TIMED_OUT,none
BaseExecutor.java,org.apache.ibatis.executor.BaseExecutor,org.pitest.mutationtest.engine.gregor.mutators.VoidMethodCallMutator,createCacheKey,226,TIMED_OUT,none
BaseExecutor.java,org.apache.ibatis.executor.BaseExecutor,org.pitest.mutationtest.engine.gregor.mutators.ConstructorCallMutator,deferLoad,186,TIMED_OUT,none
BaseExecutor.java,org.apache.ibatis.executor.BaseExecutor,org.pitest.mutationtest.engine.gregor.mutators.RemoveConditionalMutator_EQUAL_ELSE,deferLoad,183,TIMED_OUT,none
BaseExecutor.java,org.apache.ibatis.executor.BaseExecutor,org.pitest.mutationtest.engine.gregor.mutators.RemoveConditionalMutator_EQUAL_ELSE,deferLoad,187,TIMED_OUT,none
BaseExecutor.java,org.apache.ibatis.executor.BaseExecutor,org.pitest.mutationtest.engine.gregor.mutators.VoidMethodCallMutator,deferLoad,188,TIMED_OUT,none
BaseExecutor.java,org.apache.ibatis.executor.BaseExecutor,org.pitest.mutationtest.engine.gregor.mutators.NegateConditionalsMutator,flushStatements,126,TIMED_OUT,none
BaseExecutor.java,org.apache.ibatis.executor.BaseExecutor,org.pitest.mutationtest.engine.gregor.mutators.NonVoidMethodCallMutator,flushStatements,129,TIMED_OUT,none
BaseExecutor.java,org.apache.ibatis.executor.BaseExecutor,org.pitest.mutationtest.engine.gregor.mutators.RemoveConditionalMutator_EQUAL_ELSE,flushStatements,126,TIMED_OUT,none
BaseExecutor.java,org.apache.ibatis.executor.BaseExecutor,org.pitest.mutationtest.engine.gregor.mutators.RemoveConditionalMutator_EQUAL_IF,flushStatements,126,TIMED_OUT,none
BaseExecutor.java,org.apache.ibatis.executor.BaseExecutor,org.pitest.mutationtest.engine.gregor.mutators.NegateConditionalsMutator,getConnection,337,TIMED_OUT,none
BaseExecutor.java,org.apache.ibatis.executor.BaseExecutor,org.pitest.mutationtest.engine.gregor.mutators.NonVoidMethodCallMutator,getConnection,336,TIMED_OUT,none
BaseExecutor.java,org.apache.ibatis.executor.BaseExecutor,org.pitest.mutationtest.engine.gregor.mutators.NonVoidMethodCallMutator,getConnection,337,TIMED_OUT,none
BaseExecutor.java,org.apache.ibatis.executor.BaseExecutor,org.pitest.mutationtest.engine.gregor.mutators.RemoveConditionalMutator_EQUAL_ELSE,getConnection,337,TIMED_OUT,none
BaseExecutor.java,org.apache.ibatis.executor.BaseExecutor,org.pitest.mutationtest.engine.gregor.mutators.ReturnValsMutator,getConnection,340,TIMED_OUT,none
BaseExecutor.java,org.apache.ibatis.executor.BaseExecutor,org.pitest.mutationtest.engine.gregor.mutators.RemoveConditionalMutator_EQUAL_ELSE,getTransaction,77,TIMED_OUT,none
BaseExecutor.java,org.apache.ibatis.executor.BaseExecutor,org.pitest.mutationtest.engine.gregor.mutators.NonVoidMethodCallMutator,handleLocallyCachedOutputParameters,304,TIMED_OUT,none
BaseExecutor.java,org.apache.ibatis.executor.BaseExecutor,org.pitest.mutationtest.engine.gregor.mutators.RemoveConditionalMutator_EQUAL_ELSE,handleLocallyCachedOutputParameters,304,TIMED_OUT,none
BaseExecutor.java,org.apache.ibatis.executor.BaseExecutor,org.pitest.mutationtest.engine.gregor.mutators.RemoveConditionalMutator_EQUAL_IF,handleLocallyCachedOutputParameters,304,TIMED_OUT,none
BaseExecutor.java,org.apache.ibatis.executor.BaseExecutor,org.pitest.mutationtest.engine.gregor.mutators.ArgumentPropagationMutator,isCached,233,TIMED_OUT,none
BaseExecutor.java,org.apache.ibatis.executor.BaseExecutor,org.pitest.mutationtest.engine.gregor.mutators.InlineConstantMutator,isCached,233,TIMED_OUT,none
BaseExecutor.java,org.apache.ibatis.executor.BaseExecutor,org.pitest.mutationtest.engine.gregor.mutators.InlineConstantMutator,isCached,233,TIMED_OUT,none
BaseExecutor.java,org.apache.ibatis.executor.BaseExecutor,org.pitest.mutationtest.engine.gregor.mutators.NegateConditionalsMutator,isCached,233,TIMED_OUT,none
BaseExecutor.java,org.apache.ibatis.executor.BaseExecutor,org.pitest.mutationtest.engine.gregor.mutators.NonVoidMethodCallMutator,isCached,233,TIMED_OUT,none
BaseExecutor.java,org.apache.ibatis.executor.BaseExecutor,org.pitest.mutationtest.engine.gregor.mutators.RemoveConditionalMutator_EQUAL_IF,isCached,233,TIMED_OUT,none
BaseExecutor.java,org.apache.ibatis.executor.BaseExecutor,org.pitest.mutationtest.engine.gregor.mutators.ReturnValsMutator,isCached,233,TIMED_OUT,none
BaseExecutor.java,org.apache.ibatis.executor.BaseExecutor,org.pitest.mutationtest.engine.gregor.mutators.ArgumentPropagationMutator,query,152,TIMED_OUT,none
BaseExecutor.java,org.apache.ibatis.executor.BaseExecutor,org.pitest.mutationtest.engine.gregor.mutators.InlineConstantMutator,query,151,TIMED_OUT,none
BaseExecutor.java,org.apache.ibatis.executor.BaseExecutor,org.pitest.mutationtest.engine.gregor.mutators.MathMutator,query,151,TIMED_OUT,none
BaseExecutor.java,org.apache.ibatis.executor.BaseExecutor,org.pitest.mutationtest.engine.gregor.mutators.MathMutator,query,159,TIMED_OUT,none
BaseExecutor.java,org.apache.ibatis.executor.BaseExecutor,org.pitest.mutationtest.engine.gregor.mutators.NegateConditionalsMutator,query,146,TIMED_OUT,none
BaseExecutor.java,org.apache.ibatis.executor.BaseExecutor,org.pitest.mutationtest.engine.gregor.mutators.NegateConditionalsMutator,query,146,TIMED_OUT,none
BaseExecutor.java,org.apache.ibatis.executor.BaseExecutor,org.pitest.mutationtest.engine.gregor.mutators.NegateConditionalsMutator,query,152,TIMED_OUT,none
BaseExecutor.java,org.apache.ibatis.executor.BaseExecutor,org.pitest.mutationtest.engine.gregor.mutators.NegateConditionalsMutator,query,162,TIMED_OUT,none
BaseExecutor.java,org.apache.ibatis.executor.BaseExecutor,org.pitest.mutationtest.engine.gregor.mutators.NegateConditionalsMutator,query,167,TIMED_OUT,none
BaseExecutor.java,org.apache.ibatis.executor.BaseExecutor,org.pitest.mutationtest.engine.gregor.mutators.NonVoidMethodCallMutator,query,142,TIMED_OUT,none
BaseExecutor.java,org.apache.ibatis.executor.BaseExecutor,org.pitest.mutationtest.engine.gregor.mutators.NonVoidMethodCallMutator,query,142,TIMED_OUT,none
BaseExecutor.java,org.apache.ibatis.executor.BaseExecutor,org.pitest.mutationtest.engine.gregor.mutators.NonVoidMethodCallMutator,query,142,TIMED_OUT,none
BaseExecutor.java,org.apache.ibatis.executor.BaseExecutor,org.pitest.mutationtest.engine.gregor.mutators.NonVoidMethodCallMutator,query,142,TIMED_OUT,none
BaseExecutor.java,org.apache.ibatis.executor.BaseExecutor,org.pitest.mutationtest.engine.gregor.mutators.NonVoidMethodCallMutator,query,146,TIMED_OUT,none
BaseExecutor.java,org.apache.ibatis.executor.BaseExecutor,org.pitest.mutationtest.engine.gregor.mutators.NonVoidMethodCallMutator,query,156,TIMED_OUT,none
BaseExecutor.java,org.apache.ibatis.executor.BaseExecutor,org.pitest.mutationtest.engine.gregor.mutators.NonVoidMethodCallMutator,query,162,TIMED_OUT,none
BaseExecutor.java,org.apache.ibatis.executor.BaseExecutor,org.pitest.mutationtest.engine.gregor.mutators.NonVoidMethodCallMutator,query,162,TIMED_OUT,none
BaseExecutor.java,org.apache.ibatis.executor.BaseExecutor,org.pitest.mutationtest.engine.gregor.mutators.NonVoidMethodCallMutator,query,162,TIMED_OUT,none
BaseExecutor.java,org.apache.ibatis.executor.BaseExecutor,org.pitest.mutationtest.engine.gregor.mutators.RemoveConditionalMutator_EQUAL_ELSE,query,152,TIMED_OUT,none
BaseExecutor.java,org.apache.ibatis.executor.BaseExecutor,org.pitest.mutationtest.engine.gregor.mutators.RemoveConditionalMutator_EQUAL_ELSE,query,153,TIMED_OUT,none
BaseExecutor.java,org.apache.ibatis.executor.BaseExecutor,org.pitest.mutationtest.engine.gregor.mutators.RemoveConditionalMutator_EQUAL_ELSE,query,162,TIMED_OUT,none
BaseExecutor.java,org.apache.ibatis.executor.BaseExecutor,org.pitest.mutationtest.engine.gregor.mutators.RemoveConditionalMutator_EQUAL_ELSE,query,167,TIMED_OUT,none
BaseExecutor.java,org.apache.ibatis.executor.BaseExecutor,org.pitest.mutationtest.engine.gregor.mutators.RemoveConditionalMutator_EQUAL_IF,query,146,TIMED_OUT,none
BaseExecutor.java,org.apache.ibatis.executor.BaseExecutor,org.pitest.mutationtest.engine.gregor.mutators.RemoveConditionalMutator_EQUAL_IF,query,152,TIMED_OUT,none
BaseExecutor.java,org.apache.ibatis.executor.BaseExecutor,org.pitest.mutationtest.engine.gregor.mutators.RemoveConditionalMutator_EQUAL_IF,query,153,TIMED_OUT,none
BaseExecutor.java,org.apache.ibatis.executor.BaseExecutor,org.pitest.mutationtest.engine.gregor.mutators.RemoveConditionalMutator_EQUAL_IF,query,161,TIMED_OUT,none
BaseExecutor.java,org.apache.ibatis.executor.BaseExecutor,org.pitest.mutationtest.engine.gregor.mutators.RemoveConditionalMutator_EQUAL_IF,query,162,TIMED_OUT,none
BaseExecutor.java,org.apache.ibatis.executor.BaseExecutor,org.pitest.mutationtest.engine.gregor.mutators.RemoveConditionalMutator_EQUAL_IF,query,167,TIMED_OUT,none
BaseExecutor.java,org.apache.ibatis.executor.BaseExecutor,org.pitest.mutationtest.engine.gregor.mutators.ReturnValsMutator,query,172,TIMED_OUT,none
BaseExecutor.java,org.apache.ibatis.executor.BaseExecutor,org.pitest.mutationtest.engine.gregor.mutators.VoidMethodCallMutator,query,154,TIMED_OUT,none
BaseExecutor.java,org.apache.ibatis.executor.BaseExecutor,org.pitest.mutationtest.engine.gregor.mutators.VoidMethodCallMutator,query,166,TIMED_OUT,none
BaseExecutor.java,org.apache.ibatis.executor.BaseExecutor,org.pitest.mutationtest.engine.gregor.mutators.experimental.MemberVariableMutator,query,151,TIMED_OUT,none
BaseExecutor.java,org.apache.ibatis.executor.BaseExecutor,org.pitest.mutationtest.engine.gregor.mutators.experimental.MemberVariableMutator,query,159,TIMED_OUT,none
BaseExecutor.java,org.apache.ibatis.executor.BaseExecutor,org.pitest.mutationtest.engine.gregor.mutators.ArgumentPropagationMutator,queryFromDatabase,326,TIMED_OUT,none
BaseExecutor.java,org.apache.ibatis.executor.BaseExecutor,org.pitest.mutationtest.engine.gregor.mutators.NonVoidMethodCallMutator,queryFromDatabase,324,TIMED_OUT,none
BaseExecutor.java,org.apache.ibatis.executor.BaseExecutor,org.pitest.mutationtest.engine.gregor.mutators.NonVoidMethodCallMutator,queryFromDatabase,326,TIMED_OUT,none
BaseExecutor.java,org.apache.ibatis.executor.BaseExecutor,org.pitest.mutationtest.engine.gregor.mutators.NonVoidMethodCallMutator,queryFromDatabase,329,TIMED_OUT,none
BaseExecutor.java,org.apache.ibatis.executor.BaseExecutor,org.pitest.mutationtest.engine.gregor.mutators.RemoveConditionalMutator_EQUAL_ELSE,queryFromDatabase,329,TIMED_OUT,none
BaseExecutor.java,org.apache.ibatis.executor.BaseExecutor,org.pitest.mutationtest.engine.gregor.mutators.RemoveConditionalMutator_EQUAL_IF,queryFromDatabase,329,TIMED_OUT,none
BaseExecutor.java,org.apache.ibatis.executor.BaseExecutor,org.pitest.mutationtest.engine.gregor.mutators.ReturnValsMutator,queryFromDatabase,332,TIMED_OUT,none
BaseExecutor.java,org.apache.ibatis.executor.BaseExecutor,org.pitest.mutationtest.engine.gregor.mutators.VoidMethodCallMutator,queryFromDatabase,328,TIMED_OUT,none
BaseExecutor.java,org.apache.ibatis.executor.BaseExecutor,org.pitest.mutationtest.engine.gregor.mutators.InlineConstantMutator,rollback,253,TIMED_OUT,none
BaseExecutor.java,org.apache.ibatis.executor.BaseExecutor,org.pitest.mutationtest.engine.gregor.mutators.NegateConditionalsMutator,rollback,250,TIMED_OUT,none
BaseExecutor.java,org.apache.ibatis.executor.BaseExecutor,org.pitest.mutationtest.engine.gregor.mutators.NegateConditionalsMutator,rollback,255,TIMED_OUT,none
BaseExecutor.java,org.apache.ibatis.executor.BaseExecutor,org.pitest.mutationtest.engine.gregor.mutators.NonVoidMethodCallMutator,rollback,253,TIMED_OUT,none
BaseExecutor.java,org.apache.ibatis.executor.BaseExecutor,org.pitest.mutationtest.engine.gregor.mutators.RemoveConditionalMutator_EQUAL_IF,rollback,250,TIMED_OUT,none
BaseExecutor.java,org.apache.ibatis.executor.BaseExecutor,org.pitest.mutationtest.engine.gregor.mutators.RemoveConditionalMutator_EQUAL_IF,rollback,255,TIMED_OUT,none
BaseExecutor.java,org.apache.ibatis.executor.BaseExecutor,org.pitest.mutationtest.engine.gregor.mutators.VoidMethodCallMutator,rollback,252,TIMED_OUT,none
BaseExecutor.java,org.apache.ibatis.executor.BaseExecutor,org.pitest.mutationtest.engine.gregor.mutators.VoidMethodCallMutator,rollback,256,TIMED_OUT,none
BaseExecutor.java,org.apache.ibatis.executor.BaseExecutor,org.pitest.mutationtest.engine.gregor.mutators.experimental.MemberVariableMutator,setExecutorWrapper,346,TIMED_OUT,none
BaseExecutor.java,org.apache.ibatis.executor.BaseExecutor,org.pitest.mutationtest.engine.gregor.mutators.ReturnValsMutator,update,117,TIMED_OUT,none
BaseExecutor.java,org.apache.ibatis.executor.BaseExecutor,org.pitest.mutationtest.engine.gregor.mutators.VoidMethodCallMutator,update,116,TIMED_OUT,none
BaseExecutor.java,org.apache.ibatis.executor.BaseExecutor$DeferredLoad,org.pitest.mutationtest.engine.gregor.mutators.ConstructorCallMutator,<init>,371,TIMED_OUT,none
BaseExecutor.java,org.apache.ibatis.executor.BaseExecutor$DeferredLoad,org.pitest.mutationtest.engine.gregor.mutators.NonVoidMethodCallMutator,<init>,370,TIMED_OUT,none
BaseExecutor.java,org.apache.ibatis.executor.BaseExecutor$DeferredLoad,org.pitest.mutationtest.engine.gregor.mutators.experimental.MemberVariableMutator,<init>,366,TIMED_OUT,none
BaseExecutor.java,org.apache.ibatis.executor.BaseExecutor$DeferredLoad,org.pitest.mutationtest.engine.gregor.mutators.experimental.MemberVariableMutator,<init>,368,TIMED_OUT,none
BaseExecutor.java,org.apache.ibatis.executor.BaseExecutor$DeferredLoad,org.pitest.mutationtest.engine.gregor.mutators.experimental.MemberVariableMutator,<init>,369,TIMED_OUT,none
BaseExecutor.java,org.apache.ibatis.executor.BaseExecutor$DeferredLoad,org.pitest.mutationtest.engine.gregor.mutators.experimental.MemberVariableMutator,<init>,370,TIMED_OUT,none
BaseExecutor.java,org.apache.ibatis.executor.BaseExecutor$DeferredLoad,org.pitest.mutationtest.engine.gregor.mutators.experimental.MemberVariableMutator,<init>,371,TIMED_OUT,none
BaseExecutor.java,org.apache.ibatis.executor.BaseExecutor$DeferredLoad,org.pitest.mutationtest.engine.gregor.mutators.ArgumentPropagationMutator,canLoad,376,TIMED_OUT,none
BaseExecutor.java,org.apache.ibatis.executor.BaseExecutor$DeferredLoad,org.pitest.mutationtest.engine.gregor.mutators.ArgumentPropagationMutator,canLoad,376,TIMED_OUT,none
BaseExecutor.java,org.apache.ibatis.executor.BaseExecutor$DeferredLoad,org.pitest.mutationtest.engine.gregor.mutators.NegateConditionalsMutator,canLoad,376,TIMED_OUT,none
BaseExecutor.java,org.apache.ibatis.executor.BaseExecutor$DeferredLoad,org.pitest.mutationtest.engine.gregor.mutators.NegateConditionalsMutator,canLoad,376,TIMED_OUT,none
BaseExecutor.java,org.apache.ibatis.executor.BaseExecutor$DeferredLoad,org.pitest.mutationtest.engine.gregor.mutators.NonVoidMethodCallMutator,canLoad,376,TIMED_OUT,none
BaseExecutor.java,org.apache.ibatis.executor.BaseExecutor$DeferredLoad,org.pitest.mutationtest.engine.gregor.mutators.NonVoidMethodCallMutator,canLoad,376,TIMED_OUT,none
BaseExecutor.java,org.apache.ibatis.executor.BaseExecutor$DeferredLoad,org.pitest.mutationtest.engine.gregor.mutators.RemoveConditionalMutator_EQUAL_ELSE,canLoad,376,TIMED_OUT,none
BaseExecutor.java,org.apache.ibatis.executor.BaseExecutor$DeferredLoad,org.pitest.mutationtest.engine.gregor.mutators.RemoveConditionalMutator_EQUAL_IF,canLoad,376,TIMED_OUT,none
BaseExecutor.java,org.apache.ibatis.executor.BaseExecutor$DeferredLoad,org.pitest.mutationtest.engine.gregor.mutators.ArgumentPropagationMutator,load,382,TIMED_OUT,none
BaseExecutor.java,org.apache.ibatis.executor.BaseExecutor$DeferredLoad,org.pitest.mutationtest.engine.gregor.mutators.NonVoidMethodCallMutator,load,383,TIMED_OUT,none
BaseExecutor.java,org.apache.ibatis.executor.BaseExecutor$DeferredLoad,org.pitest.mutationtest.engine.gregor.mutators.VoidMethodCallMutator,load,384,TIMED_OUT,none
BatchExecutor.java,org.apache.ibatis.executor.BatchExecutor,org.pitest.mutationtest.engine.gregor.mutators.NonVoidMethodCallMutator,doFlushStatements,118,TIMED_OUT,none
BatchExecutor.java,org.apache.ibatis.executor.BatchExecutor,org.pitest.mutationtest.engine.gregor.mutators.NonVoidMethodCallMutator,doFlushStatements,130,TIMED_OUT,none
BatchExecutor.java,org.apache.ibatis.executor.BatchExecutor,org.pitest.mutationtest.engine.gregor.mutators.NonVoidMethodCallMutator,doFlushStatements,152,TIMED_OUT,none
BatchExecutor.java,org.apache.ibatis.executor.BatchExecutor,org.pitest.mutationtest.engine.gregor.mutators.experimental.RemoveIncrementsMutator,doFlushStatements,117,TIMED_OUT,none
BatchExecutor.java,org.apache.ibatis.executor.BatchExecutor,org.pitest.mutationtest.engine.gregor.mutators.NonVoidMethodCallMutator,doUpdate,56,TIMED_OUT,none
BatchResult.java,org.apache.ibatis.executor.BatchResult,org.pitest.mutationtest.engine.gregor.mutators.VoidMethodCallMutator,<init>,43,TIMED_OUT,none
BatchResult.java,org.apache.ibatis.executor.BatchResult,org.pitest.mutationtest.engine.gregor.mutators.ReturnValsMutator,getParameterObjects,60,TIMED_OUT,none
CachingExecutor.java,org.apache.ibatis.executor.CachingExecutor,org.pitest.mutationtest.engine.gregor.mutators.ConstructorCallMutator,<init>,42,TIMED_OUT,none
CachingExecutor.java,org.apache.ibatis.executor.CachingExecutor,org.pitest.mutationtest.engine.gregor.mutators.VoidMethodCallMutator,<init>,46,TIMED_OUT,none
CachingExecutor.java,org.apache.ibatis.executor.CachingExecutor,org.pitest.mutationtest.engine.gregor.mutators.experimental.MemberVariableMutator,<init>,45,TIMED_OUT,none
CachingExecutor.java,org.apache.ibatis.executor.CachingExecutor,org.pitest.mutationtest.engine.gregor.mutators.NegateConditionalsMutator,close,58,TIMED_OUT,none
CachingExecutor.java,org.apache.ibatis.executor.CachingExecutor,org.pitest.mutationtest.engine.gregor.mutators.RemoveConditionalMutator_EQUAL_ELSE,close,58,TIMED_OUT,none
CachingExecutor.java,org.apache.ibatis.executor.CachingExecutor,org.pitest.mutationtest.engine.gregor.mutators.RemoveConditionalMutator_EQUAL_IF,close,58,TIMED_OUT,none
CachingExecutor.java,org.apache.ibatis.executor.CachingExecutor,org.pitest.mutationtest.engine.gregor.mutators.VoidMethodCallMutator,close,59,TIMED_OUT,none
CachingExecutor.java,org.apache.ibatis.executor.CachingExecutor,org.pitest.mutationtest.engine.gregor.mutators.VoidMethodCallMutator,close,61,TIMED_OUT,none
CachingExecutor.java,org.apache.ibatis.executor.CachingExecutor,org.pitest.mutationtest.engine.gregor.mutators.VoidMethodCallMutator,close,64,TIMED_OUT,none
CachingExecutor.java,org.apache.ibatis.executor.CachingExecutor,org.pitest.mutationtest.engine.gregor.mutators.NonVoidMethodCallMutator,createCacheKey,146,TIMED_OUT,none
CachingExecutor.java,org.apache.ibatis.executor.CachingExecutor,org.pitest.mutationtest.engine.gregor.mutators.ReturnValsMutator,createCacheKey,146,TIMED_OUT,none
CachingExecutor.java,org.apache.ibatis.executor.CachingExecutor,org.pitest.mutationtest.engine.gregor.mutators.VoidMethodCallMutator,deferLoad,156,TIMED_OUT,none
CachingExecutor.java,org.apache.ibatis.executor.CachingExecutor,org.pitest.mutationtest.engine.gregor.mutators.NegateConditionalsMutator,flushCacheIfRequired,166,TIMED_OUT,none
CachingExecutor.java,org.apache.ibatis.executor.CachingExecutor,org.pitest.mutationtest.engine.gregor.mutators.NonVoidMethodCallMutator,flushCacheIfRequired,165,TIMED_OUT,none
CachingExecutor.java,org.apache.ibatis.executor.CachingExecutor,org.pitest.mutationtest.engine.gregor.mutators.NonVoidMethodCallMutator,flushCacheIfRequired,166,TIMED_OUT,none
CachingExecutor.java,org.apache.ibatis.executor.CachingExecutor,org.pitest.mutationtest.engine.gregor.mutators.RemoveConditionalMutator_EQUAL_ELSE,flushCacheIfRequired,166,TIMED_OUT,none
CachingExecutor.java,org.apache.ibatis.executor.CachingExecutor,org.pitest.mutationtest.engine.gregor.mutators.RemoveConditionalMutator_EQUAL_ELSE,flushCacheIfRequired,166,TIMED_OUT,none
CachingExecutor.java,org.apache.ibatis.executor.CachingExecutor,org.pitest.mutationtest.engine.gregor.mutators.ReturnValsMutator,isCached,151,TIMED_OUT,none
CachingExecutor.java,org.apache.ibatis.executor.CachingExecutor,org.pitest.mutationtest.engine.gregor.mutators.NonVoidMethodCallMutator,query,83,TIMED_OUT,none
CachingExecutor.java,org.apache.ibatis.executor.CachingExecutor,org.pitest.mutationtest.engine.gregor.mutators.ReturnValsMutator,query,83,TIMED_OUT,none
CachingExecutor.java,org.apache.ibatis.executor.CachingExecutor,org.pitest.mutationtest.engine.gregor.mutators.NonVoidMethodCallMutator,query,95,TIMED_OUT,none
CachingExecutor.java,org.apache.ibatis.executor.CachingExecutor,org.pitest.mutationtest.engine.gregor.mutators.NonVoidMethodCallMutator,query,109,TIMED_OUT,none
CachingExecutor.java,org.apache.ibatis.executor.CachingExecutor,org.pitest.mutationtest.engine.gregor.mutators.RemoveConditionalMutator_EQUAL_ELSE,query,96,TIMED_OUT,none
CachingExecutor.java,org.apache.ibatis.executor.CachingExecutor,org.pitest.mutationtest.engine.gregor.mutators.RemoveConditionalMutator_EQUAL_IF,query,96,TIMED_OUT,none
CachingExecutor.java,org.apache.ibatis.executor.CachingExecutor,org.pitest.mutationtest.engine.gregor.mutators.ReturnValsMutator,query,109,TIMED_OUT,none
CachingExecutor.java,org.apache.ibatis.executor.CachingExecutor,org.pitest.mutationtest.engine.gregor.mutators.VoidMethodCallMutator,update,75,TIMED_OUT,none
ErrorContext.java,org.apache.ibatis.executor.ErrorContext,org.pitest.mutationtest.engine.gregor.mutators.ReturnValsMutator,activity,67,TIMED_OUT,none
ErrorContext.java,org.apache.ibatis.executor.ErrorContext,org.pitest.mutationtest.engine.gregor.mutators.experimental.MemberVariableMutator,activity,66,TIMED_OUT,none
ErrorContext.java,org.apache.ibatis.executor.ErrorContext,org.pitest.mutationtest.engine.gregor.mutators.ConstructorCallMutator,instance,40,TIMED_OUT,none
ErrorContext.java,org.apache.ibatis.executor.ErrorContext,org.pitest.mutationtest.engine.gregor.mutators.NegateConditionalsMutator,instance,39,TIMED_OUT,none
ErrorContext.java,org.apache.ibatis.executor.ErrorContext,org.pitest.mutationtest.engine.gregor.mutators.NonVoidMethodCallMutator,instance,38,TIMED_OUT,none
ErrorContext.java,org.apache.ibatis.executor.ErrorContext,org.pitest.mutationtest.engine.gregor.mutators.RemoveConditionalMutator_EQUAL_ELSE,instance,39,TIMED_OUT,none
ErrorContext.java,org.apache.ibatis.executor.ErrorContext,org.pitest.mutationtest.engine.gregor.mutators.RemoveConditionalMutator_EQUAL_IF,instance,39,TIMED_OUT,none
ErrorContext.java,org.apache.ibatis.executor.ErrorContext,org.pitest.mutationtest.engine.gregor.mutators.ReturnValsMutator,instance,43,TIMED_OUT,none
ErrorContext.java,org.apache.ibatis.executor.ErrorContext,org.pitest.mutationtest.engine.gregor.mutators.VoidMethodCallMutator,instance,41,TIMED_OUT,none
ErrorContext.java,org.apache.ibatis.executor.ErrorContext,org.pitest.mutationtest.engine.gregor.mutators.experimental.MemberVariableMutator,object,71,TIMED_OUT,none
ErrorContext.java,org.apache.ibatis.executor.ErrorContext,org.pitest.mutationtest.engine.gregor.mutators.ReturnValsMutator,recall,57,TIMED_OUT,none
ErrorContext.java,org.apache.ibatis.executor.ErrorContext,org.pitest.mutationtest.engine.gregor.mutators.ReturnValsMutator,reset,98,TIMED_OUT,none
ErrorContext.java,org.apache.ibatis.executor.ErrorContext,org.pitest.mutationtest.engine.gregor.mutators.VoidMethodCallMutator,reset,97,TIMED_OUT,none
ErrorContext.java,org.apache.ibatis.executor.ErrorContext,org.pitest.mutationtest.engine.gregor.mutators.experimental.MemberVariableMutator,reset,91,TIMED_OUT,none
ErrorContext.java,org.apache.ibatis.executor.ErrorContext,org.pitest.mutationtest.engine.gregor.mutators.experimental.MemberVariableMutator,reset,92,TIMED_OUT,none
ErrorContext.java,org.apache.ibatis.executor.ErrorContext,org.pitest.mutationtest.engine.gregor.mutators.experimental.MemberVariableMutator,reset,93,TIMED_OUT,none
ErrorContext.java,org.apache.ibatis.executor.ErrorContext,org.pitest.mutationtest.engine.gregor.mutators.experimental.MemberVariableMutator,reset,94,TIMED_OUT,none
ErrorContext.java,org.apache.ibatis.executor.ErrorContext,org.pitest.mutationtest.engine.gregor.mutators.experimental.MemberVariableMutator,reset,95,TIMED_OUT,none
ErrorContext.java,org.apache.ibatis.executor.ErrorContext,org.pitest.mutationtest.engine.gregor.mutators.experimental.MemberVariableMutator,reset,96,TIMED_OUT,none
ErrorContext.java,org.apache.ibatis.executor.ErrorContext,org.pitest.mutationtest.engine.gregor.mutators.ReturnValsMutator,resource,62,TIMED_OUT,none
ErrorContext.java,org.apache.ibatis.executor.ErrorContext,org.pitest.mutationtest.engine.gregor.mutators.experimental.MemberVariableMutator,resource,61,TIMED_OUT,none
ErrorContext.java,org.apache.ibatis.executor.ErrorContext,org.pitest.mutationtest.engine.gregor.mutators.ReturnValsMutator,sql,82,TIMED_OUT,none
ErrorContext.java,org.apache.ibatis.executor.ErrorContext,org.pitest.mutationtest.engine.gregor.mutators.ConstructorCallMutator,store,48,TIMED_OUT,none
ErrorContext.java,org.apache.ibatis.executor.ErrorContext,org.pitest.mutationtest.engine.gregor.mutators.ReturnValsMutator,store,49,TIMED_OUT,none
ResultExtractor.java,org.apache.ibatis.executor.ResultExtractor,org.pitest.mutationtest.engine.gregor.mutators.experimental.MemberVariableMutator,<init>,33,TIMED_OUT,none
ResultExtractor.java,org.apache.ibatis.executor.ResultExtractor,org.pitest.mutationtest.engine.gregor.mutators.experimental.MemberVariableMutator,<init>,34,TIMED_OUT,none
ResultExtractor.java,org.apache.ibatis.executor.ResultExtractor,org.pitest.mutationtest.engine.gregor.mutators.ConditionalsBoundaryMutator,extractObjectFromList,57,TIMED_OUT,none
ResultExtractor.java,org.apache.ibatis.executor.ResultExtractor,org.pitest.mutationtest.engine.gregor.mutators.InlineConstantMutator,extractObjectFromList,57,TIMED_OUT,none
ResultExtractor.java,org.apache.ibatis.executor.ResultExtractor,org.pitest.mutationtest.engine.gregor.mutators.InlineConstantMutator,extractObjectFromList,60,TIMED_OUT,none
ResultExtractor.java,org.apache.ibatis.executor.ResultExtractor,org.pitest.mutationtest.engine.gregor.mutators.NegateConditionalsMutator,extractObjectFromList,39,TIMED_OUT,none
ResultExtractor.java,org.apache.ibatis.executor.ResultExtractor,org.pitest.mutationtest.engine.gregor.mutators.NegateConditionalsMutator,extractObjectFromList,39,TIMED_OUT,none
ResultExtractor.java,org.apache.ibatis.executor.ResultExtractor,org.pitest.mutationtest.engine.gregor.mutators.NegateConditionalsMutator,extractObjectFromList,41,TIMED_OUT,none
ResultExtractor.java,org.apache.ibatis.executor.ResultExtractor,org.pitest.mutationtest.engine.gregor.mutators.NegateConditionalsMutator,extractObjectFromList,41,TIMED_OUT,none
ResultExtractor.java,org.apache.ibatis.executor.ResultExtractor,org.pitest.mutationtest.engine.gregor.mutators.NegateConditionalsMutator,extractObjectFromList,45,TIMED_OUT,none
ResultExtractor.java,org.apache.ibatis.executor.ResultExtractor,org.pitest.mutationtest.engine.gregor.mutators.NegateConditionalsMutator,extractObjectFromList,45,TIMED_OUT,none
ResultExtractor.java,org.apache.ibatis.executor.ResultExtractor,org.pitest.mutationtest.engine.gregor.mutators.NegateConditionalsMutator,extractObjectFromList,57,TIMED_OUT,none
ResultExtractor.java,org.apache.ibatis.executor.ResultExtractor,org.pitest.mutationtest.engine.gregor.mutators.NegateConditionalsMutator,extractObjectFromList,57,TIMED_OUT,none
ResultExtractor.java,org.apache.ibatis.executor.ResultExtractor,org.pitest.mutationtest.engine.gregor.mutators.NegateConditionalsMutator,extractObjectFromList,59,TIMED_OUT,none
ResultExtractor.java,org.apache.ibatis.executor.ResultExtractor,org.pitest.mutationtest.engine.gregor.mutators.NegateConditionalsMutator,extractObjectFromList,59,TIMED_OUT,none
ResultExtractor.java,org.apache.ibatis.executor.ResultExtractor,org.pitest.mutationtest.engine.gregor.mutators.NonVoidMethodCallMutator,extractObjectFromList,39,TIMED_OUT,none
ResultExtractor.java,org.apache.ibatis.executor.ResultExtractor,org.pitest.mutationtest.engine.gregor.mutators.NonVoidMethodCallMutator,extractObjectFromList,41,TIMED_OUT,none
ResultExtractor.java,org.apache.ibatis.executor.ResultExtractor,org.pitest.mutationtest.engine.gregor.mutators.NonVoidMethodCallMutator,extractObjectFromList,45,TIMED_OUT,none
ResultExtractor.java,org.apache.ibatis.executor.ResultExtractor,org.pitest.mutationtest.engine.gregor.mutators.NonVoidMethodCallMutator,extractObjectFromList,57,TIMED_OUT,none
ResultExtractor.java,org.apache.ibatis.executor.ResultExtractor,org.pitest.mutationtest.engine.gregor.mutators.NonVoidMethodCallMutator,extractObjectFromList,59,TIMED_OUT,none
ResultExtractor.java,org.apache.ibatis.executor.ResultExtractor,org.pitest.mutationtest.engine.gregor.mutators.NonVoidMethodCallMutator,extractObjectFromList,60,TIMED_OUT,none
ResultExtractor.java,org.apache.ibatis.executor.ResultExtractor,org.pitest.mutationtest.engine.gregor.mutators.RemoveConditionalMutator_EQUAL_ELSE,extractObjectFromList,39,TIMED_OUT,none
ResultExtractor.java,org.apache.ibatis.executor.ResultExtractor,org.pitest.mutationtest.engine.gregor.mutators.RemoveConditionalMutator_EQUAL_ELSE,extractObjectFromList,41,TIMED_OUT,none
ResultExtractor.java,org.apache.ibatis.executor.ResultExtractor,org.pitest.mutationtest.engine.gregor.mutators.RemoveConditionalMutator_EQUAL_ELSE,extractObjectFromList,41,TIMED_OUT,none
ResultExtractor.java,org.apache.ibatis.executor.ResultExtractor,org.pitest.mutationtest.engine.gregor.mutators.RemoveConditionalMutator_EQUAL_ELSE,extractObjectFromList,45,TIMED_OUT,none
ResultExtractor.java,org.apache.ibatis.executor.ResultExtractor,org.pitest.mutationtest.engine.gregor.mutators.RemoveConditionalMutator_EQUAL_ELSE,extractObjectFromList,45,TIMED_OUT,none
ResultExtractor.java,org.apache.ibatis.executor.ResultExtractor,org.pitest.mutationtest.engine.gregor.mutators.RemoveConditionalMutator_EQUAL_ELSE,extractObjectFromList,59,TIMED_OUT,none
ResultExtractor.java,org.apache.ibatis.executor.ResultExtractor,org.pitest.mutationtest.engine.gregor.mutators.RemoveConditionalMutator_EQUAL_IF,extractObjectFromList,39,TIMED_OUT,none
ResultExtractor.java,org.apache.ibatis.executor.ResultExtractor,org.pitest.mutationtest.engine.gregor.mutators.RemoveConditionalMutator_EQUAL_IF,extractObjectFromList,39,TIMED_OUT,none
ResultExtractor.java,org.apache.ibatis.executor.ResultExtractor,org.pitest.mutationtest.engine.gregor.mutators.RemoveConditionalMutator_EQUAL_IF,extractObjectFromList,41,TIMED_OUT,none
ResultExtractor.java,org.apache.ibatis.executor.ResultExtractor,org.pitest.mutationtest.engine.gregor.mutators.RemoveConditionalMutator_EQUAL_IF,extractObjectFromList,41,TIMED_OUT,none
ResultExtractor.java,org.apache.ibatis.executor.ResultExtractor,org.pitest.mutationtest.engine.gregor.mutators.RemoveConditionalMutator_EQUAL_IF,extractObjectFromList,45,TIMED_OUT,none
ResultExtractor.java,org.apache.ibatis.executor.ResultExtractor,org.pitest.mutationtest.engine.gregor.mutators.RemoveConditionalMutator_EQUAL_IF,extractObjectFromList,45,TIMED_OUT,none
ResultExtractor.java,org.apache.ibatis.executor.ResultExtractor,org.pitest.mutationtest.engine.gregor.mutators.RemoveConditionalMutator_EQUAL_IF,extractObjectFromList,57,TIMED_OUT,none
ResultExtractor.java,org.apache.ibatis.executor.ResultExtractor,org.pitest.mutationtest.engine.gregor.mutators.RemoveConditionalMutator_EQUAL_IF,extractObjectFromList,59,TIMED_OUT,none
ResultExtractor.java,org.apache.ibatis.executor.ResultExtractor,org.pitest.mutationtest.engine.gregor.mutators.RemoveConditionalMutator_EQUAL_IF,extractObjectFromList,59,TIMED_OUT,none
ResultExtractor.java,org.apache.ibatis.executor.ResultExtractor,org.pitest.mutationtest.engine.gregor.mutators.RemoveConditionalMutator_ORDER_ELSE,extractObjectFromList,57,TIMED_OUT,none
ResultExtractor.java,org.apache.ibatis.executor.ResultExtractor,org.pitest.mutationtest.engine.gregor.mutators.RemoveConditionalMutator_ORDER_IF,extractObjectFromList,57,TIMED_OUT,none
ResultExtractor.java,org.apache.ibatis.executor.ResultExtractor,org.pitest.mutationtest.engine.gregor.mutators.ReturnValsMutator,extractObjectFromList,63,TIMED_OUT,none
ReuseExecutor.java,org.apache.ibatis.executor.ReuseExecutor,org.pitest.mutationtest.engine.gregor.mutators.NonVoidMethodCallMutator,doFlushStatements,73,TIMED_OUT,none
SimpleExecutor.java,org.apache.ibatis.executor.SimpleExecutor,org.pitest.mutationtest.engine.gregor.mutators.ReturnValsMutator,doFlushStatements,79,TIMED_OUT,none
SimpleExecutor.java,org.apache.ibatis.executor.SimpleExecutor,org.pitest.mutationtest.engine.gregor.mutators.NonVoidMethodCallMutator,doQuery,60,TIMED_OUT,none
SimpleExecutor.java,org.apache.ibatis.executor.SimpleExecutor,org.pitest.mutationtest.engine.gregor.mutators.NonVoidMethodCallMutator,doQuery,61,TIMED_OUT,none
SimpleExecutor.java,org.apache.ibatis.executor.SimpleExecutor,org.pitest.mutationtest.engine.gregor.mutators.NonVoidMethodCallMutator,doQuery,62,TIMED_OUT,none
SimpleExecutor.java,org.apache.ibatis.executor.SimpleExecutor,org.pitest.mutationtest.engine.gregor.mutators.ReturnValsMutator,doQuery,63,TIMED_OUT,none
SimpleExecutor.java,org.apache.ibatis.executor.SimpleExecutor,org.pitest.mutationtest.engine.gregor.mutators.NonVoidMethodCallMutator,doUpdate,48,TIMED_OUT,none
SimpleExecutor.java,org.apache.ibatis.executor.SimpleExecutor,org.pitest.mutationtest.engine.gregor.mutators.NonVoidMethodCallMutator,prepareStatement,84,TIMED_OUT,none
SimpleExecutor.java,org.apache.ibatis.executor.SimpleExecutor,org.pitest.mutationtest.engine.gregor.mutators.NonVoidMethodCallMutator,prepareStatement,85,TIMED_OUT,none
SimpleExecutor.java,org.apache.ibatis.executor.SimpleExecutor,org.pitest.mutationtest.engine.gregor.mutators.ReturnValsMutator,prepareStatement,87,TIMED_OUT,none
Jdbc3KeyGenerator.java,org.apache.ibatis.executor.keygen.Jdbc3KeyGenerator,org.pitest.mutationtest.engine.gregor.mutators.experimental.RemoveIncrementsMutator,getTypeHandlers,117,TIMED_OUT,none
Jdbc3KeyGenerator.java,org.apache.ibatis.executor.keygen.Jdbc3KeyGenerator,org.pitest.mutationtest.engine.gregor.mutators.experimental.RemoveIncrementsMutator,populateKeys,128,TIMED_OUT,none
AbstractSerialStateHolder.java,org.apache.ibatis.executor.loader.AbstractSerialStateHolder,org.pitest.mutationtest.engine.gregor.mutators.ConstructorCallMutator,<init>,61,TIMED_OUT,none
AbstractSerialStateHolder.java,org.apache.ibatis.executor.loader.AbstractSerialStateHolder,org.pitest.mutationtest.engine.gregor.mutators.NonVoidMethodCallMutator,<init>,63,TIMED_OUT,none
AbstractSerialStateHolder.java,org.apache.ibatis.executor.loader.AbstractSerialStateHolder,org.pitest.mutationtest.engine.gregor.mutators.NonVoidMethodCallMutator,<init>,64,TIMED_OUT,none
AbstractSerialStateHolder.java,org.apache.ibatis.executor.loader.AbstractSerialStateHolder,org.pitest.mutationtest.engine.gregor.mutators.experimental.MemberVariableMutator,<init>,60,TIMED_OUT,none
AbstractSerialStateHolder.java,org.apache.ibatis.executor.loader.AbstractSerialStateHolder,org.pitest.mutationtest.engine.gregor.mutators.experimental.MemberVariableMutator,<init>,61,TIMED_OUT,none
AbstractSerialStateHolder.java,org.apache.ibatis.executor.loader.AbstractSerialStateHolder,org.pitest.mutationtest.engine.gregor.mutators.experimental.MemberVariableMutator,<init>,63,TIMED_OUT,none
AbstractSerialStateHolder.java,org.apache.ibatis.executor.loader.AbstractSerialStateHolder,org.pitest.mutationtest.engine.gregor.mutators.experimental.MemberVariableMutator,<init>,64,TIMED_OUT,none
AbstractSerialStateHolder.java,org.apache.ibatis.executor.loader.AbstractSerialStateHolder,org.pitest.mutationtest.engine.gregor.mutators.NegateConditionalsMutator,readExternal,95,TIMED_OUT,none
AbstractSerialStateHolder.java,org.apache.ibatis.executor.loader.AbstractSerialStateHolder,org.pitest.mutationtest.engine.gregor.mutators.NonVoidMethodCallMutator,readExternal,94,TIMED_OUT,none
AbstractSerialStateHolder.java,org.apache.ibatis.executor.loader.AbstractSerialStateHolder,org.pitest.mutationtest.engine.gregor.mutators.NonVoidMethodCallMutator,readExternal,95,TIMED_OUT,none
AbstractSerialStateHolder.java,org.apache.ibatis.executor.loader.AbstractSerialStateHolder,org.pitest.mutationtest.engine.gregor.mutators.NonVoidMethodCallMutator,readExternal,95,TIMED_OUT,none
AbstractSerialStateHolder.java,org.apache.ibatis.executor.loader.AbstractSerialStateHolder,org.pitest.mutationtest.engine.gregor.mutators.RemoveConditionalMutator_EQUAL_ELSE,readExternal,95,TIMED_OUT,none
AbstractSerialStateHolder.java,org.apache.ibatis.executor.loader.AbstractSerialStateHolder,org.pitest.mutationtest.engine.gregor.mutators.experimental.MemberVariableMutator,readExternal,96,TIMED_OUT,none
AbstractSerialStateHolder.java,org.apache.ibatis.executor.loader.AbstractSerialStateHolder,org.pitest.mutationtest.engine.gregor.mutators.ConstructorCallMutator,readResolve,111,TIMED_OUT,none
AbstractSerialStateHolder.java,org.apache.ibatis.executor.loader.AbstractSerialStateHolder,org.pitest.mutationtest.engine.gregor.mutators.ConstructorCallMutator,readResolve,111,TIMED_OUT,none
AbstractSerialStateHolder.java,org.apache.ibatis.executor.loader.AbstractSerialStateHolder,org.pitest.mutationtest.engine.gregor.mutators.NonVoidMethodCallMutator,readResolve,112,TIMED_OUT,none
AbstractSerialStateHolder.java,org.apache.ibatis.executor.loader.AbstractSerialStateHolder,org.pitest.mutationtest.engine.gregor.mutators.NonVoidMethodCallMutator,readResolve,113,TIMED_OUT,none
AbstractSerialStateHolder.java,org.apache.ibatis.executor.loader.AbstractSerialStateHolder,org.pitest.mutationtest.engine.gregor.mutators.NonVoidMethodCallMutator,readResolve,114,TIMED_OUT,none
AbstractSerialStateHolder.java,org.apache.ibatis.executor.loader.AbstractSerialStateHolder,org.pitest.mutationtest.engine.gregor.mutators.NonVoidMethodCallMutator,readResolve,115,TIMED_OUT,none
AbstractSerialStateHolder.java,org.apache.ibatis.executor.loader.AbstractSerialStateHolder,org.pitest.mutationtest.engine.gregor.mutators.NonVoidMethodCallMutator,readResolve,116,TIMED_OUT,none
AbstractSerialStateHolder.java,org.apache.ibatis.executor.loader.AbstractSerialStateHolder,org.pitest.mutationtest.engine.gregor.mutators.NonVoidMethodCallMutator,readResolve,124,TIMED_OUT,none
AbstractSerialStateHolder.java,org.apache.ibatis.executor.loader.AbstractSerialStateHolder,org.pitest.mutationtest.engine.gregor.mutators.NonVoidMethodCallMutator,readResolve,125,TIMED_OUT,none
AbstractSerialStateHolder.java,org.apache.ibatis.executor.loader.AbstractSerialStateHolder,org.pitest.mutationtest.engine.gregor.mutators.experimental.MemberVariableMutator,readResolve,112,TIMED_OUT,none
AbstractSerialStateHolder.java,org.apache.ibatis.executor.loader.AbstractSerialStateHolder,org.pitest.mutationtest.engine.gregor.mutators.experimental.MemberVariableMutator,readResolve,113,TIMED_OUT,none
AbstractSerialStateHolder.java,org.apache.ibatis.executor.loader.AbstractSerialStateHolder,org.pitest.mutationtest.engine.gregor.mutators.experimental.MemberVariableMutator,readResolve,115,TIMED_OUT,none
AbstractSerialStateHolder.java,org.apache.ibatis.executor.loader.AbstractSerialStateHolder,org.pitest.mutationtest.engine.gregor.mutators.experimental.MemberVariableMutator,readResolve,116,TIMED_OUT,none
AbstractSerialStateHolder.java,org.apache.ibatis.executor.loader.AbstractSerialStateHolder,org.pitest.mutationtest.engine.gregor.mutators.ConstructorCallMutator,writeExternal,70,TIMED_OUT,none
AbstractSerialStateHolder.java,org.apache.ibatis.executor.loader.AbstractSerialStateHolder,org.pitest.mutationtest.engine.gregor.mutators.ConstructorCallMutator,writeExternal,73,TIMED_OUT,none
AbstractSerialStateHolder.java,org.apache.ibatis.executor.loader.AbstractSerialStateHolder,org.pitest.mutationtest.engine.gregor.mutators.InlineConstantMutator,writeExternal,74,TIMED_OUT,none
AbstractSerialStateHolder.java,org.apache.ibatis.executor.loader.AbstractSerialStateHolder,org.pitest.mutationtest.engine.gregor.mutators.NegateConditionalsMutator,writeExternal,72,TIMED_OUT,none
AbstractSerialStateHolder.java,org.apache.ibatis.executor.loader.AbstractSerialStateHolder,org.pitest.mutationtest.engine.gregor.mutators.NegateConditionalsMutator,writeExternal,87,TIMED_OUT,none
AbstractSerialStateHolder.java,org.apache.ibatis.executor.loader.AbstractSerialStateHolder,org.pitest.mutationtest.engine.gregor.mutators.NonVoidMethodCallMutator,writeExternal,84,TIMED_OUT,none
AbstractSerialStateHolder.java,org.apache.ibatis.executor.loader.AbstractSerialStateHolder,org.pitest.mutationtest.engine.gregor.mutators.RemoveConditionalMutator_EQUAL_ELSE,writeExternal,72,TIMED_OUT,none
AbstractSerialStateHolder.java,org.apache.ibatis.executor.loader.AbstractSerialStateHolder,org.pitest.mutationtest.engine.gregor.mutators.RemoveConditionalMutator_EQUAL_ELSE,writeExternal,87,TIMED_OUT,none
AbstractSerialStateHolder.java,org.apache.ibatis.executor.loader.AbstractSerialStateHolder,org.pitest.mutationtest.engine.gregor.mutators.VoidMethodCallMutator,writeExternal,78,TIMED_OUT,none
AbstractSerialStateHolder.java,org.apache.ibatis.executor.loader.AbstractSerialStateHolder,org.pitest.mutationtest.engine.gregor.mutators.VoidMethodCallMutator,writeExternal,79,TIMED_OUT,none
AbstractSerialStateHolder.java,org.apache.ibatis.executor.loader.AbstractSerialStateHolder,org.pitest.mutationtest.engine.gregor.mutators.VoidMethodCallMutator,writeExternal,80,TIMED_OUT,none
AbstractSerialStateHolder.java,org.apache.ibatis.executor.loader.AbstractSerialStateHolder,org.pitest.mutationtest.engine.gregor.mutators.VoidMethodCallMutator,writeExternal,81,TIMED_OUT,none
AbstractSerialStateHolder.java,org.apache.ibatis.executor.loader.AbstractSerialStateHolder,org.pitest.mutationtest.engine.gregor.mutators.VoidMethodCallMutator,writeExternal,82,TIMED_OUT,none
AbstractSerialStateHolder.java,org.apache.ibatis.executor.loader.AbstractSerialStateHolder,org.pitest.mutationtest.engine.gregor.mutators.VoidMethodCallMutator,writeExternal,85,TIMED_OUT,none
AbstractSerialStateHolder.java,org.apache.ibatis.executor.loader.AbstractSerialStateHolder,org.pitest.mutationtest.engine.gregor.mutators.VoidMethodCallMutator,writeExternal,88,TIMED_OUT,none
ResultLoader.java,org.apache.ibatis.executor.loader.ResultLoader,org.pitest.mutationtest.engine.gregor.mutators.ConstructorCallMutator,<init>,65,TIMED_OUT,none
ResultLoader.java,org.apache.ibatis.executor.loader.ResultLoader,org.pitest.mutationtest.engine.gregor.mutators.NonVoidMethodCallMutator,<init>,62,TIMED_OUT,none
ResultLoader.java,org.apache.ibatis.executor.loader.ResultLoader,org.pitest.mutationtest.engine.gregor.mutators.NonVoidMethodCallMutator,<init>,66,TIMED_OUT,none
ResultLoader.java,org.apache.ibatis.executor.loader.ResultLoader,org.pitest.mutationtest.engine.gregor.mutators.NonVoidMethodCallMutator,<init>,66,TIMED_OUT,none
ResultLoader.java,org.apache.ibatis.executor.loader.ResultLoader,org.pitest.mutationtest.engine.gregor.mutators.experimental.MemberVariableMutator,<init>,57,TIMED_OUT,none
ResultLoader.java,org.apache.ibatis.executor.loader.ResultLoader,org.pitest.mutationtest.engine.gregor.mutators.experimental.MemberVariableMutator,<init>,58,TIMED_OUT,none
ResultLoader.java,org.apache.ibatis.executor.loader.ResultLoader,org.pitest.mutationtest.engine.gregor.mutators.experimental.MemberVariableMutator,<init>,59,TIMED_OUT,none
ResultLoader.java,org.apache.ibatis.executor.loader.ResultLoader,org.pitest.mutationtest.engine.gregor.mutators.experimental.MemberVariableMutator,<init>,60,TIMED_OUT,none
ResultLoader.java,org.apache.ibatis.executor.loader.ResultLoader,org.pitest.mutationtest.engine.gregor.mutators.experimental.MemberVariableMutator,<init>,61,TIMED_OUT,none
ResultLoader.java,org.apache.ibatis.executor.loader.ResultLoader,org.pitest.mutationtest.engine.gregor.mutators.experimental.MemberVariableMutator,<init>,62,TIMED_OUT,none
ResultLoader.java,org.apache.ibatis.executor.loader.ResultLoader,org.pitest.mutationtest.engine.gregor.mutators.experimental.MemberVariableMutator,<init>,63,TIMED_OUT,none
ResultLoader.java,org.apache.ibatis.executor.loader.ResultLoader,org.pitest.mutationtest.engine.gregor.mutators.experimental.MemberVariableMutator,<init>,64,TIMED_OUT,none
ResultLoader.java,org.apache.ibatis.executor.loader.ResultLoader,org.pitest.mutationtest.engine.gregor.mutators.experimental.MemberVariableMutator,<init>,65,TIMED_OUT,none
ResultLoader.java,org.apache.ibatis.executor.loader.ResultLoader,org.pitest.mutationtest.engine.gregor.mutators.experimental.MemberVariableMutator,<init>,66,TIMED_OUT,none
ResultLoader.java,org.apache.ibatis.executor.loader.ResultLoader,org.pitest.mutationtest.engine.gregor.mutators.NonVoidMethodCallMutator,loadResult,70,TIMED_OUT,none
ResultLoader.java,org.apache.ibatis.executor.loader.ResultLoader,org.pitest.mutationtest.engine.gregor.mutators.NonVoidMethodCallMutator,loadResult,71,TIMED_OUT,none
ResultLoader.java,org.apache.ibatis.executor.loader.ResultLoader,org.pitest.mutationtest.engine.gregor.mutators.ReturnValsMutator,loadResult,72,TIMED_OUT,none
ResultLoader.java,org.apache.ibatis.executor.loader.ResultLoader,org.pitest.mutationtest.engine.gregor.mutators.experimental.MemberVariableMutator,loadResult,71,TIMED_OUT,none
ResultLoader.java,org.apache.ibatis.executor.loader.ResultLoader,org.pitest.mutationtest.engine.gregor.mutators.NonVoidMethodCallMutator,newExecutor,94,TIMED_OUT,none
ResultLoader.java,org.apache.ibatis.executor.loader.ResultLoader,org.pitest.mutationtest.engine.gregor.mutators.NegateConditionalsMutator,selectList,77,TIMED_OUT,none
ResultLoader.java,org.apache.ibatis.executor.loader.ResultLoader,org.pitest.mutationtest.engine.gregor.mutators.NegateConditionalsMutator,selectList,83,TIMED_OUT,none
ResultLoader.java,org.apache.ibatis.executor.loader.ResultLoader,org.pitest.mutationtest.engine.gregor.mutators.NonVoidMethodCallMutator,selectList,77,TIMED_OUT,none
ResultLoader.java,org.apache.ibatis.executor.loader.ResultLoader,org.pitest.mutationtest.engine.gregor.mutators.NonVoidMethodCallMutator,selectList,77,TIMED_OUT,none
ResultLoader.java,org.apache.ibatis.executor.loader.ResultLoader,org.pitest.mutationtest.engine.gregor.mutators.NonVoidMethodCallMutator,selectList,77,TIMED_OUT,none
ResultLoader.java,org.apache.ibatis.executor.loader.ResultLoader,org.pitest.mutationtest.engine.gregor.mutators.NonVoidMethodCallMutator,selectList,81,TIMED_OUT,none
ResultLoader.java,org.apache.ibatis.executor.loader.ResultLoader,org.pitest.mutationtest.engine.gregor.mutators.RemoveConditionalMutator_EQUAL_ELSE,selectList,77,TIMED_OUT,none
ResultLoader.java,org.apache.ibatis.executor.loader.ResultLoader,org.pitest.mutationtest.engine.gregor.mutators.RemoveConditionalMutator_EQUAL_ELSE,selectList,83,TIMED_OUT,none
ResultLoader.java,org.apache.ibatis.executor.loader.ResultLoader,org.pitest.mutationtest.engine.gregor.mutators.RemoveConditionalMutator_EQUAL_IF,selectList,77,TIMED_OUT,none
ResultLoader.java,org.apache.ibatis.executor.loader.ResultLoader,org.pitest.mutationtest.engine.gregor.mutators.RemoveConditionalMutator_EQUAL_IF,selectList,83,TIMED_OUT,none
ResultLoader.java,org.apache.ibatis.executor.loader.ResultLoader,org.pitest.mutationtest.engine.gregor.mutators.ReturnValsMutator,selectList,81,TIMED_OUT,none
ResultLoaderMap.java,org.apache.ibatis.executor.loader.ResultLoaderMap,org.pitest.mutationtest.engine.gregor.mutators.ConstructorCallMutator,<init>,50,TIMED_OUT,none
ResultLoaderMap.java,org.apache.ibatis.executor.loader.ResultLoaderMap,org.pitest.mutationtest.engine.gregor.mutators.experimental.MemberVariableMutator,<init>,50,TIMED_OUT,none
ResultLoaderMap.java,org.apache.ibatis.executor.loader.ResultLoaderMap,org.pitest.mutationtest.engine.gregor.mutators.ArgumentPropagationMutator,addLoader,59,TIMED_OUT,none
ResultLoaderMap.java,org.apache.ibatis.executor.loader.ResultLoaderMap,org.pitest.mutationtest.engine.gregor.mutators.NonVoidMethodCallMutator,addLoader,53,TIMED_OUT,none
ResultLoaderMap.java,org.apache.ibatis.executor.loader.ResultLoaderMap,org.pitest.mutationtest.engine.gregor.mutators.NonVoidMethodCallMutator,addLoader,54,TIMED_OUT,none
ResultLoaderMap.java,org.apache.ibatis.executor.loader.ResultLoaderMap,org.pitest.mutationtest.engine.gregor.mutators.RemoveConditionalMutator_EQUAL_ELSE,addLoader,54,TIMED_OUT,none
ResultLoaderMap.java,org.apache.ibatis.executor.loader.ResultLoaderMap,org.pitest.mutationtest.engine.gregor.mutators.RemoveConditionalMutator_EQUAL_IF,addLoader,54,TIMED_OUT,none
ResultLoaderMap.java,org.apache.ibatis.executor.loader.ResultLoaderMap,org.pitest.mutationtest.engine.gregor.mutators.ConstructorCallMutator,getProperties,63,TIMED_OUT,none
ResultLoaderMap.java,org.apache.ibatis.executor.loader.ResultLoaderMap,org.pitest.mutationtest.engine.gregor.mutators.ReturnValsMutator,getProperties,63,TIMED_OUT,none
ResultLoaderMap.java,org.apache.ibatis.executor.loader.ResultLoaderMap,org.pitest.mutationtest.engine.gregor.mutators.InlineConstantMutator,getUppercaseFirstProperty,97,TIMED_OUT,none
ResultLoaderMap.java,org.apache.ibatis.executor.loader.ResultLoaderMap,org.pitest.mutationtest.engine.gregor.mutators.NonVoidMethodCallMutator,getUppercaseFirstProperty,96,TIMED_OUT,none
ResultLoaderMap.java,org.apache.ibatis.executor.loader.ResultLoaderMap,org.pitest.mutationtest.engine.gregor.mutators.NonVoidMethodCallMutator,getUppercaseFirstProperty,97,TIMED_OUT,none
ResultLoaderMap.java,org.apache.ibatis.executor.loader.ResultLoaderMap,org.pitest.mutationtest.engine.gregor.mutators.ReturnValsMutator,getUppercaseFirstProperty,97,TIMED_OUT,none
ResultLoaderMap.java,org.apache.ibatis.executor.loader.ResultLoaderMap,org.pitest.mutationtest.engine.gregor.mutators.ArgumentPropagationMutator,load,79,TIMED_OUT,none
ResultLoaderMap.java,org.apache.ibatis.executor.loader.ResultLoaderMap,org.pitest.mutationtest.engine.gregor.mutators.InlineConstantMutator,load,82,TIMED_OUT,none
ResultLoaderMap.java,org.apache.ibatis.executor.loader.ResultLoaderMap,org.pitest.mutationtest.engine.gregor.mutators.NonVoidMethodCallMutator,load,79,TIMED_OUT,none
ResultLoaderMap.java,org.apache.ibatis.executor.loader.ResultLoaderMap,org.pitest.mutationtest.engine.gregor.mutators.NonVoidMethodCallMutator,load,79,TIMED_OUT,none
ResultLoaderMap.java,org.apache.ibatis.executor.loader.ResultLoaderMap,org.pitest.mutationtest.engine.gregor.mutators.RemoveConditionalMutator_EQUAL_ELSE,load,80,TIMED_OUT,none
ResultLoaderMap.java,org.apache.ibatis.executor.loader.ResultLoaderMap,org.pitest.mutationtest.engine.gregor.mutators.RemoveConditionalMutator_EQUAL_IF,load,80,TIMED_OUT,none
ResultLoaderMap.java,org.apache.ibatis.executor.loader.ResultLoaderMap,org.pitest.mutationtest.engine.gregor.mutators.ReturnValsMutator,load,82,TIMED_OUT,none
ResultLoaderMap.java,org.apache.ibatis.executor.loader.ResultLoaderMap,org.pitest.mutationtest.engine.gregor.mutators.ArgumentPropagationMutator,loadAll,89,TIMED_OUT,none
ResultLoaderMap.java,org.apache.ibatis.executor.loader.ResultLoaderMap,org.pitest.mutationtest.engine.gregor.mutators.ConditionalsBoundaryMutator,loadAll,90,TIMED_OUT,none
ResultLoaderMap.java,org.apache.ibatis.executor.loader.ResultLoaderMap,org.pitest.mutationtest.engine.gregor.mutators.IncrementsMutator,loadAll,90,TIMED_OUT,none
ResultLoaderMap.java,org.apache.ibatis.executor.loader.ResultLoaderMap,org.pitest.mutationtest.engine.gregor.mutators.NonVoidMethodCallMutator,loadAll,88,TIMED_OUT,none
ResultLoaderMap.java,org.apache.ibatis.executor.loader.ResultLoaderMap,org.pitest.mutationtest.engine.gregor.mutators.NonVoidMethodCallMutator,loadAll,89,TIMED_OUT,none
ResultLoaderMap.java,org.apache.ibatis.executor.loader.ResultLoaderMap,org.pitest.mutationtest.engine.gregor.mutators.RemoveConditionalMutator_ORDER_IF,loadAll,90,TIMED_OUT,none
ResultLoaderMap.java,org.apache.ibatis.executor.loader.ResultLoaderMap,org.pitest.mutationtest.engine.gregor.mutators.experimental.RemoveIncrementsMutator,loadAll,90,TIMED_OUT,none
ResultLoaderMap.java,org.apache.ibatis.executor.loader.ResultLoaderMap,org.pitest.mutationtest.engine.gregor.mutators.NonVoidMethodCallMutator,size,71,TIMED_OUT,none
ResultLoaderMap.java,org.apache.ibatis.executor.loader.ResultLoaderMap$LoadPair,org.pitest.mutationtest.engine.gregor.mutators.NegateConditionalsMutator,<init>,149,TIMED_OUT,none
ResultLoaderMap.java,org.apache.ibatis.executor.loader.ResultLoaderMap$LoadPair,org.pitest.mutationtest.engine.gregor.mutators.NegateConditionalsMutator,<init>,149,TIMED_OUT,none
ResultLoaderMap.java,org.apache.ibatis.executor.loader.ResultLoaderMap$LoadPair,org.pitest.mutationtest.engine.gregor.mutators.RemoveConditionalMutator_EQUAL_ELSE,<init>,149,TIMED_OUT,none
ResultLoaderMap.java,org.apache.ibatis.executor.loader.ResultLoaderMap$LoadPair,org.pitest.mutationtest.engine.gregor.mutators.RemoveConditionalMutator_EQUAL_IF,<init>,149,TIMED_OUT,none
ResultLoaderMap.java,org.apache.ibatis.executor.loader.ResultLoaderMap$LoadPair,org.pitest.mutationtest.engine.gregor.mutators.RemoveConditionalMutator_EQUAL_IF,<init>,149,TIMED_OUT,none
ResultLoaderMap.java,org.apache.ibatis.executor.loader.ResultLoaderMap$LoadPair,org.pitest.mutationtest.engine.gregor.mutators.experimental.MemberVariableMutator,<init>,144,TIMED_OUT,none
ResultLoaderMap.java,org.apache.ibatis.executor.loader.ResultLoaderMap$LoadPair,org.pitest.mutationtest.engine.gregor.mutators.experimental.MemberVariableMutator,<init>,145,TIMED_OUT,none
ResultLoaderMap.java,org.apache.ibatis.executor.loader.ResultLoaderMap$LoadPair,org.pitest.mutationtest.engine.gregor.mutators.experimental.MemberVariableMutator,<init>,146,TIMED_OUT,none
ResultLoaderMap.java,org.apache.ibatis.executor.loader.ResultLoaderMap$LoadPair,org.pitest.mutationtest.engine.gregor.mutators.NegateConditionalsMutator,load,173,TIMED_OUT,none
ResultLoaderMap.java,org.apache.ibatis.executor.loader.ResultLoaderMap$LoadPair,org.pitest.mutationtest.engine.gregor.mutators.NegateConditionalsMutator,load,176,TIMED_OUT,none
ResultLoaderMap.java,org.apache.ibatis.executor.loader.ResultLoaderMap$LoadPair,org.pitest.mutationtest.engine.gregor.mutators.RemoveConditionalMutator_EQUAL_ELSE,load,173,TIMED_OUT,none
ResultLoaderMap.java,org.apache.ibatis.executor.loader.ResultLoaderMap$LoadPair,org.pitest.mutationtest.engine.gregor.mutators.RemoveConditionalMutator_EQUAL_IF,load,173,TIMED_OUT,none
ResultLoaderMap.java,org.apache.ibatis.executor.loader.ResultLoaderMap$LoadPair,org.pitest.mutationtest.engine.gregor.mutators.RemoveConditionalMutator_EQUAL_IF,load,176,TIMED_OUT,none
ResultLoaderMap.java,org.apache.ibatis.executor.loader.ResultLoaderMap$LoadPair,org.pitest.mutationtest.engine.gregor.mutators.NegateConditionalsMutator,load,184,TIMED_OUT,none
ResultLoaderMap.java,org.apache.ibatis.executor.loader.ResultLoaderMap$LoadPair,org.pitest.mutationtest.engine.gregor.mutators.NegateConditionalsMutator,load,184,TIMED_OUT,none
ResultLoaderMap.java,org.apache.ibatis.executor.loader.ResultLoaderMap$LoadPair,org.pitest.mutationtest.engine.gregor.mutators.NegateConditionalsMutator,load,209,TIMED_OUT,none
ResultLoaderMap.java,org.apache.ibatis.executor.loader.ResultLoaderMap$LoadPair,org.pitest.mutationtest.engine.gregor.mutators.RemoveConditionalMutator_EQUAL_ELSE,load,184,TIMED_OUT,none
ResultLoaderMap.java,org.apache.ibatis.executor.loader.ResultLoaderMap$LoadPair,org.pitest.mutationtest.engine.gregor.mutators.RemoveConditionalMutator_EQUAL_IF,load,184,TIMED_OUT,none
JavassistProxyFactory.java,org.apache.ibatis.executor.loader.javassist.JavassistProxyFactory,org.pitest.mutationtest.engine.gregor.mutators.NonVoidMethodCallMutator,<init>,53,TIMED_OUT,none
JavassistProxyFactory.java,org.apache.ibatis.executor.loader.javassist.JavassistProxyFactory,org.pitest.mutationtest.engine.gregor.mutators.ConstructorCallMutator,crateProxy,75,TIMED_OUT,none
JavassistProxyFactory.java,org.apache.ibatis.executor.loader.javassist.JavassistProxyFactory,org.pitest.mutationtest.engine.gregor.mutators.InlineConstantMutator,crateProxy,85,TIMED_OUT,none
JavassistProxyFactory.java,org.apache.ibatis.executor.loader.javassist.JavassistProxyFactory,org.pitest.mutationtest.engine.gregor.mutators.InlineConstantMutator,crateProxy,85,TIMED_OUT,none
JavassistProxyFactory.java,org.apache.ibatis.executor.loader.javassist.JavassistProxyFactory,org.pitest.mutationtest.engine.gregor.mutators.NonVoidMethodCallMutator,crateProxy,79,TIMED_OUT,none
JavassistProxyFactory.java,org.apache.ibatis.executor.loader.javassist.JavassistProxyFactory,org.pitest.mutationtest.engine.gregor.mutators.NonVoidMethodCallMutator,crateProxy,81,TIMED_OUT,none
JavassistProxyFactory.java,org.apache.ibatis.executor.loader.javassist.JavassistProxyFactory,org.pitest.mutationtest.engine.gregor.mutators.NonVoidMethodCallMutator,crateProxy,91,TIMED_OUT,none
JavassistProxyFactory.java,org.apache.ibatis.executor.loader.javassist.JavassistProxyFactory,org.pitest.mutationtest.engine.gregor.mutators.NonVoidMethodCallMutator,crateProxy,91,TIMED_OUT,none
JavassistProxyFactory.java,org.apache.ibatis.executor.loader.javassist.JavassistProxyFactory,org.pitest.mutationtest.engine.gregor.mutators.NonVoidMethodCallMutator,crateProxy,94,TIMED_OUT,none
JavassistProxyFactory.java,org.apache.ibatis.executor.loader.javassist.JavassistProxyFactory,org.pitest.mutationtest.engine.gregor.mutators.RemoveConditionalMutator_EQUAL_IF,crateProxy,81,TIMED_OUT,none
JavassistProxyFactory.java,org.apache.ibatis.executor.loader.javassist.JavassistProxyFactory,org.pitest.mutationtest.engine.gregor.mutators.ReturnValsMutator,crateProxy,99,TIMED_OUT,none
JavassistProxyFactory.java,org.apache.ibatis.executor.loader.javassist.JavassistProxyFactory,org.pitest.mutationtest.engine.gregor.mutators.VoidMethodCallMutator,crateProxy,76,TIMED_OUT,none
JavassistProxyFactory.java,org.apache.ibatis.executor.loader.javassist.JavassistProxyFactory,org.pitest.mutationtest.engine.gregor.mutators.VoidMethodCallMutator,crateProxy,85,TIMED_OUT,none
JavassistProxyFactory.java,org.apache.ibatis.executor.loader.javassist.JavassistProxyFactory,org.pitest.mutationtest.engine.gregor.mutators.VoidMethodCallMutator,crateProxy,98,TIMED_OUT,none
JavassistProxyFactory.java,org.apache.ibatis.executor.loader.javassist.JavassistProxyFactory,org.pitest.mutationtest.engine.gregor.mutators.ArgumentPropagationMutator,createProxy,61,TIMED_OUT,none
JavassistProxyFactory.java,org.apache.ibatis.executor.loader.javassist.JavassistProxyFactory,org.pitest.mutationtest.engine.gregor.mutators.NonVoidMethodCallMutator,createProxy,61,TIMED_OUT,none
JavassistProxyFactory.java,org.apache.ibatis.executor.loader.javassist.JavassistProxyFactory,org.pitest.mutationtest.engine.gregor.mutators.ReturnValsMutator,createProxy,61,TIMED_OUT,none
JavassistProxyFactory.java,org.apache.ibatis.executor.loader.javassist.JavassistProxyFactory$EnhancedDeserializationProxyImpl,org.pitest.mutationtest.engine.gregor.mutators.NonVoidMethodCallMutator,createProxy,177,TIMED_OUT,none
JavassistProxyFactory.java,org.apache.ibatis.executor.loader.javassist.JavassistProxyFactory$EnhancedResultObjectProxyImpl,org.pitest.mutationtest.engine.gregor.mutators.NonVoidMethodCallMutator,<init>,116,TIMED_OUT,none
JavassistProxyFactory.java,org.apache.ibatis.executor.loader.javassist.JavassistProxyFactory$EnhancedResultObjectProxyImpl,org.pitest.mutationtest.engine.gregor.mutators.experimental.MemberVariableMutator,<init>,113,TIMED_OUT,none
JavassistProxyFactory.java,org.apache.ibatis.executor.loader.javassist.JavassistProxyFactory$EnhancedResultObjectProxyImpl,org.pitest.mutationtest.engine.gregor.mutators.experimental.MemberVariableMutator,<init>,114,TIMED_OUT,none
JavassistProxyFactory.java,org.apache.ibatis.executor.loader.javassist.JavassistProxyFactory$EnhancedResultObjectProxyImpl,org.pitest.mutationtest.engine.gregor.mutators.experimental.MemberVariableMutator,<init>,115,TIMED_OUT,none
JavassistProxyFactory.java,org.apache.ibatis.executor.loader.javassist.JavassistProxyFactory$EnhancedResultObjectProxyImpl,org.pitest.mutationtest.engine.gregor.mutators.experimental.MemberVariableMutator,<init>,116,TIMED_OUT,none
JavassistProxyFactory.java,org.apache.ibatis.executor.loader.javassist.JavassistProxyFactory$EnhancedResultObjectProxyImpl,org.pitest.mutationtest.engine.gregor.mutators.experimental.MemberVariableMutator,<init>,117,TIMED_OUT,none
JavassistProxyFactory.java,org.apache.ibatis.executor.loader.javassist.JavassistProxyFactory$EnhancedResultObjectProxyImpl,org.pitest.mutationtest.engine.gregor.mutators.experimental.MemberVariableMutator,<init>,118,TIMED_OUT,none
JavassistProxyFactory.java,org.apache.ibatis.executor.loader.javassist.JavassistProxyFactory$EnhancedResultObjectProxyImpl,org.pitest.mutationtest.engine.gregor.mutators.experimental.MemberVariableMutator,<init>,119,TIMED_OUT,none
JavassistProxyFactory.java,org.apache.ibatis.executor.loader.javassist.JavassistProxyFactory$EnhancedResultObjectProxyImpl,org.pitest.mutationtest.engine.gregor.mutators.ConstructorCallMutator,createProxy,124,TIMED_OUT,none
JavassistProxyFactory.java,org.apache.ibatis.executor.loader.javassist.JavassistProxyFactory$EnhancedResultObjectProxyImpl,org.pitest.mutationtest.engine.gregor.mutators.NonVoidMethodCallMutator,createProxy,123,TIMED_OUT,none
JavassistProxyFactory.java,org.apache.ibatis.executor.loader.javassist.JavassistProxyFactory$EnhancedResultObjectProxyImpl,org.pitest.mutationtest.engine.gregor.mutators.NonVoidMethodCallMutator,createProxy,125,TIMED_OUT,none
JavassistProxyFactory.java,org.apache.ibatis.executor.loader.javassist.JavassistProxyFactory$EnhancedResultObjectProxyImpl,org.pitest.mutationtest.engine.gregor.mutators.ReturnValsMutator,createProxy,127,TIMED_OUT,none
JavassistProxyFactory.java,org.apache.ibatis.executor.loader.javassist.JavassistProxyFactory$EnhancedResultObjectProxyImpl,org.pitest.mutationtest.engine.gregor.mutators.ArgumentPropagationMutator,invoke,161,TIMED_OUT,none
JavassistProxyFactory.java,org.apache.ibatis.executor.loader.javassist.JavassistProxyFactory$EnhancedResultObjectProxyImpl,org.pitest.mutationtest.engine.gregor.mutators.NegateConditionalsMutator,invoke,135,TIMED_OUT,none
JavassistProxyFactory.java,org.apache.ibatis.executor.loader.javassist.JavassistProxyFactory$EnhancedResultObjectProxyImpl,org.pitest.mutationtest.engine.gregor.mutators.NegateConditionalsMutator,invoke,150,TIMED_OUT,none
JavassistProxyFactory.java,org.apache.ibatis.executor.loader.javassist.JavassistProxyFactory$EnhancedResultObjectProxyImpl,org.pitest.mutationtest.engine.gregor.mutators.NegateConditionalsMutator,invoke,150,TIMED_OUT,none
JavassistProxyFactory.java,org.apache.ibatis.executor.loader.javassist.JavassistProxyFactory$EnhancedResultObjectProxyImpl,org.pitest.mutationtest.engine.gregor.mutators.NegateConditionalsMutator,invoke,152,TIMED_OUT,none
JavassistProxyFactory.java,org.apache.ibatis.executor.loader.javassist.JavassistProxyFactory$EnhancedResultObjectProxyImpl,org.pitest.mutationtest.engine.gregor.mutators.NonVoidMethodCallMutator,invoke,132,TIMED_OUT,none
JavassistProxyFactory.java,org.apache.ibatis.executor.loader.javassist.JavassistProxyFactory$EnhancedResultObjectProxyImpl,org.pitest.mutationtest.engine.gregor.mutators.NonVoidMethodCallMutator,invoke,135,TIMED_OUT,none
JavassistProxyFactory.java,org.apache.ibatis.executor.loader.javassist.JavassistProxyFactory$EnhancedResultObjectProxyImpl,org.pitest.mutationtest.engine.gregor.mutators.NonVoidMethodCallMutator,invoke,138,TIMED_OUT,none
JavassistProxyFactory.java,org.apache.ibatis.executor.loader.javassist.JavassistProxyFactory$EnhancedResultObjectProxyImpl,org.pitest.mutationtest.engine.gregor.mutators.NonVoidMethodCallMutator,invoke,144,TIMED_OUT,none
JavassistProxyFactory.java,org.apache.ibatis.executor.loader.javassist.JavassistProxyFactory$EnhancedResultObjectProxyImpl,org.pitest.mutationtest.engine.gregor.mutators.NonVoidMethodCallMutator,invoke,150,TIMED_OUT,none
JavassistProxyFactory.java,org.apache.ibatis.executor.loader.javassist.JavassistProxyFactory$EnhancedResultObjectProxyImpl,org.pitest.mutationtest.engine.gregor.mutators.NonVoidMethodCallMutator,invoke,154,TIMED_OUT,none
JavassistProxyFactory.java,org.apache.ibatis.executor.loader.javassist.JavassistProxyFactory$EnhancedResultObjectProxyImpl,org.pitest.mutationtest.engine.gregor.mutators.NonVoidMethodCallMutator,invoke,161,TIMED_OUT,none
JavassistProxyFactory.java,org.apache.ibatis.executor.loader.javassist.JavassistProxyFactory$EnhancedResultObjectProxyImpl,org.pitest.mutationtest.engine.gregor.mutators.RemoveConditionalMutator_EQUAL_ELSE,invoke,135,TIMED_OUT,none
JavassistProxyFactory.java,org.apache.ibatis.executor.loader.javassist.JavassistProxyFactory$EnhancedResultObjectProxyImpl,org.pitest.mutationtest.engine.gregor.mutators.RemoveConditionalMutator_EQUAL_ELSE,invoke,149,TIMED_OUT,none
JavassistProxyFactory.java,org.apache.ibatis.executor.loader.javassist.JavassistProxyFactory$EnhancedResultObjectProxyImpl,org.pitest.mutationtest.engine.gregor.mutators.RemoveConditionalMutator_EQUAL_ELSE,invoke,154,TIMED_OUT,none
JavassistProxyFactory.java,org.apache.ibatis.executor.loader.javassist.JavassistProxyFactory$EnhancedResultObjectProxyImpl,org.pitest.mutationtest.engine.gregor.mutators.RemoveConditionalMutator_EQUAL_IF,invoke,135,TIMED_OUT,none
JavassistProxyFactory.java,org.apache.ibatis.executor.loader.javassist.JavassistProxyFactory$EnhancedResultObjectProxyImpl,org.pitest.mutationtest.engine.gregor.mutators.RemoveConditionalMutator_EQUAL_IF,invoke,150,TIMED_OUT,none
JavassistProxyFactory.java,org.apache.ibatis.executor.loader.javassist.JavassistProxyFactory$EnhancedResultObjectProxyImpl,org.pitest.mutationtest.engine.gregor.mutators.RemoveConditionalMutator_EQUAL_IF,invoke,150,TIMED_OUT,none
JavassistProxyFactory.java,org.apache.ibatis.executor.loader.javassist.JavassistProxyFactory$EnhancedResultObjectProxyImpl,org.pitest.mutationtest.engine.gregor.mutators.RemoveConditionalMutator_ORDER_ELSE,invoke,149,TIMED_OUT,none
JavassistProxyFactory.java,org.apache.ibatis.executor.loader.javassist.JavassistProxyFactory$EnhancedResultObjectProxyImpl,org.pitest.mutationtest.engine.gregor.mutators.RemoveConditionalMutator_ORDER_IF,invoke,149,TIMED_OUT,none
JavassistProxyFactory.java,org.apache.ibatis.executor.loader.javassist.JavassistProxyFactory$EnhancedResultObjectProxyImpl,org.pitest.mutationtest.engine.gregor.mutators.ReturnValsMutator,invoke,161,TIMED_OUT,none
JavassistSerialStateHolder.java,org.apache.ibatis.executor.loader.javassist.JavassistSerialStateHolder,org.pitest.mutationtest.engine.gregor.mutators.ConstructorCallMutator,createDeserializationProxy,47,TIMED_OUT,none
DefaultResultContext.java,org.apache.ibatis.executor.result.DefaultResultContext,org.pitest.mutationtest.engine.gregor.mutators.InlineConstantMutator,<init>,31,TIMED_OUT,none
DefaultResultContext.java,org.apache.ibatis.executor.result.DefaultResultContext,org.pitest.mutationtest.engine.gregor.mutators.InlineConstantMutator,<init>,32,TIMED_OUT,none
DefaultResultContext.java,org.apache.ibatis.executor.result.DefaultResultContext,org.pitest.mutationtest.engine.gregor.mutators.experimental.MemberVariableMutator,<init>,30,TIMED_OUT,none
DefaultResultContext.java,org.apache.ibatis.executor.result.DefaultResultContext,org.pitest.mutationtest.engine.gregor.mutators.experimental.MemberVariableMutator,<init>,31,TIMED_OUT,none
DefaultResultContext.java,org.apache.ibatis.executor.result.DefaultResultContext,org.pitest.mutationtest.engine.gregor.mutators.ReturnValsMutator,getResultObject,37,TIMED_OUT,none
DefaultResultContext.java,org.apache.ibatis.executor.result.DefaultResultContext,org.pitest.mutationtest.engine.gregor.mutators.ReturnValsMutator,isStopped,47,TIMED_OUT,none
DefaultResultContext.java,org.apache.ibatis.executor.result.DefaultResultContext,org.pitest.mutationtest.engine.gregor.mutators.InlineConstantMutator,nextResultObject,51,TIMED_OUT,none
DefaultResultContext.java,org.apache.ibatis.executor.result.DefaultResultContext,org.pitest.mutationtest.engine.gregor.mutators.MathMutator,nextResultObject,51,TIMED_OUT,none
DefaultResultContext.java,org.apache.ibatis.executor.result.DefaultResultContext,org.pitest.mutationtest.engine.gregor.mutators.experimental.MemberVariableMutator,nextResultObject,51,TIMED_OUT,none
DefaultResultContext.java,org.apache.ibatis.executor.result.DefaultResultContext,org.pitest.mutationtest.engine.gregor.mutators.experimental.MemberVariableMutator,nextResultObject,52,TIMED_OUT,none
DefaultResultHandler.java,org.apache.ibatis.executor.result.DefaultResultHandler,org.pitest.mutationtest.engine.gregor.mutators.NonVoidMethodCallMutator,<init>,38,TIMED_OUT,none
DefaultResultHandler.java,org.apache.ibatis.executor.result.DefaultResultHandler,org.pitest.mutationtest.engine.gregor.mutators.experimental.MemberVariableMutator,<init>,38,TIMED_OUT,none
DefaultResultHandler.java,org.apache.ibatis.executor.result.DefaultResultHandler,org.pitest.mutationtest.engine.gregor.mutators.ReturnValsMutator,getResultList,47,TIMED_OUT,none
DefaultResultHandler.java,org.apache.ibatis.executor.result.DefaultResultHandler,org.pitest.mutationtest.engine.gregor.mutators.NonVoidMethodCallMutator,handleResult,43,TIMED_OUT,none
DefaultResultHandler.java,org.apache.ibatis.executor.result.DefaultResultHandler,org.pitest.mutationtest.engine.gregor.mutators.NonVoidMethodCallMutator,handleResult,43,TIMED_OUT,none
DefaultResultSetHandler.java,org.apache.ibatis.executor.resultset.DefaultResultSetHandler,org.pitest.mutationtest.engine.gregor.mutators.ConstructorCallMutator,<init>,85,TIMED_OUT,none
DefaultResultSetHandler.java,org.apache.ibatis.executor.resultset.DefaultResultSetHandler,org.pitest.mutationtest.engine.gregor.mutators.ConstructorCallMutator,<init>,86,TIMED_OUT,none
DefaultResultSetHandler.java,org.apache.ibatis.executor.resultset.DefaultResultSetHandler,org.pitest.mutationtest.engine.gregor.mutators.ConstructorCallMutator,<init>,90,TIMED_OUT,none
DefaultResultSetHandler.java,org.apache.ibatis.executor.resultset.DefaultResultSetHandler,org.pitest.mutationtest.engine.gregor.mutators.ConstructorCallMutator,<init>,91,TIMED_OUT,none
DefaultResultSetHandler.java,org.apache.ibatis.executor.resultset.DefaultResultSetHandler,org.pitest.mutationtest.engine.gregor.mutators.ConstructorCallMutator,<init>,94,TIMED_OUT,none
DefaultResultSetHandler.java,org.apache.ibatis.executor.resultset.DefaultResultSetHandler,org.pitest.mutationtest.engine.gregor.mutators.NonVoidMethodCallMutator,<init>,120,TIMED_OUT,none
DefaultResultSetHandler.java,org.apache.ibatis.executor.resultset.DefaultResultSetHandler,org.pitest.mutationtest.engine.gregor.mutators.NonVoidMethodCallMutator,<init>,125,TIMED_OUT,none
DefaultResultSetHandler.java,org.apache.ibatis.executor.resultset.DefaultResultSetHandler,org.pitest.mutationtest.engine.gregor.mutators.NonVoidMethodCallMutator,<init>,126,TIMED_OUT,none
DefaultResultSetHandler.java,org.apache.ibatis.executor.resultset.DefaultResultSetHandler,org.pitest.mutationtest.engine.gregor.mutators.NonVoidMethodCallMutator,<init>,127,TIMED_OUT,none
DefaultResultSetHandler.java,org.apache.ibatis.executor.resultset.DefaultResultSetHandler,org.pitest.mutationtest.engine.gregor.mutators.experimental.MemberVariableMutator,<init>,85,TIMED_OUT,none
DefaultResultSetHandler.java,org.apache.ibatis.executor.resultset.DefaultResultSetHandler,org.pitest.mutationtest.engine.gregor.mutators.experimental.MemberVariableMutator,<init>,91,TIMED_OUT,none
DefaultResultSetHandler.java,org.apache.ibatis.executor.resultset.DefaultResultSetHandler,org.pitest.mutationtest.engine.gregor.mutators.experimental.MemberVariableMutator,<init>,94,TIMED_OUT,none
DefaultResultSetHandler.java,org.apache.ibatis.executor.resultset.DefaultResultSetHandler,org.pitest.mutationtest.engine.gregor.mutators.experimental.MemberVariableMutator,<init>,119,TIMED_OUT,none
DefaultResultSetHandler.java,org.apache.ibatis.executor.resultset.DefaultResultSetHandler,org.pitest.mutationtest.engine.gregor.mutators.experimental.MemberVariableMutator,<init>,120,TIMED_OUT,none
DefaultResultSetHandler.java,org.apache.ibatis.executor.resultset.DefaultResultSetHandler,org.pitest.mutationtest.engine.gregor.mutators.experimental.MemberVariableMutator,<init>,121,TIMED_OUT,none
DefaultResultSetHandler.java,org.apache.ibatis.executor.resultset.DefaultResultSetHandler,org.pitest.mutationtest.engine.gregor.mutators.experimental.MemberVariableMutator,<init>,122,TIMED_OUT,none
DefaultResultSetHandler.java,org.apache.ibatis.executor.resultset.DefaultResultSetHandler,org.pitest.mutationtest.engine.gregor.mutators.experimental.MemberVariableMutator,<init>,123,TIMED_OUT,none
DefaultResultSetHandler.java,org.apache.ibatis.executor.resultset.DefaultResultSetHandler,org.pitest.mutationtest.engine.gregor.mutators.experimental.MemberVariableMutator,<init>,124,TIMED_OUT,none
DefaultResultSetHandler.java,org.apache.ibatis.executor.resultset.DefaultResultSetHandler,org.pitest.mutationtest.engine.gregor.mutators.experimental.MemberVariableMutator,<init>,125,TIMED_OUT,none
DefaultResultSetHandler.java,org.apache.ibatis.executor.resultset.DefaultResultSetHandler,org.pitest.mutationtest.engine.gregor.mutators.experimental.MemberVariableMutator,<init>,126,TIMED_OUT,none
DefaultResultSetHandler.java,org.apache.ibatis.executor.resultset.DefaultResultSetHandler,org.pitest.mutationtest.engine.gregor.mutators.experimental.MemberVariableMutator,<init>,127,TIMED_OUT,none
DefaultResultSetHandler.java,org.apache.ibatis.executor.resultset.DefaultResultSetHandler,org.pitest.mutationtest.engine.gregor.mutators.experimental.MemberVariableMutator,<init>,128,TIMED_OUT,none
DefaultResultSetHandler.java,org.apache.ibatis.executor.resultset.DefaultResultSetHandler,org.pitest.mutationtest.engine.gregor.mutators.ConditionalsBoundaryMutator,applyAutomaticMappings,505,TIMED_OUT,none
DefaultResultSetHandler.java,org.apache.ibatis.executor.resultset.DefaultResultSetHandler,org.pitest.mutationtest.engine.gregor.mutators.InlineConstantMutator,applyAutomaticMappings,504,TIMED_OUT,none
DefaultResultSetHandler.java,org.apache.ibatis.executor.resultset.DefaultResultSetHandler,org.pitest.mutationtest.engine.gregor.mutators.NegateConditionalsMutator,applyAutomaticMappings,505,TIMED_OUT,none
DefaultResultSetHandler.java,org.apache.ibatis.executor.resultset.DefaultResultSetHandler,org.pitest.mutationtest.engine.gregor.mutators.NonVoidMethodCallMutator,applyAutomaticMappings,503,TIMED_OUT,none
DefaultResultSetHandler.java,org.apache.ibatis.executor.resultset.DefaultResultSetHandler,org.pitest.mutationtest.engine.gregor.mutators.NonVoidMethodCallMutator,applyAutomaticMappings,505,TIMED_OUT,none
DefaultResultSetHandler.java,org.apache.ibatis.executor.resultset.DefaultResultSetHandler,org.pitest.mutationtest.engine.gregor.mutators.RemoveConditionalMutator_EQUAL_ELSE,applyAutomaticMappings,508,TIMED_OUT,none
DefaultResultSetHandler.java,org.apache.ibatis.executor.resultset.DefaultResultSetHandler,org.pitest.mutationtest.engine.gregor.mutators.RemoveConditionalMutator_ORDER_ELSE,applyAutomaticMappings,505,TIMED_OUT,none
DefaultResultSetHandler.java,org.apache.ibatis.executor.resultset.DefaultResultSetHandler,org.pitest.mutationtest.engine.gregor.mutators.RemoveConditionalMutator_ORDER_IF,applyAutomaticMappings,505,TIMED_OUT,none
DefaultResultSetHandler.java,org.apache.ibatis.executor.resultset.DefaultResultSetHandler,org.pitest.mutationtest.engine.gregor.mutators.NegateConditionalsMutator,applyNestedResultMappings,899,TIMED_OUT,none
DefaultResultSetHandler.java,org.apache.ibatis.executor.resultset.DefaultResultSetHandler,org.pitest.mutationtest.engine.gregor.mutators.NonVoidMethodCallMutator,applyNestedResultMappings,902,TIMED_OUT,none
DefaultResultSetHandler.java,org.apache.ibatis.executor.resultset.DefaultResultSetHandler,org.pitest.mutationtest.engine.gregor.mutators.RemoveConditionalMutator_EQUAL_ELSE,applyNestedResultMappings,899,TIMED_OUT,none
DefaultResultSetHandler.java,org.apache.ibatis.executor.resultset.DefaultResultSetHandler,org.pitest.mutationtest.engine.gregor.mutators.RemoveConditionalMutator_EQUAL_ELSE,applyNestedResultMappings,903,TIMED_OUT,none
DefaultResultSetHandler.java,org.apache.ibatis.executor.resultset.DefaultResultSetHandler,org.pitest.mutationtest.engine.gregor.mutators.ArgumentPropagationMutator,applyPropertyMappings,419,TIMED_OUT,none
DefaultResultSetHandler.java,org.apache.ibatis.executor.resultset.DefaultResultSetHandler,org.pitest.mutationtest.engine.gregor.mutators.InlineConstantMutator,applyPropertyMappings,416,TIMED_OUT,none
DefaultResultSetHandler.java,org.apache.ibatis.executor.resultset.DefaultResultSetHandler,org.pitest.mutationtest.engine.gregor.mutators.InlineConstantMutator,applyPropertyMappings,433,TIMED_OUT,none
DefaultResultSetHandler.java,org.apache.ibatis.executor.resultset.DefaultResultSetHandler,org.pitest.mutationtest.engine.gregor.mutators.NegateConditionalsMutator,applyPropertyMappings,418,TIMED_OUT,none
DefaultResultSetHandler.java,org.apache.ibatis.executor.resultset.DefaultResultSetHandler,org.pitest.mutationtest.engine.gregor.mutators.NegateConditionalsMutator,applyPropertyMappings,420,TIMED_OUT,none
DefaultResultSetHandler.java,org.apache.ibatis.executor.resultset.DefaultResultSetHandler,org.pitest.mutationtest.engine.gregor.mutators.NegateConditionalsMutator,applyPropertyMappings,424,TIMED_OUT,none
DefaultResultSetHandler.java,org.apache.ibatis.executor.resultset.DefaultResultSetHandler,org.pitest.mutationtest.engine.gregor.mutators.NegateConditionalsMutator,applyPropertyMappings,424,TIMED_OUT,none
DefaultResultSetHandler.java,org.apache.ibatis.executor.resultset.DefaultResultSetHandler,org.pitest.mutationtest.engine.gregor.mutators.NegateConditionalsMutator,applyPropertyMappings,425,TIMED_OUT,none
DefaultResultSetHandler.java,org.apache.ibatis.executor.resultset.DefaultResultSetHandler,org.pitest.mutationtest.engine.gregor.mutators.NegateConditionalsMutator,applyPropertyMappings,430,TIMED_OUT,none
DefaultResultSetHandler.java,org.apache.ibatis.executor.resultset.DefaultResultSetHandler,org.pitest.mutationtest.engine.gregor.mutators.NegateConditionalsMutator,applyPropertyMappings,432,TIMED_OUT,none
DefaultResultSetHandler.java,org.apache.ibatis.executor.resultset.DefaultResultSetHandler,org.pitest.mutationtest.engine.gregor.mutators.NegateConditionalsMutator,applyPropertyMappings,439,TIMED_OUT,none
DefaultResultSetHandler.java,org.apache.ibatis.executor.resultset.DefaultResultSetHandler,org.pitest.mutationtest.engine.gregor.mutators.NegateConditionalsMutator,applyPropertyMappings,439,TIMED_OUT,none
DefaultResultSetHandler.java,org.apache.ibatis.executor.resultset.DefaultResultSetHandler,org.pitest.mutationtest.engine.gregor.mutators.NegateConditionalsMutator,applyPropertyMappings,439,TIMED_OUT,none
DefaultResultSetHandler.java,org.apache.ibatis.executor.resultset.DefaultResultSetHandler,org.pitest.mutationtest.engine.gregor.mutators.NonVoidMethodCallMutator,applyPropertyMappings,415,TIMED_OUT,none
DefaultResultSetHandler.java,org.apache.ibatis.executor.resultset.DefaultResultSetHandler,org.pitest.mutationtest.engine.gregor.mutators.NonVoidMethodCallMutator,applyPropertyMappings,417,TIMED_OUT,none
DefaultResultSetHandler.java,org.apache.ibatis.executor.resultset.DefaultResultSetHandler,org.pitest.mutationtest.engine.gregor.mutators.NonVoidMethodCallMutator,applyPropertyMappings,418,TIMED_OUT,none
DefaultResultSetHandler.java,org.apache.ibatis.executor.resultset.DefaultResultSetHandler,org.pitest.mutationtest.engine.gregor.mutators.NonVoidMethodCallMutator,applyPropertyMappings,418,TIMED_OUT,none
DefaultResultSetHandler.java,org.apache.ibatis.executor.resultset.DefaultResultSetHandler,org.pitest.mutationtest.engine.gregor.mutators.NonVoidMethodCallMutator,applyPropertyMappings,418,TIMED_OUT,none
DefaultResultSetHandler.java,org.apache.ibatis.executor.resultset.DefaultResultSetHandler,org.pitest.mutationtest.engine.gregor.mutators.NonVoidMethodCallMutator,applyPropertyMappings,419,TIMED_OUT,none
DefaultResultSetHandler.java,org.apache.ibatis.executor.resultset.DefaultResultSetHandler,org.pitest.mutationtest.engine.gregor.mutators.NonVoidMethodCallMutator,applyPropertyMappings,419,TIMED_OUT,none
DefaultResultSetHandler.java,org.apache.ibatis.executor.resultset.DefaultResultSetHandler,org.pitest.mutationtest.engine.gregor.mutators.NonVoidMethodCallMutator,applyPropertyMappings,420,TIMED_OUT,none
DefaultResultSetHandler.java,org.apache.ibatis.executor.resultset.DefaultResultSetHandler,org.pitest.mutationtest.engine.gregor.mutators.NonVoidMethodCallMutator,applyPropertyMappings,424,TIMED_OUT,none
DefaultResultSetHandler.java,org.apache.ibatis.executor.resultset.DefaultResultSetHandler,org.pitest.mutationtest.engine.gregor.mutators.NonVoidMethodCallMutator,applyPropertyMappings,425,TIMED_OUT,none
DefaultResultSetHandler.java,org.apache.ibatis.executor.resultset.DefaultResultSetHandler,org.pitest.mutationtest.engine.gregor.mutators.NonVoidMethodCallMutator,applyPropertyMappings,425,TIMED_OUT,none
DefaultResultSetHandler.java,org.apache.ibatis.executor.resultset.DefaultResultSetHandler,org.pitest.mutationtest.engine.gregor.mutators.NonVoidMethodCallMutator,applyPropertyMappings,427,TIMED_OUT,none
DefaultResultSetHandler.java,org.apache.ibatis.executor.resultset.DefaultResultSetHandler,org.pitest.mutationtest.engine.gregor.mutators.NonVoidMethodCallMutator,applyPropertyMappings,427,TIMED_OUT,none
DefaultResultSetHandler.java,org.apache.ibatis.executor.resultset.DefaultResultSetHandler,org.pitest.mutationtest.engine.gregor.mutators.NonVoidMethodCallMutator,applyPropertyMappings,429,TIMED_OUT,none
DefaultResultSetHandler.java,org.apache.ibatis.executor.resultset.DefaultResultSetHandler,org.pitest.mutationtest.engine.gregor.mutators.NonVoidMethodCallMutator,applyPropertyMappings,439,TIMED_OUT,none
DefaultResultSetHandler.java,org.apache.ibatis.executor.resultset.DefaultResultSetHandler,org.pitest.mutationtest.engine.gregor.mutators.NonVoidMethodCallMutator,applyPropertyMappings,439,TIMED_OUT,none
DefaultResultSetHandler.java,org.apache.ibatis.executor.resultset.DefaultResultSetHandler,org.pitest.mutationtest.engine.gregor.mutators.NonVoidMethodCallMutator,applyPropertyMappings,439,TIMED_OUT,none
DefaultResultSetHandler.java,org.apache.ibatis.executor.resultset.DefaultResultSetHandler,org.pitest.mutationtest.engine.gregor.mutators.RemoveConditionalMutator_EQUAL_ELSE,applyPropertyMappings,418,TIMED_OUT,none
DefaultResultSetHandler.java,org.apache.ibatis.executor.resultset.DefaultResultSetHandler,org.pitest.mutationtest.engine.gregor.mutators.RemoveConditionalMutator_EQUAL_ELSE,applyPropertyMappings,420,TIMED_OUT,none
DefaultResultSetHandler.java,org.apache.ibatis.executor.resultset.DefaultResultSetHandler,org.pitest.mutationtest.engine.gregor.mutators.RemoveConditionalMutator_EQUAL_ELSE,applyPropertyMappings,424,TIMED_OUT,none
DefaultResultSetHandler.java,org.apache.ibatis.executor.resultset.DefaultResultSetHandler,org.pitest.mutationtest.engine.gregor.mutators.RemoveConditionalMutator_EQUAL_ELSE,applyPropertyMappings,424,TIMED_OUT,none
DefaultResultSetHandler.java,org.apache.ibatis.executor.resultset.DefaultResultSetHandler,org.pitest.mutationtest.engine.gregor.mutators.RemoveConditionalMutator_EQUAL_ELSE,applyPropertyMappings,425,TIMED_OUT,none
DefaultResultSetHandler.java,org.apache.ibatis.executor.resultset.DefaultResultSetHandler,org.pitest.mutationtest.engine.gregor.mutators.RemoveConditionalMutator_EQUAL_ELSE,applyPropertyMappings,430,TIMED_OUT,none
DefaultResultSetHandler.java,org.apache.ibatis.executor.resultset.DefaultResultSetHandler,org.pitest.mutationtest.engine.gregor.mutators.RemoveConditionalMutator_EQUAL_ELSE,applyPropertyMappings,432,TIMED_OUT,none
DefaultResultSetHandler.java,org.apache.ibatis.executor.resultset.DefaultResultSetHandler,org.pitest.mutationtest.engine.gregor.mutators.RemoveConditionalMutator_EQUAL_ELSE,applyPropertyMappings,439,TIMED_OUT,none
DefaultResultSetHandler.java,org.apache.ibatis.executor.resultset.DefaultResultSetHandler,org.pitest.mutationtest.engine.gregor.mutators.RemoveConditionalMutator_EQUAL_ELSE,applyPropertyMappings,439,TIMED_OUT,none
DefaultResultSetHandler.java,org.apache.ibatis.executor.resultset.DefaultResultSetHandler,org.pitest.mutationtest.engine.gregor.mutators.RemoveConditionalMutator_EQUAL_IF,applyPropertyMappings,418,TIMED_OUT,none
DefaultResultSetHandler.java,org.apache.ibatis.executor.resultset.DefaultResultSetHandler,org.pitest.mutationtest.engine.gregor.mutators.RemoveConditionalMutator_EQUAL_IF,applyPropertyMappings,420,TIMED_OUT,none
DefaultResultSetHandler.java,org.apache.ibatis.executor.resultset.DefaultResultSetHandler,org.pitest.mutationtest.engine.gregor.mutators.RemoveConditionalMutator_EQUAL_IF,applyPropertyMappings,424,TIMED_OUT,none
DefaultResultSetHandler.java,org.apache.ibatis.executor.resultset.DefaultResultSetHandler,org.pitest.mutationtest.engine.gregor.mutators.RemoveConditionalMutator_EQUAL_IF,applyPropertyMappings,424,TIMED_OUT,none
DefaultResultSetHandler.java,org.apache.ibatis.executor.resultset.DefaultResultSetHandler,org.pitest.mutationtest.engine.gregor.mutators.RemoveConditionalMutator_EQUAL_IF,applyPropertyMappings,425,TIMED_OUT,none
DefaultResultSetHandler.java,org.apache.ibatis.executor.resultset.DefaultResultSetHandler,org.pitest.mutationtest.engine.gregor.mutators.RemoveConditionalMutator_EQUAL_IF,applyPropertyMappings,430,TIMED_OUT,none
DefaultResultSetHandler.java,org.apache.ibatis.executor.resultset.DefaultResultSetHandler,org.pitest.mutationtest.engine.gregor.mutators.RemoveConditionalMutator_EQUAL_IF,applyPropertyMappings,432,TIMED_OUT,none
DefaultResultSetHandler.java,org.apache.ibatis.executor.resultset.DefaultResultSetHandler,org.pitest.mutationtest.engine.gregor.mutators.RemoveConditionalMutator_EQUAL_IF,applyPropertyMappings,436,TIMED_OUT,none
DefaultResultSetHandler.java,org.apache.ibatis.executor.resultset.DefaultResultSetHandler,org.pitest.mutationtest.engine.gregor.mutators.RemoveConditionalMutator_EQUAL_IF,applyPropertyMappings,439,TIMED_OUT,none
DefaultResultSetHandler.java,org.apache.ibatis.executor.resultset.DefaultResultSetHandler,org.pitest.mutationtest.engine.gregor.mutators.RemoveConditionalMutator_EQUAL_IF,applyPropertyMappings,439,TIMED_OUT,none
DefaultResultSetHandler.java,org.apache.ibatis.executor.resultset.DefaultResultSetHandler,org.pitest.mutationtest.engine.gregor.mutators.RemoveConditionalMutator_EQUAL_IF,applyPropertyMappings,439,TIMED_OUT,none
DefaultResultSetHandler.java,org.apache.ibatis.executor.resultset.DefaultResultSetHandler,org.pitest.mutationtest.engine.gregor.mutators.ReturnValsMutator,applyPropertyMappings,445,TIMED_OUT,none
DefaultResultSetHandler.java,org.apache.ibatis.executor.resultset.DefaultResultSetHandler,org.pitest.mutationtest.engine.gregor.mutators.VoidMethodCallMutator,applyPropertyMappings,441,TIMED_OUT,none
DefaultResultSetHandler.java,org.apache.ibatis.executor.resultset.DefaultResultSetHandler,org.pitest.mutationtest.engine.gregor.mutators.VoidMethodCallMutator,callResultHandler,357,TIMED_OUT,none
DefaultResultSetHandler.java,org.apache.ibatis.executor.resultset.DefaultResultSetHandler,org.pitest.mutationtest.engine.gregor.mutators.VoidMethodCallMutator,callResultHandler,358,TIMED_OUT,none
DefaultResultSetHandler.java,org.apache.ibatis.executor.resultset.DefaultResultSetHandler,org.pitest.mutationtest.engine.gregor.mutators.VoidMethodCallMutator,cleanUpAfterHandlingResultSet,273,TIMED_OUT,none
DefaultResultSetHandler.java,org.apache.ibatis.executor.resultset.DefaultResultSetHandler,org.pitest.mutationtest.engine.gregor.mutators.NegateConditionalsMutator,closeResultSet,264,TIMED_OUT,none
DefaultResultSetHandler.java,org.apache.ibatis.executor.resultset.DefaultResultSetHandler,org.pitest.mutationtest.engine.gregor.mutators.RemoveConditionalMutator_EQUAL_ELSE,closeResultSet,264,TIMED_OUT,none
DefaultResultSetHandler.java,org.apache.ibatis.executor.resultset.DefaultResultSetHandler,org.pitest.mutationtest.engine.gregor.mutators.RemoveConditionalMutator_EQUAL_IF,closeResultSet,264,TIMED_OUT,none
DefaultResultSetHandler.java,org.apache.ibatis.executor.resultset.DefaultResultSetHandler,org.pitest.mutationtest.engine.gregor.mutators.VoidMethodCallMutator,closeResultSet,265,TIMED_OUT,none
DefaultResultSetHandler.java,org.apache.ibatis.executor.resultset.DefaultResultSetHandler,org.pitest.mutationtest.engine.gregor.mutators.InlineConstantMutator,collapseSingleResultList,304,TIMED_OUT,none
DefaultResultSetHandler.java,org.apache.ibatis.executor.resultset.DefaultResultSetHandler,org.pitest.mutationtest.engine.gregor.mutators.InlineConstantMutator,collapseSingleResultList,304,TIMED_OUT,none
DefaultResultSetHandler.java,org.apache.ibatis.executor.resultset.DefaultResultSetHandler,org.pitest.mutationtest.engine.gregor.mutators.NegateConditionalsMutator,collapseSingleResultList,304,TIMED_OUT,none
DefaultResultSetHandler.java,org.apache.ibatis.executor.resultset.DefaultResultSetHandler,org.pitest.mutationtest.engine.gregor.mutators.NonVoidMethodCallMutator,collapseSingleResultList,304,TIMED_OUT,none
DefaultResultSetHandler.java,org.apache.ibatis.executor.resultset.DefaultResultSetHandler,org.pitest.mutationtest.engine.gregor.mutators.NonVoidMethodCallMutator,collapseSingleResultList,304,TIMED_OUT,none
DefaultResultSetHandler.java,org.apache.ibatis.executor.resultset.DefaultResultSetHandler,org.pitest.mutationtest.engine.gregor.mutators.RemoveConditionalMutator_EQUAL_ELSE,collapseSingleResultList,304,TIMED_OUT,none
DefaultResultSetHandler.java,org.apache.ibatis.executor.resultset.DefaultResultSetHandler,org.pitest.mutationtest.engine.gregor.mutators.ReturnValsMutator,collapseSingleResultList,304,TIMED_OUT,none
DefaultResultSetHandler.java,org.apache.ibatis.executor.resultset.DefaultResultSetHandler,org.pitest.mutationtest.engine.gregor.mutators.ArgumentPropagationMutator,createAutomaticMappings,464,TIMED_OUT,none
DefaultResultSetHandler.java,org.apache.ibatis.executor.resultset.DefaultResultSetHandler,org.pitest.mutationtest.engine.gregor.mutators.ArgumentPropagationMutator,createAutomaticMappings,497,TIMED_OUT,none
DefaultResultSetHandler.java,org.apache.ibatis.executor.resultset.DefaultResultSetHandler,org.pitest.mutationtest.engine.gregor.mutators.ConstructorCallMutator,createAutomaticMappings,463,TIMED_OUT,none
DefaultResultSetHandler.java,org.apache.ibatis.executor.resultset.DefaultResultSetHandler,org.pitest.mutationtest.engine.gregor.mutators.ConstructorCallMutator,createAutomaticMappings,466,TIMED_OUT,none
DefaultResultSetHandler.java,org.apache.ibatis.executor.resultset.DefaultResultSetHandler,org.pitest.mutationtest.engine.gregor.mutators.NegateConditionalsMutator,createAutomaticMappings,465,TIMED_OUT,none
DefaultResultSetHandler.java,org.apache.ibatis.executor.resultset.DefaultResultSetHandler,org.pitest.mutationtest.engine.gregor.mutators.NegateConditionalsMutator,createAutomaticMappings,468,TIMED_OUT,none
DefaultResultSetHandler.java,org.apache.ibatis.executor.resultset.DefaultResultSetHandler,org.pitest.mutationtest.engine.gregor.mutators.NegateConditionalsMutator,createAutomaticMappings,470,TIMED_OUT,none
DefaultResultSetHandler.java,org.apache.ibatis.executor.resultset.DefaultResultSetHandler,org.pitest.mutationtest.engine.gregor.mutators.NegateConditionalsMutator,createAutomaticMappings,480,TIMED_OUT,none
DefaultResultSetHandler.java,org.apache.ibatis.executor.resultset.DefaultResultSetHandler,org.pitest.mutationtest.engine.gregor.mutators.NegateConditionalsMutator,createAutomaticMappings,480,TIMED_OUT,none
DefaultResultSetHandler.java,org.apache.ibatis.executor.resultset.DefaultResultSetHandler,org.pitest.mutationtest.engine.gregor.mutators.NegateConditionalsMutator,createAutomaticMappings,493,TIMED_OUT,none
DefaultResultSetHandler.java,org.apache.ibatis.executor.resultset.DefaultResultSetHandler,org.pitest.mutationtest.engine.gregor.mutators.NonVoidMethodCallMutator,createAutomaticMappings,463,TIMED_OUT,none
DefaultResultSetHandler.java,org.apache.ibatis.executor.resultset.DefaultResultSetHandler,org.pitest.mutationtest.engine.gregor.mutators.NonVoidMethodCallMutator,createAutomaticMappings,463,TIMED_OUT,none
DefaultResultSetHandler.java,org.apache.ibatis.executor.resultset.DefaultResultSetHandler,org.pitest.mutationtest.engine.gregor.mutators.NonVoidMethodCallMutator,createAutomaticMappings,463,TIMED_OUT,none
DefaultResultSetHandler.java,org.apache.ibatis.executor.resultset.DefaultResultSetHandler,org.pitest.mutationtest.engine.gregor.mutators.NonVoidMethodCallMutator,createAutomaticMappings,463,TIMED_OUT,none
DefaultResultSetHandler.java,org.apache.ibatis.executor.resultset.DefaultResultSetHandler,org.pitest.mutationtest.engine.gregor.mutators.NonVoidMethodCallMutator,createAutomaticMappings,464,TIMED_OUT,none
DefaultResultSetHandler.java,org.apache.ibatis.executor.resultset.DefaultResultSetHandler,org.pitest.mutationtest.engine.gregor.mutators.NonVoidMethodCallMutator,createAutomaticMappings,467,TIMED_OUT,none
DefaultResultSetHandler.java,org.apache.ibatis.executor.resultset.DefaultResultSetHandler,org.pitest.mutationtest.engine.gregor.mutators.NonVoidMethodCallMutator,createAutomaticMappings,468,TIMED_OUT,none
DefaultResultSetHandler.java,org.apache.ibatis.executor.resultset.DefaultResultSetHandler,org.pitest.mutationtest.engine.gregor.mutators.NonVoidMethodCallMutator,createAutomaticMappings,468,TIMED_OUT,none
DefaultResultSetHandler.java,org.apache.ibatis.executor.resultset.DefaultResultSetHandler,org.pitest.mutationtest.engine.gregor.mutators.NonVoidMethodCallMutator,createAutomaticMappings,468,TIMED_OUT,none
DefaultResultSetHandler.java,org.apache.ibatis.executor.resultset.DefaultResultSetHandler,org.pitest.mutationtest.engine.gregor.mutators.NonVoidMethodCallMutator,createAutomaticMappings,470,TIMED_OUT,none
DefaultResultSetHandler.java,org.apache.ibatis.executor.resultset.DefaultResultSetHandler,org.pitest.mutationtest.engine.gregor.mutators.NonVoidMethodCallMutator,createAutomaticMappings,497,TIMED_OUT,none
DefaultResultSetHandler.java,org.apache.ibatis.executor.resultset.DefaultResultSetHandler,org.pitest.mutationtest.engine.gregor.mutators.RemoveConditionalMutator_EQUAL_ELSE,createAutomaticMappings,465,TIMED_OUT,none
DefaultResultSetHandler.java,org.apache.ibatis.executor.resultset.DefaultResultSetHandler,org.pitest.mutationtest.engine.gregor.mutators.RemoveConditionalMutator_EQUAL_ELSE,createAutomaticMappings,468,TIMED_OUT,none
DefaultResultSetHandler.java,org.apache.ibatis.executor.resultset.DefaultResultSetHandler,org.pitest.mutationtest.engine.gregor.mutators.RemoveConditionalMutator_EQUAL_ELSE,createAutomaticMappings,480,TIMED_OUT,none
DefaultResultSetHandler.java,org.apache.ibatis.executor.resultset.DefaultResultSetHandler,org.pitest.mutationtest.engine.gregor.mutators.RemoveConditionalMutator_EQUAL_ELSE,createAutomaticMappings,480,TIMED_OUT,none
DefaultResultSetHandler.java,org.apache.ibatis.executor.resultset.DefaultResultSetHandler,org.pitest.mutationtest.engine.gregor.mutators.RemoveConditionalMutator_EQUAL_IF,createAutomaticMappings,465,TIMED_OUT,none
DefaultResultSetHandler.java,org.apache.ibatis.executor.resultset.DefaultResultSetHandler,org.pitest.mutationtest.engine.gregor.mutators.RemoveConditionalMutator_EQUAL_IF,createAutomaticMappings,468,TIMED_OUT,none
DefaultResultSetHandler.java,org.apache.ibatis.executor.resultset.DefaultResultSetHandler,org.pitest.mutationtest.engine.gregor.mutators.RemoveConditionalMutator_EQUAL_IF,createAutomaticMappings,470,TIMED_OUT,none
DefaultResultSetHandler.java,org.apache.ibatis.executor.resultset.DefaultResultSetHandler,org.pitest.mutationtest.engine.gregor.mutators.RemoveConditionalMutator_EQUAL_IF,createAutomaticMappings,470,TIMED_OUT,none
DefaultResultSetHandler.java,org.apache.ibatis.executor.resultset.DefaultResultSetHandler,org.pitest.mutationtest.engine.gregor.mutators.RemoveConditionalMutator_EQUAL_IF,createAutomaticMappings,480,TIMED_OUT,none
DefaultResultSetHandler.java,org.apache.ibatis.executor.resultset.DefaultResultSetHandler,org.pitest.mutationtest.engine.gregor.mutators.ReturnValsMutator,createAutomaticMappings,499,TIMED_OUT,none
DefaultResultSetHandler.java,org.apache.ibatis.executor.resultset.DefaultResultSetHandler,org.pitest.mutationtest.engine.gregor.mutators.VoidMethodCallMutator,createAutomaticMappings,494,TIMED_OUT,none
DefaultResultSetHandler.java,org.apache.ibatis.executor.resultset.DefaultResultSetHandler,org.pitest.mutationtest.engine.gregor.mutators.experimental.RemoveIncrementsMutator,createByConstructorSignature,647,TIMED_OUT,none
DefaultResultSetHandler.java,org.apache.ibatis.executor.resultset.DefaultResultSetHandler,org.pitest.mutationtest.engine.gregor.mutators.experimental.RemoveIncrementsMutator,createByConstructorSignature,644,TIMED_OUT,none
DefaultResultSetHandler.java,org.apache.ibatis.executor.resultset.DefaultResultSetHandler,org.pitest.mutationtest.engine.gregor.mutators.experimental.RemoveIncrementsMutator,createKeyForMultipleResults,562,TIMED_OUT,none
DefaultResultSetHandler.java,org.apache.ibatis.executor.resultset.DefaultResultSetHandler,org.pitest.mutationtest.engine.gregor.mutators.NegateConditionalsMutator,createResultObject,601,TIMED_OUT,none
DefaultResultSetHandler.java,org.apache.ibatis.executor.resultset.DefaultResultSetHandler,org.pitest.mutationtest.engine.gregor.mutators.NegateConditionalsMutator,createResultObject,603,TIMED_OUT,none
DefaultResultSetHandler.java,org.apache.ibatis.executor.resultset.DefaultResultSetHandler,org.pitest.mutationtest.engine.gregor.mutators.NegateConditionalsMutator,createResultObject,605,TIMED_OUT,none
DefaultResultSetHandler.java,org.apache.ibatis.executor.resultset.DefaultResultSetHandler,org.pitest.mutationtest.engine.gregor.mutators.NegateConditionalsMutator,createResultObject,605,TIMED_OUT,none
DefaultResultSetHandler.java,org.apache.ibatis.executor.resultset.DefaultResultSetHandler,org.pitest.mutationtest.engine.gregor.mutators.NonVoidMethodCallMutator,createResultObject,598,TIMED_OUT,none
DefaultResultSetHandler.java,org.apache.ibatis.executor.resultset.DefaultResultSetHandler,org.pitest.mutationtest.engine.gregor.mutators.NonVoidMethodCallMutator,createResultObject,599,TIMED_OUT,none
DefaultResultSetHandler.java,org.apache.ibatis.executor.resultset.DefaultResultSetHandler,org.pitest.mutationtest.engine.gregor.mutators.NonVoidMethodCallMutator,createResultObject,600,TIMED_OUT,none
DefaultResultSetHandler.java,org.apache.ibatis.executor.resultset.DefaultResultSetHandler,org.pitest.mutationtest.engine.gregor.mutators.NonVoidMethodCallMutator,createResultObject,601,TIMED_OUT,none
DefaultResultSetHandler.java,org.apache.ibatis.executor.resultset.DefaultResultSetHandler,org.pitest.mutationtest.engine.gregor.mutators.NonVoidMethodCallMutator,createResultObject,603,TIMED_OUT,none
DefaultResultSetHandler.java,org.apache.ibatis.executor.resultset.DefaultResultSetHandler,org.pitest.mutationtest.engine.gregor.mutators.NonVoidMethodCallMutator,createResultObject,605,TIMED_OUT,none
DefaultResultSetHandler.java,org.apache.ibatis.executor.resultset.DefaultResultSetHandler,org.pitest.mutationtest.engine.gregor.mutators.NonVoidMethodCallMutator,createResultObject,605,TIMED_OUT,none
DefaultResultSetHandler.java,org.apache.ibatis.executor.resultset.DefaultResultSetHandler,org.pitest.mutationtest.engine.gregor.mutators.NonVoidMethodCallMutator,createResultObject,606,TIMED_OUT,none
DefaultResultSetHandler.java,org.apache.ibatis.executor.resultset.DefaultResultSetHandler,org.pitest.mutationtest.engine.gregor.mutators.RemoveConditionalMutator_EQUAL_ELSE,createResultObject,601,TIMED_OUT,none
DefaultResultSetHandler.java,org.apache.ibatis.executor.resultset.DefaultResultSetHandler,org.pitest.mutationtest.engine.gregor.mutators.RemoveConditionalMutator_EQUAL_ELSE,createResultObject,603,TIMED_OUT,none
DefaultResultSetHandler.java,org.apache.ibatis.executor.resultset.DefaultResultSetHandler,org.pitest.mutationtest.engine.gregor.mutators.RemoveConditionalMutator_EQUAL_ELSE,createResultObject,605,TIMED_OUT,none
DefaultResultSetHandler.java,org.apache.ibatis.executor.resultset.DefaultResultSetHandler,org.pitest.mutationtest.engine.gregor.mutators.RemoveConditionalMutator_EQUAL_ELSE,createResultObject,605,TIMED_OUT,none
DefaultResultSetHandler.java,org.apache.ibatis.executor.resultset.DefaultResultSetHandler,org.pitest.mutationtest.engine.gregor.mutators.RemoveConditionalMutator_EQUAL_IF,createResultObject,601,TIMED_OUT,none
DefaultResultSetHandler.java,org.apache.ibatis.executor.resultset.DefaultResultSetHandler,org.pitest.mutationtest.engine.gregor.mutators.RemoveConditionalMutator_EQUAL_IF,createResultObject,603,TIMED_OUT,none
DefaultResultSetHandler.java,org.apache.ibatis.executor.resultset.DefaultResultSetHandler,org.pitest.mutationtest.engine.gregor.mutators.RemoveConditionalMutator_EQUAL_IF,createResultObject,605,TIMED_OUT,none
DefaultResultSetHandler.java,org.apache.ibatis.executor.resultset.DefaultResultSetHandler,org.pitest.mutationtest.engine.gregor.mutators.RemoveConditionalMutator_EQUAL_IF,createResultObject,605,TIMED_OUT,none
DefaultResultSetHandler.java,org.apache.ibatis.executor.resultset.DefaultResultSetHandler,org.pitest.mutationtest.engine.gregor.mutators.ReturnValsMutator,createResultObject,606,TIMED_OUT,none
DefaultResultSetHandler.java,org.apache.ibatis.executor.resultset.DefaultResultSetHandler,org.pitest.mutationtest.engine.gregor.mutators.ArgumentPropagationMutator,createResultObject,587,TIMED_OUT,none
DefaultResultSetHandler.java,org.apache.ibatis.executor.resultset.DefaultResultSetHandler,org.pitest.mutationtest.engine.gregor.mutators.ConstructorCallMutator,createResultObject,579,TIMED_OUT,none
DefaultResultSetHandler.java,org.apache.ibatis.executor.resultset.DefaultResultSetHandler,org.pitest.mutationtest.engine.gregor.mutators.ConstructorCallMutator,createResultObject,580,TIMED_OUT,none
DefaultResultSetHandler.java,org.apache.ibatis.executor.resultset.DefaultResultSetHandler,org.pitest.mutationtest.engine.gregor.mutators.InlineConstantMutator,createResultObject,578,TIMED_OUT,none
DefaultResultSetHandler.java,org.apache.ibatis.executor.resultset.DefaultResultSetHandler,org.pitest.mutationtest.engine.gregor.mutators.InlineConstantMutator,createResultObject,592,TIMED_OUT,none
DefaultResultSetHandler.java,org.apache.ibatis.executor.resultset.DefaultResultSetHandler,org.pitest.mutationtest.engine.gregor.mutators.InlineConstantMutator,createResultObject,592,TIMED_OUT,none
DefaultResultSetHandler.java,org.apache.ibatis.executor.resultset.DefaultResultSetHandler,org.pitest.mutationtest.engine.gregor.mutators.NegateConditionalsMutator,createResultObject,582,TIMED_OUT,none
DefaultResultSetHandler.java,org.apache.ibatis.executor.resultset.DefaultResultSetHandler,org.pitest.mutationtest.engine.gregor.mutators.NegateConditionalsMutator,createResultObject,584,TIMED_OUT,none
DefaultResultSetHandler.java,org.apache.ibatis.executor.resultset.DefaultResultSetHandler,org.pitest.mutationtest.engine.gregor.mutators.NegateConditionalsMutator,createResultObject,586,TIMED_OUT,none
DefaultResultSetHandler.java,org.apache.ibatis.executor.resultset.DefaultResultSetHandler,org.pitest.mutationtest.engine.gregor.mutators.NegateConditionalsMutator,createResultObject,586,TIMED_OUT,none
DefaultResultSetHandler.java,org.apache.ibatis.executor.resultset.DefaultResultSetHandler,org.pitest.mutationtest.engine.gregor.mutators.NegateConditionalsMutator,createResultObject,592,TIMED_OUT,none
DefaultResultSetHandler.java,org.apache.ibatis.executor.resultset.DefaultResultSetHandler,org.pitest.mutationtest.engine.gregor.mutators.NegateConditionalsMutator,createResultObject,592,TIMED_OUT,none
DefaultResultSetHandler.java,org.apache.ibatis.executor.resultset.DefaultResultSetHandler,org.pitest.mutationtest.engine.gregor.mutators.NonVoidMethodCallMutator,createResultObject,581,TIMED_OUT,none
DefaultResultSetHandler.java,org.apache.ibatis.executor.resultset.DefaultResultSetHandler,org.pitest.mutationtest.engine.gregor.mutators.NonVoidMethodCallMutator,createResultObject,582,TIMED_OUT,none
DefaultResultSetHandler.java,org.apache.ibatis.executor.resultset.DefaultResultSetHandler,org.pitest.mutationtest.engine.gregor.mutators.NonVoidMethodCallMutator,createResultObject,583,TIMED_OUT,none
DefaultResultSetHandler.java,org.apache.ibatis.executor.resultset.DefaultResultSetHandler,org.pitest.mutationtest.engine.gregor.mutators.NonVoidMethodCallMutator,createResultObject,584,TIMED_OUT,none
DefaultResultSetHandler.java,org.apache.ibatis.executor.resultset.DefaultResultSetHandler,org.pitest.mutationtest.engine.gregor.mutators.NonVoidMethodCallMutator,createResultObject,584,TIMED_OUT,none
DefaultResultSetHandler.java,org.apache.ibatis.executor.resultset.DefaultResultSetHandler,org.pitest.mutationtest.engine.gregor.mutators.NonVoidMethodCallMutator,createResultObject,584,TIMED_OUT,none
DefaultResultSetHandler.java,org.apache.ibatis.executor.resultset.DefaultResultSetHandler,org.pitest.mutationtest.engine.gregor.mutators.NonVoidMethodCallMutator,createResultObject,586,TIMED_OUT,none
DefaultResultSetHandler.java,org.apache.ibatis.executor.resultset.DefaultResultSetHandler,org.pitest.mutationtest.engine.gregor.mutators.NonVoidMethodCallMutator,createResultObject,587,TIMED_OUT,none
DefaultResultSetHandler.java,org.apache.ibatis.executor.resultset.DefaultResultSetHandler,org.pitest.mutationtest.engine.gregor.mutators.NonVoidMethodCallMutator,createResultObject,587,TIMED_OUT,none
DefaultResultSetHandler.java,org.apache.ibatis.executor.resultset.DefaultResultSetHandler,org.pitest.mutationtest.engine.gregor.mutators.NonVoidMethodCallMutator,createResultObject,592,TIMED_OUT,none
DefaultResultSetHandler.java,org.apache.ibatis.executor.resultset.DefaultResultSetHandler,org.pitest.mutationtest.engine.gregor.mutators.RemoveConditionalMutator_EQUAL_ELSE,createResultObject,582,TIMED_OUT,none
DefaultResultSetHandler.java,org.apache.ibatis.executor.resultset.DefaultResultSetHandler,org.pitest.mutationtest.engine.gregor.mutators.RemoveConditionalMutator_EQUAL_ELSE,createResultObject,582,TIMED_OUT,none
DefaultResultSetHandler.java,org.apache.ibatis.executor.resultset.DefaultResultSetHandler,org.pitest.mutationtest.engine.gregor.mutators.RemoveConditionalMutator_EQUAL_ELSE,createResultObject,584,TIMED_OUT,none
DefaultResultSetHandler.java,org.apache.ibatis.executor.resultset.DefaultResultSetHandler,org.pitest.mutationtest.engine.gregor.mutators.RemoveConditionalMutator_EQUAL_ELSE,createResultObject,586,TIMED_OUT,none
DefaultResultSetHandler.java,org.apache.ibatis.executor.resultset.DefaultResultSetHandler,org.pitest.mutationtest.engine.gregor.mutators.RemoveConditionalMutator_EQUAL_ELSE,createResultObject,586,TIMED_OUT,none
DefaultResultSetHandler.java,org.apache.ibatis.executor.resultset.DefaultResultSetHandler,org.pitest.mutationtest.engine.gregor.mutators.RemoveConditionalMutator_EQUAL_ELSE,createResultObject,592,TIMED_OUT,none
DefaultResultSetHandler.java,org.apache.ibatis.executor.resultset.DefaultResultSetHandler,org.pitest.mutationtest.engine.gregor.mutators.RemoveConditionalMutator_EQUAL_ELSE,createResultObject,592,TIMED_OUT,none
DefaultResultSetHandler.java,org.apache.ibatis.executor.resultset.DefaultResultSetHandler,org.pitest.mutationtest.engine.gregor.mutators.RemoveConditionalMutator_EQUAL_IF,createResultObject,582,TIMED_OUT,none
DefaultResultSetHandler.java,org.apache.ibatis.executor.resultset.DefaultResultSetHandler,org.pitest.mutationtest.engine.gregor.mutators.RemoveConditionalMutator_EQUAL_IF,createResultObject,582,TIMED_OUT,none
DefaultResultSetHandler.java,org.apache.ibatis.executor.resultset.DefaultResultSetHandler,org.pitest.mutationtest.engine.gregor.mutators.RemoveConditionalMutator_EQUAL_IF,createResultObject,584,TIMED_OUT,none
DefaultResultSetHandler.java,org.apache.ibatis.executor.resultset.DefaultResultSetHandler,org.pitest.mutationtest.engine.gregor.mutators.RemoveConditionalMutator_EQUAL_IF,createResultObject,586,TIMED_OUT,none
DefaultResultSetHandler.java,org.apache.ibatis.executor.resultset.DefaultResultSetHandler,org.pitest.mutationtest.engine.gregor.mutators.RemoveConditionalMutator_EQUAL_IF,createResultObject,586,TIMED_OUT,none
DefaultResultSetHandler.java,org.apache.ibatis.executor.resultset.DefaultResultSetHandler,org.pitest.mutationtest.engine.gregor.mutators.RemoveConditionalMutator_EQUAL_IF,createResultObject,592,TIMED_OUT,none
DefaultResultSetHandler.java,org.apache.ibatis.executor.resultset.DefaultResultSetHandler,org.pitest.mutationtest.engine.gregor.mutators.ReturnValsMutator,createResultObject,593,TIMED_OUT,none
DefaultResultSetHandler.java,org.apache.ibatis.executor.resultset.DefaultResultSetHandler,org.pitest.mutationtest.engine.gregor.mutators.experimental.MemberVariableMutator,createResultObject,578,TIMED_OUT,none
DefaultResultSetHandler.java,org.apache.ibatis.executor.resultset.DefaultResultSetHandler,org.pitest.mutationtest.engine.gregor.mutators.NonVoidMethodCallMutator,createRowKeyForMappedProperties,1025,TIMED_OUT,none
DefaultResultSetHandler.java,org.apache.ibatis.executor.resultset.DefaultResultSetHandler,org.pitest.mutationtest.engine.gregor.mutators.ConstructorCallMutator,getFirstResultSet,243,TIMED_OUT,none
DefaultResultSetHandler.java,org.apache.ibatis.executor.resultset.DefaultResultSetHandler,org.pitest.mutationtest.engine.gregor.mutators.InlineConstantMutator,getFirstResultSet,237,TIMED_OUT,none
DefaultResultSetHandler.java,org.apache.ibatis.executor.resultset.DefaultResultSetHandler,org.pitest.mutationtest.engine.gregor.mutators.NegateConditionalsMutator,getFirstResultSet,231,TIMED_OUT,none
DefaultResultSetHandler.java,org.apache.ibatis.executor.resultset.DefaultResultSetHandler,org.pitest.mutationtest.engine.gregor.mutators.NegateConditionalsMutator,getFirstResultSet,234,TIMED_OUT,none
DefaultResultSetHandler.java,org.apache.ibatis.executor.resultset.DefaultResultSetHandler,org.pitest.mutationtest.engine.gregor.mutators.NegateConditionalsMutator,getFirstResultSet,237,TIMED_OUT,none
DefaultResultSetHandler.java,org.apache.ibatis.executor.resultset.DefaultResultSetHandler,org.pitest.mutationtest.engine.gregor.mutators.NegateConditionalsMutator,getFirstResultSet,243,TIMED_OUT,none
DefaultResultSetHandler.java,org.apache.ibatis.executor.resultset.DefaultResultSetHandler,org.pitest.mutationtest.engine.gregor.mutators.NonVoidMethodCallMutator,getFirstResultSet,230,TIMED_OUT,none
DefaultResultSetHandler.java,org.apache.ibatis.executor.resultset.DefaultResultSetHandler,org.pitest.mutationtest.engine.gregor.mutators.NonVoidMethodCallMutator,getFirstResultSet,234,TIMED_OUT,none
DefaultResultSetHandler.java,org.apache.ibatis.executor.resultset.DefaultResultSetHandler,org.pitest.mutationtest.engine.gregor.mutators.NonVoidMethodCallMutator,getFirstResultSet,237,TIMED_OUT,none
DefaultResultSetHandler.java,org.apache.ibatis.executor.resultset.DefaultResultSetHandler,org.pitest.mutationtest.engine.gregor.mutators.RemoveConditionalMutator_EQUAL_ELSE,getFirstResultSet,231,TIMED_OUT,none
DefaultResultSetHandler.java,org.apache.ibatis.executor.resultset.DefaultResultSetHandler,org.pitest.mutationtest.engine.gregor.mutators.RemoveConditionalMutator_EQUAL_ELSE,getFirstResultSet,237,TIMED_OUT,none
DefaultResultSetHandler.java,org.apache.ibatis.executor.resultset.DefaultResultSetHandler,org.pitest.mutationtest.engine.gregor.mutators.RemoveConditionalMutator_EQUAL_ELSE,getFirstResultSet,243,TIMED_OUT,none
DefaultResultSetHandler.java,org.apache.ibatis.executor.resultset.DefaultResultSetHandler,org.pitest.mutationtest.engine.gregor.mutators.RemoveConditionalMutator_EQUAL_IF,getFirstResultSet,231,TIMED_OUT,none
DefaultResultSetHandler.java,org.apache.ibatis.executor.resultset.DefaultResultSetHandler,org.pitest.mutationtest.engine.gregor.mutators.RemoveConditionalMutator_EQUAL_IF,getFirstResultSet,234,TIMED_OUT,none
DefaultResultSetHandler.java,org.apache.ibatis.executor.resultset.DefaultResultSetHandler,org.pitest.mutationtest.engine.gregor.mutators.RemoveConditionalMutator_EQUAL_IF,getFirstResultSet,243,TIMED_OUT,none
DefaultResultSetHandler.java,org.apache.ibatis.executor.resultset.DefaultResultSetHandler,org.pitest.mutationtest.engine.gregor.mutators.ReturnValsMutator,getFirstResultSet,243,TIMED_OUT,none
DefaultResultSetHandler.java,org.apache.ibatis.executor.resultset.DefaultResultSetHandler,org.pitest.mutationtest.engine.gregor.mutators.ConstructorCallMutator,getNestedQueryMappingValue,720,TIMED_OUT,none
DefaultResultSetHandler.java,org.apache.ibatis.executor.resultset.DefaultResultSetHandler,org.pitest.mutationtest.engine.gregor.mutators.NegateConditionalsMutator,getNestedQueryMappingValue,716,TIMED_OUT,none
DefaultResultSetHandler.java,org.apache.ibatis.executor.resultset.DefaultResultSetHandler,org.pitest.mutationtest.engine.gregor.mutators.NegateConditionalsMutator,getNestedQueryMappingValue,721,TIMED_OUT,none
DefaultResultSetHandler.java,org.apache.ibatis.executor.resultset.DefaultResultSetHandler,org.pitest.mutationtest.engine.gregor.mutators.NonVoidMethodCallMutator,getNestedQueryMappingValue,706,TIMED_OUT,none
DefaultResultSetHandler.java,org.apache.ibatis.executor.resultset.DefaultResultSetHandler,org.pitest.mutationtest.engine.gregor.mutators.NonVoidMethodCallMutator,getNestedQueryMappingValue,707,TIMED_OUT,none
DefaultResultSetHandler.java,org.apache.ibatis.executor.resultset.DefaultResultSetHandler,org.pitest.mutationtest.engine.gregor.mutators.NonVoidMethodCallMutator,getNestedQueryMappingValue,708,TIMED_OUT,none
DefaultResultSetHandler.java,org.apache.ibatis.executor.resultset.DefaultResultSetHandler,org.pitest.mutationtest.engine.gregor.mutators.NonVoidMethodCallMutator,getNestedQueryMappingValue,709,TIMED_OUT,none
DefaultResultSetHandler.java,org.apache.ibatis.executor.resultset.DefaultResultSetHandler,org.pitest.mutationtest.engine.gregor.mutators.NonVoidMethodCallMutator,getNestedQueryMappingValue,709,TIMED_OUT,none
DefaultResultSetHandler.java,org.apache.ibatis.executor.resultset.DefaultResultSetHandler,org.pitest.mutationtest.engine.gregor.mutators.NonVoidMethodCallMutator,getNestedQueryMappingValue,710,TIMED_OUT,none
DefaultResultSetHandler.java,org.apache.ibatis.executor.resultset.DefaultResultSetHandler,org.pitest.mutationtest.engine.gregor.mutators.NonVoidMethodCallMutator,getNestedQueryMappingValue,713,TIMED_OUT,none
DefaultResultSetHandler.java,org.apache.ibatis.executor.resultset.DefaultResultSetHandler,org.pitest.mutationtest.engine.gregor.mutators.NonVoidMethodCallMutator,getNestedQueryMappingValue,714,TIMED_OUT,none
DefaultResultSetHandler.java,org.apache.ibatis.executor.resultset.DefaultResultSetHandler,org.pitest.mutationtest.engine.gregor.mutators.NonVoidMethodCallMutator,getNestedQueryMappingValue,715,TIMED_OUT,none
DefaultResultSetHandler.java,org.apache.ibatis.executor.resultset.DefaultResultSetHandler,org.pitest.mutationtest.engine.gregor.mutators.NonVoidMethodCallMutator,getNestedQueryMappingValue,716,TIMED_OUT,none
DefaultResultSetHandler.java,org.apache.ibatis.executor.resultset.DefaultResultSetHandler,org.pitest.mutationtest.engine.gregor.mutators.NonVoidMethodCallMutator,getNestedQueryMappingValue,721,TIMED_OUT,none
DefaultResultSetHandler.java,org.apache.ibatis.executor.resultset.DefaultResultSetHandler,org.pitest.mutationtest.engine.gregor.mutators.NonVoidMethodCallMutator,getNestedQueryMappingValue,725,TIMED_OUT,none
DefaultResultSetHandler.java,org.apache.ibatis.executor.resultset.DefaultResultSetHandler,org.pitest.mutationtest.engine.gregor.mutators.RemoveConditionalMutator_EQUAL_ELSE,getNestedQueryMappingValue,712,TIMED_OUT,none
DefaultResultSetHandler.java,org.apache.ibatis.executor.resultset.DefaultResultSetHandler,org.pitest.mutationtest.engine.gregor.mutators.RemoveConditionalMutator_EQUAL_ELSE,getNestedQueryMappingValue,716,TIMED_OUT,none
DefaultResultSetHandler.java,org.apache.ibatis.executor.resultset.DefaultResultSetHandler,org.pitest.mutationtest.engine.gregor.mutators.RemoveConditionalMutator_EQUAL_ELSE,getNestedQueryMappingValue,721,TIMED_OUT,none
DefaultResultSetHandler.java,org.apache.ibatis.executor.resultset.DefaultResultSetHandler,org.pitest.mutationtest.engine.gregor.mutators.RemoveConditionalMutator_EQUAL_IF,getNestedQueryMappingValue,712,TIMED_OUT,none
DefaultResultSetHandler.java,org.apache.ibatis.executor.resultset.DefaultResultSetHandler,org.pitest.mutationtest.engine.gregor.mutators.RemoveConditionalMutator_EQUAL_IF,getNestedQueryMappingValue,716,TIMED_OUT,none
DefaultResultSetHandler.java,org.apache.ibatis.executor.resultset.DefaultResultSetHandler,org.pitest.mutationtest.engine.gregor.mutators.ReturnValsMutator,getNestedQueryMappingValue,729,TIMED_OUT,none
DefaultResultSetHandler.java,org.apache.ibatis.executor.resultset.DefaultResultSetHandler,org.pitest.mutationtest.engine.gregor.mutators.InlineConstantMutator,getNextResultSet,251,TIMED_OUT,none
DefaultResultSetHandler.java,org.apache.ibatis.executor.resultset.DefaultResultSetHandler,org.pitest.mutationtest.engine.gregor.mutators.NegateConditionalsMutator,getNextResultSet,251,TIMED_OUT,none
DefaultResultSetHandler.java,org.apache.ibatis.executor.resultset.DefaultResultSetHandler,org.pitest.mutationtest.engine.gregor.mutators.NegateConditionalsMutator,getNextResultSet,251,TIMED_OUT,none
DefaultResultSetHandler.java,org.apache.ibatis.executor.resultset.DefaultResultSetHandler,org.pitest.mutationtest.engine.gregor.mutators.NonVoidMethodCallMutator,getNextResultSet,249,TIMED_OUT,none
DefaultResultSetHandler.java,org.apache.ibatis.executor.resultset.DefaultResultSetHandler,org.pitest.mutationtest.engine.gregor.mutators.NonVoidMethodCallMutator,getNextResultSet,249,TIMED_OUT,none
DefaultResultSetHandler.java,org.apache.ibatis.executor.resultset.DefaultResultSetHandler,org.pitest.mutationtest.engine.gregor.mutators.NonVoidMethodCallMutator,getNextResultSet,249,TIMED_OUT,none
DefaultResultSetHandler.java,org.apache.ibatis.executor.resultset.DefaultResultSetHandler,org.pitest.mutationtest.engine.gregor.mutators.NonVoidMethodCallMutator,getNextResultSet,251,TIMED_OUT,none
DefaultResultSetHandler.java,org.apache.ibatis.executor.resultset.DefaultResultSetHandler,org.pitest.mutationtest.engine.gregor.mutators.RemoveConditionalMutator_EQUAL_ELSE,getNextResultSet,249,TIMED_OUT,none
DefaultResultSetHandler.java,org.apache.ibatis.executor.resultset.DefaultResultSetHandler,org.pitest.mutationtest.engine.gregor.mutators.RemoveConditionalMutator_EQUAL_ELSE,getNextResultSet,251,TIMED_OUT,none
DefaultResultSetHandler.java,org.apache.ibatis.executor.resultset.DefaultResultSetHandler,org.pitest.mutationtest.engine.gregor.mutators.RemoveConditionalMutator_EQUAL_ELSE,getNextResultSet,251,TIMED_OUT,none
DefaultResultSetHandler.java,org.apache.ibatis.executor.resultset.DefaultResultSetHandler,org.pitest.mutationtest.engine.gregor.mutators.RemoveConditionalMutator_EQUAL_IF,getNextResultSet,249,TIMED_OUT,none
DefaultResultSetHandler.java,org.apache.ibatis.executor.resultset.DefaultResultSetHandler,org.pitest.mutationtest.engine.gregor.mutators.RemoveConditionalMutator_EQUAL_IF,getNextResultSet,251,TIMED_OUT,none
DefaultResultSetHandler.java,org.apache.ibatis.executor.resultset.DefaultResultSetHandler,org.pitest.mutationtest.engine.gregor.mutators.ReturnValsMutator,getNextResultSet,259,TIMED_OUT,none
DefaultResultSetHandler.java,org.apache.ibatis.executor.resultset.DefaultResultSetHandler,org.pitest.mutationtest.engine.gregor.mutators.ArgumentPropagationMutator,getPropertyMappingValue,457,TIMED_OUT,none
DefaultResultSetHandler.java,org.apache.ibatis.executor.resultset.DefaultResultSetHandler,org.pitest.mutationtest.engine.gregor.mutators.NegateConditionalsMutator,getPropertyMappingValue,450,TIMED_OUT,none
DefaultResultSetHandler.java,org.apache.ibatis.executor.resultset.DefaultResultSetHandler,org.pitest.mutationtest.engine.gregor.mutators.NonVoidMethodCallMutator,getPropertyMappingValue,450,TIMED_OUT,none
DefaultResultSetHandler.java,org.apache.ibatis.executor.resultset.DefaultResultSetHandler,org.pitest.mutationtest.engine.gregor.mutators.NonVoidMethodCallMutator,getPropertyMappingValue,452,TIMED_OUT,none
DefaultResultSetHandler.java,org.apache.ibatis.executor.resultset.DefaultResultSetHandler,org.pitest.mutationtest.engine.gregor.mutators.NonVoidMethodCallMutator,getPropertyMappingValue,456,TIMED_OUT,none
DefaultResultSetHandler.java,org.apache.ibatis.executor.resultset.DefaultResultSetHandler,org.pitest.mutationtest.engine.gregor.mutators.NonVoidMethodCallMutator,getPropertyMappingValue,457,TIMED_OUT,none
DefaultResultSetHandler.java,org.apache.ibatis.executor.resultset.DefaultResultSetHandler,org.pitest.mutationtest.engine.gregor.mutators.NonVoidMethodCallMutator,getPropertyMappingValue,457,TIMED_OUT,none
DefaultResultSetHandler.java,org.apache.ibatis.executor.resultset.DefaultResultSetHandler,org.pitest.mutationtest.engine.gregor.mutators.NonVoidMethodCallMutator,getPropertyMappingValue,458,TIMED_OUT,none
DefaultResultSetHandler.java,org.apache.ibatis.executor.resultset.DefaultResultSetHandler,org.pitest.mutationtest.engine.gregor.mutators.RemoveConditionalMutator_EQUAL_ELSE,getPropertyMappingValue,450,TIMED_OUT,none
DefaultResultSetHandler.java,org.apache.ibatis.executor.resultset.DefaultResultSetHandler,org.pitest.mutationtest.engine.gregor.mutators.RemoveConditionalMutator_EQUAL_ELSE,getPropertyMappingValue,452,TIMED_OUT,none
DefaultResultSetHandler.java,org.apache.ibatis.executor.resultset.DefaultResultSetHandler,org.pitest.mutationtest.engine.gregor.mutators.RemoveConditionalMutator_EQUAL_IF,getPropertyMappingValue,450,TIMED_OUT,none
DefaultResultSetHandler.java,org.apache.ibatis.executor.resultset.DefaultResultSetHandler,org.pitest.mutationtest.engine.gregor.mutators.RemoveConditionalMutator_EQUAL_IF,getPropertyMappingValue,452,TIMED_OUT,none
DefaultResultSetHandler.java,org.apache.ibatis.executor.resultset.DefaultResultSetHandler,org.pitest.mutationtest.engine.gregor.mutators.ReturnValsMutator,getPropertyMappingValue,451,TIMED_OUT,none
DefaultResultSetHandler.java,org.apache.ibatis.executor.resultset.DefaultResultSetHandler,org.pitest.mutationtest.engine.gregor.mutators.ReturnValsMutator,getPropertyMappingValue,458,TIMED_OUT,none
DefaultResultSetHandler.java,org.apache.ibatis.executor.resultset.DefaultResultSetHandler,org.pitest.mutationtest.engine.gregor.mutators.ArgumentPropagationMutator,getRowValue,387,TIMED_OUT,none
DefaultResultSetHandler.java,org.apache.ibatis.executor.resultset.DefaultResultSetHandler,org.pitest.mutationtest.engine.gregor.mutators.ConstructorCallMutator,getRowValue,382,TIMED_OUT,none
DefaultResultSetHandler.java,org.apache.ibatis.executor.resultset.DefaultResultSetHandler,org.pitest.mutationtest.engine.gregor.mutators.InlineConstantMutator,getRowValue,387,TIMED_OUT,none
DefaultResultSetHandler.java,org.apache.ibatis.executor.resultset.DefaultResultSetHandler,org.pitest.mutationtest.engine.gregor.mutators.InlineConstantMutator,getRowValue,388,TIMED_OUT,none
DefaultResultSetHandler.java,org.apache.ibatis.executor.resultset.DefaultResultSetHandler,org.pitest.mutationtest.engine.gregor.mutators.InlineConstantMutator,getRowValue,388,TIMED_OUT,none
DefaultResultSetHandler.java,org.apache.ibatis.executor.resultset.DefaultResultSetHandler,org.pitest.mutationtest.engine.gregor.mutators.InlineConstantMutator,getRowValue,390,TIMED_OUT,none
DefaultResultSetHandler.java,org.apache.ibatis.executor.resultset.DefaultResultSetHandler,org.pitest.mutationtest.engine.gregor.mutators.InlineConstantMutator,getRowValue,390,TIMED_OUT,none
DefaultResultSetHandler.java,org.apache.ibatis.executor.resultset.DefaultResultSetHandler,org.pitest.mutationtest.engine.gregor.mutators.InlineConstantMutator,getRowValue,391,TIMED_OUT,none
DefaultResultSetHandler.java,org.apache.ibatis.executor.resultset.DefaultResultSetHandler,org.pitest.mutationtest.engine.gregor.mutators.InlineConstantMutator,getRowValue,391,TIMED_OUT,none
DefaultResultSetHandler.java,org.apache.ibatis.executor.resultset.DefaultResultSetHandler,org.pitest.mutationtest.engine.gregor.mutators.NegateConditionalsMutator,getRowValue,384,TIMED_OUT,none
DefaultResultSetHandler.java,org.apache.ibatis.executor.resultset.DefaultResultSetHandler,org.pitest.mutationtest.engine.gregor.mutators.NegateConditionalsMutator,getRowValue,384,TIMED_OUT,none
DefaultResultSetHandler.java,org.apache.ibatis.executor.resultset.DefaultResultSetHandler,org.pitest.mutationtest.engine.gregor.mutators.NegateConditionalsMutator,getRowValue,387,TIMED_OUT,none
DefaultResultSetHandler.java,org.apache.ibatis.executor.resultset.DefaultResultSetHandler,org.pitest.mutationtest.engine.gregor.mutators.NegateConditionalsMutator,getRowValue,388,TIMED_OUT,none
DefaultResultSetHandler.java,org.apache.ibatis.executor.resultset.DefaultResultSetHandler,org.pitest.mutationtest.engine.gregor.mutators.NegateConditionalsMutator,getRowValue,388,TIMED_OUT,none
DefaultResultSetHandler.java,org.apache.ibatis.executor.resultset.DefaultResultSetHandler,org.pitest.mutationtest.engine.gregor.mutators.NegateConditionalsMutator,getRowValue,390,TIMED_OUT,none
DefaultResultSetHandler.java,org.apache.ibatis.executor.resultset.DefaultResultSetHandler,org.pitest.mutationtest.engine.gregor.mutators.NegateConditionalsMutator,getRowValue,390,TIMED_OUT,none
DefaultResultSetHandler.java,org.apache.ibatis.executor.resultset.DefaultResultSetHandler,org.pitest.mutationtest.engine.gregor.mutators.NegateConditionalsMutator,getRowValue,391,TIMED_OUT,none
DefaultResultSetHandler.java,org.apache.ibatis.executor.resultset.DefaultResultSetHandler,org.pitest.mutationtest.engine.gregor.mutators.NegateConditionalsMutator,getRowValue,392,TIMED_OUT,none
DefaultResultSetHandler.java,org.apache.ibatis.executor.resultset.DefaultResultSetHandler,org.pitest.mutationtest.engine.gregor.mutators.NegateConditionalsMutator,getRowValue,392,TIMED_OUT,none
DefaultResultSetHandler.java,org.apache.ibatis.executor.resultset.DefaultResultSetHandler,org.pitest.mutationtest.engine.gregor.mutators.NonVoidMethodCallMutator,getRowValue,383,TIMED_OUT,none
DefaultResultSetHandler.java,org.apache.ibatis.executor.resultset.DefaultResultSetHandler,org.pitest.mutationtest.engine.gregor.mutators.NonVoidMethodCallMutator,getRowValue,384,TIMED_OUT,none
DefaultResultSetHandler.java,org.apache.ibatis.executor.resultset.DefaultResultSetHandler,org.pitest.mutationtest.engine.gregor.mutators.NonVoidMethodCallMutator,getRowValue,385,TIMED_OUT,none
DefaultResultSetHandler.java,org.apache.ibatis.executor.resultset.DefaultResultSetHandler,org.pitest.mutationtest.engine.gregor.mutators.NonVoidMethodCallMutator,getRowValue,387,TIMED_OUT,none
DefaultResultSetHandler.java,org.apache.ibatis.executor.resultset.DefaultResultSetHandler,org.pitest.mutationtest.engine.gregor.mutators.NonVoidMethodCallMutator,getRowValue,388,TIMED_OUT,none
DefaultResultSetHandler.java,org.apache.ibatis.executor.resultset.DefaultResultSetHandler,org.pitest.mutationtest.engine.gregor.mutators.NonVoidMethodCallMutator,getRowValue,390,TIMED_OUT,none
DefaultResultSetHandler.java,org.apache.ibatis.executor.resultset.DefaultResultSetHandler,org.pitest.mutationtest.engine.gregor.mutators.NonVoidMethodCallMutator,getRowValue,391,TIMED_OUT,none
DefaultResultSetHandler.java,org.apache.ibatis.executor.resultset.DefaultResultSetHandler,org.pitest.mutationtest.engine.gregor.mutators.NonVoidMethodCallMutator,getRowValue,392,TIMED_OUT,none
DefaultResultSetHandler.java,org.apache.ibatis.executor.resultset.DefaultResultSetHandler,org.pitest.mutationtest.engine.gregor.mutators.RemoveConditionalMutator_EQUAL_ELSE,getRowValue,384,TIMED_OUT,none
DefaultResultSetHandler.java,org.apache.ibatis.executor.resultset.DefaultResultSetHandler,org.pitest.mutationtest.engine.gregor.mutators.RemoveConditionalMutator_EQUAL_ELSE,getRowValue,384,TIMED_OUT,none
DefaultResultSetHandler.java,org.apache.ibatis.executor.resultset.DefaultResultSetHandler,org.pitest.mutationtest.engine.gregor.mutators.RemoveConditionalMutator_EQUAL_ELSE,getRowValue,388,TIMED_OUT,none
DefaultResultSetHandler.java,org.apache.ibatis.executor.resultset.DefaultResultSetHandler,org.pitest.mutationtest.engine.gregor.mutators.RemoveConditionalMutator_EQUAL_ELSE,getRowValue,390,TIMED_OUT,none
DefaultResultSetHandler.java,org.apache.ibatis.executor.resultset.DefaultResultSetHandler,org.pitest.mutationtest.engine.gregor.mutators.RemoveConditionalMutator_EQUAL_ELSE,getRowValue,390,TIMED_OUT,none
DefaultResultSetHandler.java,org.apache.ibatis.executor.resultset.DefaultResultSetHandler,org.pitest.mutationtest.engine.gregor.mutators.RemoveConditionalMutator_EQUAL_ELSE,getRowValue,391,TIMED_OUT,none
DefaultResultSetHandler.java,org.apache.ibatis.executor.resultset.DefaultResultSetHandler,org.pitest.mutationtest.engine.gregor.mutators.RemoveConditionalMutator_EQUAL_ELSE,getRowValue,392,TIMED_OUT,none
DefaultResultSetHandler.java,org.apache.ibatis.executor.resultset.DefaultResultSetHandler,org.pitest.mutationtest.engine.gregor.mutators.RemoveConditionalMutator_EQUAL_ELSE,getRowValue,392,TIMED_OUT,none
DefaultResultSetHandler.java,org.apache.ibatis.executor.resultset.DefaultResultSetHandler,org.pitest.mutationtest.engine.gregor.mutators.RemoveConditionalMutator_EQUAL_IF,getRowValue,384,TIMED_OUT,none
DefaultResultSetHandler.java,org.apache.ibatis.executor.resultset.DefaultResultSetHandler,org.pitest.mutationtest.engine.gregor.mutators.RemoveConditionalMutator_EQUAL_IF,getRowValue,384,TIMED_OUT,none
DefaultResultSetHandler.java,org.apache.ibatis.executor.resultset.DefaultResultSetHandler,org.pitest.mutationtest.engine.gregor.mutators.RemoveConditionalMutator_EQUAL_IF,getRowValue,387,TIMED_OUT,none
DefaultResultSetHandler.java,org.apache.ibatis.executor.resultset.DefaultResultSetHandler,org.pitest.mutationtest.engine.gregor.mutators.RemoveConditionalMutator_EQUAL_IF,getRowValue,388,TIMED_OUT,none
DefaultResultSetHandler.java,org.apache.ibatis.executor.resultset.DefaultResultSetHandler,org.pitest.mutationtest.engine.gregor.mutators.RemoveConditionalMutator_EQUAL_IF,getRowValue,388,TIMED_OUT,none
DefaultResultSetHandler.java,org.apache.ibatis.executor.resultset.DefaultResultSetHandler,org.pitest.mutationtest.engine.gregor.mutators.RemoveConditionalMutator_EQUAL_IF,getRowValue,390,TIMED_OUT,none
DefaultResultSetHandler.java,org.apache.ibatis.executor.resultset.DefaultResultSetHandler,org.pitest.mutationtest.engine.gregor.mutators.RemoveConditionalMutator_EQUAL_IF,getRowValue,390,TIMED_OUT,none
DefaultResultSetHandler.java,org.apache.ibatis.executor.resultset.DefaultResultSetHandler,org.pitest.mutationtest.engine.gregor.mutators.RemoveConditionalMutator_EQUAL_IF,getRowValue,391,TIMED_OUT,none
DefaultResultSetHandler.java,org.apache.ibatis.executor.resultset.DefaultResultSetHandler,org.pitest.mutationtest.engine.gregor.mutators.RemoveConditionalMutator_EQUAL_IF,getRowValue,392,TIMED_OUT,none
DefaultResultSetHandler.java,org.apache.ibatis.executor.resultset.DefaultResultSetHandler,org.pitest.mutationtest.engine.gregor.mutators.RemoveConditionalMutator_EQUAL_IF,getRowValue,392,TIMED_OUT,none
DefaultResultSetHandler.java,org.apache.ibatis.executor.resultset.DefaultResultSetHandler,org.pitest.mutationtest.engine.gregor.mutators.ReturnValsMutator,getRowValue,394,TIMED_OUT,none
DefaultResultSetHandler.java,org.apache.ibatis.executor.resultset.DefaultResultSetHandler,org.pitest.mutationtest.engine.gregor.mutators.NonVoidMethodCallMutator,getRowValue,853,TIMED_OUT,none
DefaultResultSetHandler.java,org.apache.ibatis.executor.resultset.DefaultResultSetHandler,org.pitest.mutationtest.engine.gregor.mutators.RemoveConditionalMutator_EQUAL_ELSE,getRowValue,876,TIMED_OUT,none
DefaultResultSetHandler.java,org.apache.ibatis.executor.resultset.DefaultResultSetHandler,org.pitest.mutationtest.engine.gregor.mutators.VoidMethodCallMutator,getRowValue,870,TIMED_OUT,none
DefaultResultSetHandler.java,org.apache.ibatis.executor.resultset.DefaultResultSetHandler,org.pitest.mutationtest.engine.gregor.mutators.NonVoidMethodCallMutator,handleCursorResultSets,217,TIMED_OUT,none
DefaultResultSetHandler.java,org.apache.ibatis.executor.resultset.DefaultResultSetHandler,org.pitest.mutationtest.engine.gregor.mutators.experimental.RemoveIncrementsMutator,handleOutputParameters,140,TIMED_OUT,none
DefaultResultSetHandler.java,org.apache.ibatis.executor.resultset.DefaultResultSetHandler,org.pitest.mutationtest.engine.gregor.mutators.ConstructorCallMutator,handleResultSet,289,TIMED_OUT,none
DefaultResultSetHandler.java,org.apache.ibatis.executor.resultset.DefaultResultSetHandler,org.pitest.mutationtest.engine.gregor.mutators.NegateConditionalsMutator,handleResultSet,285,TIMED_OUT,none
DefaultResultSetHandler.java,org.apache.ibatis.executor.resultset.DefaultResultSetHandler,org.pitest.mutationtest.engine.gregor.mutators.NegateConditionalsMutator,handleResultSet,288,TIMED_OUT,none
DefaultResultSetHandler.java,org.apache.ibatis.executor.resultset.DefaultResultSetHandler,org.pitest.mutationtest.engine.gregor.mutators.NonVoidMethodCallMutator,handleResultSet,291,TIMED_OUT,none
DefaultResultSetHandler.java,org.apache.ibatis.executor.resultset.DefaultResultSetHandler,org.pitest.mutationtest.engine.gregor.mutators.NonVoidMethodCallMutator,handleResultSet,291,TIMED_OUT,none
DefaultResultSetHandler.java,org.apache.ibatis.executor.resultset.DefaultResultSetHandler,org.pitest.mutationtest.engine.gregor.mutators.RemoveConditionalMutator_EQUAL_ELSE,handleResultSet,285,TIMED_OUT,none
DefaultResultSetHandler.java,org.apache.ibatis.executor.resultset.DefaultResultSetHandler,org.pitest.mutationtest.engine.gregor.mutators.RemoveConditionalMutator_EQUAL_ELSE,handleResultSet,288,TIMED_OUT,none
DefaultResultSetHandler.java,org.apache.ibatis.executor.resultset.DefaultResultSetHandler,org.pitest.mutationtest.engine.gregor.mutators.RemoveConditionalMutator_EQUAL_IF,handleResultSet,285,TIMED_OUT,none
DefaultResultSetHandler.java,org.apache.ibatis.executor.resultset.DefaultResultSetHandler,org.pitest.mutationtest.engine.gregor.mutators.VoidMethodCallMutator,handleResultSet,290,TIMED_OUT,none
DefaultResultSetHandler.java,org.apache.ibatis.executor.resultset.DefaultResultSetHandler,org.pitest.mutationtest.engine.gregor.mutators.VoidMethodCallMutator,handleResultSet,298,TIMED_OUT,none
DefaultResultSetHandler.java,org.apache.ibatis.executor.resultset.DefaultResultSetHandler,org.pitest.mutationtest.engine.gregor.mutators.ArgumentPropagationMutator,handleResultSets,208,TIMED_OUT,none
DefaultResultSetHandler.java,org.apache.ibatis.executor.resultset.DefaultResultSetHandler,org.pitest.mutationtest.engine.gregor.mutators.ConstructorCallMutator,handleResultSets,177,TIMED_OUT,none
DefaultResultSetHandler.java,org.apache.ibatis.executor.resultset.DefaultResultSetHandler,org.pitest.mutationtest.engine.gregor.mutators.InlineConstantMutator,handleResultSets,179,TIMED_OUT,none
DefaultResultSetHandler.java,org.apache.ibatis.executor.resultset.DefaultResultSetHandler,org.pitest.mutationtest.engine.gregor.mutators.NegateConditionalsMutator,handleResultSets,185,TIMED_OUT,none
DefaultResultSetHandler.java,org.apache.ibatis.executor.resultset.DefaultResultSetHandler,org.pitest.mutationtest.engine.gregor.mutators.NegateConditionalsMutator,handleResultSets,185,TIMED_OUT,none
DefaultResultSetHandler.java,org.apache.ibatis.executor.resultset.DefaultResultSetHandler,org.pitest.mutationtest.engine.gregor.mutators.NonVoidMethodCallMutator,handleResultSets,175,TIMED_OUT,none
DefaultResultSetHandler.java,org.apache.ibatis.executor.resultset.DefaultResultSetHandler,org.pitest.mutationtest.engine.gregor.mutators.NonVoidMethodCallMutator,handleResultSets,175,TIMED_OUT,none
DefaultResultSetHandler.java,org.apache.ibatis.executor.resultset.DefaultResultSetHandler,org.pitest.mutationtest.engine.gregor.mutators.NonVoidMethodCallMutator,handleResultSets,175,TIMED_OUT,none
DefaultResultSetHandler.java,org.apache.ibatis.executor.resultset.DefaultResultSetHandler,org.pitest.mutationtest.engine.gregor.mutators.NonVoidMethodCallMutator,handleResultSets,175,TIMED_OUT,none
DefaultResultSetHandler.java,org.apache.ibatis.executor.resultset.DefaultResultSetHandler,org.pitest.mutationtest.engine.gregor.mutators.NonVoidMethodCallMutator,handleResultSets,180,TIMED_OUT,none
DefaultResultSetHandler.java,org.apache.ibatis.executor.resultset.DefaultResultSetHandler,org.pitest.mutationtest.engine.gregor.mutators.NonVoidMethodCallMutator,handleResultSets,182,TIMED_OUT,none
DefaultResultSetHandler.java,org.apache.ibatis.executor.resultset.DefaultResultSetHandler,org.pitest.mutationtest.engine.gregor.mutators.NonVoidMethodCallMutator,handleResultSets,183,TIMED_OUT,none
DefaultResultSetHandler.java,org.apache.ibatis.executor.resultset.DefaultResultSetHandler,org.pitest.mutationtest.engine.gregor.mutators.NonVoidMethodCallMutator,handleResultSets,186,TIMED_OUT,none
DefaultResultSetHandler.java,org.apache.ibatis.executor.resultset.DefaultResultSetHandler,org.pitest.mutationtest.engine.gregor.mutators.NonVoidMethodCallMutator,handleResultSets,188,TIMED_OUT,none
DefaultResultSetHandler.java,org.apache.ibatis.executor.resultset.DefaultResultSetHandler,org.pitest.mutationtest.engine.gregor.mutators.NonVoidMethodCallMutator,handleResultSets,193,TIMED_OUT,none
DefaultResultSetHandler.java,org.apache.ibatis.executor.resultset.DefaultResultSetHandler,org.pitest.mutationtest.engine.gregor.mutators.NonVoidMethodCallMutator,handleResultSets,208,TIMED_OUT,none
DefaultResultSetHandler.java,org.apache.ibatis.executor.resultset.DefaultResultSetHandler,org.pitest.mutationtest.engine.gregor.mutators.RemoveConditionalMutator_EQUAL_ELSE,handleResultSets,185,TIMED_OUT,none
DefaultResultSetHandler.java,org.apache.ibatis.executor.resultset.DefaultResultSetHandler,org.pitest.mutationtest.engine.gregor.mutators.RemoveConditionalMutator_EQUAL_IF,handleResultSets,185,TIMED_OUT,none
DefaultResultSetHandler.java,org.apache.ibatis.executor.resultset.DefaultResultSetHandler,org.pitest.mutationtest.engine.gregor.mutators.RemoveConditionalMutator_EQUAL_IF,handleResultSets,194,TIMED_OUT,none
DefaultResultSetHandler.java,org.apache.ibatis.executor.resultset.DefaultResultSetHandler,org.pitest.mutationtest.engine.gregor.mutators.RemoveConditionalMutator_ORDER_ELSE,handleResultSets,185,TIMED_OUT,none
DefaultResultSetHandler.java,org.apache.ibatis.executor.resultset.DefaultResultSetHandler,org.pitest.mutationtest.engine.gregor.mutators.RemoveConditionalMutator_ORDER_IF,handleResultSets,185,TIMED_OUT,none
DefaultResultSetHandler.java,org.apache.ibatis.executor.resultset.DefaultResultSetHandler,org.pitest.mutationtest.engine.gregor.mutators.ReturnValsMutator,handleResultSets,208,TIMED_OUT,none
DefaultResultSetHandler.java,org.apache.ibatis.executor.resultset.DefaultResultSetHandler,org.pitest.mutationtest.engine.gregor.mutators.VoidMethodCallMutator,handleResultSets,184,TIMED_OUT,none
DefaultResultSetHandler.java,org.apache.ibatis.executor.resultset.DefaultResultSetHandler,org.pitest.mutationtest.engine.gregor.mutators.VoidMethodCallMutator,handleResultSets,187,TIMED_OUT,none
DefaultResultSetHandler.java,org.apache.ibatis.executor.resultset.DefaultResultSetHandler,org.pitest.mutationtest.engine.gregor.mutators.VoidMethodCallMutator,handleResultSets,189,TIMED_OUT,none
DefaultResultSetHandler.java,org.apache.ibatis.executor.resultset.DefaultResultSetHandler,org.pitest.mutationtest.engine.gregor.mutators.experimental.RemoveIncrementsMutator,handleResultSets,190,TIMED_OUT,none
DefaultResultSetHandler.java,org.apache.ibatis.executor.resultset.DefaultResultSetHandler,org.pitest.mutationtest.engine.gregor.mutators.NegateConditionalsMutator,handleRowValues,312,TIMED_OUT,none
DefaultResultSetHandler.java,org.apache.ibatis.executor.resultset.DefaultResultSetHandler,org.pitest.mutationtest.engine.gregor.mutators.RemoveConditionalMutator_EQUAL_IF,handleRowValues,312,TIMED_OUT,none
DefaultResultSetHandler.java,org.apache.ibatis.executor.resultset.DefaultResultSetHandler,org.pitest.mutationtest.engine.gregor.mutators.VoidMethodCallMutator,handleRowValues,317,TIMED_OUT,none
DefaultResultSetHandler.java,org.apache.ibatis.executor.resultset.DefaultResultSetHandler,org.pitest.mutationtest.engine.gregor.mutators.ArgumentPropagationMutator,handleRowValuesForSimpleResultMap,341,TIMED_OUT,none
DefaultResultSetHandler.java,org.apache.ibatis.executor.resultset.DefaultResultSetHandler,org.pitest.mutationtest.engine.gregor.mutators.ConstructorCallMutator,handleRowValuesForSimpleResultMap,338,TIMED_OUT,none
DefaultResultSetHandler.java,org.apache.ibatis.executor.resultset.DefaultResultSetHandler,org.pitest.mutationtest.engine.gregor.mutators.NegateConditionalsMutator,handleRowValuesForSimpleResultMap,340,TIMED_OUT,none
DefaultResultSetHandler.java,org.apache.ibatis.executor.resultset.DefaultResultSetHandler,org.pitest.mutationtest.engine.gregor.mutators.NegateConditionalsMutator,handleRowValuesForSimpleResultMap,340,TIMED_OUT,none
DefaultResultSetHandler.java,org.apache.ibatis.executor.resultset.DefaultResultSetHandler,org.pitest.mutationtest.engine.gregor.mutators.NonVoidMethodCallMutator,handleRowValuesForSimpleResultMap,339,TIMED_OUT,none
DefaultResultSetHandler.java,org.apache.ibatis.executor.resultset.DefaultResultSetHandler,org.pitest.mutationtest.engine.gregor.mutators.NonVoidMethodCallMutator,handleRowValuesForSimpleResultMap,340,TIMED_OUT,none
DefaultResultSetHandler.java,org.apache.ibatis.executor.resultset.DefaultResultSetHandler,org.pitest.mutationtest.engine.gregor.mutators.NonVoidMethodCallMutator,handleRowValuesForSimpleResultMap,340,TIMED_OUT,none
DefaultResultSetHandler.java,org.apache.ibatis.executor.resultset.DefaultResultSetHandler,org.pitest.mutationtest.engine.gregor.mutators.NonVoidMethodCallMutator,handleRowValuesForSimpleResultMap,340,TIMED_OUT,none
DefaultResultSetHandler.java,org.apache.ibatis.executor.resultset.DefaultResultSetHandler,org.pitest.mutationtest.engine.gregor.mutators.NonVoidMethodCallMutator,handleRowValuesForSimpleResultMap,341,TIMED_OUT,none
DefaultResultSetHandler.java,org.apache.ibatis.executor.resultset.DefaultResultSetHandler,org.pitest.mutationtest.engine.gregor.mutators.NonVoidMethodCallMutator,handleRowValuesForSimpleResultMap,341,TIMED_OUT,none
DefaultResultSetHandler.java,org.apache.ibatis.executor.resultset.DefaultResultSetHandler,org.pitest.mutationtest.engine.gregor.mutators.NonVoidMethodCallMutator,handleRowValuesForSimpleResultMap,342,TIMED_OUT,none
DefaultResultSetHandler.java,org.apache.ibatis.executor.resultset.DefaultResultSetHandler,org.pitest.mutationtest.engine.gregor.mutators.NonVoidMethodCallMutator,handleRowValuesForSimpleResultMap,343,TIMED_OUT,none
DefaultResultSetHandler.java,org.apache.ibatis.executor.resultset.DefaultResultSetHandler,org.pitest.mutationtest.engine.gregor.mutators.RemoveConditionalMutator_EQUAL_ELSE,handleRowValuesForSimpleResultMap,340,TIMED_OUT,none
DefaultResultSetHandler.java,org.apache.ibatis.executor.resultset.DefaultResultSetHandler,org.pitest.mutationtest.engine.gregor.mutators.RemoveConditionalMutator_EQUAL_ELSE,handleRowValuesForSimpleResultMap,340,TIMED_OUT,none
DefaultResultSetHandler.java,org.apache.ibatis.executor.resultset.DefaultResultSetHandler,org.pitest.mutationtest.engine.gregor.mutators.RemoveConditionalMutator_EQUAL_IF,handleRowValuesForSimpleResultMap,340,TIMED_OUT,none
DefaultResultSetHandler.java,org.apache.ibatis.executor.resultset.DefaultResultSetHandler,org.pitest.mutationtest.engine.gregor.mutators.RemoveConditionalMutator_EQUAL_IF,handleRowValuesForSimpleResultMap,340,TIMED_OUT,none
DefaultResultSetHandler.java,org.apache.ibatis.executor.resultset.DefaultResultSetHandler,org.pitest.mutationtest.engine.gregor.mutators.VoidMethodCallMutator,handleRowValuesForSimpleResultMap,339,TIMED_OUT,none
DefaultResultSetHandler.java,org.apache.ibatis.executor.resultset.DefaultResultSetHandler,org.pitest.mutationtest.engine.gregor.mutators.VoidMethodCallMutator,handleRowValuesForSimpleResultMap,343,TIMED_OUT,none
DefaultResultSetHandler.java,org.apache.ibatis.executor.resultset.DefaultResultSetHandler,org.pitest.mutationtest.engine.gregor.mutators.InlineConstantMutator,hasTypeHandlerForResultObject,1104,TIMED_OUT,none
DefaultResultSetHandler.java,org.apache.ibatis.executor.resultset.DefaultResultSetHandler,org.pitest.mutationtest.engine.gregor.mutators.NegateConditionalsMutator,hasTypeHandlerForResultObject,1104,TIMED_OUT,none
DefaultResultSetHandler.java,org.apache.ibatis.executor.resultset.DefaultResultSetHandler,org.pitest.mutationtest.engine.gregor.mutators.NonVoidMethodCallMutator,hasTypeHandlerForResultObject,1104,TIMED_OUT,none
DefaultResultSetHandler.java,org.apache.ibatis.executor.resultset.DefaultResultSetHandler,org.pitest.mutationtest.engine.gregor.mutators.NonVoidMethodCallMutator,hasTypeHandlerForResultObject,1104,TIMED_OUT,none
DefaultResultSetHandler.java,org.apache.ibatis.executor.resultset.DefaultResultSetHandler,org.pitest.mutationtest.engine.gregor.mutators.NonVoidMethodCallMutator,hasTypeHandlerForResultObject,1107,TIMED_OUT,none
DefaultResultSetHandler.java,org.apache.ibatis.executor.resultset.DefaultResultSetHandler,org.pitest.mutationtest.engine.gregor.mutators.RemoveConditionalMutator_EQUAL_ELSE,hasTypeHandlerForResultObject,1104,TIMED_OUT,none
DefaultResultSetHandler.java,org.apache.ibatis.executor.resultset.DefaultResultSetHandler,org.pitest.mutationtest.engine.gregor.mutators.RemoveConditionalMutator_EQUAL_IF,hasTypeHandlerForResultObject,1104,TIMED_OUT,none
DefaultResultSetHandler.java,org.apache.ibatis.executor.resultset.DefaultResultSetHandler,org.pitest.mutationtest.engine.gregor.mutators.ReturnValsMutator,hasTypeHandlerForResultObject,1107,TIMED_OUT,none
DefaultResultSetHandler.java,org.apache.ibatis.executor.resultset.DefaultResultSetHandler,org.pitest.mutationtest.engine.gregor.mutators.NonVoidMethodCallMutator,linkToParents,526,TIMED_OUT,none
DefaultResultSetHandler.java,org.apache.ibatis.executor.resultset.DefaultResultSetHandler,org.pitest.mutationtest.engine.gregor.mutators.NegateConditionalsMutator,prepareParameterForNestedQuery,733,TIMED_OUT,none
DefaultResultSetHandler.java,org.apache.ibatis.executor.resultset.DefaultResultSetHandler,org.pitest.mutationtest.engine.gregor.mutators.NonVoidMethodCallMutator,prepareParameterForNestedQuery,733,TIMED_OUT,none
DefaultResultSetHandler.java,org.apache.ibatis.executor.resultset.DefaultResultSetHandler,org.pitest.mutationtest.engine.gregor.mutators.NonVoidMethodCallMutator,prepareParameterForNestedQuery,736,TIMED_OUT,none
DefaultResultSetHandler.java,org.apache.ibatis.executor.resultset.DefaultResultSetHandler,org.pitest.mutationtest.engine.gregor.mutators.RemoveConditionalMutator_EQUAL_ELSE,prepareParameterForNestedQuery,733,TIMED_OUT,none
DefaultResultSetHandler.java,org.apache.ibatis.executor.resultset.DefaultResultSetHandler,org.pitest.mutationtest.engine.gregor.mutators.RemoveConditionalMutator_EQUAL_IF,prepareParameterForNestedQuery,733,TIMED_OUT,none
DefaultResultSetHandler.java,org.apache.ibatis.executor.resultset.DefaultResultSetHandler,org.pitest.mutationtest.engine.gregor.mutators.ReturnValsMutator,prepareParameterForNestedQuery,736,TIMED_OUT,none
DefaultResultSetHandler.java,org.apache.ibatis.executor.resultset.DefaultResultSetHandler,org.pitest.mutationtest.engine.gregor.mutators.ArgumentPropagationMutator,prepareSimpleKeyParameter,747,TIMED_OUT,none
DefaultResultSetHandler.java,org.apache.ibatis.executor.resultset.DefaultResultSetHandler,org.pitest.mutationtest.engine.gregor.mutators.NegateConditionalsMutator,prepareSimpleKeyParameter,742,TIMED_OUT,none
DefaultResultSetHandler.java,org.apache.ibatis.executor.resultset.DefaultResultSetHandler,org.pitest.mutationtest.engine.gregor.mutators.NonVoidMethodCallMutator,prepareSimpleKeyParameter,743,TIMED_OUT,none
DefaultResultSetHandler.java,org.apache.ibatis.executor.resultset.DefaultResultSetHandler,org.pitest.mutationtest.engine.gregor.mutators.NonVoidMethodCallMutator,prepareSimpleKeyParameter,745,TIMED_OUT,none
DefaultResultSetHandler.java,org.apache.ibatis.executor.resultset.DefaultResultSetHandler,org.pitest.mutationtest.engine.gregor.mutators.NonVoidMethodCallMutator,prepareSimpleKeyParameter,747,TIMED_OUT,none
DefaultResultSetHandler.java,org.apache.ibatis.executor.resultset.DefaultResultSetHandler,org.pitest.mutationtest.engine.gregor.mutators.NonVoidMethodCallMutator,prepareSimpleKeyParameter,747,TIMED_OUT,none
DefaultResultSetHandler.java,org.apache.ibatis.executor.resultset.DefaultResultSetHandler,org.pitest.mutationtest.engine.gregor.mutators.NonVoidMethodCallMutator,prepareSimpleKeyParameter,747,TIMED_OUT,none
DefaultResultSetHandler.java,org.apache.ibatis.executor.resultset.DefaultResultSetHandler,org.pitest.mutationtest.engine.gregor.mutators.RemoveConditionalMutator_EQUAL_ELSE,prepareSimpleKeyParameter,742,TIMED_OUT,none
DefaultResultSetHandler.java,org.apache.ibatis.executor.resultset.DefaultResultSetHandler,org.pitest.mutationtest.engine.gregor.mutators.RemoveConditionalMutator_EQUAL_IF,prepareSimpleKeyParameter,742,TIMED_OUT,none
DefaultResultSetHandler.java,org.apache.ibatis.executor.resultset.DefaultResultSetHandler,org.pitest.mutationtest.engine.gregor.mutators.ReturnValsMutator,prepareSimpleKeyParameter,747,TIMED_OUT,none
DefaultResultSetHandler.java,org.apache.ibatis.executor.resultset.DefaultResultSetHandler,org.pitest.mutationtest.engine.gregor.mutators.NegateConditionalsMutator,prependPrefix,808,TIMED_OUT,none
DefaultResultSetHandler.java,org.apache.ibatis.executor.resultset.DefaultResultSetHandler,org.pitest.mutationtest.engine.gregor.mutators.NegateConditionalsMutator,prependPrefix,808,TIMED_OUT,none
DefaultResultSetHandler.java,org.apache.ibatis.executor.resultset.DefaultResultSetHandler,org.pitest.mutationtest.engine.gregor.mutators.NonVoidMethodCallMutator,prependPrefix,808,TIMED_OUT,none
DefaultResultSetHandler.java,org.apache.ibatis.executor.resultset.DefaultResultSetHandler,org.pitest.mutationtest.engine.gregor.mutators.RemoveConditionalMutator_EQUAL_ELSE,prependPrefix,808,TIMED_OUT,none
DefaultResultSetHandler.java,org.apache.ibatis.executor.resultset.DefaultResultSetHandler,org.pitest.mutationtest.engine.gregor.mutators.RemoveConditionalMutator_EQUAL_ELSE,prependPrefix,808,TIMED_OUT,none
DefaultResultSetHandler.java,org.apache.ibatis.executor.resultset.DefaultResultSetHandler,org.pitest.mutationtest.engine.gregor.mutators.RemoveConditionalMutator_EQUAL_ELSE,prependPrefix,808,TIMED_OUT,none
DefaultResultSetHandler.java,org.apache.ibatis.executor.resultset.DefaultResultSetHandler,org.pitest.mutationtest.engine.gregor.mutators.RemoveConditionalMutator_EQUAL_IF,prependPrefix,808,TIMED_OUT,none
DefaultResultSetHandler.java,org.apache.ibatis.executor.resultset.DefaultResultSetHandler,org.pitest.mutationtest.engine.gregor.mutators.RemoveConditionalMutator_EQUAL_IF,prependPrefix,808,TIMED_OUT,none
DefaultResultSetHandler.java,org.apache.ibatis.executor.resultset.DefaultResultSetHandler,org.pitest.mutationtest.engine.gregor.mutators.RemoveConditionalMutator_EQUAL_IF,prependPrefix,808,TIMED_OUT,none
DefaultResultSetHandler.java,org.apache.ibatis.executor.resultset.DefaultResultSetHandler,org.pitest.mutationtest.engine.gregor.mutators.ReturnValsMutator,prependPrefix,809,TIMED_OUT,none
DefaultResultSetHandler.java,org.apache.ibatis.executor.resultset.DefaultResultSetHandler,org.pitest.mutationtest.engine.gregor.mutators.ArgumentPropagationMutator,putAncestor,884,TIMED_OUT,none
DefaultResultSetHandler.java,org.apache.ibatis.executor.resultset.DefaultResultSetHandler,org.pitest.mutationtest.engine.gregor.mutators.NonVoidMethodCallMutator,putAncestor,884,TIMED_OUT,none
DefaultResultSetHandler.java,org.apache.ibatis.executor.resultset.DefaultResultSetHandler,org.pitest.mutationtest.engine.gregor.mutators.ConstructorCallMutator,resolveDiscriminatedResultMap,782,TIMED_OUT,none
DefaultResultSetHandler.java,org.apache.ibatis.executor.resultset.DefaultResultSetHandler,org.pitest.mutationtest.engine.gregor.mutators.NegateConditionalsMutator,resolveDiscriminatedResultMap,784,TIMED_OUT,none
DefaultResultSetHandler.java,org.apache.ibatis.executor.resultset.DefaultResultSetHandler,org.pitest.mutationtest.engine.gregor.mutators.NonVoidMethodCallMutator,resolveDiscriminatedResultMap,783,TIMED_OUT,none
DefaultResultSetHandler.java,org.apache.ibatis.executor.resultset.DefaultResultSetHandler,org.pitest.mutationtest.engine.gregor.mutators.RemoveConditionalMutator_EQUAL_ELSE,resolveDiscriminatedResultMap,784,TIMED_OUT,none
DefaultResultSetHandler.java,org.apache.ibatis.executor.resultset.DefaultResultSetHandler,org.pitest.mutationtest.engine.gregor.mutators.RemoveConditionalMutator_EQUAL_IF,resolveDiscriminatedResultMap,784,TIMED_OUT,none
DefaultResultSetHandler.java,org.apache.ibatis.executor.resultset.DefaultResultSetHandler,org.pitest.mutationtest.engine.gregor.mutators.ReturnValsMutator,resolveDiscriminatedResultMap,798,TIMED_OUT,none
DefaultResultSetHandler.java,org.apache.ibatis.executor.resultset.DefaultResultSetHandler,org.pitest.mutationtest.engine.gregor.mutators.InlineConstantMutator,shouldApplyAutomaticMappings,404,TIMED_OUT,none
DefaultResultSetHandler.java,org.apache.ibatis.executor.resultset.DefaultResultSetHandler,org.pitest.mutationtest.engine.gregor.mutators.NegateConditionalsMutator,shouldApplyAutomaticMappings,398,TIMED_OUT,none
DefaultResultSetHandler.java,org.apache.ibatis.executor.resultset.DefaultResultSetHandler,org.pitest.mutationtest.engine.gregor.mutators.NegateConditionalsMutator,shouldApplyAutomaticMappings,401,TIMED_OUT,none
DefaultResultSetHandler.java,org.apache.ibatis.executor.resultset.DefaultResultSetHandler,org.pitest.mutationtest.engine.gregor.mutators.NegateConditionalsMutator,shouldApplyAutomaticMappings,404,TIMED_OUT,none
DefaultResultSetHandler.java,org.apache.ibatis.executor.resultset.DefaultResultSetHandler,org.pitest.mutationtest.engine.gregor.mutators.NonVoidMethodCallMutator,shouldApplyAutomaticMappings,398,TIMED_OUT,none
DefaultResultSetHandler.java,org.apache.ibatis.executor.resultset.DefaultResultSetHandler,org.pitest.mutationtest.engine.gregor.mutators.NonVoidMethodCallMutator,shouldApplyAutomaticMappings,404,TIMED_OUT,none
DefaultResultSetHandler.java,org.apache.ibatis.executor.resultset.DefaultResultSetHandler,org.pitest.mutationtest.engine.gregor.mutators.RemoveConditionalMutator_EQUAL_ELSE,shouldApplyAutomaticMappings,398,TIMED_OUT,none
DefaultResultSetHandler.java,org.apache.ibatis.executor.resultset.DefaultResultSetHandler,org.pitest.mutationtest.engine.gregor.mutators.RemoveConditionalMutator_EQUAL_ELSE,shouldApplyAutomaticMappings,401,TIMED_OUT,none
DefaultResultSetHandler.java,org.apache.ibatis.executor.resultset.DefaultResultSetHandler,org.pitest.mutationtest.engine.gregor.mutators.RemoveConditionalMutator_EQUAL_ELSE,shouldApplyAutomaticMappings,404,TIMED_OUT,none
DefaultResultSetHandler.java,org.apache.ibatis.executor.resultset.DefaultResultSetHandler,org.pitest.mutationtest.engine.gregor.mutators.RemoveConditionalMutator_EQUAL_IF,shouldApplyAutomaticMappings,398,TIMED_OUT,none
DefaultResultSetHandler.java,org.apache.ibatis.executor.resultset.DefaultResultSetHandler,org.pitest.mutationtest.engine.gregor.mutators.RemoveConditionalMutator_EQUAL_IF,shouldApplyAutomaticMappings,401,TIMED_OUT,none
DefaultResultSetHandler.java,org.apache.ibatis.executor.resultset.DefaultResultSetHandler,org.pitest.mutationtest.engine.gregor.mutators.RemoveConditionalMutator_EQUAL_IF,shouldApplyAutomaticMappings,404,TIMED_OUT,none
DefaultResultSetHandler.java,org.apache.ibatis.executor.resultset.DefaultResultSetHandler,org.pitest.mutationtest.engine.gregor.mutators.ReturnValsMutator,shouldApplyAutomaticMappings,404,TIMED_OUT,none
DefaultResultSetHandler.java,org.apache.ibatis.executor.resultset.DefaultResultSetHandler,org.pitest.mutationtest.engine.gregor.mutators.InlineConstantMutator,shouldProcessMoreRows,362,TIMED_OUT,none
DefaultResultSetHandler.java,org.apache.ibatis.executor.resultset.DefaultResultSetHandler,org.pitest.mutationtest.engine.gregor.mutators.InlineConstantMutator,shouldProcessMoreRows,362,TIMED_OUT,none
DefaultResultSetHandler.java,org.apache.ibatis.executor.resultset.DefaultResultSetHandler,org.pitest.mutationtest.engine.gregor.mutators.NegateConditionalsMutator,shouldProcessMoreRows,362,TIMED_OUT,none
DefaultResultSetHandler.java,org.apache.ibatis.executor.resultset.DefaultResultSetHandler,org.pitest.mutationtest.engine.gregor.mutators.NegateConditionalsMutator,shouldProcessMoreRows,362,TIMED_OUT,none
DefaultResultSetHandler.java,org.apache.ibatis.executor.resultset.DefaultResultSetHandler,org.pitest.mutationtest.engine.gregor.mutators.NonVoidMethodCallMutator,shouldProcessMoreRows,362,TIMED_OUT,none
DefaultResultSetHandler.java,org.apache.ibatis.executor.resultset.DefaultResultSetHandler,org.pitest.mutationtest.engine.gregor.mutators.NonVoidMethodCallMutator,shouldProcessMoreRows,362,TIMED_OUT,none
DefaultResultSetHandler.java,org.apache.ibatis.executor.resultset.DefaultResultSetHandler,org.pitest.mutationtest.engine.gregor.mutators.RemoveConditionalMutator_EQUAL_ELSE,shouldProcessMoreRows,362,TIMED_OUT,none
DefaultResultSetHandler.java,org.apache.ibatis.executor.resultset.DefaultResultSetHandler,org.pitest.mutationtest.engine.gregor.mutators.RemoveConditionalMutator_EQUAL_IF,shouldProcessMoreRows,362,TIMED_OUT,none
DefaultResultSetHandler.java,org.apache.ibatis.executor.resultset.DefaultResultSetHandler,org.pitest.mutationtest.engine.gregor.mutators.RemoveConditionalMutator_ORDER_ELSE,shouldProcessMoreRows,362,TIMED_OUT,none
DefaultResultSetHandler.java,org.apache.ibatis.executor.resultset.DefaultResultSetHandler,org.pitest.mutationtest.engine.gregor.mutators.RemoveConditionalMutator_ORDER_IF,shouldProcessMoreRows,362,TIMED_OUT,none
DefaultResultSetHandler.java,org.apache.ibatis.executor.resultset.DefaultResultSetHandler,org.pitest.mutationtest.engine.gregor.mutators.ReturnValsMutator,shouldProcessMoreRows,362,TIMED_OUT,none
DefaultResultSetHandler.java,org.apache.ibatis.executor.resultset.DefaultResultSetHandler,org.pitest.mutationtest.engine.gregor.mutators.ConditionalsBoundaryMutator,skipRows,371,TIMED_OUT,none
DefaultResultSetHandler.java,org.apache.ibatis.executor.resultset.DefaultResultSetHandler,org.pitest.mutationtest.engine.gregor.mutators.IncrementsMutator,skipRows,371,TIMED_OUT,none
DefaultResultSetHandler.java,org.apache.ibatis.executor.resultset.DefaultResultSetHandler,org.pitest.mutationtest.engine.gregor.mutators.InlineConstantMutator,skipRows,366,TIMED_OUT,none
DefaultResultSetHandler.java,org.apache.ibatis.executor.resultset.DefaultResultSetHandler,org.pitest.mutationtest.engine.gregor.mutators.InlineConstantMutator,skipRows,371,TIMED_OUT,none
DefaultResultSetHandler.java,org.apache.ibatis.executor.resultset.DefaultResultSetHandler,org.pitest.mutationtest.engine.gregor.mutators.NegateConditionalsMutator,skipRows,366,TIMED_OUT,none
DefaultResultSetHandler.java,org.apache.ibatis.executor.resultset.DefaultResultSetHandler,org.pitest.mutationtest.engine.gregor.mutators.NegateConditionalsMutator,skipRows,371,TIMED_OUT,none
DefaultResultSetHandler.java,org.apache.ibatis.executor.resultset.DefaultResultSetHandler,org.pitest.mutationtest.engine.gregor.mutators.NonVoidMethodCallMutator,skipRows,366,TIMED_OUT,none
DefaultResultSetHandler.java,org.apache.ibatis.executor.resultset.DefaultResultSetHandler,org.pitest.mutationtest.engine.gregor.mutators.NonVoidMethodCallMutator,skipRows,371,TIMED_OUT,none
DefaultResultSetHandler.java,org.apache.ibatis.executor.resultset.DefaultResultSetHandler,org.pitest.mutationtest.engine.gregor.mutators.RemoveConditionalMutator_EQUAL_IF,skipRows,366,TIMED_OUT,none
DefaultResultSetHandler.java,org.apache.ibatis.executor.resultset.DefaultResultSetHandler,org.pitest.mutationtest.engine.gregor.mutators.RemoveConditionalMutator_ORDER_IF,skipRows,371,TIMED_OUT,none
DefaultResultSetHandler.java,org.apache.ibatis.executor.resultset.DefaultResultSetHandler,org.pitest.mutationtest.engine.gregor.mutators.experimental.RemoveIncrementsMutator,skipRows,371,TIMED_OUT,none
DefaultResultSetHandler.java,org.apache.ibatis.executor.resultset.DefaultResultSetHandler,org.pitest.mutationtest.engine.gregor.mutators.NegateConditionalsMutator,storeObject,348,TIMED_OUT,none
DefaultResultSetHandler.java,org.apache.ibatis.executor.resultset.DefaultResultSetHandler,org.pitest.mutationtest.engine.gregor.mutators.RemoveConditionalMutator_EQUAL_ELSE,storeObject,348,TIMED_OUT,none
DefaultResultSetHandler.java,org.apache.ibatis.executor.resultset.DefaultResultSetHandler,org.pitest.mutationtest.engine.gregor.mutators.RemoveConditionalMutator_EQUAL_IF,storeObject,348,TIMED_OUT,none
DefaultResultSetHandler.java,org.apache.ibatis.executor.resultset.DefaultResultSetHandler,org.pitest.mutationtest.engine.gregor.mutators.VoidMethodCallMutator,storeObject,351,TIMED_OUT,none
DefaultResultSetHandler.java,org.apache.ibatis.executor.resultset.DefaultResultSetHandler,org.pitest.mutationtest.engine.gregor.mutators.experimental.RemoveIncrementsMutator,typeNames,664,TIMED_OUT,none
DefaultResultSetHandler.java,org.apache.ibatis.executor.resultset.DefaultResultSetHandler,org.pitest.mutationtest.engine.gregor.mutators.ConditionalsBoundaryMutator,validateResultMapsCount,277,TIMED_OUT,none
DefaultResultSetHandler.java,org.apache.ibatis.executor.resultset.DefaultResultSetHandler,org.pitest.mutationtest.engine.gregor.mutators.InlineConstantMutator,validateResultMapsCount,277,TIMED_OUT,none
DefaultResultSetHandler.java,org.apache.ibatis.executor.resultset.DefaultResultSetHandler,org.pitest.mutationtest.engine.gregor.mutators.NegateConditionalsMutator,validateResultMapsCount,277,TIMED_OUT,none
DefaultResultSetHandler.java,org.apache.ibatis.executor.resultset.DefaultResultSetHandler,org.pitest.mutationtest.engine.gregor.mutators.NegateConditionalsMutator,validateResultMapsCount,277,TIMED_OUT,none
DefaultResultSetHandler.java,org.apache.ibatis.executor.resultset.DefaultResultSetHandler,org.pitest.mutationtest.engine.gregor.mutators.RemoveConditionalMutator_EQUAL_ELSE,validateResultMapsCount,277,TIMED_OUT,none
DefaultResultSetHandler.java,org.apache.ibatis.executor.resultset.DefaultResultSetHandler,org.pitest.mutationtest.engine.gregor.mutators.RemoveConditionalMutator_EQUAL_IF,validateResultMapsCount,277,TIMED_OUT,none
DefaultResultSetHandler.java,org.apache.ibatis.executor.resultset.DefaultResultSetHandler,org.pitest.mutationtest.engine.gregor.mutators.RemoveConditionalMutator_ORDER_ELSE,validateResultMapsCount,277,TIMED_OUT,none
DefaultResultSetHandler.java,org.apache.ibatis.executor.resultset.DefaultResultSetHandler,org.pitest.mutationtest.engine.gregor.mutators.RemoveConditionalMutator_ORDER_IF,validateResultMapsCount,277,TIMED_OUT,none
ResultSetWrapper.java,org.apache.ibatis.executor.resultset.ResultSetWrapper,org.pitest.mutationtest.engine.gregor.mutators.ArgumentPropagationMutator,<init>,60,TIMED_OUT,none
ResultSetWrapper.java,org.apache.ibatis.executor.resultset.ResultSetWrapper,org.pitest.mutationtest.engine.gregor.mutators.ConditionalsBoundaryMutator,<init>,58,TIMED_OUT,none
ResultSetWrapper.java,org.apache.ibatis.executor.resultset.ResultSetWrapper,org.pitest.mutationtest.engine.gregor.mutators.ConstructorCallMutator,<init>,45,TIMED_OUT,none
ResultSetWrapper.java,org.apache.ibatis.executor.resultset.ResultSetWrapper,org.pitest.mutationtest.engine.gregor.mutators.ConstructorCallMutator,<init>,46,TIMED_OUT,none
ResultSetWrapper.java,org.apache.ibatis.executor.resultset.ResultSetWrapper,org.pitest.mutationtest.engine.gregor.mutators.ConstructorCallMutator,<init>,47,TIMED_OUT,none
ResultSetWrapper.java,org.apache.ibatis.executor.resultset.ResultSetWrapper,org.pitest.mutationtest.engine.gregor.mutators.ConstructorCallMutator,<init>,48,TIMED_OUT,none
ResultSetWrapper.java,org.apache.ibatis.executor.resultset.ResultSetWrapper,org.pitest.mutationtest.engine.gregor.mutators.ConstructorCallMutator,<init>,49,TIMED_OUT,none
ResultSetWrapper.java,org.apache.ibatis.executor.resultset.ResultSetWrapper,org.pitest.mutationtest.engine.gregor.mutators.ConstructorCallMutator,<init>,50,TIMED_OUT,none
ResultSetWrapper.java,org.apache.ibatis.executor.resultset.ResultSetWrapper,org.pitest.mutationtest.engine.gregor.mutators.IncrementsMutator,<init>,58,TIMED_OUT,none
ResultSetWrapper.java,org.apache.ibatis.executor.resultset.ResultSetWrapper,org.pitest.mutationtest.engine.gregor.mutators.InlineConstantMutator,<init>,58,TIMED_OUT,none
ResultSetWrapper.java,org.apache.ibatis.executor.resultset.ResultSetWrapper,org.pitest.mutationtest.engine.gregor.mutators.NegateConditionalsMutator,<init>,58,TIMED_OUT,none
ResultSetWrapper.java,org.apache.ibatis.executor.resultset.ResultSetWrapper,org.pitest.mutationtest.engine.gregor.mutators.NegateConditionalsMutator,<init>,59,TIMED_OUT,none
ResultSetWrapper.java,org.apache.ibatis.executor.resultset.ResultSetWrapper,org.pitest.mutationtest.engine.gregor.mutators.NonVoidMethodCallMutator,<init>,54,TIMED_OUT,none
ResultSetWrapper.java,org.apache.ibatis.executor.resultset.ResultSetWrapper,org.pitest.mutationtest.engine.gregor.mutators.NonVoidMethodCallMutator,<init>,56,TIMED_OUT,none
ResultSetWrapper.java,org.apache.ibatis.executor.resultset.ResultSetWrapper,org.pitest.mutationtest.engine.gregor.mutators.NonVoidMethodCallMutator,<init>,57,TIMED_OUT,none
ResultSetWrapper.java,org.apache.ibatis.executor.resultset.ResultSetWrapper,org.pitest.mutationtest.engine.gregor.mutators.NonVoidMethodCallMutator,<init>,59,TIMED_OUT,none
ResultSetWrapper.java,org.apache.ibatis.executor.resultset.ResultSetWrapper,org.pitest.mutationtest.engine.gregor.mutators.NonVoidMethodCallMutator,<init>,59,TIMED_OUT,none
ResultSetWrapper.java,org.apache.ibatis.executor.resultset.ResultSetWrapper,org.pitest.mutationtest.engine.gregor.mutators.NonVoidMethodCallMutator,<init>,59,TIMED_OUT,none
ResultSetWrapper.java,org.apache.ibatis.executor.resultset.ResultSetWrapper,org.pitest.mutationtest.engine.gregor.mutators.NonVoidMethodCallMutator,<init>,59,TIMED_OUT,none
ResultSetWrapper.java,org.apache.ibatis.executor.resultset.ResultSetWrapper,org.pitest.mutationtest.engine.gregor.mutators.NonVoidMethodCallMutator,<init>,60,TIMED_OUT,none
ResultSetWrapper.java,org.apache.ibatis.executor.resultset.ResultSetWrapper,org.pitest.mutationtest.engine.gregor.mutators.NonVoidMethodCallMutator,<init>,60,TIMED_OUT,none
ResultSetWrapper.java,org.apache.ibatis.executor.resultset.ResultSetWrapper,org.pitest.mutationtest.engine.gregor.mutators.NonVoidMethodCallMutator,<init>,61,TIMED_OUT,none
ResultSetWrapper.java,org.apache.ibatis.executor.resultset.ResultSetWrapper,org.pitest.mutationtest.engine.gregor.mutators.NonVoidMethodCallMutator,<init>,61,TIMED_OUT,none
ResultSetWrapper.java,org.apache.ibatis.executor.resultset.ResultSetWrapper,org.pitest.mutationtest.engine.gregor.mutators.RemoveConditionalMutator_EQUAL_ELSE,<init>,59,TIMED_OUT,none
ResultSetWrapper.java,org.apache.ibatis.executor.resultset.ResultSetWrapper,org.pitest.mutationtest.engine.gregor.mutators.RemoveConditionalMutator_EQUAL_IF,<init>,59,TIMED_OUT,none
ResultSetWrapper.java,org.apache.ibatis.executor.resultset.ResultSetWrapper,org.pitest.mutationtest.engine.gregor.mutators.RemoveConditionalMutator_ORDER_ELSE,<init>,58,TIMED_OUT,none
ResultSetWrapper.java,org.apache.ibatis.executor.resultset.ResultSetWrapper,org.pitest.mutationtest.engine.gregor.mutators.RemoveConditionalMutator_ORDER_IF,<init>,58,TIMED_OUT,none
ResultSetWrapper.java,org.apache.ibatis.executor.resultset.ResultSetWrapper,org.pitest.mutationtest.engine.gregor.mutators.experimental.MemberVariableMutator,<init>,45,TIMED_OUT,none
ResultSetWrapper.java,org.apache.ibatis.executor.resultset.ResultSetWrapper,org.pitest.mutationtest.engine.gregor.mutators.experimental.MemberVariableMutator,<init>,46,TIMED_OUT,none
ResultSetWrapper.java,org.apache.ibatis.executor.resultset.ResultSetWrapper,org.pitest.mutationtest.engine.gregor.mutators.experimental.MemberVariableMutator,<init>,47,TIMED_OUT,none
ResultSetWrapper.java,org.apache.ibatis.executor.resultset.ResultSetWrapper,org.pitest.mutationtest.engine.gregor.mutators.experimental.MemberVariableMutator,<init>,48,TIMED_OUT,none
ResultSetWrapper.java,org.apache.ibatis.executor.resultset.ResultSetWrapper,org.pitest.mutationtest.engine.gregor.mutators.experimental.MemberVariableMutator,<init>,49,TIMED_OUT,none
ResultSetWrapper.java,org.apache.ibatis.executor.resultset.ResultSetWrapper,org.pitest.mutationtest.engine.gregor.mutators.experimental.MemberVariableMutator,<init>,50,TIMED_OUT,none
ResultSetWrapper.java,org.apache.ibatis.executor.resultset.ResultSetWrapper,org.pitest.mutationtest.engine.gregor.mutators.experimental.MemberVariableMutator,<init>,54,TIMED_OUT,none
ResultSetWrapper.java,org.apache.ibatis.executor.resultset.ResultSetWrapper,org.pitest.mutationtest.engine.gregor.mutators.experimental.MemberVariableMutator,<init>,55,TIMED_OUT,none
ResultSetWrapper.java,org.apache.ibatis.executor.resultset.ResultSetWrapper,org.pitest.mutationtest.engine.gregor.mutators.experimental.RemoveIncrementsMutator,<init>,58,TIMED_OUT,none
ResultSetWrapper.java,org.apache.ibatis.executor.resultset.ResultSetWrapper,org.pitest.mutationtest.engine.gregor.mutators.ReturnValsMutator,getColumnNames,70,TIMED_OUT,none
ResultSetWrapper.java,org.apache.ibatis.executor.resultset.ResultSetWrapper,org.pitest.mutationtest.engine.gregor.mutators.RemoveConditionalMutator_ORDER_IF,getJdbcType,78,TIMED_OUT,none
ResultSetWrapper.java,org.apache.ibatis.executor.resultset.ResultSetWrapper,org.pitest.mutationtest.engine.gregor.mutators.experimental.RemoveIncrementsMutator,getJdbcType,78,TIMED_OUT,none
ResultSetWrapper.java,org.apache.ibatis.executor.resultset.ResultSetWrapper,org.pitest.mutationtest.engine.gregor.mutators.ConstructorCallMutator,getMapKey,176,TIMED_OUT,none
ResultSetWrapper.java,org.apache.ibatis.executor.resultset.ResultSetWrapper,org.pitest.mutationtest.engine.gregor.mutators.NonVoidMethodCallMutator,getMapKey,176,TIMED_OUT,none
ResultSetWrapper.java,org.apache.ibatis.executor.resultset.ResultSetWrapper,org.pitest.mutationtest.engine.gregor.mutators.NonVoidMethodCallMutator,getMapKey,176,TIMED_OUT,none
ResultSetWrapper.java,org.apache.ibatis.executor.resultset.ResultSetWrapper,org.pitest.mutationtest.engine.gregor.mutators.NonVoidMethodCallMutator,getMapKey,176,TIMED_OUT,none
ResultSetWrapper.java,org.apache.ibatis.executor.resultset.ResultSetWrapper,org.pitest.mutationtest.engine.gregor.mutators.NonVoidMethodCallMutator,getMapKey,176,TIMED_OUT,none
ResultSetWrapper.java,org.apache.ibatis.executor.resultset.ResultSetWrapper,org.pitest.mutationtest.engine.gregor.mutators.NonVoidMethodCallMutator,getMapKey,176,TIMED_OUT,none
ResultSetWrapper.java,org.apache.ibatis.executor.resultset.ResultSetWrapper,org.pitest.mutationtest.engine.gregor.mutators.ReturnValsMutator,getMapKey,176,TIMED_OUT,none
ResultSetWrapper.java,org.apache.ibatis.executor.resultset.ResultSetWrapper,org.pitest.mutationtest.engine.gregor.mutators.ArgumentPropagationMutator,getMappedColumnNames,158,TIMED_OUT,none
ResultSetWrapper.java,org.apache.ibatis.executor.resultset.ResultSetWrapper,org.pitest.mutationtest.engine.gregor.mutators.ArgumentPropagationMutator,getMappedColumnNames,158,TIMED_OUT,none
ResultSetWrapper.java,org.apache.ibatis.executor.resultset.ResultSetWrapper,org.pitest.mutationtest.engine.gregor.mutators.NonVoidMethodCallMutator,getMappedColumnNames,158,TIMED_OUT,none
ResultSetWrapper.java,org.apache.ibatis.executor.resultset.ResultSetWrapper,org.pitest.mutationtest.engine.gregor.mutators.NonVoidMethodCallMutator,getMappedColumnNames,158,TIMED_OUT,none
ResultSetWrapper.java,org.apache.ibatis.executor.resultset.ResultSetWrapper,org.pitest.mutationtest.engine.gregor.mutators.RemoveConditionalMutator_EQUAL_ELSE,getMappedColumnNames,159,TIMED_OUT,none
ResultSetWrapper.java,org.apache.ibatis.executor.resultset.ResultSetWrapper,org.pitest.mutationtest.engine.gregor.mutators.RemoveConditionalMutator_EQUAL_IF,getMappedColumnNames,159,TIMED_OUT,none
ResultSetWrapper.java,org.apache.ibatis.executor.resultset.ResultSetWrapper,org.pitest.mutationtest.engine.gregor.mutators.ReturnValsMutator,getMappedColumnNames,163,TIMED_OUT,none
ResultSetWrapper.java,org.apache.ibatis.executor.resultset.ResultSetWrapper,org.pitest.mutationtest.engine.gregor.mutators.ReturnValsMutator,getResultSet,66,TIMED_OUT,none
ResultSetWrapper.java,org.apache.ibatis.executor.resultset.ResultSetWrapper,org.pitest.mutationtest.engine.gregor.mutators.NegateConditionalsMutator,getTypeHandler,120,TIMED_OUT,none
ResultSetWrapper.java,org.apache.ibatis.executor.resultset.ResultSetWrapper,org.pitest.mutationtest.engine.gregor.mutators.RemoveConditionalMutator_EQUAL_ELSE,getTypeHandler,109,TIMED_OUT,none
ResultSetWrapper.java,org.apache.ibatis.executor.resultset.ResultSetWrapper,org.pitest.mutationtest.engine.gregor.mutators.ArgumentPropagationMutator,getUnmappedColumnNames,167,TIMED_OUT,none
ResultSetWrapper.java,org.apache.ibatis.executor.resultset.ResultSetWrapper,org.pitest.mutationtest.engine.gregor.mutators.ArgumentPropagationMutator,getUnmappedColumnNames,167,TIMED_OUT,none
ResultSetWrapper.java,org.apache.ibatis.executor.resultset.ResultSetWrapper,org.pitest.mutationtest.engine.gregor.mutators.ArgumentPropagationMutator,getUnmappedColumnNames,170,TIMED_OUT,none
ResultSetWrapper.java,org.apache.ibatis.executor.resultset.ResultSetWrapper,org.pitest.mutationtest.engine.gregor.mutators.ArgumentPropagationMutator,getUnmappedColumnNames,170,TIMED_OUT,none
ResultSetWrapper.java,org.apache.ibatis.executor.resultset.ResultSetWrapper,org.pitest.mutationtest.engine.gregor.mutators.NegateConditionalsMutator,getUnmappedColumnNames,168,TIMED_OUT,none
ResultSetWrapper.java,org.apache.ibatis.executor.resultset.ResultSetWrapper,org.pitest.mutationtest.engine.gregor.mutators.NonVoidMethodCallMutator,getUnmappedColumnNames,167,TIMED_OUT,none
ResultSetWrapper.java,org.apache.ibatis.executor.resultset.ResultSetWrapper,org.pitest.mutationtest.engine.gregor.mutators.NonVoidMethodCallMutator,getUnmappedColumnNames,167,TIMED_OUT,none
ResultSetWrapper.java,org.apache.ibatis.executor.resultset.ResultSetWrapper,org.pitest.mutationtest.engine.gregor.mutators.NonVoidMethodCallMutator,getUnmappedColumnNames,170,TIMED_OUT,none
ResultSetWrapper.java,org.apache.ibatis.executor.resultset.ResultSetWrapper,org.pitest.mutationtest.engine.gregor.mutators.NonVoidMethodCallMutator,getUnmappedColumnNames,170,TIMED_OUT,none
ResultSetWrapper.java,org.apache.ibatis.executor.resultset.ResultSetWrapper,org.pitest.mutationtest.engine.gregor.mutators.RemoveConditionalMutator_EQUAL_ELSE,getUnmappedColumnNames,168,TIMED_OUT,none
ResultSetWrapper.java,org.apache.ibatis.executor.resultset.ResultSetWrapper,org.pitest.mutationtest.engine.gregor.mutators.ReturnValsMutator,getUnmappedColumnNames,172,TIMED_OUT,none
ResultSetWrapper.java,org.apache.ibatis.executor.resultset.ResultSetWrapper,org.pitest.mutationtest.engine.gregor.mutators.VoidMethodCallMutator,getUnmappedColumnNames,169,TIMED_OUT,none
ResultSetWrapper.java,org.apache.ibatis.executor.resultset.ResultSetWrapper,org.pitest.mutationtest.engine.gregor.mutators.ArgumentPropagationMutator,loadMappedAndUnmappedColumnNames,144,TIMED_OUT,none
ResultSetWrapper.java,org.apache.ibatis.executor.resultset.ResultSetWrapper,org.pitest.mutationtest.engine.gregor.mutators.ArgumentPropagationMutator,loadMappedAndUnmappedColumnNames,153,TIMED_OUT,none
ResultSetWrapper.java,org.apache.ibatis.executor.resultset.ResultSetWrapper,org.pitest.mutationtest.engine.gregor.mutators.ArgumentPropagationMutator,loadMappedAndUnmappedColumnNames,153,TIMED_OUT,none
ResultSetWrapper.java,org.apache.ibatis.executor.resultset.ResultSetWrapper,org.pitest.mutationtest.engine.gregor.mutators.ArgumentPropagationMutator,loadMappedAndUnmappedColumnNames,154,TIMED_OUT,none
ResultSetWrapper.java,org.apache.ibatis.executor.resultset.ResultSetWrapper,org.pitest.mutationtest.engine.gregor.mutators.ArgumentPropagationMutator,loadMappedAndUnmappedColumnNames,154,TIMED_OUT,none
ResultSetWrapper.java,org.apache.ibatis.executor.resultset.ResultSetWrapper,org.pitest.mutationtest.engine.gregor.mutators.ConstructorCallMutator,loadMappedAndUnmappedColumnNames,141,TIMED_OUT,none
ResultSetWrapper.java,org.apache.ibatis.executor.resultset.ResultSetWrapper,org.pitest.mutationtest.engine.gregor.mutators.ConstructorCallMutator,loadMappedAndUnmappedColumnNames,142,TIMED_OUT,none
ResultSetWrapper.java,org.apache.ibatis.executor.resultset.ResultSetWrapper,org.pitest.mutationtest.engine.gregor.mutators.NegateConditionalsMutator,loadMappedAndUnmappedColumnNames,143,TIMED_OUT,none
ResultSetWrapper.java,org.apache.ibatis.executor.resultset.ResultSetWrapper,org.pitest.mutationtest.engine.gregor.mutators.NegateConditionalsMutator,loadMappedAndUnmappedColumnNames,145,TIMED_OUT,none
ResultSetWrapper.java,org.apache.ibatis.executor.resultset.ResultSetWrapper,org.pitest.mutationtest.engine.gregor.mutators.NegateConditionalsMutator,loadMappedAndUnmappedColumnNames,147,TIMED_OUT,none
ResultSetWrapper.java,org.apache.ibatis.executor.resultset.ResultSetWrapper,org.pitest.mutationtest.engine.gregor.mutators.NonVoidMethodCallMutator,loadMappedAndUnmappedColumnNames,144,TIMED_OUT,none
ResultSetWrapper.java,org.apache.ibatis.executor.resultset.ResultSetWrapper,org.pitest.mutationtest.engine.gregor.mutators.NonVoidMethodCallMutator,loadMappedAndUnmappedColumnNames,144,TIMED_OUT,none
ResultSetWrapper.java,org.apache.ibatis.executor.resultset.ResultSetWrapper,org.pitest.mutationtest.engine.gregor.mutators.NonVoidMethodCallMutator,loadMappedAndUnmappedColumnNames,145,TIMED_OUT,none
ResultSetWrapper.java,org.apache.ibatis.executor.resultset.ResultSetWrapper,org.pitest.mutationtest.engine.gregor.mutators.NonVoidMethodCallMutator,loadMappedAndUnmappedColumnNames,145,TIMED_OUT,none
ResultSetWrapper.java,org.apache.ibatis.executor.resultset.ResultSetWrapper,org.pitest.mutationtest.engine.gregor.mutators.NonVoidMethodCallMutator,loadMappedAndUnmappedColumnNames,145,TIMED_OUT,none
ResultSetWrapper.java,org.apache.ibatis.executor.resultset.ResultSetWrapper,org.pitest.mutationtest.engine.gregor.mutators.NonVoidMethodCallMutator,loadMappedAndUnmappedColumnNames,146,TIMED_OUT,none
ResultSetWrapper.java,org.apache.ibatis.executor.resultset.ResultSetWrapper,org.pitest.mutationtest.engine.gregor.mutators.NonVoidMethodCallMutator,loadMappedAndUnmappedColumnNames,147,TIMED_OUT,none
ResultSetWrapper.java,org.apache.ibatis.executor.resultset.ResultSetWrapper,org.pitest.mutationtest.engine.gregor.mutators.NonVoidMethodCallMutator,loadMappedAndUnmappedColumnNames,148,TIMED_OUT,none
ResultSetWrapper.java,org.apache.ibatis.executor.resultset.ResultSetWrapper,org.pitest.mutationtest.engine.gregor.mutators.NonVoidMethodCallMutator,loadMappedAndUnmappedColumnNames,150,TIMED_OUT,none
ResultSetWrapper.java,org.apache.ibatis.executor.resultset.ResultSetWrapper,org.pitest.mutationtest.engine.gregor.mutators.NonVoidMethodCallMutator,loadMappedAndUnmappedColumnNames,153,TIMED_OUT,none
ResultSetWrapper.java,org.apache.ibatis.executor.resultset.ResultSetWrapper,org.pitest.mutationtest.engine.gregor.mutators.NonVoidMethodCallMutator,loadMappedAndUnmappedColumnNames,153,TIMED_OUT,none
ResultSetWrapper.java,org.apache.ibatis.executor.resultset.ResultSetWrapper,org.pitest.mutationtest.engine.gregor.mutators.NonVoidMethodCallMutator,loadMappedAndUnmappedColumnNames,154,TIMED_OUT,none
ResultSetWrapper.java,org.apache.ibatis.executor.resultset.ResultSetWrapper,org.pitest.mutationtest.engine.gregor.mutators.NonVoidMethodCallMutator,loadMappedAndUnmappedColumnNames,154,TIMED_OUT,none
ResultSetWrapper.java,org.apache.ibatis.executor.resultset.ResultSetWrapper,org.pitest.mutationtest.engine.gregor.mutators.RemoveConditionalMutator_EQUAL_ELSE,loadMappedAndUnmappedColumnNames,143,TIMED_OUT,none
ResultSetWrapper.java,org.apache.ibatis.executor.resultset.ResultSetWrapper,org.pitest.mutationtest.engine.gregor.mutators.RemoveConditionalMutator_EQUAL_ELSE,loadMappedAndUnmappedColumnNames,145,TIMED_OUT,none
ResultSetWrapper.java,org.apache.ibatis.executor.resultset.ResultSetWrapper,org.pitest.mutationtest.engine.gregor.mutators.RemoveConditionalMutator_EQUAL_ELSE,loadMappedAndUnmappedColumnNames,147,TIMED_OUT,none
ResultSetWrapper.java,org.apache.ibatis.executor.resultset.ResultSetWrapper,org.pitest.mutationtest.engine.gregor.mutators.RemoveConditionalMutator_EQUAL_IF,loadMappedAndUnmappedColumnNames,145,TIMED_OUT,none
ResultSetWrapper.java,org.apache.ibatis.executor.resultset.ResultSetWrapper,org.pitest.mutationtest.engine.gregor.mutators.RemoveConditionalMutator_EQUAL_IF,loadMappedAndUnmappedColumnNames,147,TIMED_OUT,none
ResultSetWrapper.java,org.apache.ibatis.executor.resultset.ResultSetWrapper,org.pitest.mutationtest.engine.gregor.mutators.NegateConditionalsMutator,prependPrefixes,180,TIMED_OUT,none
ResultSetWrapper.java,org.apache.ibatis.executor.resultset.ResultSetWrapper,org.pitest.mutationtest.engine.gregor.mutators.NegateConditionalsMutator,prependPrefixes,180,TIMED_OUT,none
ResultSetWrapper.java,org.apache.ibatis.executor.resultset.ResultSetWrapper,org.pitest.mutationtest.engine.gregor.mutators.NegateConditionalsMutator,prependPrefixes,180,TIMED_OUT,none
ResultSetWrapper.java,org.apache.ibatis.executor.resultset.ResultSetWrapper,org.pitest.mutationtest.engine.gregor.mutators.NegateConditionalsMutator,prependPrefixes,180,TIMED_OUT,none
ResultSetWrapper.java,org.apache.ibatis.executor.resultset.ResultSetWrapper,org.pitest.mutationtest.engine.gregor.mutators.NonVoidMethodCallMutator,prependPrefixes,180,TIMED_OUT,none
ResultSetWrapper.java,org.apache.ibatis.executor.resultset.ResultSetWrapper,org.pitest.mutationtest.engine.gregor.mutators.NonVoidMethodCallMutator,prependPrefixes,180,TIMED_OUT,none
ResultSetWrapper.java,org.apache.ibatis.executor.resultset.ResultSetWrapper,org.pitest.mutationtest.engine.gregor.mutators.NonVoidMethodCallMutator,prependPrefixes,184,TIMED_OUT,none
ResultSetWrapper.java,org.apache.ibatis.executor.resultset.ResultSetWrapper,org.pitest.mutationtest.engine.gregor.mutators.RemoveConditionalMutator_EQUAL_ELSE,prependPrefixes,180,TIMED_OUT,none
ResultSetWrapper.java,org.apache.ibatis.executor.resultset.ResultSetWrapper,org.pitest.mutationtest.engine.gregor.mutators.RemoveConditionalMutator_EQUAL_ELSE,prependPrefixes,180,TIMED_OUT,none
ResultSetWrapper.java,org.apache.ibatis.executor.resultset.ResultSetWrapper,org.pitest.mutationtest.engine.gregor.mutators.RemoveConditionalMutator_EQUAL_ELSE,prependPrefixes,180,TIMED_OUT,none
ResultSetWrapper.java,org.apache.ibatis.executor.resultset.ResultSetWrapper,org.pitest.mutationtest.engine.gregor.mutators.RemoveConditionalMutator_EQUAL_ELSE,prependPrefixes,180,TIMED_OUT,none
ResultSetWrapper.java,org.apache.ibatis.executor.resultset.ResultSetWrapper,org.pitest.mutationtest.engine.gregor.mutators.RemoveConditionalMutator_EQUAL_IF,prependPrefixes,180,TIMED_OUT,none
ResultSetWrapper.java,org.apache.ibatis.executor.resultset.ResultSetWrapper,org.pitest.mutationtest.engine.gregor.mutators.RemoveConditionalMutator_EQUAL_IF,prependPrefixes,180,TIMED_OUT,none
ResultSetWrapper.java,org.apache.ibatis.executor.resultset.ResultSetWrapper,org.pitest.mutationtest.engine.gregor.mutators.RemoveConditionalMutator_EQUAL_IF,prependPrefixes,180,TIMED_OUT,none
ResultSetWrapper.java,org.apache.ibatis.executor.resultset.ResultSetWrapper,org.pitest.mutationtest.engine.gregor.mutators.RemoveConditionalMutator_EQUAL_IF,prependPrefixes,180,TIMED_OUT,none
ResultSetWrapper.java,org.apache.ibatis.executor.resultset.ResultSetWrapper,org.pitest.mutationtest.engine.gregor.mutators.ReturnValsMutator,prependPrefixes,181,TIMED_OUT,none
BaseStatementHandler.java,org.apache.ibatis.executor.statement.BaseStatementHandler,org.pitest.mutationtest.engine.gregor.mutators.NonVoidMethodCallMutator,<init>,54,TIMED_OUT,none
BaseStatementHandler.java,org.apache.ibatis.executor.statement.BaseStatementHandler,org.pitest.mutationtest.engine.gregor.mutators.NonVoidMethodCallMutator,<init>,59,TIMED_OUT,none
BaseStatementHandler.java,org.apache.ibatis.executor.statement.BaseStatementHandler,org.pitest.mutationtest.engine.gregor.mutators.NonVoidMethodCallMutator,<init>,64,TIMED_OUT,none
BaseStatementHandler.java,org.apache.ibatis.executor.statement.BaseStatementHandler,org.pitest.mutationtest.engine.gregor.mutators.NonVoidMethodCallMutator,<init>,69,TIMED_OUT,none
BaseStatementHandler.java,org.apache.ibatis.executor.statement.BaseStatementHandler,org.pitest.mutationtest.engine.gregor.mutators.NonVoidMethodCallMutator,<init>,70,TIMED_OUT,none
BaseStatementHandler.java,org.apache.ibatis.executor.statement.BaseStatementHandler,org.pitest.mutationtest.engine.gregor.mutators.RemoveConditionalMutator_EQUAL_ELSE,<init>,62,TIMED_OUT,none
BaseStatementHandler.java,org.apache.ibatis.executor.statement.BaseStatementHandler,org.pitest.mutationtest.engine.gregor.mutators.RemoveConditionalMutator_EQUAL_IF,<init>,62,TIMED_OUT,none
BaseStatementHandler.java,org.apache.ibatis.executor.statement.BaseStatementHandler,org.pitest.mutationtest.engine.gregor.mutators.VoidMethodCallMutator,<init>,63,TIMED_OUT,none
BaseStatementHandler.java,org.apache.ibatis.executor.statement.BaseStatementHandler,org.pitest.mutationtest.engine.gregor.mutators.experimental.MemberVariableMutator,<init>,57,TIMED_OUT,none
BaseStatementHandler.java,org.apache.ibatis.executor.statement.BaseStatementHandler,org.pitest.mutationtest.engine.gregor.mutators.experimental.MemberVariableMutator,<init>,59,TIMED_OUT,none
BaseStatementHandler.java,org.apache.ibatis.executor.statement.BaseStatementHandler,org.pitest.mutationtest.engine.gregor.mutators.experimental.MemberVariableMutator,<init>,67,TIMED_OUT,none
BaseStatementHandler.java,org.apache.ibatis.executor.statement.BaseStatementHandler,org.pitest.mutationtest.engine.gregor.mutators.experimental.MemberVariableMutator,<init>,70,TIMED_OUT,none
BaseStatementHandler.java,org.apache.ibatis.executor.statement.BaseStatementHandler,org.pitest.mutationtest.engine.gregor.mutators.NonVoidMethodCallMutator,generateKeys,140,TIMED_OUT,none
BaseStatementHandler.java,org.apache.ibatis.executor.statement.BaseStatementHandler,org.pitest.mutationtest.engine.gregor.mutators.VoidMethodCallMutator,generateKeys,141,TIMED_OUT,none
BaseStatementHandler.java,org.apache.ibatis.executor.statement.BaseStatementHandler,org.pitest.mutationtest.engine.gregor.mutators.NonVoidMethodCallMutator,prepare,85,TIMED_OUT,none
BaseStatementHandler.java,org.apache.ibatis.executor.statement.BaseStatementHandler,org.pitest.mutationtest.engine.gregor.mutators.NonVoidMethodCallMutator,prepare,85,TIMED_OUT,none
BaseStatementHandler.java,org.apache.ibatis.executor.statement.BaseStatementHandler,org.pitest.mutationtest.engine.gregor.mutators.ReturnValsMutator,prepare,91,TIMED_OUT,none
BaseStatementHandler.java,org.apache.ibatis.executor.statement.BaseStatementHandler,org.pitest.mutationtest.engine.gregor.mutators.VoidMethodCallMutator,prepare,89,TIMED_OUT,none
BaseStatementHandler.java,org.apache.ibatis.executor.statement.BaseStatementHandler,org.pitest.mutationtest.engine.gregor.mutators.VoidMethodCallMutator,prepare,90,TIMED_OUT,none
BaseStatementHandler.java,org.apache.ibatis.executor.statement.BaseStatementHandler,org.pitest.mutationtest.engine.gregor.mutators.NegateConditionalsMutator,setFetchSize,118,TIMED_OUT,none
BaseStatementHandler.java,org.apache.ibatis.executor.statement.BaseStatementHandler,org.pitest.mutationtest.engine.gregor.mutators.NonVoidMethodCallMutator,setFetchSize,117,TIMED_OUT,none
BaseStatementHandler.java,org.apache.ibatis.executor.statement.BaseStatementHandler,org.pitest.mutationtest.engine.gregor.mutators.RemoveConditionalMutator_EQUAL_ELSE,setFetchSize,123,TIMED_OUT,none
BaseStatementHandler.java,org.apache.ibatis.executor.statement.BaseStatementHandler,org.pitest.mutationtest.engine.gregor.mutators.RemoveConditionalMutator_EQUAL_IF,setFetchSize,118,TIMED_OUT,none
BaseStatementHandler.java,org.apache.ibatis.executor.statement.BaseStatementHandler,org.pitest.mutationtest.engine.gregor.mutators.RemoveConditionalMutator_EQUAL_IF,setFetchSize,123,TIMED_OUT,none
BaseStatementHandler.java,org.apache.ibatis.executor.statement.BaseStatementHandler,org.pitest.mutationtest.engine.gregor.mutators.NegateConditionalsMutator,setStatementTimeout,105,TIMED_OUT,none
BaseStatementHandler.java,org.apache.ibatis.executor.statement.BaseStatementHandler,org.pitest.mutationtest.engine.gregor.mutators.NegateConditionalsMutator,setStatementTimeout,107,TIMED_OUT,none
BaseStatementHandler.java,org.apache.ibatis.executor.statement.BaseStatementHandler,org.pitest.mutationtest.engine.gregor.mutators.NegateConditionalsMutator,setStatementTimeout,110,TIMED_OUT,none
BaseStatementHandler.java,org.apache.ibatis.executor.statement.BaseStatementHandler,org.pitest.mutationtest.engine.gregor.mutators.NonVoidMethodCallMutator,setStatementTimeout,105,TIMED_OUT,none
BaseStatementHandler.java,org.apache.ibatis.executor.statement.BaseStatementHandler,org.pitest.mutationtest.engine.gregor.mutators.NonVoidMethodCallMutator,setStatementTimeout,107,TIMED_OUT,none
BaseStatementHandler.java,org.apache.ibatis.executor.statement.BaseStatementHandler,org.pitest.mutationtest.engine.gregor.mutators.RemoveConditionalMutator_EQUAL_ELSE,setStatementTimeout,105,TIMED_OUT,none
BaseStatementHandler.java,org.apache.ibatis.executor.statement.BaseStatementHandler,org.pitest.mutationtest.engine.gregor.mutators.RemoveConditionalMutator_EQUAL_IF,setStatementTimeout,107,TIMED_OUT,none
BaseStatementHandler.java,org.apache.ibatis.executor.statement.BaseStatementHandler,org.pitest.mutationtest.engine.gregor.mutators.VoidMethodCallMutator,setStatementTimeout,113,TIMED_OUT,none
CallableStatementHandler.java,org.apache.ibatis.executor.statement.CallableStatementHandler,org.pitest.mutationtest.engine.gregor.mutators.experimental.RemoveIncrementsMutator,registerOutputParameters,100,TIMED_OUT,none
PreparedStatementHandler.java,org.apache.ibatis.executor.statement.PreparedStatementHandler,org.pitest.mutationtest.engine.gregor.mutators.NegateConditionalsMutator,instantiateStatement,84,TIMED_OUT,none
PreparedStatementHandler.java,org.apache.ibatis.executor.statement.PreparedStatementHandler,org.pitest.mutationtest.engine.gregor.mutators.NonVoidMethodCallMutator,instantiateStatement,77,TIMED_OUT,none
PreparedStatementHandler.java,org.apache.ibatis.executor.statement.PreparedStatementHandler,org.pitest.mutationtest.engine.gregor.mutators.NonVoidMethodCallMutator,instantiateStatement,84,TIMED_OUT,none
PreparedStatementHandler.java,org.apache.ibatis.executor.statement.PreparedStatementHandler,org.pitest.mutationtest.engine.gregor.mutators.RemoveConditionalMutator_EQUAL_ELSE,instantiateStatement,77,TIMED_OUT,none
PreparedStatementHandler.java,org.apache.ibatis.executor.statement.PreparedStatementHandler,org.pitest.mutationtest.engine.gregor.mutators.RemoveConditionalMutator_EQUAL_IF,instantiateStatement,84,TIMED_OUT,none
PreparedStatementHandler.java,org.apache.ibatis.executor.statement.PreparedStatementHandler,org.pitest.mutationtest.engine.gregor.mutators.ReturnValsMutator,instantiateStatement,87,TIMED_OUT,none
PreparedStatementHandler.java,org.apache.ibatis.executor.statement.PreparedStatementHandler,org.pitest.mutationtest.engine.gregor.mutators.NonVoidMethodCallMutator,query,64,TIMED_OUT,none
PreparedStatementHandler.java,org.apache.ibatis.executor.statement.PreparedStatementHandler,org.pitest.mutationtest.engine.gregor.mutators.ReturnValsMutator,query,64,TIMED_OUT,none
PreparedStatementHandler.java,org.apache.ibatis.executor.statement.PreparedStatementHandler,org.pitest.mutationtest.engine.gregor.mutators.NonVoidMethodCallMutator,update,46,TIMED_OUT,none
PreparedStatementHandler.java,org.apache.ibatis.executor.statement.PreparedStatementHandler,org.pitest.mutationtest.engine.gregor.mutators.NonVoidMethodCallMutator,update,47,TIMED_OUT,none
PreparedStatementHandler.java,org.apache.ibatis.executor.statement.PreparedStatementHandler,org.pitest.mutationtest.engine.gregor.mutators.VoidMethodCallMutator,update,50,TIMED_OUT,none
RoutingStatementHandler.java,org.apache.ibatis.executor.statement.RoutingStatementHandler,org.pitest.mutationtest.engine.gregor.mutators.experimental.RemoveSwitchMutator_2,<init>,41,TIMED_OUT,none
RoutingStatementHandler.java,org.apache.ibatis.executor.statement.RoutingStatementHandler,org.pitest.mutationtest.engine.gregor.mutators.VoidMethodCallMutator,parameterize,64,TIMED_OUT,none
RoutingStatementHandler.java,org.apache.ibatis.executor.statement.RoutingStatementHandler,org.pitest.mutationtest.engine.gregor.mutators.ReturnValsMutator,prepare,59,TIMED_OUT,none
RoutingStatementHandler.java,org.apache.ibatis.executor.statement.RoutingStatementHandler,org.pitest.mutationtest.engine.gregor.mutators.ReturnValsMutator,query,79,TIMED_OUT,none
RoutingStatementHandler.java,org.apache.ibatis.executor.statement.RoutingStatementHandler,org.pitest.mutationtest.engine.gregor.mutators.ReturnValsMutator,update,74,TIMED_OUT,none
StatementUtil.java,org.apache.ibatis.executor.statement.StatementUtil,org.pitest.mutationtest.engine.gregor.mutators.RemoveConditionalMutator_EQUAL_ELSE,applyTransactionTimeout,44,TIMED_OUT,none
ClassLoaderWrapper.java,org.apache.ibatis.io.ClassLoaderWrapper,org.pitest.mutationtest.engine.gregor.mutators.NonVoidMethodCallMutator,<init>,33,TIMED_OUT,none
ClassLoaderWrapper.java,org.apache.ibatis.io.ClassLoaderWrapper,org.pitest.mutationtest.engine.gregor.mutators.ReturnValsMutator,classForName,89,TIMED_OUT,none
ClassLoaderWrapper.java,org.apache.ibatis.io.ClassLoaderWrapper,org.pitest.mutationtest.engine.gregor.mutators.ConditionalsBoundaryMutator,classForName,180,TIMED_OUT,none
ClassLoaderWrapper.java,org.apache.ibatis.io.ClassLoaderWrapper,org.pitest.mutationtest.engine.gregor.mutators.IncrementsMutator,classForName,180,TIMED_OUT,none
ClassLoaderWrapper.java,org.apache.ibatis.io.ClassLoaderWrapper,org.pitest.mutationtest.engine.gregor.mutators.InlineConstantMutator,classForName,186,TIMED_OUT,none
ClassLoaderWrapper.java,org.apache.ibatis.io.ClassLoaderWrapper,org.pitest.mutationtest.engine.gregor.mutators.NegateConditionalsMutator,classForName,180,TIMED_OUT,none
ClassLoaderWrapper.java,org.apache.ibatis.io.ClassLoaderWrapper,org.pitest.mutationtest.engine.gregor.mutators.NegateConditionalsMutator,classForName,182,TIMED_OUT,none
ClassLoaderWrapper.java,org.apache.ibatis.io.ClassLoaderWrapper,org.pitest.mutationtest.engine.gregor.mutators.RemoveConditionalMutator_EQUAL_ELSE,classForName,182,TIMED_OUT,none
ClassLoaderWrapper.java,org.apache.ibatis.io.ClassLoaderWrapper,org.pitest.mutationtest.engine.gregor.mutators.RemoveConditionalMutator_EQUAL_IF,classForName,182,TIMED_OUT,none
ClassLoaderWrapper.java,org.apache.ibatis.io.ClassLoaderWrapper,org.pitest.mutationtest.engine.gregor.mutators.RemoveConditionalMutator_EQUAL_IF,classForName,188,TIMED_OUT,none
ClassLoaderWrapper.java,org.apache.ibatis.io.ClassLoaderWrapper,org.pitest.mutationtest.engine.gregor.mutators.RemoveConditionalMutator_ORDER_ELSE,classForName,180,TIMED_OUT,none
ClassLoaderWrapper.java,org.apache.ibatis.io.ClassLoaderWrapper,org.pitest.mutationtest.engine.gregor.mutators.experimental.RemoveIncrementsMutator,classForName,180,TIMED_OUT,none
ClassLoaderWrapper.java,org.apache.ibatis.io.ClassLoaderWrapper,org.pitest.mutationtest.engine.gregor.mutators.InlineConstantMutator,getClassLoaders,205,TIMED_OUT,none
ClassLoaderWrapper.java,org.apache.ibatis.io.ClassLoaderWrapper,org.pitest.mutationtest.engine.gregor.mutators.InlineConstantMutator,getClassLoaders,205,TIMED_OUT,none
ClassLoaderWrapper.java,org.apache.ibatis.io.ClassLoaderWrapper,org.pitest.mutationtest.engine.gregor.mutators.InlineConstantMutator,getClassLoaders,208,TIMED_OUT,none
ClassLoaderWrapper.java,org.apache.ibatis.io.ClassLoaderWrapper,org.pitest.mutationtest.engine.gregor.mutators.NonVoidMethodCallMutator,getClassLoaders,208,TIMED_OUT,none
ClassLoaderWrapper.java,org.apache.ibatis.io.ClassLoaderWrapper,org.pitest.mutationtest.engine.gregor.mutators.ConditionalsBoundaryMutator,getResourceAsStream,112,TIMED_OUT,none
ClassLoaderWrapper.java,org.apache.ibatis.io.ClassLoaderWrapper,org.pitest.mutationtest.engine.gregor.mutators.InlineConstantMutator,getResourceAsStream,112,TIMED_OUT,none
ClassLoaderWrapper.java,org.apache.ibatis.io.ClassLoaderWrapper,org.pitest.mutationtest.engine.gregor.mutators.RemoveConditionalMutator_EQUAL_ELSE,getResourceAsStream,119,TIMED_OUT,none
ClassLoaderWrapper.java,org.apache.ibatis.io.ClassLoaderWrapper,org.pitest.mutationtest.engine.gregor.mutators.RemoveConditionalMutator_EQUAL_IF,getResourceAsStream,123,TIMED_OUT,none
ClassLoaderWrapper.java,org.apache.ibatis.io.ClassLoaderWrapper,org.pitest.mutationtest.engine.gregor.mutators.experimental.RemoveIncrementsMutator,getResourceAsStream,112,TIMED_OUT,none
ClassLoaderWrapper.java,org.apache.ibatis.io.ClassLoaderWrapper,org.pitest.mutationtest.engine.gregor.mutators.experimental.RemoveIncrementsMutator,getResourceAsURL,142,TIMED_OUT,none
DefaultVFS.java,org.apache.ibatis.io.DefaultVFS,org.pitest.mutationtest.engine.gregor.mutators.NonVoidMethodCallMutator,list,105,TIMED_OUT,none
DefaultVFS.java,org.apache.ibatis.io.DefaultVFS,org.pitest.mutationtest.engine.gregor.mutators.NonVoidMethodCallMutator,list,149,TIMED_OUT,none
DefaultVFS.java,org.apache.ibatis.io.DefaultVFS,org.pitest.mutationtest.engine.gregor.mutators.RemoveConditionalMutator_EQUAL_ELSE,list,105,TIMED_OUT,none
Resources.java,org.apache.ibatis.io.Resources,org.pitest.mutationtest.engine.gregor.mutators.VoidMethodCallMutator,getResourceAsProperties,130,TIMED_OUT,none
Resources.java,org.apache.ibatis.io.Resources,org.pitest.mutationtest.engine.gregor.mutators.ConstructorCallMutator,getResourceAsReader,160,TIMED_OUT,none
Resources.java,org.apache.ibatis.io.Resources,org.pitest.mutationtest.engine.gregor.mutators.NegateConditionalsMutator,getResourceAsReader,159,TIMED_OUT,none
Resources.java,org.apache.ibatis.io.Resources,org.pitest.mutationtest.engine.gregor.mutators.NonVoidMethodCallMutator,getResourceAsReader,160,TIMED_OUT,none
Resources.java,org.apache.ibatis.io.Resources,org.pitest.mutationtest.engine.gregor.mutators.RemoveConditionalMutator_EQUAL_ELSE,getResourceAsReader,159,TIMED_OUT,none
Resources.java,org.apache.ibatis.io.Resources,org.pitest.mutationtest.engine.gregor.mutators.RemoveConditionalMutator_EQUAL_IF,getResourceAsReader,159,TIMED_OUT,none
Resources.java,org.apache.ibatis.io.Resources,org.pitest.mutationtest.engine.gregor.mutators.ReturnValsMutator,getResourceAsReader,164,TIMED_OUT,none
Resources.java,org.apache.ibatis.io.Resources,org.pitest.mutationtest.engine.gregor.mutators.RemoveConditionalMutator_EQUAL_ELSE,getResourceAsStream,113,TIMED_OUT,none
AbstractSQL.java,org.apache.ibatis.jdbc.AbstractSQL$SQLStatement,org.pitest.mutationtest.engine.gregor.mutators.experimental.RemoveIncrementsMutator,sqlClause,346,TIMED_OUT,none
ScriptRunner.java,org.apache.ibatis.jdbc.ScriptRunner,org.pitest.mutationtest.engine.gregor.mutators.InlineConstantMutator,<init>,45,TIMED_OUT,none
ScriptRunner.java,org.apache.ibatis.jdbc.ScriptRunner,org.pitest.mutationtest.engine.gregor.mutators.experimental.MemberVariableMutator,<init>,45,TIMED_OUT,none
ScriptRunner.java,org.apache.ibatis.jdbc.ScriptRunner,org.pitest.mutationtest.engine.gregor.mutators.experimental.MemberVariableMutator,<init>,47,TIMED_OUT,none
ScriptRunner.java,org.apache.ibatis.jdbc.ScriptRunner,org.pitest.mutationtest.engine.gregor.mutators.experimental.MemberVariableMutator,<init>,48,TIMED_OUT,none
ScriptRunner.java,org.apache.ibatis.jdbc.ScriptRunner,org.pitest.mutationtest.engine.gregor.mutators.NonVoidMethodCallMutator,checkForMissingLineTerminator,190,TIMED_OUT,none
ScriptRunner.java,org.apache.ibatis.jdbc.ScriptRunner,org.pitest.mutationtest.engine.gregor.mutators.NonVoidMethodCallMutator,checkForMissingLineTerminator,190,TIMED_OUT,none
ScriptRunner.java,org.apache.ibatis.jdbc.ScriptRunner,org.pitest.mutationtest.engine.gregor.mutators.NonVoidMethodCallMutator,checkForMissingLineTerminator,190,TIMED_OUT,none
ScriptRunner.java,org.apache.ibatis.jdbc.ScriptRunner,org.pitest.mutationtest.engine.gregor.mutators.RemoveConditionalMutator_EQUAL_ELSE,checkForMissingLineTerminator,190,TIMED_OUT,none
ScriptRunner.java,org.apache.ibatis.jdbc.ScriptRunner,org.pitest.mutationtest.engine.gregor.mutators.RemoveConditionalMutator_EQUAL_IF,checkForMissingLineTerminator,190,TIMED_OUT,none
ScriptRunner.java,org.apache.ibatis.jdbc.ScriptRunner,org.pitest.mutationtest.engine.gregor.mutators.RemoveConditionalMutator_ORDER_ELSE,checkForMissingLineTerminator,190,TIMED_OUT,none
ScriptRunner.java,org.apache.ibatis.jdbc.ScriptRunner,org.pitest.mutationtest.engine.gregor.mutators.RemoveConditionalMutator_ORDER_IF,checkForMissingLineTerminator,190,TIMED_OUT,none
ScriptRunner.java,org.apache.ibatis.jdbc.ScriptRunner,org.pitest.mutationtest.engine.gregor.mutators.NegateConditionalsMutator,commandReadyToExecute,223,TIMED_OUT,none
ScriptRunner.java,org.apache.ibatis.jdbc.ScriptRunner,org.pitest.mutationtest.engine.gregor.mutators.NegateConditionalsMutator,commandReadyToExecute,223,TIMED_OUT,none
ScriptRunner.java,org.apache.ibatis.jdbc.ScriptRunner,org.pitest.mutationtest.engine.gregor.mutators.NonVoidMethodCallMutator,commandReadyToExecute,223,TIMED_OUT,none
ScriptRunner.java,org.apache.ibatis.jdbc.ScriptRunner,org.pitest.mutationtest.engine.gregor.mutators.RemoveConditionalMutator_EQUAL_ELSE,commandReadyToExecute,223,TIMED_OUT,none
ScriptRunner.java,org.apache.ibatis.jdbc.ScriptRunner,org.pitest.mutationtest.engine.gregor.mutators.RemoveConditionalMutator_EQUAL_ELSE,commandReadyToExecute,223,TIMED_OUT,none
ScriptRunner.java,org.apache.ibatis.jdbc.ScriptRunner,org.pitest.mutationtest.engine.gregor.mutators.RemoveConditionalMutator_EQUAL_IF,commandReadyToExecute,223,TIMED_OUT,none
ScriptRunner.java,org.apache.ibatis.jdbc.ScriptRunner,org.pitest.mutationtest.engine.gregor.mutators.RemoveConditionalMutator_EQUAL_IF,commandReadyToExecute,223,TIMED_OUT,none
ScriptRunner.java,org.apache.ibatis.jdbc.ScriptRunner,org.pitest.mutationtest.engine.gregor.mutators.RemoveConditionalMutator_EQUAL_IF,commandReadyToExecute,223,TIMED_OUT,none
ScriptRunner.java,org.apache.ibatis.jdbc.ScriptRunner,org.pitest.mutationtest.engine.gregor.mutators.NegateConditionalsMutator,commitConnection,171,TIMED_OUT,none
ScriptRunner.java,org.apache.ibatis.jdbc.ScriptRunner,org.pitest.mutationtest.engine.gregor.mutators.RemoveConditionalMutator_EQUAL_ELSE,commitConnection,171,TIMED_OUT,none
ScriptRunner.java,org.apache.ibatis.jdbc.ScriptRunner,org.pitest.mutationtest.engine.gregor.mutators.RemoveConditionalMutator_EQUAL_IF,commitConnection,171,TIMED_OUT,none
ScriptRunner.java,org.apache.ibatis.jdbc.ScriptRunner,org.pitest.mutationtest.engine.gregor.mutators.VoidMethodCallMutator,commitConnection,172,TIMED_OUT,none
ScriptRunner.java,org.apache.ibatis.jdbc.ScriptRunner,org.pitest.mutationtest.engine.gregor.mutators.RemoveConditionalMutator_EQUAL_IF,executeFullScript,119,TIMED_OUT,none
ScriptRunner.java,org.apache.ibatis.jdbc.ScriptRunner,org.pitest.mutationtest.engine.gregor.mutators.VoidMethodCallMutator,executeLineByLine,143,TIMED_OUT,none
ScriptRunner.java,org.apache.ibatis.jdbc.ScriptRunner,org.pitest.mutationtest.engine.gregor.mutators.InlineConstantMutator,executeStatement,227,TIMED_OUT,none
ScriptRunner.java,org.apache.ibatis.jdbc.ScriptRunner,org.pitest.mutationtest.engine.gregor.mutators.NegateConditionalsMutator,executeStatement,231,TIMED_OUT,none
ScriptRunner.java,org.apache.ibatis.jdbc.ScriptRunner,org.pitest.mutationtest.engine.gregor.mutators.RemoveConditionalMutator_EQUAL_ELSE,executeStatement,231,TIMED_OUT,none
ScriptRunner.java,org.apache.ibatis.jdbc.ScriptRunner,org.pitest.mutationtest.engine.gregor.mutators.RemoveConditionalMutator_EQUAL_IF,executeStatement,231,TIMED_OUT,none
ScriptRunner.java,org.apache.ibatis.jdbc.ScriptRunner,org.pitest.mutationtest.engine.gregor.mutators.RemoveConditionalMutator_EQUAL_IF,executeStatement,234,TIMED_OUT,none
ScriptRunner.java,org.apache.ibatis.jdbc.ScriptRunner,org.pitest.mutationtest.engine.gregor.mutators.VoidMethodCallMutator,executeStatement,229,TIMED_OUT,none
ScriptRunner.java,org.apache.ibatis.jdbc.ScriptRunner,org.pitest.mutationtest.engine.gregor.mutators.VoidMethodCallMutator,executeStatement,254,TIMED_OUT,none
ScriptRunner.java,org.apache.ibatis.jdbc.ScriptRunner,org.pitest.mutationtest.engine.gregor.mutators.ArgumentPropagationMutator,handleLine,198,TIMED_OUT,none
ScriptRunner.java,org.apache.ibatis.jdbc.ScriptRunner,org.pitest.mutationtest.engine.gregor.mutators.ConditionalsBoundaryMutator,handleLine,210,TIMED_OUT,none
ScriptRunner.java,org.apache.ibatis.jdbc.ScriptRunner,org.pitest.mutationtest.engine.gregor.mutators.InlineConstantMutator,handleLine,209,TIMED_OUT,none
ScriptRunner.java,org.apache.ibatis.jdbc.ScriptRunner,org.pitest.mutationtest.engine.gregor.mutators.NonVoidMethodCallMutator,handleLine,197,TIMED_OUT,none
ScriptRunner.java,org.apache.ibatis.jdbc.ScriptRunner,org.pitest.mutationtest.engine.gregor.mutators.NonVoidMethodCallMutator,handleLine,199,TIMED_OUT,none
ScriptRunner.java,org.apache.ibatis.jdbc.ScriptRunner,org.pitest.mutationtest.engine.gregor.mutators.NonVoidMethodCallMutator,handleLine,206,TIMED_OUT,none
ScriptRunner.java,org.apache.ibatis.jdbc.ScriptRunner,org.pitest.mutationtest.engine.gregor.mutators.NonVoidMethodCallMutator,handleLine,211,TIMED_OUT,none
ScriptRunner.java,org.apache.ibatis.jdbc.ScriptRunner,org.pitest.mutationtest.engine.gregor.mutators.RemoveConditionalMutator_EQUAL_ELSE,handleLine,199,TIMED_OUT,none
ScriptRunner.java,org.apache.ibatis.jdbc.ScriptRunner,org.pitest.mutationtest.engine.gregor.mutators.RemoveConditionalMutator_ORDER_IF,handleLine,210,TIMED_OUT,none
ScriptRunner.java,org.apache.ibatis.jdbc.ScriptRunner,org.pitest.mutationtest.engine.gregor.mutators.VoidMethodCallMutator,handleLine,203,TIMED_OUT,none
ScriptRunner.java,org.apache.ibatis.jdbc.ScriptRunner,org.pitest.mutationtest.engine.gregor.mutators.NonVoidMethodCallMutator,lineIsComment,218,TIMED_OUT,none
ScriptRunner.java,org.apache.ibatis.jdbc.ScriptRunner,org.pitest.mutationtest.engine.gregor.mutators.NonVoidMethodCallMutator,lineIsComment,218,TIMED_OUT,none
ScriptRunner.java,org.apache.ibatis.jdbc.ScriptRunner,org.pitest.mutationtest.engine.gregor.mutators.RemoveConditionalMutator_EQUAL_ELSE,lineIsComment,218,TIMED_OUT,none
ScriptRunner.java,org.apache.ibatis.jdbc.ScriptRunner,org.pitest.mutationtest.engine.gregor.mutators.NegateConditionalsMutator,printResults,262,TIMED_OUT,none
ScriptRunner.java,org.apache.ibatis.jdbc.ScriptRunner,org.pitest.mutationtest.engine.gregor.mutators.RemoveConditionalMutator_EQUAL_ELSE,printResults,262,TIMED_OUT,none
ScriptRunner.java,org.apache.ibatis.jdbc.ScriptRunner,org.pitest.mutationtest.engine.gregor.mutators.RemoveConditionalMutator_EQUAL_IF,printResults,262,TIMED_OUT,none
ScriptRunner.java,org.apache.ibatis.jdbc.ScriptRunner,org.pitest.mutationtest.engine.gregor.mutators.experimental.RemoveIncrementsMutator,printResults,267,TIMED_OUT,none
ScriptRunner.java,org.apache.ibatis.jdbc.ScriptRunner,org.pitest.mutationtest.engine.gregor.mutators.experimental.RemoveIncrementsMutator,printResults,273,TIMED_OUT,none
ScriptRunner.java,org.apache.ibatis.jdbc.ScriptRunner,org.pitest.mutationtest.engine.gregor.mutators.RemoveConditionalMutator_EQUAL_ELSE,println,294,TIMED_OUT,none
ScriptRunner.java,org.apache.ibatis.jdbc.ScriptRunner,org.pitest.mutationtest.engine.gregor.mutators.NonVoidMethodCallMutator,rollbackConnection,181,TIMED_OUT,none
ScriptRunner.java,org.apache.ibatis.jdbc.ScriptRunner,org.pitest.mutationtest.engine.gregor.mutators.RemoveConditionalMutator_EQUAL_ELSE,rollbackConnection,181,TIMED_OUT,none
ScriptRunner.java,org.apache.ibatis.jdbc.ScriptRunner,org.pitest.mutationtest.engine.gregor.mutators.VoidMethodCallMutator,rollbackConnection,182,TIMED_OUT,none
ScriptRunner.java,org.apache.ibatis.jdbc.ScriptRunner,org.pitest.mutationtest.engine.gregor.mutators.RemoveConditionalMutator_EQUAL_IF,runScript,104,TIMED_OUT,none
ScriptRunner.java,org.apache.ibatis.jdbc.ScriptRunner,org.pitest.mutationtest.engine.gregor.mutators.VoidMethodCallMutator,runScript,101,TIMED_OUT,none
ScriptRunner.java,org.apache.ibatis.jdbc.ScriptRunner,org.pitest.mutationtest.engine.gregor.mutators.NegateConditionalsMutator,setAutoCommit,161,TIMED_OUT,none
ScriptRunner.java,org.apache.ibatis.jdbc.ScriptRunner,org.pitest.mutationtest.engine.gregor.mutators.RemoveConditionalMutator_EQUAL_ELSE,setAutoCommit,161,TIMED_OUT,none
ScriptRunner.java,org.apache.ibatis.jdbc.ScriptRunner,org.pitest.mutationtest.engine.gregor.mutators.RemoveConditionalMutator_EQUAL_IF,setAutoCommit,161,TIMED_OUT,none
ScriptRunner.java,org.apache.ibatis.jdbc.ScriptRunner,org.pitest.mutationtest.engine.gregor.mutators.experimental.MemberVariableMutator,setErrorLogWriter,89,TIMED_OUT,none
ScriptRunner.java,org.apache.ibatis.jdbc.ScriptRunner,org.pitest.mutationtest.engine.gregor.mutators.experimental.MemberVariableMutator,setLogWriter,85,TIMED_OUT,none
SqlRunner.java,org.apache.ibatis.jdbc.SqlRunner,org.pitest.mutationtest.engine.gregor.mutators.experimental.RemoveIncrementsMutator,getResults,225,TIMED_OUT,none
SqlRunner.java,org.apache.ibatis.jdbc.SqlRunner,org.pitest.mutationtest.engine.gregor.mutators.experimental.RemoveIncrementsMutator,getResults,240,TIMED_OUT,none
LogFactory.java,org.apache.ibatis.logging.LogFactory,org.pitest.mutationtest.engine.gregor.mutators.NonVoidMethodCallMutator,getLog,77,TIMED_OUT,none
LogFactory.java,org.apache.ibatis.logging.LogFactory,org.pitest.mutationtest.engine.gregor.mutators.NonVoidMethodCallMutator,getLog,77,TIMED_OUT,none
LogFactory.java,org.apache.ibatis.logging.LogFactory,org.pitest.mutationtest.engine.gregor.mutators.NonVoidMethodCallMutator,getLog,82,TIMED_OUT,none
LogFactory.java,org.apache.ibatis.logging.LogFactory,org.pitest.mutationtest.engine.gregor.mutators.ReturnValsMutator,getLog,82,TIMED_OUT,none
LogFactory.java,org.apache.ibatis.logging.LogFactory,org.pitest.mutationtest.engine.gregor.mutators.InlineConstantMutator,setImplementation,133,TIMED_OUT,none
LogFactory.java,org.apache.ibatis.logging.LogFactory,org.pitest.mutationtest.engine.gregor.mutators.NegateConditionalsMutator,setImplementation,134,TIMED_OUT,none
LogFactory.java,org.apache.ibatis.logging.LogFactory,org.pitest.mutationtest.engine.gregor.mutators.NonVoidMethodCallMutator,setImplementation,133,TIMED_OUT,none
LogFactory.java,org.apache.ibatis.logging.LogFactory,org.pitest.mutationtest.engine.gregor.mutators.RemoveConditionalMutator_EQUAL_IF,setImplementation,134,TIMED_OUT,none
LogFactory.java,org.apache.ibatis.logging.LogFactory,org.pitest.mutationtest.engine.gregor.mutators.NegateConditionalsMutator,tryImplementation,121,TIMED_OUT,none
LogFactory.java,org.apache.ibatis.logging.LogFactory,org.pitest.mutationtest.engine.gregor.mutators.VoidMethodCallMutator,useSlf4jLogging,93,TIMED_OUT,none
BaseJdbcLogger.java,org.apache.ibatis.logging.jdbc.BaseJdbcLogger,org.pitest.mutationtest.engine.gregor.mutators.NonVoidMethodCallMutator,getParameterValueString,106,TIMED_OUT,none
BaseJdbcLogger.java,org.apache.ibatis.logging.jdbc.BaseJdbcLogger,org.pitest.mutationtest.engine.gregor.mutators.NonVoidMethodCallMutator,removeBreakingWhitespace,165,TIMED_OUT,none
ResultSetLogger.java,org.apache.ibatis.logging.jdbc.ResultSetLogger,org.pitest.mutationtest.engine.gregor.mutators.IncrementsMutator,printColumnHeaders,95,TIMED_OUT,none
ResultSetLogger.java,org.apache.ibatis.logging.jdbc.ResultSetLogger,org.pitest.mutationtest.engine.gregor.mutators.RemoveConditionalMutator_ORDER_IF,printColumnHeaders,95,TIMED_OUT,none
ResultSetLogger.java,org.apache.ibatis.logging.jdbc.ResultSetLogger,org.pitest.mutationtest.engine.gregor.mutators.experimental.RemoveIncrementsMutator,printColumnHeaders,95,TIMED_OUT,none
ResultSetLogger.java,org.apache.ibatis.logging.jdbc.ResultSetLogger,org.pitest.mutationtest.engine.gregor.mutators.IncrementsMutator,printColumnValues,111,TIMED_OUT,none
ResultSetLogger.java,org.apache.ibatis.logging.jdbc.ResultSetLogger,org.pitest.mutationtest.engine.gregor.mutators.RemoveConditionalMutator_ORDER_IF,printColumnValues,111,TIMED_OUT,none
ResultSetLogger.java,org.apache.ibatis.logging.jdbc.ResultSetLogger,org.pitest.mutationtest.engine.gregor.mutators.experimental.RemoveIncrementsMutator,printColumnValues,111,TIMED_OUT,none
Slf4jImpl.java,org.apache.ibatis.logging.slf4j.Slf4jImpl,org.pitest.mutationtest.engine.gregor.mutators.ConstructorCallMutator,<init>,39,TIMED_OUT,none
Slf4jImpl.java,org.apache.ibatis.logging.slf4j.Slf4jImpl,org.pitest.mutationtest.engine.gregor.mutators.InlineConstantMutator,<init>,38,TIMED_OUT,none
Slf4jImpl.java,org.apache.ibatis.logging.slf4j.Slf4jImpl,org.pitest.mutationtest.engine.gregor.mutators.InlineConstantMutator,<init>,38,TIMED_OUT,none
Slf4jImpl.java,org.apache.ibatis.logging.slf4j.Slf4jImpl,org.pitest.mutationtest.engine.gregor.mutators.InlineConstantMutator,<init>,38,TIMED_OUT,none
Slf4jImpl.java,org.apache.ibatis.logging.slf4j.Slf4jImpl,org.pitest.mutationtest.engine.gregor.mutators.InlineConstantMutator,<init>,38,TIMED_OUT,none
Slf4jImpl.java,org.apache.ibatis.logging.slf4j.Slf4jImpl,org.pitest.mutationtest.engine.gregor.mutators.InlineConstantMutator,<init>,38,TIMED_OUT,none
Slf4jImpl.java,org.apache.ibatis.logging.slf4j.Slf4jImpl,org.pitest.mutationtest.engine.gregor.mutators.InlineConstantMutator,<init>,38,TIMED_OUT,none
Slf4jImpl.java,org.apache.ibatis.logging.slf4j.Slf4jImpl,org.pitest.mutationtest.engine.gregor.mutators.RemoveConditionalMutator_EQUAL_ELSE,<init>,35,TIMED_OUT,none
Slf4jImpl.java,org.apache.ibatis.logging.slf4j.Slf4jImpl,org.pitest.mutationtest.engine.gregor.mutators.RemoveConditionalMutator_EQUAL_IF,<init>,35,TIMED_OUT,none
Slf4jImpl.java,org.apache.ibatis.logging.slf4j.Slf4jImpl,org.pitest.mutationtest.engine.gregor.mutators.experimental.MemberVariableMutator,<init>,39,TIMED_OUT,none
Slf4jImpl.java,org.apache.ibatis.logging.slf4j.Slf4jImpl,org.pitest.mutationtest.engine.gregor.mutators.NonVoidMethodCallMutator,isDebugEnabled,54,TIMED_OUT,none
BoundSql.java,org.apache.ibatis.mapping.BoundSql,org.pitest.mutationtest.engine.gregor.mutators.ConstructorCallMutator,<init>,48,TIMED_OUT,none
BoundSql.java,org.apache.ibatis.mapping.BoundSql,org.pitest.mutationtest.engine.gregor.mutators.NonVoidMethodCallMutator,<init>,49,TIMED_OUT,none
BoundSql.java,org.apache.ibatis.mapping.BoundSql,org.pitest.mutationtest.engine.gregor.mutators.experimental.MemberVariableMutator,<init>,46,TIMED_OUT,none
BoundSql.java,org.apache.ibatis.mapping.BoundSql,org.pitest.mutationtest.engine.gregor.mutators.experimental.MemberVariableMutator,<init>,47,TIMED_OUT,none
BoundSql.java,org.apache.ibatis.mapping.BoundSql,org.pitest.mutationtest.engine.gregor.mutators.experimental.MemberVariableMutator,<init>,48,TIMED_OUT,none
BoundSql.java,org.apache.ibatis.mapping.BoundSql,org.pitest.mutationtest.engine.gregor.mutators.ReturnValsMutator,getParameterMappings,57,TIMED_OUT,none
BoundSql.java,org.apache.ibatis.mapping.BoundSql,org.pitest.mutationtest.engine.gregor.mutators.ReturnValsMutator,getParameterObject,61,TIMED_OUT,none
BoundSql.java,org.apache.ibatis.mapping.BoundSql,org.pitest.mutationtest.engine.gregor.mutators.ReturnValsMutator,getSql,53,TIMED_OUT,none
BoundSql.java,org.apache.ibatis.mapping.BoundSql,org.pitest.mutationtest.engine.gregor.mutators.NonVoidMethodCallMutator,hasAdditionalParameter,65,TIMED_OUT,none
BoundSql.java,org.apache.ibatis.mapping.BoundSql,org.pitest.mutationtest.engine.gregor.mutators.NonVoidMethodCallMutator,hasAdditionalParameter,66,TIMED_OUT,none
BoundSql.java,org.apache.ibatis.mapping.BoundSql,org.pitest.mutationtest.engine.gregor.mutators.ReturnValsMutator,hasAdditionalParameter,66,TIMED_OUT,none
CacheBuilder.java,org.apache.ibatis.mapping.CacheBuilder,org.pitest.mutationtest.engine.gregor.mutators.RemoveConditionalMutator_EQUAL_ELSE,build,97,TIMED_OUT,none
Environment.java,org.apache.ibatis.mapping.Environment,org.pitest.mutationtest.engine.gregor.mutators.NegateConditionalsMutator,<init>,34,TIMED_OUT,none
Environment.java,org.apache.ibatis.mapping.Environment,org.pitest.mutationtest.engine.gregor.mutators.RemoveConditionalMutator_EQUAL_ELSE,<init>,34,TIMED_OUT,none
Environment.java,org.apache.ibatis.mapping.Environment,org.pitest.mutationtest.engine.gregor.mutators.RemoveConditionalMutator_EQUAL_ELSE,<init>,38,TIMED_OUT,none
Environment.java,org.apache.ibatis.mapping.Environment,org.pitest.mutationtest.engine.gregor.mutators.RemoveConditionalMutator_EQUAL_IF,<init>,31,TIMED_OUT,none
Environment.java,org.apache.ibatis.mapping.Environment,org.pitest.mutationtest.engine.gregor.mutators.experimental.MemberVariableMutator,<init>,41,TIMED_OUT,none
Environment.java,org.apache.ibatis.mapping.Environment,org.pitest.mutationtest.engine.gregor.mutators.ReturnValsMutator,getDataSource,83,TIMED_OUT,none
Environment.java,org.apache.ibatis.mapping.Environment,org.pitest.mutationtest.engine.gregor.mutators.ReturnValsMutator,getTransactionFactory,79,TIMED_OUT,none
Environment.java,org.apache.ibatis.mapping.Environment$Builder,org.pitest.mutationtest.engine.gregor.mutators.experimental.MemberVariableMutator,<init>,51,TIMED_OUT,none
MappedStatement.java,org.apache.ibatis.mapping.MappedStatement,org.pitest.mutationtest.engine.gregor.mutators.NegateConditionalsMutator,delimitedStringToArray,313,TIMED_OUT,none
MappedStatement.java,org.apache.ibatis.mapping.MappedStatement,org.pitest.mutationtest.engine.gregor.mutators.NegateConditionalsMutator,delimitedStringToArray,313,TIMED_OUT,none
MappedStatement.java,org.apache.ibatis.mapping.MappedStatement,org.pitest.mutationtest.engine.gregor.mutators.NonVoidMethodCallMutator,delimitedStringToArray,313,TIMED_OUT,none
MappedStatement.java,org.apache.ibatis.mapping.MappedStatement,org.pitest.mutationtest.engine.gregor.mutators.NonVoidMethodCallMutator,delimitedStringToArray,313,TIMED_OUT,none
MappedStatement.java,org.apache.ibatis.mapping.MappedStatement,org.pitest.mutationtest.engine.gregor.mutators.NonVoidMethodCallMutator,delimitedStringToArray,316,TIMED_OUT,none
MappedStatement.java,org.apache.ibatis.mapping.MappedStatement,org.pitest.mutationtest.engine.gregor.mutators.RemoveConditionalMutator_EQUAL_ELSE,delimitedStringToArray,313,TIMED_OUT,none
MappedStatement.java,org.apache.ibatis.mapping.MappedStatement,org.pitest.mutationtest.engine.gregor.mutators.RemoveConditionalMutator_EQUAL_ELSE,delimitedStringToArray,313,TIMED_OUT,none
MappedStatement.java,org.apache.ibatis.mapping.MappedStatement,org.pitest.mutationtest.engine.gregor.mutators.RemoveConditionalMutator_EQUAL_IF,delimitedStringToArray,313,TIMED_OUT,none
MappedStatement.java,org.apache.ibatis.mapping.MappedStatement,org.pitest.mutationtest.engine.gregor.mutators.RemoveConditionalMutator_EQUAL_IF,delimitedStringToArray,313,TIMED_OUT,none
MappedStatement.java,org.apache.ibatis.mapping.MappedStatement,org.pitest.mutationtest.engine.gregor.mutators.ReturnValsMutator,delimitedStringToArray,314,TIMED_OUT,none
MappedStatement.java,org.apache.ibatis.mapping.MappedStatement,org.pitest.mutationtest.engine.gregor.mutators.ReturnValsMutator,delimitedStringToArray,316,TIMED_OUT,none
MappedStatement.java,org.apache.ibatis.mapping.MappedStatement,org.pitest.mutationtest.engine.gregor.mutators.ConstructorCallMutator,getBoundSql,295,TIMED_OUT,none
MappedStatement.java,org.apache.ibatis.mapping.MappedStatement,org.pitest.mutationtest.engine.gregor.mutators.NegateConditionalsMutator,getBoundSql,294,TIMED_OUT,none
MappedStatement.java,org.apache.ibatis.mapping.MappedStatement,org.pitest.mutationtest.engine.gregor.mutators.NegateConditionalsMutator,getBoundSql,301,TIMED_OUT,none
MappedStatement.java,org.apache.ibatis.mapping.MappedStatement,org.pitest.mutationtest.engine.gregor.mutators.NonVoidMethodCallMutator,getBoundSql,292,TIMED_OUT,none
MappedStatement.java,org.apache.ibatis.mapping.MappedStatement,org.pitest.mutationtest.engine.gregor.mutators.NonVoidMethodCallMutator,getBoundSql,295,TIMED_OUT,none
MappedStatement.java,org.apache.ibatis.mapping.MappedStatement,org.pitest.mutationtest.engine.gregor.mutators.NonVoidMethodCallMutator,getBoundSql,295,TIMED_OUT,none
MappedStatement.java,org.apache.ibatis.mapping.MappedStatement,org.pitest.mutationtest.engine.gregor.mutators.NonVoidMethodCallMutator,getBoundSql,299,TIMED_OUT,none
MappedStatement.java,org.apache.ibatis.mapping.MappedStatement,org.pitest.mutationtest.engine.gregor.mutators.NonVoidMethodCallMutator,getBoundSql,299,TIMED_OUT,none
MappedStatement.java,org.apache.ibatis.mapping.MappedStatement,org.pitest.mutationtest.engine.gregor.mutators.NonVoidMethodCallMutator,getBoundSql,299,TIMED_OUT,none
MappedStatement.java,org.apache.ibatis.mapping.MappedStatement,org.pitest.mutationtest.engine.gregor.mutators.NonVoidMethodCallMutator,getBoundSql,300,TIMED_OUT,none
MappedStatement.java,org.apache.ibatis.mapping.MappedStatement,org.pitest.mutationtest.engine.gregor.mutators.RemoveConditionalMutator_EQUAL_ELSE,getBoundSql,294,TIMED_OUT,none
MappedStatement.java,org.apache.ibatis.mapping.MappedStatement,org.pitest.mutationtest.engine.gregor.mutators.RemoveConditionalMutator_EQUAL_ELSE,getBoundSql,294,TIMED_OUT,none
MappedStatement.java,org.apache.ibatis.mapping.MappedStatement,org.pitest.mutationtest.engine.gregor.mutators.RemoveConditionalMutator_EQUAL_ELSE,getBoundSql,299,TIMED_OUT,none
MappedStatement.java,org.apache.ibatis.mapping.MappedStatement,org.pitest.mutationtest.engine.gregor.mutators.RemoveConditionalMutator_EQUAL_ELSE,getBoundSql,301,TIMED_OUT,none
MappedStatement.java,org.apache.ibatis.mapping.MappedStatement,org.pitest.mutationtest.engine.gregor.mutators.RemoveConditionalMutator_EQUAL_IF,getBoundSql,294,TIMED_OUT,none
MappedStatement.java,org.apache.ibatis.mapping.MappedStatement,org.pitest.mutationtest.engine.gregor.mutators.RemoveConditionalMutator_EQUAL_IF,getBoundSql,294,TIMED_OUT,none
MappedStatement.java,org.apache.ibatis.mapping.MappedStatement,org.pitest.mutationtest.engine.gregor.mutators.RemoveConditionalMutator_EQUAL_IF,getBoundSql,299,TIMED_OUT,none
MappedStatement.java,org.apache.ibatis.mapping.MappedStatement,org.pitest.mutationtest.engine.gregor.mutators.RemoveConditionalMutator_EQUAL_IF,getBoundSql,301,TIMED_OUT,none
MappedStatement.java,org.apache.ibatis.mapping.MappedStatement,org.pitest.mutationtest.engine.gregor.mutators.ReturnValsMutator,getBoundSql,309,TIMED_OUT,none
MappedStatement.java,org.apache.ibatis.mapping.MappedStatement,org.pitest.mutationtest.engine.gregor.mutators.ReturnValsMutator,getId,210,TIMED_OUT,none
MappedStatement.java,org.apache.ibatis.mapping.MappedStatement,org.pitest.mutationtest.engine.gregor.mutators.ReturnValsMutator,getResultMaps,242,TIMED_OUT,none
MappedStatement.java,org.apache.ibatis.mapping.MappedStatement,org.pitest.mutationtest.engine.gregor.mutators.ReturnValsMutator,getResultSetType,230,TIMED_OUT,none
MappedStatement.java,org.apache.ibatis.mapping.MappedStatement,org.pitest.mutationtest.engine.gregor.mutators.ReturnValsMutator,getResultSets,282,TIMED_OUT,none
MappedStatement.java,org.apache.ibatis.mapping.MappedStatement,org.pitest.mutationtest.engine.gregor.mutators.ReturnValsMutator,getSqlCommandType,198,TIMED_OUT,none
MappedStatement.java,org.apache.ibatis.mapping.MappedStatement,org.pitest.mutationtest.engine.gregor.mutators.ReturnValsMutator,getStatementLog,274,TIMED_OUT,none
MappedStatement.java,org.apache.ibatis.mapping.MappedStatement,org.pitest.mutationtest.engine.gregor.mutators.ReturnValsMutator,getStatementType,226,TIMED_OUT,none
MappedStatement.java,org.apache.ibatis.mapping.MappedStatement,org.pitest.mutationtest.engine.gregor.mutators.ReturnValsMutator,getTimeout,222,TIMED_OUT,none
MappedStatement.java,org.apache.ibatis.mapping.MappedStatement$Builder,org.pitest.mutationtest.engine.gregor.mutators.ArgumentPropagationMutator,<init>,68,TIMED_OUT,none
MappedStatement.java,org.apache.ibatis.mapping.MappedStatement$Builder,org.pitest.mutationtest.engine.gregor.mutators.ArgumentPropagationMutator,<init>,69,TIMED_OUT,none
MappedStatement.java,org.apache.ibatis.mapping.MappedStatement$Builder,org.pitest.mutationtest.engine.gregor.mutators.ArgumentPropagationMutator,<init>,70,TIMED_OUT,none
MappedStatement.java,org.apache.ibatis.mapping.MappedStatement$Builder,org.pitest.mutationtest.engine.gregor.mutators.ArgumentPropagationMutator,<init>,71,TIMED_OUT,none
MappedStatement.java,org.apache.ibatis.mapping.MappedStatement$Builder,org.pitest.mutationtest.engine.gregor.mutators.ArgumentPropagationMutator,<init>,72,TIMED_OUT,none
MappedStatement.java,org.apache.ibatis.mapping.MappedStatement$Builder,org.pitest.mutationtest.engine.gregor.mutators.ArgumentPropagationMutator,<init>,73,TIMED_OUT,none
MappedStatement.java,org.apache.ibatis.mapping.MappedStatement$Builder,org.pitest.mutationtest.engine.gregor.mutators.ArgumentPropagationMutator,<init>,74,TIMED_OUT,none
MappedStatement.java,org.apache.ibatis.mapping.MappedStatement$Builder,org.pitest.mutationtest.engine.gregor.mutators.ArgumentPropagationMutator,<init>,75,TIMED_OUT,none
MappedStatement.java,org.apache.ibatis.mapping.MappedStatement$Builder,org.pitest.mutationtest.engine.gregor.mutators.ArgumentPropagationMutator,<init>,80,TIMED_OUT,none
MappedStatement.java,org.apache.ibatis.mapping.MappedStatement$Builder,org.pitest.mutationtest.engine.gregor.mutators.ArgumentPropagationMutator,<init>,81,TIMED_OUT,none
MappedStatement.java,org.apache.ibatis.mapping.MappedStatement$Builder,org.pitest.mutationtest.engine.gregor.mutators.ConstructorCallMutator,<init>,65,TIMED_OUT,none
MappedStatement.java,org.apache.ibatis.mapping.MappedStatement$Builder,org.pitest.mutationtest.engine.gregor.mutators.ConstructorCallMutator,<init>,72,TIMED_OUT,none
MappedStatement.java,org.apache.ibatis.mapping.MappedStatement$Builder,org.pitest.mutationtest.engine.gregor.mutators.ConstructorCallMutator,<init>,72,TIMED_OUT,none
MappedStatement.java,org.apache.ibatis.mapping.MappedStatement$Builder,org.pitest.mutationtest.engine.gregor.mutators.ConstructorCallMutator,<init>,73,TIMED_OUT,none
MappedStatement.java,org.apache.ibatis.mapping.MappedStatement$Builder,org.pitest.mutationtest.engine.gregor.mutators.NegateConditionalsMutator,<init>,75,TIMED_OUT,none
MappedStatement.java,org.apache.ibatis.mapping.MappedStatement$Builder,org.pitest.mutationtest.engine.gregor.mutators.NegateConditionalsMutator,<init>,75,TIMED_OUT,none
MappedStatement.java,org.apache.ibatis.mapping.MappedStatement$Builder,org.pitest.mutationtest.engine.gregor.mutators.NegateConditionalsMutator,<init>,77,TIMED_OUT,none
MappedStatement.java,org.apache.ibatis.mapping.MappedStatement$Builder,org.pitest.mutationtest.engine.gregor.mutators.NonVoidMethodCallMutator,<init>,68,TIMED_OUT,none
MappedStatement.java,org.apache.ibatis.mapping.MappedStatement$Builder,org.pitest.mutationtest.engine.gregor.mutators.NonVoidMethodCallMutator,<init>,69,TIMED_OUT,none
MappedStatement.java,org.apache.ibatis.mapping.MappedStatement$Builder,org.pitest.mutationtest.engine.gregor.mutators.NonVoidMethodCallMutator,<init>,70,TIMED_OUT,none
MappedStatement.java,org.apache.ibatis.mapping.MappedStatement$Builder,org.pitest.mutationtest.engine.gregor.mutators.NonVoidMethodCallMutator,<init>,71,TIMED_OUT,none
MappedStatement.java,org.apache.ibatis.mapping.MappedStatement$Builder,org.pitest.mutationtest.engine.gregor.mutators.NonVoidMethodCallMutator,<init>,72,TIMED_OUT,none
MappedStatement.java,org.apache.ibatis.mapping.MappedStatement$Builder,org.pitest.mutationtest.engine.gregor.mutators.NonVoidMethodCallMutator,<init>,72,TIMED_OUT,none
MappedStatement.java,org.apache.ibatis.mapping.MappedStatement$Builder,org.pitest.mutationtest.engine.gregor.mutators.NonVoidMethodCallMutator,<init>,73,TIMED_OUT,none
MappedStatement.java,org.apache.ibatis.mapping.MappedStatement$Builder,org.pitest.mutationtest.engine.gregor.mutators.NonVoidMethodCallMutator,<init>,74,TIMED_OUT,none
MappedStatement.java,org.apache.ibatis.mapping.MappedStatement$Builder,org.pitest.mutationtest.engine.gregor.mutators.NonVoidMethodCallMutator,<init>,75,TIMED_OUT,none
MappedStatement.java,org.apache.ibatis.mapping.MappedStatement$Builder,org.pitest.mutationtest.engine.gregor.mutators.NonVoidMethodCallMutator,<init>,75,TIMED_OUT,none
MappedStatement.java,org.apache.ibatis.mapping.MappedStatement$Builder,org.pitest.mutationtest.engine.gregor.mutators.NonVoidMethodCallMutator,<init>,75,TIMED_OUT,none
MappedStatement.java,org.apache.ibatis.mapping.MappedStatement$Builder,org.pitest.mutationtest.engine.gregor.mutators.NonVoidMethodCallMutator,<init>,77,TIMED_OUT,none
MappedStatement.java,org.apache.ibatis.mapping.MappedStatement$Builder,org.pitest.mutationtest.engine.gregor.mutators.NonVoidMethodCallMutator,<init>,80,TIMED_OUT,none
MappedStatement.java,org.apache.ibatis.mapping.MappedStatement$Builder,org.pitest.mutationtest.engine.gregor.mutators.NonVoidMethodCallMutator,<init>,80,TIMED_OUT,none
MappedStatement.java,org.apache.ibatis.mapping.MappedStatement$Builder,org.pitest.mutationtest.engine.gregor.mutators.NonVoidMethodCallMutator,<init>,81,TIMED_OUT,none
MappedStatement.java,org.apache.ibatis.mapping.MappedStatement$Builder,org.pitest.mutationtest.engine.gregor.mutators.NonVoidMethodCallMutator,<init>,81,TIMED_OUT,none
MappedStatement.java,org.apache.ibatis.mapping.MappedStatement$Builder,org.pitest.mutationtest.engine.gregor.mutators.RemoveConditionalMutator_EQUAL_ELSE,<init>,75,TIMED_OUT,none
MappedStatement.java,org.apache.ibatis.mapping.MappedStatement$Builder,org.pitest.mutationtest.engine.gregor.mutators.RemoveConditionalMutator_EQUAL_ELSE,<init>,75,TIMED_OUT,none
MappedStatement.java,org.apache.ibatis.mapping.MappedStatement$Builder,org.pitest.mutationtest.engine.gregor.mutators.RemoveConditionalMutator_EQUAL_ELSE,<init>,77,TIMED_OUT,none
MappedStatement.java,org.apache.ibatis.mapping.MappedStatement$Builder,org.pitest.mutationtest.engine.gregor.mutators.RemoveConditionalMutator_EQUAL_IF,<init>,75,TIMED_OUT,none
MappedStatement.java,org.apache.ibatis.mapping.MappedStatement$Builder,org.pitest.mutationtest.engine.gregor.mutators.RemoveConditionalMutator_EQUAL_IF,<init>,75,TIMED_OUT,none
MappedStatement.java,org.apache.ibatis.mapping.MappedStatement$Builder,org.pitest.mutationtest.engine.gregor.mutators.RemoveConditionalMutator_EQUAL_IF,<init>,77,TIMED_OUT,none
MappedStatement.java,org.apache.ibatis.mapping.MappedStatement$Builder,org.pitest.mutationtest.engine.gregor.mutators.experimental.MemberVariableMutator,<init>,65,TIMED_OUT,none
MappedStatement.java,org.apache.ibatis.mapping.MappedStatement$Builder,org.pitest.mutationtest.engine.gregor.mutators.ArgumentPropagationMutator,build,188,TIMED_OUT,none
MappedStatement.java,org.apache.ibatis.mapping.MappedStatement$Builder,org.pitest.mutationtest.engine.gregor.mutators.ArgumentPropagationMutator,build,188,TIMED_OUT,none
MappedStatement.java,org.apache.ibatis.mapping.MappedStatement$Builder,org.pitest.mutationtest.engine.gregor.mutators.NonVoidMethodCallMutator,build,188,TIMED_OUT,none
MappedStatement.java,org.apache.ibatis.mapping.MappedStatement$Builder,org.pitest.mutationtest.engine.gregor.mutators.NonVoidMethodCallMutator,build,188,TIMED_OUT,none
MappedStatement.java,org.apache.ibatis.mapping.MappedStatement$Builder,org.pitest.mutationtest.engine.gregor.mutators.NonVoidMethodCallMutator,build,188,TIMED_OUT,none
MappedStatement.java,org.apache.ibatis.mapping.MappedStatement$Builder,org.pitest.mutationtest.engine.gregor.mutators.ReturnValsMutator,build,189,TIMED_OUT,none
MappedStatement.java,org.apache.ibatis.mapping.MappedStatement$Builder,org.pitest.mutationtest.engine.gregor.mutators.ArgumentPropagationMutator,cache,127,TIMED_OUT,none
MappedStatement.java,org.apache.ibatis.mapping.MappedStatement$Builder,org.pitest.mutationtest.engine.gregor.mutators.NonVoidMethodCallMutator,cache,127,TIMED_OUT,none
MappedStatement.java,org.apache.ibatis.mapping.MappedStatement$Builder,org.pitest.mutationtest.engine.gregor.mutators.ReturnValsMutator,cache,128,TIMED_OUT,none
MappedStatement.java,org.apache.ibatis.mapping.MappedStatement$Builder,org.pitest.mutationtest.engine.gregor.mutators.ArgumentPropagationMutator,databaseId,162,TIMED_OUT,none
MappedStatement.java,org.apache.ibatis.mapping.MappedStatement$Builder,org.pitest.mutationtest.engine.gregor.mutators.NonVoidMethodCallMutator,databaseId,162,TIMED_OUT,none
MappedStatement.java,org.apache.ibatis.mapping.MappedStatement$Builder,org.pitest.mutationtest.engine.gregor.mutators.ReturnValsMutator,databaseId,163,TIMED_OUT,none
MappedStatement.java,org.apache.ibatis.mapping.MappedStatement$Builder,org.pitest.mutationtest.engine.gregor.mutators.ArgumentPropagationMutator,fetchSize,107,TIMED_OUT,none
MappedStatement.java,org.apache.ibatis.mapping.MappedStatement$Builder,org.pitest.mutationtest.engine.gregor.mutators.NonVoidMethodCallMutator,fetchSize,107,TIMED_OUT,none
MappedStatement.java,org.apache.ibatis.mapping.MappedStatement$Builder,org.pitest.mutationtest.engine.gregor.mutators.ReturnValsMutator,fetchSize,108,TIMED_OUT,none
MappedStatement.java,org.apache.ibatis.mapping.MappedStatement$Builder,org.pitest.mutationtest.engine.gregor.mutators.ArgumentPropagationMutator,flushCacheRequired,132,TIMED_OUT,none
MappedStatement.java,org.apache.ibatis.mapping.MappedStatement$Builder,org.pitest.mutationtest.engine.gregor.mutators.NonVoidMethodCallMutator,flushCacheRequired,132,TIMED_OUT,none
MappedStatement.java,org.apache.ibatis.mapping.MappedStatement$Builder,org.pitest.mutationtest.engine.gregor.mutators.ReturnValsMutator,flushCacheRequired,133,TIMED_OUT,none
MappedStatement.java,org.apache.ibatis.mapping.MappedStatement$Builder,org.pitest.mutationtest.engine.gregor.mutators.ArgumentPropagationMutator,keyColumn,157,TIMED_OUT,none
MappedStatement.java,org.apache.ibatis.mapping.MappedStatement$Builder,org.pitest.mutationtest.engine.gregor.mutators.NonVoidMethodCallMutator,keyColumn,157,TIMED_OUT,none
MappedStatement.java,org.apache.ibatis.mapping.MappedStatement$Builder,org.pitest.mutationtest.engine.gregor.mutators.NonVoidMethodCallMutator,keyColumn,157,TIMED_OUT,none
MappedStatement.java,org.apache.ibatis.mapping.MappedStatement$Builder,org.pitest.mutationtest.engine.gregor.mutators.ReturnValsMutator,keyColumn,158,TIMED_OUT,none
MappedStatement.java,org.apache.ibatis.mapping.MappedStatement$Builder,org.pitest.mutationtest.engine.gregor.mutators.ArgumentPropagationMutator,keyGenerator,147,TIMED_OUT,none
MappedStatement.java,org.apache.ibatis.mapping.MappedStatement$Builder,org.pitest.mutationtest.engine.gregor.mutators.NonVoidMethodCallMutator,keyGenerator,147,TIMED_OUT,none
MappedStatement.java,org.apache.ibatis.mapping.MappedStatement$Builder,org.pitest.mutationtest.engine.gregor.mutators.ReturnValsMutator,keyGenerator,148,TIMED_OUT,none
MappedStatement.java,org.apache.ibatis.mapping.MappedStatement$Builder,org.pitest.mutationtest.engine.gregor.mutators.ArgumentPropagationMutator,keyProperty,152,TIMED_OUT,none
MappedStatement.java,org.apache.ibatis.mapping.MappedStatement$Builder,org.pitest.mutationtest.engine.gregor.mutators.NonVoidMethodCallMutator,keyProperty,152,TIMED_OUT,none
MappedStatement.java,org.apache.ibatis.mapping.MappedStatement$Builder,org.pitest.mutationtest.engine.gregor.mutators.NonVoidMethodCallMutator,keyProperty,152,TIMED_OUT,none
MappedStatement.java,org.apache.ibatis.mapping.MappedStatement$Builder,org.pitest.mutationtest.engine.gregor.mutators.ReturnValsMutator,keyProperty,153,TIMED_OUT,none
MappedStatement.java,org.apache.ibatis.mapping.MappedStatement$Builder,org.pitest.mutationtest.engine.gregor.mutators.ArgumentPropagationMutator,lang,167,TIMED_OUT,none
MappedStatement.java,org.apache.ibatis.mapping.MappedStatement$Builder,org.pitest.mutationtest.engine.gregor.mutators.NonVoidMethodCallMutator,lang,167,TIMED_OUT,none
MappedStatement.java,org.apache.ibatis.mapping.MappedStatement$Builder,org.pitest.mutationtest.engine.gregor.mutators.ReturnValsMutator,lang,168,TIMED_OUT,none
MappedStatement.java,org.apache.ibatis.mapping.MappedStatement$Builder,org.pitest.mutationtest.engine.gregor.mutators.ArgumentPropagationMutator,parameterMap,94,TIMED_OUT,none
MappedStatement.java,org.apache.ibatis.mapping.MappedStatement$Builder,org.pitest.mutationtest.engine.gregor.mutators.NonVoidMethodCallMutator,parameterMap,94,TIMED_OUT,none
MappedStatement.java,org.apache.ibatis.mapping.MappedStatement$Builder,org.pitest.mutationtest.engine.gregor.mutators.ReturnValsMutator,parameterMap,95,TIMED_OUT,none
MappedStatement.java,org.apache.ibatis.mapping.MappedStatement$Builder,org.pitest.mutationtest.engine.gregor.mutators.ArgumentPropagationMutator,resource,85,TIMED_OUT,none
MappedStatement.java,org.apache.ibatis.mapping.MappedStatement$Builder,org.pitest.mutationtest.engine.gregor.mutators.NonVoidMethodCallMutator,resource,85,TIMED_OUT,none
MappedStatement.java,org.apache.ibatis.mapping.MappedStatement$Builder,org.pitest.mutationtest.engine.gregor.mutators.ReturnValsMutator,resource,86,TIMED_OUT,none
MappedStatement.java,org.apache.ibatis.mapping.MappedStatement$Builder,org.pitest.mutationtest.engine.gregor.mutators.ArgumentPropagationMutator,resultMaps,99,TIMED_OUT,none
MappedStatement.java,org.apache.ibatis.mapping.MappedStatement$Builder,org.pitest.mutationtest.engine.gregor.mutators.ArgumentPropagationMutator,resultMaps,101,TIMED_OUT,none
MappedStatement.java,org.apache.ibatis.mapping.MappedStatement$Builder,org.pitest.mutationtest.engine.gregor.mutators.InlineConstantMutator,resultMaps,101,TIMED_OUT,none
MappedStatement.java,org.apache.ibatis.mapping.MappedStatement$Builder,org.pitest.mutationtest.engine.gregor.mutators.InlineConstantMutator,resultMaps,101,TIMED_OUT,none
MappedStatement.java,org.apache.ibatis.mapping.MappedStatement$Builder,org.pitest.mutationtest.engine.gregor.mutators.NegateConditionalsMutator,resultMaps,100,TIMED_OUT,none
MappedStatement.java,org.apache.ibatis.mapping.MappedStatement$Builder,org.pitest.mutationtest.engine.gregor.mutators.NegateConditionalsMutator,resultMaps,101,TIMED_OUT,none
MappedStatement.java,org.apache.ibatis.mapping.MappedStatement$Builder,org.pitest.mutationtest.engine.gregor.mutators.NegateConditionalsMutator,resultMaps,101,TIMED_OUT,none
MappedStatement.java,org.apache.ibatis.mapping.MappedStatement$Builder,org.pitest.mutationtest.engine.gregor.mutators.NonVoidMethodCallMutator,resultMaps,99,TIMED_OUT,none
MappedStatement.java,org.apache.ibatis.mapping.MappedStatement$Builder,org.pitest.mutationtest.engine.gregor.mutators.NonVoidMethodCallMutator,resultMaps,100,TIMED_OUT,none
MappedStatement.java,org.apache.ibatis.mapping.MappedStatement$Builder,org.pitest.mutationtest.engine.gregor.mutators.NonVoidMethodCallMutator,resultMaps,100,TIMED_OUT,none
MappedStatement.java,org.apache.ibatis.mapping.MappedStatement$Builder,org.pitest.mutationtest.engine.gregor.mutators.NonVoidMethodCallMutator,resultMaps,100,TIMED_OUT,none
MappedStatement.java,org.apache.ibatis.mapping.MappedStatement$Builder,org.pitest.mutationtest.engine.gregor.mutators.NonVoidMethodCallMutator,resultMaps,101,TIMED_OUT,none
MappedStatement.java,org.apache.ibatis.mapping.MappedStatement$Builder,org.pitest.mutationtest.engine.gregor.mutators.NonVoidMethodCallMutator,resultMaps,101,TIMED_OUT,none
MappedStatement.java,org.apache.ibatis.mapping.MappedStatement$Builder,org.pitest.mutationtest.engine.gregor.mutators.NonVoidMethodCallMutator,resultMaps,101,TIMED_OUT,none
MappedStatement.java,org.apache.ibatis.mapping.MappedStatement$Builder,org.pitest.mutationtest.engine.gregor.mutators.RemoveConditionalMutator_EQUAL_ELSE,resultMaps,100,TIMED_OUT,none
MappedStatement.java,org.apache.ibatis.mapping.MappedStatement$Builder,org.pitest.mutationtest.engine.gregor.mutators.RemoveConditionalMutator_EQUAL_ELSE,resultMaps,101,TIMED_OUT,none
MappedStatement.java,org.apache.ibatis.mapping.MappedStatement$Builder,org.pitest.mutationtest.engine.gregor.mutators.RemoveConditionalMutator_EQUAL_ELSE,resultMaps,101,TIMED_OUT,none
MappedStatement.java,org.apache.ibatis.mapping.MappedStatement$Builder,org.pitest.mutationtest.engine.gregor.mutators.RemoveConditionalMutator_EQUAL_IF,resultMaps,100,TIMED_OUT,none
MappedStatement.java,org.apache.ibatis.mapping.MappedStatement$Builder,org.pitest.mutationtest.engine.gregor.mutators.RemoveConditionalMutator_EQUAL_IF,resultMaps,101,TIMED_OUT,none
MappedStatement.java,org.apache.ibatis.mapping.MappedStatement$Builder,org.pitest.mutationtest.engine.gregor.mutators.RemoveConditionalMutator_EQUAL_IF,resultMaps,101,TIMED_OUT,none
MappedStatement.java,org.apache.ibatis.mapping.MappedStatement$Builder,org.pitest.mutationtest.engine.gregor.mutators.ReturnValsMutator,resultMaps,103,TIMED_OUT,none
MappedStatement.java,org.apache.ibatis.mapping.MappedStatement$Builder,org.pitest.mutationtest.engine.gregor.mutators.ArgumentPropagationMutator,resultOrdered,142,TIMED_OUT,none
MappedStatement.java,org.apache.ibatis.mapping.MappedStatement$Builder,org.pitest.mutationtest.engine.gregor.mutators.NonVoidMethodCallMutator,resultOrdered,142,TIMED_OUT,none
MappedStatement.java,org.apache.ibatis.mapping.MappedStatement$Builder,org.pitest.mutationtest.engine.gregor.mutators.ReturnValsMutator,resultOrdered,143,TIMED_OUT,none
MappedStatement.java,org.apache.ibatis.mapping.MappedStatement$Builder,org.pitest.mutationtest.engine.gregor.mutators.ArgumentPropagationMutator,resultSetType,122,TIMED_OUT,none
MappedStatement.java,org.apache.ibatis.mapping.MappedStatement$Builder,org.pitest.mutationtest.engine.gregor.mutators.NonVoidMethodCallMutator,resultSetType,122,TIMED_OUT,none
MappedStatement.java,org.apache.ibatis.mapping.MappedStatement$Builder,org.pitest.mutationtest.engine.gregor.mutators.ReturnValsMutator,resultSetType,123,TIMED_OUT,none
MappedStatement.java,org.apache.ibatis.mapping.MappedStatement$Builder,org.pitest.mutationtest.engine.gregor.mutators.ArgumentPropagationMutator,resultSets,172,TIMED_OUT,none
MappedStatement.java,org.apache.ibatis.mapping.MappedStatement$Builder,org.pitest.mutationtest.engine.gregor.mutators.NonVoidMethodCallMutator,resultSets,172,TIMED_OUT,none
MappedStatement.java,org.apache.ibatis.mapping.MappedStatement$Builder,org.pitest.mutationtest.engine.gregor.mutators.NonVoidMethodCallMutator,resultSets,172,TIMED_OUT,none
MappedStatement.java,org.apache.ibatis.mapping.MappedStatement$Builder,org.pitest.mutationtest.engine.gregor.mutators.ReturnValsMutator,resultSets,173,TIMED_OUT,none
MappedStatement.java,org.apache.ibatis.mapping.MappedStatement$Builder,org.pitest.mutationtest.engine.gregor.mutators.ArgumentPropagationMutator,statementType,117,TIMED_OUT,none
MappedStatement.java,org.apache.ibatis.mapping.MappedStatement$Builder,org.pitest.mutationtest.engine.gregor.mutators.NonVoidMethodCallMutator,statementType,117,TIMED_OUT,none
MappedStatement.java,org.apache.ibatis.mapping.MappedStatement$Builder,org.pitest.mutationtest.engine.gregor.mutators.ReturnValsMutator,statementType,118,TIMED_OUT,none
MappedStatement.java,org.apache.ibatis.mapping.MappedStatement$Builder,org.pitest.mutationtest.engine.gregor.mutators.ArgumentPropagationMutator,timeout,112,TIMED_OUT,none
MappedStatement.java,org.apache.ibatis.mapping.MappedStatement$Builder,org.pitest.mutationtest.engine.gregor.mutators.NonVoidMethodCallMutator,timeout,112,TIMED_OUT,none
MappedStatement.java,org.apache.ibatis.mapping.MappedStatement$Builder,org.pitest.mutationtest.engine.gregor.mutators.ReturnValsMutator,timeout,113,TIMED_OUT,none
MappedStatement.java,org.apache.ibatis.mapping.MappedStatement$Builder,org.pitest.mutationtest.engine.gregor.mutators.ArgumentPropagationMutator,useCache,137,TIMED_OUT,none
MappedStatement.java,org.apache.ibatis.mapping.MappedStatement$Builder,org.pitest.mutationtest.engine.gregor.mutators.NonVoidMethodCallMutator,useCache,137,TIMED_OUT,none
MappedStatement.java,org.apache.ibatis.mapping.MappedStatement$Builder,org.pitest.mutationtest.engine.gregor.mutators.ReturnValsMutator,useCache,138,TIMED_OUT,none
ParameterMap.java,org.apache.ibatis.mapping.ParameterMap,org.pitest.mutationtest.engine.gregor.mutators.ReturnValsMutator,getId,56,TIMED_OUT,none
ParameterMap.java,org.apache.ibatis.mapping.ParameterMap,org.pitest.mutationtest.engine.gregor.mutators.ReturnValsMutator,getType,60,TIMED_OUT,none
ParameterMap.java,org.apache.ibatis.mapping.ParameterMap$Builder,org.pitest.mutationtest.engine.gregor.mutators.ArgumentPropagationMutator,<init>,40,TIMED_OUT,none
ParameterMap.java,org.apache.ibatis.mapping.ParameterMap$Builder,org.pitest.mutationtest.engine.gregor.mutators.ArgumentPropagationMutator,<init>,41,TIMED_OUT,none
ParameterMap.java,org.apache.ibatis.mapping.ParameterMap$Builder,org.pitest.mutationtest.engine.gregor.mutators.NonVoidMethodCallMutator,<init>,39,TIMED_OUT,none
ParameterMap.java,org.apache.ibatis.mapping.ParameterMap$Builder,org.pitest.mutationtest.engine.gregor.mutators.NonVoidMethodCallMutator,<init>,40,TIMED_OUT,none
ParameterMap.java,org.apache.ibatis.mapping.ParameterMap$Builder,org.pitest.mutationtest.engine.gregor.mutators.NonVoidMethodCallMutator,<init>,41,TIMED_OUT,none
ParameterMap.java,org.apache.ibatis.mapping.ParameterMap$Builder,org.pitest.mutationtest.engine.gregor.mutators.ArgumentPropagationMutator,build,50,TIMED_OUT,none
ParameterMap.java,org.apache.ibatis.mapping.ParameterMap$Builder,org.pitest.mutationtest.engine.gregor.mutators.NonVoidMethodCallMutator,build,50,TIMED_OUT,none
ParameterMap.java,org.apache.ibatis.mapping.ParameterMap$Builder,org.pitest.mutationtest.engine.gregor.mutators.ReturnValsMutator,build,51,TIMED_OUT,none
ParameterMapping.java,org.apache.ibatis.mapping.ParameterMapping,org.pitest.mutationtest.engine.gregor.mutators.experimental.MemberVariableMutator,<init>,34,TIMED_OUT,none
ParameterMapping.java,org.apache.ibatis.mapping.ParameterMapping,org.pitest.mutationtest.engine.gregor.mutators.ReturnValsMutator,getJdbcType,159,TIMED_OUT,none
ParameterMapping.java,org.apache.ibatis.mapping.ParameterMapping,org.pitest.mutationtest.engine.gregor.mutators.ReturnValsMutator,getResultMapId,183,TIMED_OUT,none
ParameterMapping.java,org.apache.ibatis.mapping.ParameterMapping$Builder,org.pitest.mutationtest.engine.gregor.mutators.ArgumentPropagationMutator,<init>,56,TIMED_OUT,none
ParameterMapping.java,org.apache.ibatis.mapping.ParameterMapping$Builder,org.pitest.mutationtest.engine.gregor.mutators.ArgumentPropagationMutator,<init>,57,TIMED_OUT,none
ParameterMapping.java,org.apache.ibatis.mapping.ParameterMapping$Builder,org.pitest.mutationtest.engine.gregor.mutators.ArgumentPropagationMutator,<init>,58,TIMED_OUT,none
ParameterMapping.java,org.apache.ibatis.mapping.ParameterMapping$Builder,org.pitest.mutationtest.engine.gregor.mutators.ArgumentPropagationMutator,<init>,59,TIMED_OUT,none
ParameterMapping.java,org.apache.ibatis.mapping.ParameterMapping$Builder,org.pitest.mutationtest.engine.gregor.mutators.ConstructorCallMutator,<init>,46,TIMED_OUT,none
ParameterMapping.java,org.apache.ibatis.mapping.ParameterMapping$Builder,org.pitest.mutationtest.engine.gregor.mutators.NonVoidMethodCallMutator,<init>,56,TIMED_OUT,none
ParameterMapping.java,org.apache.ibatis.mapping.ParameterMapping$Builder,org.pitest.mutationtest.engine.gregor.mutators.NonVoidMethodCallMutator,<init>,57,TIMED_OUT,none
ParameterMapping.java,org.apache.ibatis.mapping.ParameterMapping$Builder,org.pitest.mutationtest.engine.gregor.mutators.NonVoidMethodCallMutator,<init>,58,TIMED_OUT,none
ParameterMapping.java,org.apache.ibatis.mapping.ParameterMapping$Builder,org.pitest.mutationtest.engine.gregor.mutators.NonVoidMethodCallMutator,<init>,59,TIMED_OUT,none
ParameterMapping.java,org.apache.ibatis.mapping.ParameterMapping$Builder,org.pitest.mutationtest.engine.gregor.mutators.experimental.MemberVariableMutator,<init>,46,TIMED_OUT,none
ParameterMapping.java,org.apache.ibatis.mapping.ParameterMapping$Builder,org.pitest.mutationtest.engine.gregor.mutators.ConstructorCallMutator,<init>,46,TIMED_OUT,none
ParameterMapping.java,org.apache.ibatis.mapping.ParameterMapping$Builder,org.pitest.mutationtest.engine.gregor.mutators.experimental.MemberVariableMutator,<init>,46,TIMED_OUT,none
ParameterMapping.java,org.apache.ibatis.mapping.ParameterMapping$Builder,org.pitest.mutationtest.engine.gregor.mutators.ReturnValsMutator,build,105,TIMED_OUT,none
ParameterMapping.java,org.apache.ibatis.mapping.ParameterMapping$Builder,org.pitest.mutationtest.engine.gregor.mutators.VoidMethodCallMutator,build,103,TIMED_OUT,none
ParameterMapping.java,org.apache.ibatis.mapping.ParameterMapping$Builder,org.pitest.mutationtest.engine.gregor.mutators.VoidMethodCallMutator,build,104,TIMED_OUT,none
ParameterMapping.java,org.apache.ibatis.mapping.ParameterMapping$Builder,org.pitest.mutationtest.engine.gregor.mutators.ArgumentPropagationMutator,javaType,68,TIMED_OUT,none
ParameterMapping.java,org.apache.ibatis.mapping.ParameterMapping$Builder,org.pitest.mutationtest.engine.gregor.mutators.NonVoidMethodCallMutator,javaType,68,TIMED_OUT,none
ParameterMapping.java,org.apache.ibatis.mapping.ParameterMapping$Builder,org.pitest.mutationtest.engine.gregor.mutators.ReturnValsMutator,javaType,69,TIMED_OUT,none
ParameterMapping.java,org.apache.ibatis.mapping.ParameterMapping$Builder,org.pitest.mutationtest.engine.gregor.mutators.ArgumentPropagationMutator,jdbcType,73,TIMED_OUT,none
ParameterMapping.java,org.apache.ibatis.mapping.ParameterMapping$Builder,org.pitest.mutationtest.engine.gregor.mutators.NonVoidMethodCallMutator,jdbcType,73,TIMED_OUT,none
ParameterMapping.java,org.apache.ibatis.mapping.ParameterMapping$Builder,org.pitest.mutationtest.engine.gregor.mutators.ReturnValsMutator,jdbcType,74,TIMED_OUT,none
ParameterMapping.java,org.apache.ibatis.mapping.ParameterMapping$Builder,org.pitest.mutationtest.engine.gregor.mutators.ArgumentPropagationMutator,mode,63,TIMED_OUT,none
ParameterMapping.java,org.apache.ibatis.mapping.ParameterMapping$Builder,org.pitest.mutationtest.engine.gregor.mutators.NonVoidMethodCallMutator,mode,63,TIMED_OUT,none
ParameterMapping.java,org.apache.ibatis.mapping.ParameterMapping$Builder,org.pitest.mutationtest.engine.gregor.mutators.ReturnValsMutator,mode,64,TIMED_OUT,none
ParameterMapping.java,org.apache.ibatis.mapping.ParameterMapping$Builder,org.pitest.mutationtest.engine.gregor.mutators.ArgumentPropagationMutator,numericScale,78,TIMED_OUT,none
ParameterMapping.java,org.apache.ibatis.mapping.ParameterMapping$Builder,org.pitest.mutationtest.engine.gregor.mutators.NonVoidMethodCallMutator,numericScale,78,TIMED_OUT,none
ParameterMapping.java,org.apache.ibatis.mapping.ParameterMapping$Builder,org.pitest.mutationtest.engine.gregor.mutators.ReturnValsMutator,numericScale,79,TIMED_OUT,none
ParameterMapping.java,org.apache.ibatis.mapping.ParameterMapping$Builder,org.pitest.mutationtest.engine.gregor.mutators.ArgumentPropagationMutator,resolveTypeHandler,128,TIMED_OUT,none
ParameterMapping.java,org.apache.ibatis.mapping.ParameterMapping$Builder,org.pitest.mutationtest.engine.gregor.mutators.NegateConditionalsMutator,resolveTypeHandler,125,TIMED_OUT,none
ParameterMapping.java,org.apache.ibatis.mapping.ParameterMapping$Builder,org.pitest.mutationtest.engine.gregor.mutators.NegateConditionalsMutator,resolveTypeHandler,125,TIMED_OUT,none
ParameterMapping.java,org.apache.ibatis.mapping.ParameterMapping$Builder,org.pitest.mutationtest.engine.gregor.mutators.NonVoidMethodCallMutator,resolveTypeHandler,125,TIMED_OUT,none
ParameterMapping.java,org.apache.ibatis.mapping.ParameterMapping$Builder,org.pitest.mutationtest.engine.gregor.mutators.NonVoidMethodCallMutator,resolveTypeHandler,125,TIMED_OUT,none
ParameterMapping.java,org.apache.ibatis.mapping.ParameterMapping$Builder,org.pitest.mutationtest.engine.gregor.mutators.NonVoidMethodCallMutator,resolveTypeHandler,126,TIMED_OUT,none
ParameterMapping.java,org.apache.ibatis.mapping.ParameterMapping$Builder,org.pitest.mutationtest.engine.gregor.mutators.NonVoidMethodCallMutator,resolveTypeHandler,127,TIMED_OUT,none
ParameterMapping.java,org.apache.ibatis.mapping.ParameterMapping$Builder,org.pitest.mutationtest.engine.gregor.mutators.NonVoidMethodCallMutator,resolveTypeHandler,128,TIMED_OUT,none
ParameterMapping.java,org.apache.ibatis.mapping.ParameterMapping$Builder,org.pitest.mutationtest.engine.gregor.mutators.NonVoidMethodCallMutator,resolveTypeHandler,128,TIMED_OUT,none
ParameterMapping.java,org.apache.ibatis.mapping.ParameterMapping$Builder,org.pitest.mutationtest.engine.gregor.mutators.NonVoidMethodCallMutator,resolveTypeHandler,128,TIMED_OUT,none
ParameterMapping.java,org.apache.ibatis.mapping.ParameterMapping$Builder,org.pitest.mutationtest.engine.gregor.mutators.NonVoidMethodCallMutator,resolveTypeHandler,128,TIMED_OUT,none
ParameterMapping.java,org.apache.ibatis.mapping.ParameterMapping$Builder,org.pitest.mutationtest.engine.gregor.mutators.RemoveConditionalMutator_EQUAL_ELSE,resolveTypeHandler,125,TIMED_OUT,none
ParameterMapping.java,org.apache.ibatis.mapping.ParameterMapping$Builder,org.pitest.mutationtest.engine.gregor.mutators.RemoveConditionalMutator_EQUAL_ELSE,resolveTypeHandler,125,TIMED_OUT,none
ParameterMapping.java,org.apache.ibatis.mapping.ParameterMapping$Builder,org.pitest.mutationtest.engine.gregor.mutators.RemoveConditionalMutator_EQUAL_IF,resolveTypeHandler,125,TIMED_OUT,none
ParameterMapping.java,org.apache.ibatis.mapping.ParameterMapping$Builder,org.pitest.mutationtest.engine.gregor.mutators.RemoveConditionalMutator_EQUAL_IF,resolveTypeHandler,125,TIMED_OUT,none
ParameterMapping.java,org.apache.ibatis.mapping.ParameterMapping$Builder,org.pitest.mutationtest.engine.gregor.mutators.ArgumentPropagationMutator,resultMapId,83,TIMED_OUT,none
ParameterMapping.java,org.apache.ibatis.mapping.ParameterMapping$Builder,org.pitest.mutationtest.engine.gregor.mutators.NonVoidMethodCallMutator,resultMapId,83,TIMED_OUT,none
ParameterMapping.java,org.apache.ibatis.mapping.ParameterMapping$Builder,org.pitest.mutationtest.engine.gregor.mutators.ReturnValsMutator,resultMapId,84,TIMED_OUT,none
ParameterMapping.java,org.apache.ibatis.mapping.ParameterMapping$Builder,org.pitest.mutationtest.engine.gregor.mutators.ArgumentPropagationMutator,typeHandler,88,TIMED_OUT,none
ParameterMapping.java,org.apache.ibatis.mapping.ParameterMapping$Builder,org.pitest.mutationtest.engine.gregor.mutators.NonVoidMethodCallMutator,typeHandler,88,TIMED_OUT,none
ParameterMapping.java,org.apache.ibatis.mapping.ParameterMapping$Builder,org.pitest.mutationtest.engine.gregor.mutators.ReturnValsMutator,typeHandler,89,TIMED_OUT,none
ParameterMapping.java,org.apache.ibatis.mapping.ParameterMapping$Builder,org.pitest.mutationtest.engine.gregor.mutators.NegateConditionalsMutator,validate,109,TIMED_OUT,none
ParameterMapping.java,org.apache.ibatis.mapping.ParameterMapping$Builder,org.pitest.mutationtest.engine.gregor.mutators.NegateConditionalsMutator,validate,116,TIMED_OUT,none
ParameterMapping.java,org.apache.ibatis.mapping.ParameterMapping$Builder,org.pitest.mutationtest.engine.gregor.mutators.NonVoidMethodCallMutator,validate,109,TIMED_OUT,none
ParameterMapping.java,org.apache.ibatis.mapping.ParameterMapping$Builder,org.pitest.mutationtest.engine.gregor.mutators.NonVoidMethodCallMutator,validate,109,TIMED_OUT,none
ParameterMapping.java,org.apache.ibatis.mapping.ParameterMapping$Builder,org.pitest.mutationtest.engine.gregor.mutators.NonVoidMethodCallMutator,validate,116,TIMED_OUT,none
ParameterMapping.java,org.apache.ibatis.mapping.ParameterMapping$Builder,org.pitest.mutationtest.engine.gregor.mutators.RemoveConditionalMutator_EQUAL_ELSE,validate,109,TIMED_OUT,none
ParameterMapping.java,org.apache.ibatis.mapping.ParameterMapping$Builder,org.pitest.mutationtest.engine.gregor.mutators.RemoveConditionalMutator_EQUAL_ELSE,validate,116,TIMED_OUT,none
ParameterMapping.java,org.apache.ibatis.mapping.ParameterMapping$Builder,org.pitest.mutationtest.engine.gregor.mutators.RemoveConditionalMutator_EQUAL_IF,validate,109,TIMED_OUT,none
ParameterMapping.java,org.apache.ibatis.mapping.ParameterMapping$Builder,org.pitest.mutationtest.engine.gregor.mutators.RemoveConditionalMutator_EQUAL_IF,validate,116,TIMED_OUT,none
ResultMap.java,org.apache.ibatis.mapping.ResultMap,org.pitest.mutationtest.engine.gregor.mutators.ReturnValsMutator,getAutoMapping,256,TIMED_OUT,none
ResultMap.java,org.apache.ibatis.mapping.ResultMap,org.pitest.mutationtest.engine.gregor.mutators.ReturnValsMutator,getConstructorResultMappings,228,TIMED_OUT,none
ResultMap.java,org.apache.ibatis.mapping.ResultMap,org.pitest.mutationtest.engine.gregor.mutators.ReturnValsMutator,getDiscriminator,248,TIMED_OUT,none
ResultMap.java,org.apache.ibatis.mapping.ResultMap,org.pitest.mutationtest.engine.gregor.mutators.ReturnValsMutator,getId,208,TIMED_OUT,none
ResultMap.java,org.apache.ibatis.mapping.ResultMap,org.pitest.mutationtest.engine.gregor.mutators.ReturnValsMutator,getMappedColumns,240,TIMED_OUT,none
ResultMap.java,org.apache.ibatis.mapping.ResultMap,org.pitest.mutationtest.engine.gregor.mutators.ReturnValsMutator,getPropertyResultMappings,232,TIMED_OUT,none
ResultMap.java,org.apache.ibatis.mapping.ResultMap,org.pitest.mutationtest.engine.gregor.mutators.ReturnValsMutator,getType,220,TIMED_OUT,none
ResultMap.java,org.apache.ibatis.mapping.ResultMap,org.pitest.mutationtest.engine.gregor.mutators.ReturnValsMutator,hasNestedResultMaps,212,TIMED_OUT,none
ResultMap.java,org.apache.ibatis.mapping.ResultMap$Builder,org.pitest.mutationtest.engine.gregor.mutators.ArgumentPropagationMutator,<init>,70,TIMED_OUT,none
ResultMap.java,org.apache.ibatis.mapping.ResultMap$Builder,org.pitest.mutationtest.engine.gregor.mutators.ArgumentPropagationMutator,<init>,71,TIMED_OUT,none
ResultMap.java,org.apache.ibatis.mapping.ResultMap$Builder,org.pitest.mutationtest.engine.gregor.mutators.ArgumentPropagationMutator,<init>,72,TIMED_OUT,none
ResultMap.java,org.apache.ibatis.mapping.ResultMap$Builder,org.pitest.mutationtest.engine.gregor.mutators.ConstructorCallMutator,<init>,61,TIMED_OUT,none
ResultMap.java,org.apache.ibatis.mapping.ResultMap$Builder,org.pitest.mutationtest.engine.gregor.mutators.NonVoidMethodCallMutator,<init>,68,TIMED_OUT,none
ResultMap.java,org.apache.ibatis.mapping.ResultMap$Builder,org.pitest.mutationtest.engine.gregor.mutators.NonVoidMethodCallMutator,<init>,69,TIMED_OUT,none
ResultMap.java,org.apache.ibatis.mapping.ResultMap$Builder,org.pitest.mutationtest.engine.gregor.mutators.NonVoidMethodCallMutator,<init>,70,TIMED_OUT,none
ResultMap.java,org.apache.ibatis.mapping.ResultMap$Builder,org.pitest.mutationtest.engine.gregor.mutators.NonVoidMethodCallMutator,<init>,72,TIMED_OUT,none
ResultMap.java,org.apache.ibatis.mapping.ResultMap$Builder,org.pitest.mutationtest.engine.gregor.mutators.ArgumentPropagationMutator,build,88,TIMED_OUT,none
ResultMap.java,org.apache.ibatis.mapping.ResultMap$Builder,org.pitest.mutationtest.engine.gregor.mutators.ArgumentPropagationMutator,build,89,TIMED_OUT,none
ResultMap.java,org.apache.ibatis.mapping.ResultMap$Builder,org.pitest.mutationtest.engine.gregor.mutators.ArgumentPropagationMutator,build,91,TIMED_OUT,none
ResultMap.java,org.apache.ibatis.mapping.ResultMap$Builder,org.pitest.mutationtest.engine.gregor.mutators.ArgumentPropagationMutator,build,92,TIMED_OUT,none
ResultMap.java,org.apache.ibatis.mapping.ResultMap$Builder,org.pitest.mutationtest.engine.gregor.mutators.ArgumentPropagationMutator,build,96,TIMED_OUT,none
ResultMap.java,org.apache.ibatis.mapping.ResultMap$Builder,org.pitest.mutationtest.engine.gregor.mutators.ArgumentPropagationMutator,build,144,TIMED_OUT,none
ResultMap.java,org.apache.ibatis.mapping.ResultMap$Builder,org.pitest.mutationtest.engine.gregor.mutators.ArgumentPropagationMutator,build,144,TIMED_OUT,none
ResultMap.java,org.apache.ibatis.mapping.ResultMap$Builder,org.pitest.mutationtest.engine.gregor.mutators.ArgumentPropagationMutator,build,145,TIMED_OUT,none
ResultMap.java,org.apache.ibatis.mapping.ResultMap$Builder,org.pitest.mutationtest.engine.gregor.mutators.ArgumentPropagationMutator,build,146,TIMED_OUT,none
ResultMap.java,org.apache.ibatis.mapping.ResultMap$Builder,org.pitest.mutationtest.engine.gregor.mutators.ArgumentPropagationMutator,build,146,TIMED_OUT,none
ResultMap.java,org.apache.ibatis.mapping.ResultMap$Builder,org.pitest.mutationtest.engine.gregor.mutators.ArgumentPropagationMutator,build,147,TIMED_OUT,none
ResultMap.java,org.apache.ibatis.mapping.ResultMap$Builder,org.pitest.mutationtest.engine.gregor.mutators.ArgumentPropagationMutator,build,147,TIMED_OUT,none
ResultMap.java,org.apache.ibatis.mapping.ResultMap$Builder,org.pitest.mutationtest.engine.gregor.mutators.ArgumentPropagationMutator,build,148,TIMED_OUT,none
ResultMap.java,org.apache.ibatis.mapping.ResultMap$Builder,org.pitest.mutationtest.engine.gregor.mutators.ArgumentPropagationMutator,build,148,TIMED_OUT,none
ResultMap.java,org.apache.ibatis.mapping.ResultMap$Builder,org.pitest.mutationtest.engine.gregor.mutators.ConstructorCallMutator,build,88,TIMED_OUT,none
ResultMap.java,org.apache.ibatis.mapping.ResultMap$Builder,org.pitest.mutationtest.engine.gregor.mutators.ConstructorCallMutator,build,93,TIMED_OUT,none
ResultMap.java,org.apache.ibatis.mapping.ResultMap$Builder,org.pitest.mutationtest.engine.gregor.mutators.InlineConstantMutator,build,95,TIMED_OUT,none
ResultMap.java,org.apache.ibatis.mapping.ResultMap$Builder,org.pitest.mutationtest.engine.gregor.mutators.InlineConstantMutator,build,95,TIMED_OUT,none
ResultMap.java,org.apache.ibatis.mapping.ResultMap$Builder,org.pitest.mutationtest.engine.gregor.mutators.InlineConstantMutator,build,96,TIMED_OUT,none
ResultMap.java,org.apache.ibatis.mapping.ResultMap$Builder,org.pitest.mutationtest.engine.gregor.mutators.InlineConstantMutator,build,96,TIMED_OUT,none
ResultMap.java,org.apache.ibatis.mapping.ResultMap$Builder,org.pitest.mutationtest.engine.gregor.mutators.NegateConditionalsMutator,build,85,TIMED_OUT,none
ResultMap.java,org.apache.ibatis.mapping.ResultMap$Builder,org.pitest.mutationtest.engine.gregor.mutators.NegateConditionalsMutator,build,94,TIMED_OUT,none
ResultMap.java,org.apache.ibatis.mapping.ResultMap$Builder,org.pitest.mutationtest.engine.gregor.mutators.NegateConditionalsMutator,build,95,TIMED_OUT,none
ResultMap.java,org.apache.ibatis.mapping.ResultMap$Builder,org.pitest.mutationtest.engine.gregor.mutators.NegateConditionalsMutator,build,96,TIMED_OUT,none
ResultMap.java,org.apache.ibatis.mapping.ResultMap$Builder,org.pitest.mutationtest.engine.gregor.mutators.NegateConditionalsMutator,build,98,TIMED_OUT,none
ResultMap.java,org.apache.ibatis.mapping.ResultMap$Builder,org.pitest.mutationtest.engine.gregor.mutators.NegateConditionalsMutator,build,112,TIMED_OUT,none
ResultMap.java,org.apache.ibatis.mapping.ResultMap$Builder,org.pitest.mutationtest.engine.gregor.mutators.NegateConditionalsMutator,build,120,TIMED_OUT,none
ResultMap.java,org.apache.ibatis.mapping.ResultMap$Builder,org.pitest.mutationtest.engine.gregor.mutators.NegateConditionalsMutator,build,127,TIMED_OUT,none
ResultMap.java,org.apache.ibatis.mapping.ResultMap$Builder,org.pitest.mutationtest.engine.gregor.mutators.NonVoidMethodCallMutator,build,90,TIMED_OUT,none
ResultMap.java,org.apache.ibatis.mapping.ResultMap$Builder,org.pitest.mutationtest.engine.gregor.mutators.NonVoidMethodCallMutator,build,91,TIMED_OUT,none
ResultMap.java,org.apache.ibatis.mapping.ResultMap$Builder,org.pitest.mutationtest.engine.gregor.mutators.NonVoidMethodCallMutator,build,94,TIMED_OUT,none
ResultMap.java,org.apache.ibatis.mapping.ResultMap$Builder,org.pitest.mutationtest.engine.gregor.mutators.NonVoidMethodCallMutator,build,94,TIMED_OUT,none
ResultMap.java,org.apache.ibatis.mapping.ResultMap$Builder,org.pitest.mutationtest.engine.gregor.mutators.NonVoidMethodCallMutator,build,94,TIMED_OUT,none
ResultMap.java,org.apache.ibatis.mapping.ResultMap$Builder,org.pitest.mutationtest.engine.gregor.mutators.NonVoidMethodCallMutator,build,95,TIMED_OUT,none
ResultMap.java,org.apache.ibatis.mapping.ResultMap$Builder,org.pitest.mutationtest.engine.gregor.mutators.NonVoidMethodCallMutator,build,96,TIMED_OUT,none
ResultMap.java,org.apache.ibatis.mapping.ResultMap$Builder,org.pitest.mutationtest.engine.gregor.mutators.NonVoidMethodCallMutator,build,96,TIMED_OUT,none
ResultMap.java,org.apache.ibatis.mapping.ResultMap$Builder,org.pitest.mutationtest.engine.gregor.mutators.NonVoidMethodCallMutator,build,96,TIMED_OUT,none
ResultMap.java,org.apache.ibatis.mapping.ResultMap$Builder,org.pitest.mutationtest.engine.gregor.mutators.NonVoidMethodCallMutator,build,97,TIMED_OUT,none
ResultMap.java,org.apache.ibatis.mapping.ResultMap$Builder,org.pitest.mutationtest.engine.gregor.mutators.NonVoidMethodCallMutator,build,99,TIMED_OUT,none
ResultMap.java,org.apache.ibatis.mapping.ResultMap$Builder,org.pitest.mutationtest.engine.gregor.mutators.NonVoidMethodCallMutator,build,99,TIMED_OUT,none
ResultMap.java,org.apache.ibatis.mapping.ResultMap$Builder,org.pitest.mutationtest.engine.gregor.mutators.NonVoidMethodCallMutator,build,108,TIMED_OUT,none
ResultMap.java,org.apache.ibatis.mapping.ResultMap$Builder,org.pitest.mutationtest.engine.gregor.mutators.NonVoidMethodCallMutator,build,118,TIMED_OUT,none
ResultMap.java,org.apache.ibatis.mapping.ResultMap$Builder,org.pitest.mutationtest.engine.gregor.mutators.NonVoidMethodCallMutator,build,118,TIMED_OUT,none
ResultMap.java,org.apache.ibatis.mapping.ResultMap$Builder,org.pitest.mutationtest.engine.gregor.mutators.NonVoidMethodCallMutator,build,120,TIMED_OUT,none
ResultMap.java,org.apache.ibatis.mapping.ResultMap$Builder,org.pitest.mutationtest.engine.gregor.mutators.NonVoidMethodCallMutator,build,120,TIMED_OUT,none
ResultMap.java,org.apache.ibatis.mapping.ResultMap$Builder,org.pitest.mutationtest.engine.gregor.mutators.NonVoidMethodCallMutator,build,121,TIMED_OUT,none
ResultMap.java,org.apache.ibatis.mapping.ResultMap$Builder,org.pitest.mutationtest.engine.gregor.mutators.NonVoidMethodCallMutator,build,124,TIMED_OUT,none
ResultMap.java,org.apache.ibatis.mapping.ResultMap$Builder,org.pitest.mutationtest.engine.gregor.mutators.NonVoidMethodCallMutator,build,127,TIMED_OUT,none
ResultMap.java,org.apache.ibatis.mapping.ResultMap$Builder,org.pitest.mutationtest.engine.gregor.mutators.NonVoidMethodCallMutator,build,144,TIMED_OUT,none
ResultMap.java,org.apache.ibatis.mapping.ResultMap$Builder,org.pitest.mutationtest.engine.gregor.mutators.NonVoidMethodCallMutator,build,144,TIMED_OUT,none
ResultMap.java,org.apache.ibatis.mapping.ResultMap$Builder,org.pitest.mutationtest.engine.gregor.mutators.NonVoidMethodCallMutator,build,144,TIMED_OUT,none
ResultMap.java,org.apache.ibatis.mapping.ResultMap$Builder,org.pitest.mutationtest.engine.gregor.mutators.NonVoidMethodCallMutator,build,145,TIMED_OUT,none
ResultMap.java,org.apache.ibatis.mapping.ResultMap$Builder,org.pitest.mutationtest.engine.gregor.mutators.NonVoidMethodCallMutator,build,146,TIMED_OUT,none
ResultMap.java,org.apache.ibatis.mapping.ResultMap$Builder,org.pitest.mutationtest.engine.gregor.mutators.NonVoidMethodCallMutator,build,146,TIMED_OUT,none
ResultMap.java,org.apache.ibatis.mapping.ResultMap$Builder,org.pitest.mutationtest.engine.gregor.mutators.NonVoidMethodCallMutator,build,146,TIMED_OUT,none
ResultMap.java,org.apache.ibatis.mapping.ResultMap$Builder,org.pitest.mutationtest.engine.gregor.mutators.NonVoidMethodCallMutator,build,147,TIMED_OUT,none
ResultMap.java,org.apache.ibatis.mapping.ResultMap$Builder,org.pitest.mutationtest.engine.gregor.mutators.NonVoidMethodCallMutator,build,148,TIMED_OUT,none
ResultMap.java,org.apache.ibatis.mapping.ResultMap$Builder,org.pitest.mutationtest.engine.gregor.mutators.NonVoidMethodCallMutator,build,148,TIMED_OUT,none
ResultMap.java,org.apache.ibatis.mapping.ResultMap$Builder,org.pitest.mutationtest.engine.gregor.mutators.NonVoidMethodCallMutator,build,148,TIMED_OUT,none
ResultMap.java,org.apache.ibatis.mapping.ResultMap$Builder,org.pitest.mutationtest.engine.gregor.mutators.RemoveConditionalMutator_EQUAL_ELSE,build,85,TIMED_OUT,none
ResultMap.java,org.apache.ibatis.mapping.ResultMap$Builder,org.pitest.mutationtest.engine.gregor.mutators.RemoveConditionalMutator_EQUAL_ELSE,build,94,TIMED_OUT,none
ResultMap.java,org.apache.ibatis.mapping.ResultMap$Builder,org.pitest.mutationtest.engine.gregor.mutators.RemoveConditionalMutator_EQUAL_ELSE,build,95,TIMED_OUT,none
ResultMap.java,org.apache.ibatis.mapping.ResultMap$Builder,org.pitest.mutationtest.engine.gregor.mutators.RemoveConditionalMutator_EQUAL_ELSE,build,96,TIMED_OUT,none
ResultMap.java,org.apache.ibatis.mapping.ResultMap$Builder,org.pitest.mutationtest.engine.gregor.mutators.RemoveConditionalMutator_EQUAL_ELSE,build,96,TIMED_OUT,none
ResultMap.java,org.apache.ibatis.mapping.ResultMap$Builder,org.pitest.mutationtest.engine.gregor.mutators.RemoveConditionalMutator_EQUAL_ELSE,build,98,TIMED_OUT,none
ResultMap.java,org.apache.ibatis.mapping.ResultMap$Builder,org.pitest.mutationtest.engine.gregor.mutators.RemoveConditionalMutator_EQUAL_ELSE,build,112,TIMED_OUT,none
ResultMap.java,org.apache.ibatis.mapping.ResultMap$Builder,org.pitest.mutationtest.engine.gregor.mutators.RemoveConditionalMutator_EQUAL_ELSE,build,120,TIMED_OUT,none
ResultMap.java,org.apache.ibatis.mapping.ResultMap$Builder,org.pitest.mutationtest.engine.gregor.mutators.RemoveConditionalMutator_EQUAL_ELSE,build,124,TIMED_OUT,none
ResultMap.java,org.apache.ibatis.mapping.ResultMap$Builder,org.pitest.mutationtest.engine.gregor.mutators.RemoveConditionalMutator_EQUAL_ELSE,build,127,TIMED_OUT,none
ResultMap.java,org.apache.ibatis.mapping.ResultMap$Builder,org.pitest.mutationtest.engine.gregor.mutators.RemoveConditionalMutator_EQUAL_IF,build,85,TIMED_OUT,none
ResultMap.java,org.apache.ibatis.mapping.ResultMap$Builder,org.pitest.mutationtest.engine.gregor.mutators.RemoveConditionalMutator_EQUAL_IF,build,94,TIMED_OUT,none
ResultMap.java,org.apache.ibatis.mapping.ResultMap$Builder,org.pitest.mutationtest.engine.gregor.mutators.RemoveConditionalMutator_EQUAL_IF,build,95,TIMED_OUT,none
ResultMap.java,org.apache.ibatis.mapping.ResultMap$Builder,org.pitest.mutationtest.engine.gregor.mutators.RemoveConditionalMutator_EQUAL_IF,build,96,TIMED_OUT,none
ResultMap.java,org.apache.ibatis.mapping.ResultMap$Builder,org.pitest.mutationtest.engine.gregor.mutators.RemoveConditionalMutator_EQUAL_IF,build,96,TIMED_OUT,none
ResultMap.java,org.apache.ibatis.mapping.ResultMap$Builder,org.pitest.mutationtest.engine.gregor.mutators.RemoveConditionalMutator_EQUAL_IF,build,96,TIMED_OUT,none
ResultMap.java,org.apache.ibatis.mapping.ResultMap$Builder,org.pitest.mutationtest.engine.gregor.mutators.RemoveConditionalMutator_EQUAL_IF,build,109,TIMED_OUT,none
ResultMap.java,org.apache.ibatis.mapping.ResultMap$Builder,org.pitest.mutationtest.engine.gregor.mutators.RemoveConditionalMutator_EQUAL_IF,build,120,TIMED_OUT,none
ResultMap.java,org.apache.ibatis.mapping.ResultMap$Builder,org.pitest.mutationtest.engine.gregor.mutators.RemoveConditionalMutator_EQUAL_IF,build,124,TIMED_OUT,none
ResultMap.java,org.apache.ibatis.mapping.ResultMap$Builder,org.pitest.mutationtest.engine.gregor.mutators.RemoveConditionalMutator_EQUAL_IF,build,127,TIMED_OUT,none
ResultMap.java,org.apache.ibatis.mapping.ResultMap$Builder,org.pitest.mutationtest.engine.gregor.mutators.ReturnValsMutator,build,149,TIMED_OUT,none
ResultMap.java,org.apache.ibatis.mapping.ResultMap$Builder,org.pitest.mutationtest.engine.gregor.mutators.ReturnValsMutator,discriminator,77,TIMED_OUT,none
ResultMapping.java,org.apache.ibatis.mapping.ResultMapping,org.pitest.mutationtest.engine.gregor.mutators.ReturnValsMutator,getColumn,191,TIMED_OUT,none
ResultMapping.java,org.apache.ibatis.mapping.ResultMapping,org.pitest.mutationtest.engine.gregor.mutators.ReturnValsMutator,getComposites,227,TIMED_OUT,none
ResultMapping.java,org.apache.ibatis.mapping.ResultMapping,org.pitest.mutationtest.engine.gregor.mutators.ReturnValsMutator,getFlags,223,TIMED_OUT,none
ResultMapping.java,org.apache.ibatis.mapping.ResultMapping,org.pitest.mutationtest.engine.gregor.mutators.ReturnValsMutator,getJavaType,195,TIMED_OUT,none
ResultMapping.java,org.apache.ibatis.mapping.ResultMapping,org.pitest.mutationtest.engine.gregor.mutators.ReturnValsMutator,getNestedQueryId,211,TIMED_OUT,none
ResultMapping.java,org.apache.ibatis.mapping.ResultMapping,org.pitest.mutationtest.engine.gregor.mutators.ReturnValsMutator,getNestedResultMapId,207,TIMED_OUT,none
ResultMapping.java,org.apache.ibatis.mapping.ResultMapping,org.pitest.mutationtest.engine.gregor.mutators.ReturnValsMutator,getNotNullColumns,215,TIMED_OUT,none
ResultMapping.java,org.apache.ibatis.mapping.ResultMapping,org.pitest.mutationtest.engine.gregor.mutators.ReturnValsMutator,getProperty,187,TIMED_OUT,none
ResultMapping.java,org.apache.ibatis.mapping.ResultMapping,org.pitest.mutationtest.engine.gregor.mutators.ReturnValsMutator,getResultSet,235,TIMED_OUT,none
ResultMapping.java,org.apache.ibatis.mapping.ResultMapping,org.pitest.mutationtest.engine.gregor.mutators.ReturnValsMutator,getTypeHandler,203,TIMED_OUT,none
ResultMapping.java,org.apache.ibatis.mapping.ResultMapping,org.pitest.mutationtest.engine.gregor.mutators.InlineConstantMutator,isCompositeResult,231,TIMED_OUT,none
ResultMapping.java,org.apache.ibatis.mapping.ResultMapping,org.pitest.mutationtest.engine.gregor.mutators.InlineConstantMutator,isCompositeResult,231,TIMED_OUT,none
ResultMapping.java,org.apache.ibatis.mapping.ResultMapping,org.pitest.mutationtest.engine.gregor.mutators.NegateConditionalsMutator,isCompositeResult,231,TIMED_OUT,none
ResultMapping.java,org.apache.ibatis.mapping.ResultMapping,org.pitest.mutationtest.engine.gregor.mutators.NegateConditionalsMutator,isCompositeResult,231,TIMED_OUT,none
ResultMapping.java,org.apache.ibatis.mapping.ResultMapping,org.pitest.mutationtest.engine.gregor.mutators.NonVoidMethodCallMutator,isCompositeResult,231,TIMED_OUT,none
ResultMapping.java,org.apache.ibatis.mapping.ResultMapping,org.pitest.mutationtest.engine.gregor.mutators.RemoveConditionalMutator_EQUAL_ELSE,isCompositeResult,231,TIMED_OUT,none
ResultMapping.java,org.apache.ibatis.mapping.ResultMapping,org.pitest.mutationtest.engine.gregor.mutators.RemoveConditionalMutator_EQUAL_ELSE,isCompositeResult,231,TIMED_OUT,none
ResultMapping.java,org.apache.ibatis.mapping.ResultMapping,org.pitest.mutationtest.engine.gregor.mutators.RemoveConditionalMutator_EQUAL_IF,isCompositeResult,231,TIMED_OUT,none
ResultMapping.java,org.apache.ibatis.mapping.ResultMapping,org.pitest.mutationtest.engine.gregor.mutators.RemoveConditionalMutator_EQUAL_IF,isCompositeResult,231,TIMED_OUT,none
ResultMapping.java,org.apache.ibatis.mapping.ResultMapping,org.pitest.mutationtest.engine.gregor.mutators.ReturnValsMutator,isCompositeResult,231,TIMED_OUT,none
ResultMapping.java,org.apache.ibatis.mapping.ResultMapping,org.pitest.mutationtest.engine.gregor.mutators.ReturnValsMutator,isLazy,247,TIMED_OUT,none
ResultMapping.java,org.apache.ibatis.mapping.ResultMapping$Builder,org.pitest.mutationtest.engine.gregor.mutators.ArgumentPropagationMutator,<init>,68,TIMED_OUT,none
ResultMapping.java,org.apache.ibatis.mapping.ResultMapping$Builder,org.pitest.mutationtest.engine.gregor.mutators.ArgumentPropagationMutator,<init>,69,TIMED_OUT,none
ResultMapping.java,org.apache.ibatis.mapping.ResultMapping$Builder,org.pitest.mutationtest.engine.gregor.mutators.ArgumentPropagationMutator,<init>,70,TIMED_OUT,none
ResultMapping.java,org.apache.ibatis.mapping.ResultMapping$Builder,org.pitest.mutationtest.engine.gregor.mutators.ArgumentPropagationMutator,<init>,71,TIMED_OUT,none
ResultMapping.java,org.apache.ibatis.mapping.ResultMapping$Builder,org.pitest.mutationtest.engine.gregor.mutators.ArgumentPropagationMutator,<init>,72,TIMED_OUT,none
ResultMapping.java,org.apache.ibatis.mapping.ResultMapping$Builder,org.pitest.mutationtest.engine.gregor.mutators.ConstructorCallMutator,<init>,53,TIMED_OUT,none
ResultMapping.java,org.apache.ibatis.mapping.ResultMapping$Builder,org.pitest.mutationtest.engine.gregor.mutators.ConstructorCallMutator,<init>,70,TIMED_OUT,none
ResultMapping.java,org.apache.ibatis.mapping.ResultMapping$Builder,org.pitest.mutationtest.engine.gregor.mutators.ConstructorCallMutator,<init>,71,TIMED_OUT,none
ResultMapping.java,org.apache.ibatis.mapping.ResultMapping$Builder,org.pitest.mutationtest.engine.gregor.mutators.NonVoidMethodCallMutator,<init>,68,TIMED_OUT,none
ResultMapping.java,org.apache.ibatis.mapping.ResultMapping$Builder,org.pitest.mutationtest.engine.gregor.mutators.NonVoidMethodCallMutator,<init>,69,TIMED_OUT,none
ResultMapping.java,org.apache.ibatis.mapping.ResultMapping$Builder,org.pitest.mutationtest.engine.gregor.mutators.NonVoidMethodCallMutator,<init>,70,TIMED_OUT,none
ResultMapping.java,org.apache.ibatis.mapping.ResultMapping$Builder,org.pitest.mutationtest.engine.gregor.mutators.NonVoidMethodCallMutator,<init>,71,TIMED_OUT,none
ResultMapping.java,org.apache.ibatis.mapping.ResultMapping$Builder,org.pitest.mutationtest.engine.gregor.mutators.NonVoidMethodCallMutator,<init>,72,TIMED_OUT,none
ResultMapping.java,org.apache.ibatis.mapping.ResultMapping$Builder,org.pitest.mutationtest.engine.gregor.mutators.NonVoidMethodCallMutator,<init>,72,TIMED_OUT,none
ResultMapping.java,org.apache.ibatis.mapping.ResultMapping$Builder,org.pitest.mutationtest.engine.gregor.mutators.experimental.MemberVariableMutator,<init>,53,TIMED_OUT,none
ResultMapping.java,org.apache.ibatis.mapping.ResultMapping$Builder,org.pitest.mutationtest.engine.gregor.mutators.ArgumentPropagationMutator,<init>,63,TIMED_OUT,none
ResultMapping.java,org.apache.ibatis.mapping.ResultMapping$Builder,org.pitest.mutationtest.engine.gregor.mutators.ArgumentPropagationMutator,<init>,64,TIMED_OUT,none
ResultMapping.java,org.apache.ibatis.mapping.ResultMapping$Builder,org.pitest.mutationtest.engine.gregor.mutators.NonVoidMethodCallMutator,<init>,63,TIMED_OUT,none
ResultMapping.java,org.apache.ibatis.mapping.ResultMapping$Builder,org.pitest.mutationtest.engine.gregor.mutators.NonVoidMethodCallMutator,<init>,64,TIMED_OUT,none
ResultMapping.java,org.apache.ibatis.mapping.ResultMapping$Builder,org.pitest.mutationtest.engine.gregor.mutators.ArgumentPropagationMutator,<init>,57,TIMED_OUT,none
ResultMapping.java,org.apache.ibatis.mapping.ResultMapping$Builder,org.pitest.mutationtest.engine.gregor.mutators.ArgumentPropagationMutator,<init>,58,TIMED_OUT,none
ResultMapping.java,org.apache.ibatis.mapping.ResultMapping$Builder,org.pitest.mutationtest.engine.gregor.mutators.NonVoidMethodCallMutator,<init>,57,TIMED_OUT,none
ResultMapping.java,org.apache.ibatis.mapping.ResultMapping$Builder,org.pitest.mutationtest.engine.gregor.mutators.NonVoidMethodCallMutator,<init>,58,TIMED_OUT,none
ResultMapping.java,org.apache.ibatis.mapping.ResultMapping$Builder,org.pitest.mutationtest.engine.gregor.mutators.ArgumentPropagationMutator,build,137,TIMED_OUT,none
ResultMapping.java,org.apache.ibatis.mapping.ResultMapping$Builder,org.pitest.mutationtest.engine.gregor.mutators.ArgumentPropagationMutator,build,137,TIMED_OUT,none
ResultMapping.java,org.apache.ibatis.mapping.ResultMapping$Builder,org.pitest.mutationtest.engine.gregor.mutators.ArgumentPropagationMutator,build,138,TIMED_OUT,none
ResultMapping.java,org.apache.ibatis.mapping.ResultMapping$Builder,org.pitest.mutationtest.engine.gregor.mutators.ArgumentPropagationMutator,build,138,TIMED_OUT,none
ResultMapping.java,org.apache.ibatis.mapping.ResultMapping$Builder,org.pitest.mutationtest.engine.gregor.mutators.NonVoidMethodCallMutator,build,137,TIMED_OUT,none
ResultMapping.java,org.apache.ibatis.mapping.ResultMapping$Builder,org.pitest.mutationtest.engine.gregor.mutators.NonVoidMethodCallMutator,build,137,TIMED_OUT,none
ResultMapping.java,org.apache.ibatis.mapping.ResultMapping$Builder,org.pitest.mutationtest.engine.gregor.mutators.NonVoidMethodCallMutator,build,137,TIMED_OUT,none
ResultMapping.java,org.apache.ibatis.mapping.ResultMapping$Builder,org.pitest.mutationtest.engine.gregor.mutators.NonVoidMethodCallMutator,build,138,TIMED_OUT,none
ResultMapping.java,org.apache.ibatis.mapping.ResultMapping$Builder,org.pitest.mutationtest.engine.gregor.mutators.NonVoidMethodCallMutator,build,138,TIMED_OUT,none
ResultMapping.java,org.apache.ibatis.mapping.ResultMapping$Builder,org.pitest.mutationtest.engine.gregor.mutators.NonVoidMethodCallMutator,build,138,TIMED_OUT,none
ResultMapping.java,org.apache.ibatis.mapping.ResultMapping$Builder,org.pitest.mutationtest.engine.gregor.mutators.ReturnValsMutator,build,141,TIMED_OUT,none
ResultMapping.java,org.apache.ibatis.mapping.ResultMapping$Builder,org.pitest.mutationtest.engine.gregor.mutators.VoidMethodCallMutator,build,139,TIMED_OUT,none
ResultMapping.java,org.apache.ibatis.mapping.ResultMapping$Builder,org.pitest.mutationtest.engine.gregor.mutators.VoidMethodCallMutator,build,140,TIMED_OUT,none
ResultMapping.java,org.apache.ibatis.mapping.ResultMapping$Builder,org.pitest.mutationtest.engine.gregor.mutators.ArgumentPropagationMutator,columnPrefix,111,TIMED_OUT,none
ResultMapping.java,org.apache.ibatis.mapping.ResultMapping$Builder,org.pitest.mutationtest.engine.gregor.mutators.NonVoidMethodCallMutator,columnPrefix,111,TIMED_OUT,none
ResultMapping.java,org.apache.ibatis.mapping.ResultMapping$Builder,org.pitest.mutationtest.engine.gregor.mutators.ReturnValsMutator,columnPrefix,112,TIMED_OUT,none
ResultMapping.java,org.apache.ibatis.mapping.ResultMapping$Builder,org.pitest.mutationtest.engine.gregor.mutators.ArgumentPropagationMutator,composites,126,TIMED_OUT,none
ResultMapping.java,org.apache.ibatis.mapping.ResultMapping$Builder,org.pitest.mutationtest.engine.gregor.mutators.NonVoidMethodCallMutator,composites,126,TIMED_OUT,none
ResultMapping.java,org.apache.ibatis.mapping.ResultMapping$Builder,org.pitest.mutationtest.engine.gregor.mutators.ReturnValsMutator,composites,127,TIMED_OUT,none
ResultMapping.java,org.apache.ibatis.mapping.ResultMapping$Builder,org.pitest.mutationtest.engine.gregor.mutators.ArgumentPropagationMutator,flags,116,TIMED_OUT,none
ResultMapping.java,org.apache.ibatis.mapping.ResultMapping$Builder,org.pitest.mutationtest.engine.gregor.mutators.NonVoidMethodCallMutator,flags,116,TIMED_OUT,none
ResultMapping.java,org.apache.ibatis.mapping.ResultMapping$Builder,org.pitest.mutationtest.engine.gregor.mutators.ReturnValsMutator,flags,117,TIMED_OUT,none
ResultMapping.java,org.apache.ibatis.mapping.ResultMapping$Builder,org.pitest.mutationtest.engine.gregor.mutators.ArgumentPropagationMutator,foreignColumn,101,TIMED_OUT,none
ResultMapping.java,org.apache.ibatis.mapping.ResultMapping$Builder,org.pitest.mutationtest.engine.gregor.mutators.NonVoidMethodCallMutator,foreignColumn,101,TIMED_OUT,none
ResultMapping.java,org.apache.ibatis.mapping.ResultMapping$Builder,org.pitest.mutationtest.engine.gregor.mutators.ReturnValsMutator,foreignColumn,102,TIMED_OUT,none
ResultMapping.java,org.apache.ibatis.mapping.ResultMapping$Builder,org.pitest.mutationtest.engine.gregor.mutators.ArgumentPropagationMutator,jdbcType,81,TIMED_OUT,none
ResultMapping.java,org.apache.ibatis.mapping.ResultMapping$Builder,org.pitest.mutationtest.engine.gregor.mutators.NonVoidMethodCallMutator,jdbcType,81,TIMED_OUT,none
ResultMapping.java,org.apache.ibatis.mapping.ResultMapping$Builder,org.pitest.mutationtest.engine.gregor.mutators.ReturnValsMutator,jdbcType,82,TIMED_OUT,none
ResultMapping.java,org.apache.ibatis.mapping.ResultMapping$Builder,org.pitest.mutationtest.engine.gregor.mutators.ArgumentPropagationMutator,lazy,131,TIMED_OUT,none
ResultMapping.java,org.apache.ibatis.mapping.ResultMapping$Builder,org.pitest.mutationtest.engine.gregor.mutators.NonVoidMethodCallMutator,lazy,131,TIMED_OUT,none
ResultMapping.java,org.apache.ibatis.mapping.ResultMapping$Builder,org.pitest.mutationtest.engine.gregor.mutators.ReturnValsMutator,lazy,132,TIMED_OUT,none
ResultMapping.java,org.apache.ibatis.mapping.ResultMapping$Builder,org.pitest.mutationtest.engine.gregor.mutators.ArgumentPropagationMutator,nestedQueryId,91,TIMED_OUT,none
ResultMapping.java,org.apache.ibatis.mapping.ResultMapping$Builder,org.pitest.mutationtest.engine.gregor.mutators.NonVoidMethodCallMutator,nestedQueryId,91,TIMED_OUT,none
ResultMapping.java,org.apache.ibatis.mapping.ResultMapping$Builder,org.pitest.mutationtest.engine.gregor.mutators.ReturnValsMutator,nestedQueryId,92,TIMED_OUT,none
ResultMapping.java,org.apache.ibatis.mapping.ResultMapping$Builder,org.pitest.mutationtest.engine.gregor.mutators.ArgumentPropagationMutator,nestedResultMapId,86,TIMED_OUT,none
ResultMapping.java,org.apache.ibatis.mapping.ResultMapping$Builder,org.pitest.mutationtest.engine.gregor.mutators.NonVoidMethodCallMutator,nestedResultMapId,86,TIMED_OUT,none
ResultMapping.java,org.apache.ibatis.mapping.ResultMapping$Builder,org.pitest.mutationtest.engine.gregor.mutators.ReturnValsMutator,nestedResultMapId,87,TIMED_OUT,none
ResultMapping.java,org.apache.ibatis.mapping.ResultMapping$Builder,org.pitest.mutationtest.engine.gregor.mutators.ArgumentPropagationMutator,notNullColumns,106,TIMED_OUT,none
ResultMapping.java,org.apache.ibatis.mapping.ResultMapping$Builder,org.pitest.mutationtest.engine.gregor.mutators.NonVoidMethodCallMutator,notNullColumns,106,TIMED_OUT,none
ResultMapping.java,org.apache.ibatis.mapping.ResultMapping$Builder,org.pitest.mutationtest.engine.gregor.mutators.ReturnValsMutator,notNullColumns,107,TIMED_OUT,none
ResultMapping.java,org.apache.ibatis.mapping.ResultMapping$Builder,org.pitest.mutationtest.engine.gregor.mutators.ArgumentPropagationMutator,resolveTypeHandler,176,TIMED_OUT,none
ResultMapping.java,org.apache.ibatis.mapping.ResultMapping$Builder,org.pitest.mutationtest.engine.gregor.mutators.NegateConditionalsMutator,resolveTypeHandler,173,TIMED_OUT,none
ResultMapping.java,org.apache.ibatis.mapping.ResultMapping$Builder,org.pitest.mutationtest.engine.gregor.mutators.NegateConditionalsMutator,resolveTypeHandler,173,TIMED_OUT,none
ResultMapping.java,org.apache.ibatis.mapping.ResultMapping$Builder,org.pitest.mutationtest.engine.gregor.mutators.NonVoidMethodCallMutator,resolveTypeHandler,173,TIMED_OUT,none
ResultMapping.java,org.apache.ibatis.mapping.ResultMapping$Builder,org.pitest.mutationtest.engine.gregor.mutators.NonVoidMethodCallMutator,resolveTypeHandler,173,TIMED_OUT,none
ResultMapping.java,org.apache.ibatis.mapping.ResultMapping$Builder,org.pitest.mutationtest.engine.gregor.mutators.NonVoidMethodCallMutator,resolveTypeHandler,174,TIMED_OUT,none
ResultMapping.java,org.apache.ibatis.mapping.ResultMapping$Builder,org.pitest.mutationtest.engine.gregor.mutators.NonVoidMethodCallMutator,resolveTypeHandler,175,TIMED_OUT,none
ResultMapping.java,org.apache.ibatis.mapping.ResultMapping$Builder,org.pitest.mutationtest.engine.gregor.mutators.NonVoidMethodCallMutator,resolveTypeHandler,176,TIMED_OUT,none
ResultMapping.java,org.apache.ibatis.mapping.ResultMapping$Builder,org.pitest.mutationtest.engine.gregor.mutators.NonVoidMethodCallMutator,resolveTypeHandler,176,TIMED_OUT,none
ResultMapping.java,org.apache.ibatis.mapping.ResultMapping$Builder,org.pitest.mutationtest.engine.gregor.mutators.NonVoidMethodCallMutator,resolveTypeHandler,176,TIMED_OUT,none
ResultMapping.java,org.apache.ibatis.mapping.ResultMapping$Builder,org.pitest.mutationtest.engine.gregor.mutators.NonVoidMethodCallMutator,resolveTypeHandler,176,TIMED_OUT,none
ResultMapping.java,org.apache.ibatis.mapping.ResultMapping$Builder,org.pitest.mutationtest.engine.gregor.mutators.RemoveConditionalMutator_EQUAL_ELSE,resolveTypeHandler,173,TIMED_OUT,none
ResultMapping.java,org.apache.ibatis.mapping.ResultMapping$Builder,org.pitest.mutationtest.engine.gregor.mutators.RemoveConditionalMutator_EQUAL_ELSE,resolveTypeHandler,173,TIMED_OUT,none
ResultMapping.java,org.apache.ibatis.mapping.ResultMapping$Builder,org.pitest.mutationtest.engine.gregor.mutators.RemoveConditionalMutator_EQUAL_IF,resolveTypeHandler,173,TIMED_OUT,none
ResultMapping.java,org.apache.ibatis.mapping.ResultMapping$Builder,org.pitest.mutationtest.engine.gregor.mutators.RemoveConditionalMutator_EQUAL_IF,resolveTypeHandler,173,TIMED_OUT,none
ResultMapping.java,org.apache.ibatis.mapping.ResultMapping$Builder,org.pitest.mutationtest.engine.gregor.mutators.ArgumentPropagationMutator,resultSet,96,TIMED_OUT,none
ResultMapping.java,org.apache.ibatis.mapping.ResultMapping$Builder,org.pitest.mutationtest.engine.gregor.mutators.NonVoidMethodCallMutator,resultSet,96,TIMED_OUT,none
ResultMapping.java,org.apache.ibatis.mapping.ResultMapping$Builder,org.pitest.mutationtest.engine.gregor.mutators.ReturnValsMutator,resultSet,97,TIMED_OUT,none
ResultMapping.java,org.apache.ibatis.mapping.ResultMapping$Builder,org.pitest.mutationtest.engine.gregor.mutators.ArgumentPropagationMutator,typeHandler,121,TIMED_OUT,none
ResultMapping.java,org.apache.ibatis.mapping.ResultMapping$Builder,org.pitest.mutationtest.engine.gregor.mutators.NonVoidMethodCallMutator,typeHandler,121,TIMED_OUT,none
ResultMapping.java,org.apache.ibatis.mapping.ResultMapping$Builder,org.pitest.mutationtest.engine.gregor.mutators.ReturnValsMutator,typeHandler,122,TIMED_OUT,none
ResultMapping.java,org.apache.ibatis.mapping.ResultMapping$Builder,org.pitest.mutationtest.engine.gregor.mutators.NegateConditionalsMutator,validate,146,TIMED_OUT,none
ResultMapping.java,org.apache.ibatis.mapping.ResultMapping$Builder,org.pitest.mutationtest.engine.gregor.mutators.NegateConditionalsMutator,validate,146,TIMED_OUT,none
ResultMapping.java,org.apache.ibatis.mapping.ResultMapping$Builder,org.pitest.mutationtest.engine.gregor.mutators.NegateConditionalsMutator,validate,150,TIMED_OUT,none
ResultMapping.java,org.apache.ibatis.mapping.ResultMapping$Builder,org.pitest.mutationtest.engine.gregor.mutators.NegateConditionalsMutator,validate,150,TIMED_OUT,none
ResultMapping.java,org.apache.ibatis.mapping.ResultMapping$Builder,org.pitest.mutationtest.engine.gregor.mutators.NegateConditionalsMutator,validate,150,TIMED_OUT,none
ResultMapping.java,org.apache.ibatis.mapping.ResultMapping$Builder,org.pitest.mutationtest.engine.gregor.mutators.NegateConditionalsMutator,validate,154,TIMED_OUT,none
ResultMapping.java,org.apache.ibatis.mapping.ResultMapping$Builder,org.pitest.mutationtest.engine.gregor.mutators.NegateConditionalsMutator,validate,154,TIMED_OUT,none
ResultMapping.java,org.apache.ibatis.mapping.ResultMapping$Builder,org.pitest.mutationtest.engine.gregor.mutators.NegateConditionalsMutator,validate,154,TIMED_OUT,none
ResultMapping.java,org.apache.ibatis.mapping.ResultMapping$Builder,org.pitest.mutationtest.engine.gregor.mutators.NegateConditionalsMutator,validate,157,TIMED_OUT,none
ResultMapping.java,org.apache.ibatis.mapping.ResultMapping$Builder,org.pitest.mutationtest.engine.gregor.mutators.NonVoidMethodCallMutator,validate,146,TIMED_OUT,none
ResultMapping.java,org.apache.ibatis.mapping.ResultMapping$Builder,org.pitest.mutationtest.engine.gregor.mutators.NonVoidMethodCallMutator,validate,146,TIMED_OUT,none
ResultMapping.java,org.apache.ibatis.mapping.ResultMapping$Builder,org.pitest.mutationtest.engine.gregor.mutators.NonVoidMethodCallMutator,validate,150,TIMED_OUT,none
ResultMapping.java,org.apache.ibatis.mapping.ResultMapping$Builder,org.pitest.mutationtest.engine.gregor.mutators.NonVoidMethodCallMutator,validate,150,TIMED_OUT,none
ResultMapping.java,org.apache.ibatis.mapping.ResultMapping$Builder,org.pitest.mutationtest.engine.gregor.mutators.NonVoidMethodCallMutator,validate,150,TIMED_OUT,none
ResultMapping.java,org.apache.ibatis.mapping.ResultMapping$Builder,org.pitest.mutationtest.engine.gregor.mutators.NonVoidMethodCallMutator,validate,154,TIMED_OUT,none
ResultMapping.java,org.apache.ibatis.mapping.ResultMapping$Builder,org.pitest.mutationtest.engine.gregor.mutators.NonVoidMethodCallMutator,validate,154,TIMED_OUT,none
ResultMapping.java,org.apache.ibatis.mapping.ResultMapping$Builder,org.pitest.mutationtest.engine.gregor.mutators.NonVoidMethodCallMutator,validate,154,TIMED_OUT,none
ResultMapping.java,org.apache.ibatis.mapping.ResultMapping$Builder,org.pitest.mutationtest.engine.gregor.mutators.NonVoidMethodCallMutator,validate,154,TIMED_OUT,none
ResultMapping.java,org.apache.ibatis.mapping.ResultMapping$Builder,org.pitest.mutationtest.engine.gregor.mutators.NonVoidMethodCallMutator,validate,157,TIMED_OUT,none
ResultMapping.java,org.apache.ibatis.mapping.ResultMapping$Builder,org.pitest.mutationtest.engine.gregor.mutators.RemoveConditionalMutator_EQUAL_ELSE,validate,146,TIMED_OUT,none
ResultMapping.java,org.apache.ibatis.mapping.ResultMapping$Builder,org.pitest.mutationtest.engine.gregor.mutators.RemoveConditionalMutator_EQUAL_ELSE,validate,146,TIMED_OUT,none
ResultMapping.java,org.apache.ibatis.mapping.ResultMapping$Builder,org.pitest.mutationtest.engine.gregor.mutators.RemoveConditionalMutator_EQUAL_ELSE,validate,150,TIMED_OUT,none
ResultMapping.java,org.apache.ibatis.mapping.ResultMapping$Builder,org.pitest.mutationtest.engine.gregor.mutators.RemoveConditionalMutator_EQUAL_ELSE,validate,150,TIMED_OUT,none
ResultMapping.java,org.apache.ibatis.mapping.ResultMapping$Builder,org.pitest.mutationtest.engine.gregor.mutators.RemoveConditionalMutator_EQUAL_ELSE,validate,150,TIMED_OUT,none
ResultMapping.java,org.apache.ibatis.mapping.ResultMapping$Builder,org.pitest.mutationtest.engine.gregor.mutators.RemoveConditionalMutator_EQUAL_ELSE,validate,154,TIMED_OUT,none
ResultMapping.java,org.apache.ibatis.mapping.ResultMapping$Builder,org.pitest.mutationtest.engine.gregor.mutators.RemoveConditionalMutator_EQUAL_ELSE,validate,154,TIMED_OUT,none
ResultMapping.java,org.apache.ibatis.mapping.ResultMapping$Builder,org.pitest.mutationtest.engine.gregor.mutators.RemoveConditionalMutator_EQUAL_ELSE,validate,154,TIMED_OUT,none
ResultMapping.java,org.apache.ibatis.mapping.ResultMapping$Builder,org.pitest.mutationtest.engine.gregor.mutators.RemoveConditionalMutator_EQUAL_ELSE,validate,157,TIMED_OUT,none
ResultMapping.java,org.apache.ibatis.mapping.ResultMapping$Builder,org.pitest.mutationtest.engine.gregor.mutators.RemoveConditionalMutator_EQUAL_IF,validate,146,TIMED_OUT,none
ResultMapping.java,org.apache.ibatis.mapping.ResultMapping$Builder,org.pitest.mutationtest.engine.gregor.mutators.RemoveConditionalMutator_EQUAL_IF,validate,146,TIMED_OUT,none
ResultMapping.java,org.apache.ibatis.mapping.ResultMapping$Builder,org.pitest.mutationtest.engine.gregor.mutators.RemoveConditionalMutator_EQUAL_IF,validate,150,TIMED_OUT,none
ResultMapping.java,org.apache.ibatis.mapping.ResultMapping$Builder,org.pitest.mutationtest.engine.gregor.mutators.RemoveConditionalMutator_EQUAL_IF,validate,150,TIMED_OUT,none
ResultMapping.java,org.apache.ibatis.mapping.ResultMapping$Builder,org.pitest.mutationtest.engine.gregor.mutators.RemoveConditionalMutator_EQUAL_IF,validate,150,TIMED_OUT,none
ResultMapping.java,org.apache.ibatis.mapping.ResultMapping$Builder,org.pitest.mutationtest.engine.gregor.mutators.RemoveConditionalMutator_EQUAL_IF,validate,154,TIMED_OUT,none
ResultMapping.java,org.apache.ibatis.mapping.ResultMapping$Builder,org.pitest.mutationtest.engine.gregor.mutators.RemoveConditionalMutator_EQUAL_IF,validate,154,TIMED_OUT,none
ResultMapping.java,org.apache.ibatis.mapping.ResultMapping$Builder,org.pitest.mutationtest.engine.gregor.mutators.RemoveConditionalMutator_EQUAL_IF,validate,154,TIMED_OUT,none
ResultMapping.java,org.apache.ibatis.mapping.ResultMapping$Builder,org.pitest.mutationtest.engine.gregor.mutators.RemoveConditionalMutator_EQUAL_IF,validate,157,TIMED_OUT,none
GenericTokenParser.java,org.apache.ibatis.parsing.GenericTokenParser,org.pitest.mutationtest.engine.gregor.mutators.experimental.MemberVariableMutator,<init>,29,TIMED_OUT,none
GenericTokenParser.java,org.apache.ibatis.parsing.GenericTokenParser,org.pitest.mutationtest.engine.gregor.mutators.ArgumentPropagationMutator,parse,78,TIMED_OUT,none
GenericTokenParser.java,org.apache.ibatis.parsing.GenericTokenParser,org.pitest.mutationtest.engine.gregor.mutators.ArgumentPropagationMutator,parse,82,TIMED_OUT,none
GenericTokenParser.java,org.apache.ibatis.parsing.GenericTokenParser,org.pitest.mutationtest.engine.gregor.mutators.ConditionalsBoundaryMutator,parse,61,TIMED_OUT,none
GenericTokenParser.java,org.apache.ibatis.parsing.GenericTokenParser,org.pitest.mutationtest.engine.gregor.mutators.ConditionalsBoundaryMutator,parse,84,TIMED_OUT,none
GenericTokenParser.java,org.apache.ibatis.parsing.GenericTokenParser,org.pitest.mutationtest.engine.gregor.mutators.InlineConstantMutator,parse,38,TIMED_OUT,none
GenericTokenParser.java,org.apache.ibatis.parsing.GenericTokenParser,org.pitest.mutationtest.engine.gregor.mutators.InlineConstantMutator,parse,46,TIMED_OUT,none
GenericTokenParser.java,org.apache.ibatis.parsing.GenericTokenParser,org.pitest.mutationtest.engine.gregor.mutators.InlineConstantMutator,parse,47,TIMED_OUT,none
GenericTokenParser.java,org.apache.ibatis.parsing.GenericTokenParser,org.pitest.mutationtest.engine.gregor.mutators.InlineConstantMutator,parse,47,TIMED_OUT,none
GenericTokenParser.java,org.apache.ibatis.parsing.GenericTokenParser,org.pitest.mutationtest.engine.gregor.mutators.InlineConstantMutator,parse,62,TIMED_OUT,none
GenericTokenParser.java,org.apache.ibatis.parsing.GenericTokenParser,org.pitest.mutationtest.engine.gregor.mutators.InlineConstantMutator,parse,62,TIMED_OUT,none
GenericTokenParser.java,org.apache.ibatis.parsing.GenericTokenParser,org.pitest.mutationtest.engine.gregor.mutators.InlineConstantMutator,parse,73,TIMED_OUT,none
GenericTokenParser.java,org.apache.ibatis.parsing.GenericTokenParser,org.pitest.mutationtest.engine.gregor.mutators.MathMutator,parse,47,TIMED_OUT,none
GenericTokenParser.java,org.apache.ibatis.parsing.GenericTokenParser,org.pitest.mutationtest.engine.gregor.mutators.MathMutator,parse,62,TIMED_OUT,none
GenericTokenParser.java,org.apache.ibatis.parsing.GenericTokenParser,org.pitest.mutationtest.engine.gregor.mutators.MathMutator,parse,65,TIMED_OUT,none
GenericTokenParser.java,org.apache.ibatis.parsing.GenericTokenParser,org.pitest.mutationtest.engine.gregor.mutators.MathMutator,parse,68,TIMED_OUT,none
GenericTokenParser.java,org.apache.ibatis.parsing.GenericTokenParser,org.pitest.mutationtest.engine.gregor.mutators.MathMutator,parse,69,TIMED_OUT,none
GenericTokenParser.java,org.apache.ibatis.parsing.GenericTokenParser,org.pitest.mutationtest.engine.gregor.mutators.MathMutator,parse,85,TIMED_OUT,none
GenericTokenParser.java,org.apache.ibatis.parsing.GenericTokenParser,org.pitest.mutationtest.engine.gregor.mutators.NegateConditionalsMutator,parse,34,TIMED_OUT,none
GenericTokenParser.java,org.apache.ibatis.parsing.GenericTokenParser,org.pitest.mutationtest.engine.gregor.mutators.NegateConditionalsMutator,parse,41,TIMED_OUT,none
GenericTokenParser.java,org.apache.ibatis.parsing.GenericTokenParser,org.pitest.mutationtest.engine.gregor.mutators.NegateConditionalsMutator,parse,46,TIMED_OUT,none
GenericTokenParser.java,org.apache.ibatis.parsing.GenericTokenParser,org.pitest.mutationtest.engine.gregor.mutators.NegateConditionalsMutator,parse,47,TIMED_OUT,none
GenericTokenParser.java,org.apache.ibatis.parsing.GenericTokenParser,org.pitest.mutationtest.engine.gregor.mutators.NegateConditionalsMutator,parse,47,TIMED_OUT,none
GenericTokenParser.java,org.apache.ibatis.parsing.GenericTokenParser,org.pitest.mutationtest.engine.gregor.mutators.NegateConditionalsMutator,parse,62,TIMED_OUT,none
GenericTokenParser.java,org.apache.ibatis.parsing.GenericTokenParser,org.pitest.mutationtest.engine.gregor.mutators.NegateConditionalsMutator,parse,73,TIMED_OUT,none
GenericTokenParser.java,org.apache.ibatis.parsing.GenericTokenParser,org.pitest.mutationtest.engine.gregor.mutators.NegateConditionalsMutator,parse,84,TIMED_OUT,none
GenericTokenParser.java,org.apache.ibatis.parsing.GenericTokenParser,org.pitest.mutationtest.engine.gregor.mutators.NonVoidMethodCallMutator,parse,34,TIMED_OUT,none
GenericTokenParser.java,org.apache.ibatis.parsing.GenericTokenParser,org.pitest.mutationtest.engine.gregor.mutators.NonVoidMethodCallMutator,parse,37,TIMED_OUT,none
GenericTokenParser.java,org.apache.ibatis.parsing.GenericTokenParser,org.pitest.mutationtest.engine.gregor.mutators.NonVoidMethodCallMutator,parse,58,TIMED_OUT,none
GenericTokenParser.java,org.apache.ibatis.parsing.GenericTokenParser,org.pitest.mutationtest.engine.gregor.mutators.NonVoidMethodCallMutator,parse,59,TIMED_OUT,none
GenericTokenParser.java,org.apache.ibatis.parsing.GenericTokenParser,org.pitest.mutationtest.engine.gregor.mutators.NonVoidMethodCallMutator,parse,69,TIMED_OUT,none
GenericTokenParser.java,org.apache.ibatis.parsing.GenericTokenParser,org.pitest.mutationtest.engine.gregor.mutators.NonVoidMethodCallMutator,parse,78,TIMED_OUT,none
GenericTokenParser.java,org.apache.ibatis.parsing.GenericTokenParser,org.pitest.mutationtest.engine.gregor.mutators.NonVoidMethodCallMutator,parse,78,TIMED_OUT,none
GenericTokenParser.java,org.apache.ibatis.parsing.GenericTokenParser,org.pitest.mutationtest.engine.gregor.mutators.NonVoidMethodCallMutator,parse,78,TIMED_OUT,none
GenericTokenParser.java,org.apache.ibatis.parsing.GenericTokenParser,org.pitest.mutationtest.engine.gregor.mutators.NonVoidMethodCallMutator,parse,85,TIMED_OUT,none
GenericTokenParser.java,org.apache.ibatis.parsing.GenericTokenParser,org.pitest.mutationtest.engine.gregor.mutators.NonVoidMethodCallMutator,parse,87,TIMED_OUT,none
GenericTokenParser.java,org.apache.ibatis.parsing.GenericTokenParser,org.pitest.mutationtest.engine.gregor.mutators.RemoveConditionalMutator_EQUAL_ELSE,parse,34,TIMED_OUT,none
GenericTokenParser.java,org.apache.ibatis.parsing.GenericTokenParser,org.pitest.mutationtest.engine.gregor.mutators.RemoveConditionalMutator_EQUAL_ELSE,parse,41,TIMED_OUT,none
GenericTokenParser.java,org.apache.ibatis.parsing.GenericTokenParser,org.pitest.mutationtest.engine.gregor.mutators.RemoveConditionalMutator_EQUAL_ELSE,parse,53,TIMED_OUT,none
GenericTokenParser.java,org.apache.ibatis.parsing.GenericTokenParser,org.pitest.mutationtest.engine.gregor.mutators.RemoveConditionalMutator_EQUAL_ELSE,parse,62,TIMED_OUT,none
GenericTokenParser.java,org.apache.ibatis.parsing.GenericTokenParser,org.pitest.mutationtest.engine.gregor.mutators.RemoveConditionalMutator_EQUAL_ELSE,parse,73,TIMED_OUT,none
GenericTokenParser.java,org.apache.ibatis.parsing.GenericTokenParser,org.pitest.mutationtest.engine.gregor.mutators.RemoveConditionalMutator_EQUAL_IF,parse,34,TIMED_OUT,none
GenericTokenParser.java,org.apache.ibatis.parsing.GenericTokenParser,org.pitest.mutationtest.engine.gregor.mutators.RemoveConditionalMutator_EQUAL_IF,parse,34,TIMED_OUT,none
GenericTokenParser.java,org.apache.ibatis.parsing.GenericTokenParser,org.pitest.mutationtest.engine.gregor.mutators.RemoveConditionalMutator_EQUAL_IF,parse,47,TIMED_OUT,none
GenericTokenParser.java,org.apache.ibatis.parsing.GenericTokenParser,org.pitest.mutationtest.engine.gregor.mutators.RemoveConditionalMutator_EQUAL_IF,parse,53,TIMED_OUT,none
GenericTokenParser.java,org.apache.ibatis.parsing.GenericTokenParser,org.pitest.mutationtest.engine.gregor.mutators.RemoveConditionalMutator_EQUAL_IF,parse,73,TIMED_OUT,none
GenericTokenParser.java,org.apache.ibatis.parsing.GenericTokenParser,org.pitest.mutationtest.engine.gregor.mutators.RemoveConditionalMutator_ORDER_ELSE,parse,61,TIMED_OUT,none
GenericTokenParser.java,org.apache.ibatis.parsing.GenericTokenParser,org.pitest.mutationtest.engine.gregor.mutators.RemoveConditionalMutator_ORDER_ELSE,parse,62,TIMED_OUT,none
GenericTokenParser.java,org.apache.ibatis.parsing.GenericTokenParser,org.pitest.mutationtest.engine.gregor.mutators.RemoveConditionalMutator_ORDER_ELSE,parse,84,TIMED_OUT,none
GenericTokenParser.java,org.apache.ibatis.parsing.GenericTokenParser,org.pitest.mutationtest.engine.gregor.mutators.RemoveConditionalMutator_ORDER_IF,parse,61,TIMED_OUT,none
GenericTokenParser.java,org.apache.ibatis.parsing.GenericTokenParser,org.pitest.mutationtest.engine.gregor.mutators.ReturnValsMutator,parse,42,TIMED_OUT,none
GenericTokenParser.java,org.apache.ibatis.parsing.GenericTokenParser,org.pitest.mutationtest.engine.gregor.mutators.ReturnValsMutator,parse,87,TIMED_OUT,none
GenericTokenParser.java,org.apache.ibatis.parsing.GenericTokenParser,org.pitest.mutationtest.engine.gregor.mutators.VoidMethodCallMutator,parse,56,TIMED_OUT,none
PropertyParser.java,org.apache.ibatis.parsing.PropertyParser,org.pitest.mutationtest.engine.gregor.mutators.ConstructorCallMutator,parse,54,TIMED_OUT,none
PropertyParser.java,org.apache.ibatis.parsing.PropertyParser,org.pitest.mutationtest.engine.gregor.mutators.ConstructorCallMutator,parse,55,TIMED_OUT,none
PropertyParser.java,org.apache.ibatis.parsing.PropertyParser,org.pitest.mutationtest.engine.gregor.mutators.ReturnValsMutator,parse,56,TIMED_OUT,none
PropertyParser.java,org.apache.ibatis.parsing.PropertyParser$VariableTokenHandler,org.pitest.mutationtest.engine.gregor.mutators.ArgumentPropagationMutator,<init>,66,TIMED_OUT,none
PropertyParser.java,org.apache.ibatis.parsing.PropertyParser$VariableTokenHandler,org.pitest.mutationtest.engine.gregor.mutators.ArgumentPropagationMutator,<init>,67,TIMED_OUT,none
PropertyParser.java,org.apache.ibatis.parsing.PropertyParser$VariableTokenHandler,org.pitest.mutationtest.engine.gregor.mutators.NonVoidMethodCallMutator,<init>,66,TIMED_OUT,none
PropertyParser.java,org.apache.ibatis.parsing.PropertyParser$VariableTokenHandler,org.pitest.mutationtest.engine.gregor.mutators.NonVoidMethodCallMutator,<init>,66,TIMED_OUT,none
PropertyParser.java,org.apache.ibatis.parsing.PropertyParser$VariableTokenHandler,org.pitest.mutationtest.engine.gregor.mutators.NonVoidMethodCallMutator,<init>,67,TIMED_OUT,none
PropertyParser.java,org.apache.ibatis.parsing.PropertyParser$VariableTokenHandler,org.pitest.mutationtest.engine.gregor.mutators.experimental.MemberVariableMutator,<init>,65,TIMED_OUT,none
PropertyParser.java,org.apache.ibatis.parsing.PropertyParser$VariableTokenHandler,org.pitest.mutationtest.engine.gregor.mutators.experimental.MemberVariableMutator,<init>,66,TIMED_OUT,none
PropertyParser.java,org.apache.ibatis.parsing.PropertyParser$VariableTokenHandler,org.pitest.mutationtest.engine.gregor.mutators.experimental.MemberVariableMutator,<init>,67,TIMED_OUT,none
PropertyParser.java,org.apache.ibatis.parsing.PropertyParser$VariableTokenHandler,org.pitest.mutationtest.engine.gregor.mutators.ArgumentPropagationMutator,getPropertyValue,71,TIMED_OUT,none
PropertyParser.java,org.apache.ibatis.parsing.PropertyParser$VariableTokenHandler,org.pitest.mutationtest.engine.gregor.mutators.NegateConditionalsMutator,getPropertyValue,71,TIMED_OUT,none
PropertyParser.java,org.apache.ibatis.parsing.PropertyParser$VariableTokenHandler,org.pitest.mutationtest.engine.gregor.mutators.NonVoidMethodCallMutator,getPropertyValue,71,TIMED_OUT,none
PropertyParser.java,org.apache.ibatis.parsing.PropertyParser$VariableTokenHandler,org.pitest.mutationtest.engine.gregor.mutators.RemoveConditionalMutator_EQUAL_ELSE,getPropertyValue,71,TIMED_OUT,none
PropertyParser.java,org.apache.ibatis.parsing.PropertyParser$VariableTokenHandler,org.pitest.mutationtest.engine.gregor.mutators.RemoveConditionalMutator_EQUAL_IF,getPropertyValue,71,TIMED_OUT,none
PropertyParser.java,org.apache.ibatis.parsing.PropertyParser$VariableTokenHandler,org.pitest.mutationtest.engine.gregor.mutators.ReturnValsMutator,getPropertyValue,71,TIMED_OUT,none
PropertyParser.java,org.apache.ibatis.parsing.PropertyParser$VariableTokenHandler,org.pitest.mutationtest.engine.gregor.mutators.ArgumentPropagationMutator,handleToken,90,TIMED_OUT,none
PropertyParser.java,org.apache.ibatis.parsing.PropertyParser$VariableTokenHandler,org.pitest.mutationtest.engine.gregor.mutators.ConstructorCallMutator,handleToken,93,TIMED_OUT,none
PropertyParser.java,org.apache.ibatis.parsing.PropertyParser$VariableTokenHandler,org.pitest.mutationtest.engine.gregor.mutators.NegateConditionalsMutator,handleToken,76,TIMED_OUT,none
PropertyParser.java,org.apache.ibatis.parsing.PropertyParser$VariableTokenHandler,org.pitest.mutationtest.engine.gregor.mutators.NegateConditionalsMutator,handleToken,78,TIMED_OUT,none
PropertyParser.java,org.apache.ibatis.parsing.PropertyParser$VariableTokenHandler,org.pitest.mutationtest.engine.gregor.mutators.NegateConditionalsMutator,handleToken,89,TIMED_OUT,none
PropertyParser.java,org.apache.ibatis.parsing.PropertyParser$VariableTokenHandler,org.pitest.mutationtest.engine.gregor.mutators.NonVoidMethodCallMutator,handleToken,89,TIMED_OUT,none
PropertyParser.java,org.apache.ibatis.parsing.PropertyParser$VariableTokenHandler,org.pitest.mutationtest.engine.gregor.mutators.NonVoidMethodCallMutator,handleToken,90,TIMED_OUT,none
PropertyParser.java,org.apache.ibatis.parsing.PropertyParser$VariableTokenHandler,org.pitest.mutationtest.engine.gregor.mutators.NonVoidMethodCallMutator,handleToken,93,TIMED_OUT,none
PropertyParser.java,org.apache.ibatis.parsing.PropertyParser$VariableTokenHandler,org.pitest.mutationtest.engine.gregor.mutators.NonVoidMethodCallMutator,handleToken,93,TIMED_OUT,none
PropertyParser.java,org.apache.ibatis.parsing.PropertyParser$VariableTokenHandler,org.pitest.mutationtest.engine.gregor.mutators.NonVoidMethodCallMutator,handleToken,93,TIMED_OUT,none
PropertyParser.java,org.apache.ibatis.parsing.PropertyParser$VariableTokenHandler,org.pitest.mutationtest.engine.gregor.mutators.NonVoidMethodCallMutator,handleToken,93,TIMED_OUT,none
PropertyParser.java,org.apache.ibatis.parsing.PropertyParser$VariableTokenHandler,org.pitest.mutationtest.engine.gregor.mutators.RemoveConditionalMutator_EQUAL_ELSE,handleToken,76,TIMED_OUT,none
PropertyParser.java,org.apache.ibatis.parsing.PropertyParser$VariableTokenHandler,org.pitest.mutationtest.engine.gregor.mutators.RemoveConditionalMutator_EQUAL_ELSE,handleToken,78,TIMED_OUT,none
PropertyParser.java,org.apache.ibatis.parsing.PropertyParser$VariableTokenHandler,org.pitest.mutationtest.engine.gregor.mutators.RemoveConditionalMutator_EQUAL_ELSE,handleToken,89,TIMED_OUT,none
PropertyParser.java,org.apache.ibatis.parsing.PropertyParser$VariableTokenHandler,org.pitest.mutationtest.engine.gregor.mutators.RemoveConditionalMutator_EQUAL_IF,handleToken,76,TIMED_OUT,none
PropertyParser.java,org.apache.ibatis.parsing.PropertyParser$VariableTokenHandler,org.pitest.mutationtest.engine.gregor.mutators.RemoveConditionalMutator_EQUAL_IF,handleToken,78,TIMED_OUT,none
PropertyParser.java,org.apache.ibatis.parsing.PropertyParser$VariableTokenHandler,org.pitest.mutationtest.engine.gregor.mutators.RemoveConditionalMutator_EQUAL_IF,handleToken,89,TIMED_OUT,none
PropertyParser.java,org.apache.ibatis.parsing.PropertyParser$VariableTokenHandler,org.pitest.mutationtest.engine.gregor.mutators.ReturnValsMutator,handleToken,90,TIMED_OUT,none
PropertyParser.java,org.apache.ibatis.parsing.PropertyParser$VariableTokenHandler,org.pitest.mutationtest.engine.gregor.mutators.ReturnValsMutator,handleToken,93,TIMED_OUT,none
XNode.java,org.apache.ibatis.parsing.XNode,org.pitest.mutationtest.engine.gregor.mutators.NonVoidMethodCallMutator,<init>,44,TIMED_OUT,none
XNode.java,org.apache.ibatis.parsing.XNode,org.pitest.mutationtest.engine.gregor.mutators.NonVoidMethodCallMutator,<init>,46,TIMED_OUT,none
XNode.java,org.apache.ibatis.parsing.XNode,org.pitest.mutationtest.engine.gregor.mutators.NonVoidMethodCallMutator,<init>,47,TIMED_OUT,none
XNode.java,org.apache.ibatis.parsing.XNode,org.pitest.mutationtest.engine.gregor.mutators.experimental.MemberVariableMutator,<init>,42,TIMED_OUT,none
XNode.java,org.apache.ibatis.parsing.XNode,org.pitest.mutationtest.engine.gregor.mutators.experimental.MemberVariableMutator,<init>,45,TIMED_OUT,none
XNode.java,org.apache.ibatis.parsing.XNode,org.pitest.mutationtest.engine.gregor.mutators.experimental.MemberVariableMutator,<init>,47,TIMED_OUT,none
XNode.java,org.apache.ibatis.parsing.XNode,org.pitest.mutationtest.engine.gregor.mutators.ReturnValsMutator,evalNode,116,TIMED_OUT,none
XNode.java,org.apache.ibatis.parsing.XNode,org.pitest.mutationtest.engine.gregor.mutators.NonVoidMethodCallMutator,evalNodes,112,TIMED_OUT,none
XNode.java,org.apache.ibatis.parsing.XNode,org.pitest.mutationtest.engine.gregor.mutators.ArgumentPropagationMutator,getBodyData,382,TIMED_OUT,none
XNode.java,org.apache.ibatis.parsing.XNode,org.pitest.mutationtest.engine.gregor.mutators.InlineConstantMutator,getBodyData,379,TIMED_OUT,none
XNode.java,org.apache.ibatis.parsing.XNode,org.pitest.mutationtest.engine.gregor.mutators.InlineConstantMutator,getBodyData,380,TIMED_OUT,none
XNode.java,org.apache.ibatis.parsing.XNode,org.pitest.mutationtest.engine.gregor.mutators.NegateConditionalsMutator,getBodyData,379,TIMED_OUT,none
XNode.java,org.apache.ibatis.parsing.XNode,org.pitest.mutationtest.engine.gregor.mutators.NegateConditionalsMutator,getBodyData,380,TIMED_OUT,none
XNode.java,org.apache.ibatis.parsing.XNode,org.pitest.mutationtest.engine.gregor.mutators.NonVoidMethodCallMutator,getBodyData,379,TIMED_OUT,none
XNode.java,org.apache.ibatis.parsing.XNode,org.pitest.mutationtest.engine.gregor.mutators.NonVoidMethodCallMutator,getBodyData,380,TIMED_OUT,none
XNode.java,org.apache.ibatis.parsing.XNode,org.pitest.mutationtest.engine.gregor.mutators.NonVoidMethodCallMutator,getBodyData,382,TIMED_OUT,none
XNode.java,org.apache.ibatis.parsing.XNode,org.pitest.mutationtest.engine.gregor.mutators.RemoveConditionalMutator_EQUAL_ELSE,getBodyData,379,TIMED_OUT,none
XNode.java,org.apache.ibatis.parsing.XNode,org.pitest.mutationtest.engine.gregor.mutators.RemoveConditionalMutator_EQUAL_ELSE,getBodyData,380,TIMED_OUT,none
XNode.java,org.apache.ibatis.parsing.XNode,org.pitest.mutationtest.engine.gregor.mutators.RemoveConditionalMutator_EQUAL_IF,getBodyData,380,TIMED_OUT,none
XNode.java,org.apache.ibatis.parsing.XNode,org.pitest.mutationtest.engine.gregor.mutators.ReturnValsMutator,getBodyData,383,TIMED_OUT,none
XNode.java,org.apache.ibatis.parsing.XNode,org.pitest.mutationtest.engine.gregor.mutators.ReturnValsMutator,getBodyData,385,TIMED_OUT,none
XNode.java,org.apache.ibatis.parsing.XNode,org.pitest.mutationtest.engine.gregor.mutators.ArgumentPropagationMutator,getBooleanAttribute,226,TIMED_OUT,none
XNode.java,org.apache.ibatis.parsing.XNode,org.pitest.mutationtest.engine.gregor.mutators.NonVoidMethodCallMutator,getBooleanAttribute,226,TIMED_OUT,none
XNode.java,org.apache.ibatis.parsing.XNode,org.pitest.mutationtest.engine.gregor.mutators.ReturnValsMutator,getBooleanAttribute,226,TIMED_OUT,none
XNode.java,org.apache.ibatis.parsing.XNode,org.pitest.mutationtest.engine.gregor.mutators.NonVoidMethodCallMutator,getBooleanAttribute,230,TIMED_OUT,none
XNode.java,org.apache.ibatis.parsing.XNode,org.pitest.mutationtest.engine.gregor.mutators.RemoveConditionalMutator_EQUAL_IF,getBooleanAttribute,231,TIMED_OUT,none
XNode.java,org.apache.ibatis.parsing.XNode,org.pitest.mutationtest.engine.gregor.mutators.ReturnValsMutator,getBooleanAttribute,232,TIMED_OUT,none
XNode.java,org.apache.ibatis.parsing.XNode,org.pitest.mutationtest.engine.gregor.mutators.ConditionalsBoundaryMutator,getChildren,294,TIMED_OUT,none
XNode.java,org.apache.ibatis.parsing.XNode,org.pitest.mutationtest.engine.gregor.mutators.ConstructorCallMutator,getChildren,297,TIMED_OUT,none
XNode.java,org.apache.ibatis.parsing.XNode,org.pitest.mutationtest.engine.gregor.mutators.IncrementsMutator,getChildren,294,TIMED_OUT,none
XNode.java,org.apache.ibatis.parsing.XNode,org.pitest.mutationtest.engine.gregor.mutators.InlineConstantMutator,getChildren,294,TIMED_OUT,none
XNode.java,org.apache.ibatis.parsing.XNode,org.pitest.mutationtest.engine.gregor.mutators.InlineConstantMutator,getChildren,296,TIMED_OUT,none
XNode.java,org.apache.ibatis.parsing.XNode,org.pitest.mutationtest.engine.gregor.mutators.NegateConditionalsMutator,getChildren,296,TIMED_OUT,none
XNode.java,org.apache.ibatis.parsing.XNode,org.pitest.mutationtest.engine.gregor.mutators.NonVoidMethodCallMutator,getChildren,292,TIMED_OUT,none
XNode.java,org.apache.ibatis.parsing.XNode,org.pitest.mutationtest.engine.gregor.mutators.NonVoidMethodCallMutator,getChildren,295,TIMED_OUT,none
XNode.java,org.apache.ibatis.parsing.XNode,org.pitest.mutationtest.engine.gregor.mutators.NonVoidMethodCallMutator,getChildren,296,TIMED_OUT,none
XNode.java,org.apache.ibatis.parsing.XNode,org.pitest.mutationtest.engine.gregor.mutators.NonVoidMethodCallMutator,getChildren,297,TIMED_OUT,none
XNode.java,org.apache.ibatis.parsing.XNode,org.pitest.mutationtest.engine.gregor.mutators.RemoveConditionalMutator_EQUAL_IF,getChildren,296,TIMED_OUT,none
XNode.java,org.apache.ibatis.parsing.XNode,org.pitest.mutationtest.engine.gregor.mutators.RemoveConditionalMutator_ORDER_ELSE,getChildren,294,TIMED_OUT,none
XNode.java,org.apache.ibatis.parsing.XNode,org.pitest.mutationtest.engine.gregor.mutators.ReturnValsMutator,getChildren,301,TIMED_OUT,none
XNode.java,org.apache.ibatis.parsing.XNode,org.pitest.mutationtest.engine.gregor.mutators.experimental.RemoveIncrementsMutator,getChildren,294,TIMED_OUT,none
XNode.java,org.apache.ibatis.parsing.XNode,org.pitest.mutationtest.engine.gregor.mutators.NegateConditionalsMutator,getChildrenAsProperties,306,TIMED_OUT,none
XNode.java,org.apache.ibatis.parsing.XNode,org.pitest.mutationtest.engine.gregor.mutators.NegateConditionalsMutator,getChildrenAsProperties,309,TIMED_OUT,none
XNode.java,org.apache.ibatis.parsing.XNode,org.pitest.mutationtest.engine.gregor.mutators.NegateConditionalsMutator,getChildrenAsProperties,309,TIMED_OUT,none
XNode.java,org.apache.ibatis.parsing.XNode,org.pitest.mutationtest.engine.gregor.mutators.NonVoidMethodCallMutator,getChildrenAsProperties,306,TIMED_OUT,none
XNode.java,org.apache.ibatis.parsing.XNode,org.pitest.mutationtest.engine.gregor.mutators.NonVoidMethodCallMutator,getChildrenAsProperties,306,TIMED_OUT,none
XNode.java,org.apache.ibatis.parsing.XNode,org.pitest.mutationtest.engine.gregor.mutators.NonVoidMethodCallMutator,getChildrenAsProperties,308,TIMED_OUT,none
XNode.java,org.apache.ibatis.parsing.XNode,org.pitest.mutationtest.engine.gregor.mutators.NonVoidMethodCallMutator,getChildrenAsProperties,310,TIMED_OUT,none
XNode.java,org.apache.ibatis.parsing.XNode,org.pitest.mutationtest.engine.gregor.mutators.RemoveConditionalMutator_EQUAL_ELSE,getChildrenAsProperties,306,TIMED_OUT,none
XNode.java,org.apache.ibatis.parsing.XNode,org.pitest.mutationtest.engine.gregor.mutators.RemoveConditionalMutator_EQUAL_IF,getChildrenAsProperties,306,TIMED_OUT,none
XNode.java,org.apache.ibatis.parsing.XNode,org.pitest.mutationtest.engine.gregor.mutators.RemoveConditionalMutator_EQUAL_IF,getChildrenAsProperties,309,TIMED_OUT,none
XNode.java,org.apache.ibatis.parsing.XNode,org.pitest.mutationtest.engine.gregor.mutators.ReturnValsMutator,getChildrenAsProperties,313,TIMED_OUT,none
XNode.java,org.apache.ibatis.parsing.XNode,org.pitest.mutationtest.engine.gregor.mutators.ReturnValsMutator,getIntAttribute,239,TIMED_OUT,none
XNode.java,org.apache.ibatis.parsing.XNode,org.pitest.mutationtest.engine.gregor.mutators.NegateConditionalsMutator,getIntAttribute,244,TIMED_OUT,none
XNode.java,org.apache.ibatis.parsing.XNode,org.pitest.mutationtest.engine.gregor.mutators.NonVoidMethodCallMutator,getIntAttribute,243,TIMED_OUT,none
XNode.java,org.apache.ibatis.parsing.XNode,org.pitest.mutationtest.engine.gregor.mutators.ReturnValsMutator,getIntAttribute,245,TIMED_OUT,none
XNode.java,org.apache.ibatis.parsing.XNode,org.pitest.mutationtest.engine.gregor.mutators.ArgumentPropagationMutator,getLongAttribute,252,TIMED_OUT,none
XNode.java,org.apache.ibatis.parsing.XNode,org.pitest.mutationtest.engine.gregor.mutators.ReturnValsMutator,getName,124,TIMED_OUT,none
XNode.java,org.apache.ibatis.parsing.XNode,org.pitest.mutationtest.engine.gregor.mutators.NegateConditionalsMutator,getParent,56,TIMED_OUT,none
XNode.java,org.apache.ibatis.parsing.XNode,org.pitest.mutationtest.engine.gregor.mutators.NegateConditionalsMutator,getParent,56,TIMED_OUT,none
XNode.java,org.apache.ibatis.parsing.XNode,org.pitest.mutationtest.engine.gregor.mutators.RemoveConditionalMutator_EQUAL_ELSE,getParent,56,TIMED_OUT,none
XNode.java,org.apache.ibatis.parsing.XNode,org.pitest.mutationtest.engine.gregor.mutators.RemoveConditionalMutator_EQUAL_ELSE,getParent,56,TIMED_OUT,none
XNode.java,org.apache.ibatis.parsing.XNode,org.pitest.mutationtest.engine.gregor.mutators.ReturnValsMutator,getParent,57,TIMED_OUT,none
XNode.java,org.apache.ibatis.parsing.XNode,org.pitest.mutationtest.engine.gregor.mutators.ReturnValsMutator,getParent,59,TIMED_OUT,none
XNode.java,org.apache.ibatis.parsing.XNode,org.pitest.mutationtest.engine.gregor.mutators.ArgumentPropagationMutator,getStringAttribute,213,TIMED_OUT,none
XNode.java,org.apache.ibatis.parsing.XNode,org.pitest.mutationtest.engine.gregor.mutators.ReturnValsMutator,getStringAttribute,213,TIMED_OUT,none
XNode.java,org.apache.ibatis.parsing.XNode,org.pitest.mutationtest.engine.gregor.mutators.ReturnValsMutator,getStringAttribute,221,TIMED_OUT,none
XNode.java,org.apache.ibatis.parsing.XNode,org.pitest.mutationtest.engine.gregor.mutators.NegateConditionalsMutator,getStringBody,132,TIMED_OUT,none
XNode.java,org.apache.ibatis.parsing.XNode,org.pitest.mutationtest.engine.gregor.mutators.RemoveConditionalMutator_EQUAL_IF,getStringBody,132,TIMED_OUT,none
XNode.java,org.apache.ibatis.parsing.XNode,org.pitest.mutationtest.engine.gregor.mutators.ArgumentPropagationMutator,getValueBasedIdentifier,85,TIMED_OUT,none
XNode.java,org.apache.ibatis.parsing.XNode,org.pitest.mutationtest.engine.gregor.mutators.ArgumentPropagationMutator,getValueBasedIdentifier,84,TIMED_OUT,none
XNode.java,org.apache.ibatis.parsing.XNode,org.pitest.mutationtest.engine.gregor.mutators.InlineConstantMutator,getValueBasedIdentifier,87,TIMED_OUT,none
XNode.java,org.apache.ibatis.parsing.XNode,org.pitest.mutationtest.engine.gregor.mutators.InlineConstantMutator,getValueBasedIdentifier,89,TIMED_OUT,none
XNode.java,org.apache.ibatis.parsing.XNode,org.pitest.mutationtest.engine.gregor.mutators.InlineConstantMutator,getValueBasedIdentifier,91,TIMED_OUT,none
XNode.java,org.apache.ibatis.parsing.XNode,org.pitest.mutationtest.engine.gregor.mutators.NegateConditionalsMutator,getValueBasedIdentifier,79,TIMED_OUT,none
XNode.java,org.apache.ibatis.parsing.XNode,org.pitest.mutationtest.engine.gregor.mutators.NegateConditionalsMutator,getValueBasedIdentifier,86,TIMED_OUT,none
XNode.java,org.apache.ibatis.parsing.XNode,org.pitest.mutationtest.engine.gregor.mutators.NonVoidMethodCallMutator,getValueBasedIdentifier,81,TIMED_OUT,none
XNode.java,org.apache.ibatis.parsing.XNode,org.pitest.mutationtest.engine.gregor.mutators.NonVoidMethodCallMutator,getValueBasedIdentifier,85,TIMED_OUT,none
XNode.java,org.apache.ibatis.parsing.XNode,org.pitest.mutationtest.engine.gregor.mutators.NonVoidMethodCallMutator,getValueBasedIdentifier,83,TIMED_OUT,none
XNode.java,org.apache.ibatis.parsing.XNode,org.pitest.mutationtest.engine.gregor.mutators.NonVoidMethodCallMutator,getValueBasedIdentifier,87,TIMED_OUT,none
XNode.java,org.apache.ibatis.parsing.XNode,org.pitest.mutationtest.engine.gregor.mutators.NonVoidMethodCallMutator,getValueBasedIdentifier,89,TIMED_OUT,none
XNode.java,org.apache.ibatis.parsing.XNode,org.pitest.mutationtest.engine.gregor.mutators.NonVoidMethodCallMutator,getValueBasedIdentifier,94,TIMED_OUT,none
XNode.java,org.apache.ibatis.parsing.XNode,org.pitest.mutationtest.engine.gregor.mutators.RemoveConditionalMutator_EQUAL_ELSE,getValueBasedIdentifier,79,TIMED_OUT,none
XNode.java,org.apache.ibatis.parsing.XNode,org.pitest.mutationtest.engine.gregor.mutators.RemoveConditionalMutator_EQUAL_IF,getValueBasedIdentifier,79,TIMED_OUT,none
XNode.java,org.apache.ibatis.parsing.XNode,org.pitest.mutationtest.engine.gregor.mutators.RemoveConditionalMutator_EQUAL_IF,getValueBasedIdentifier,80,TIMED_OUT,none
XNode.java,org.apache.ibatis.parsing.XNode,org.pitest.mutationtest.engine.gregor.mutators.RemoveConditionalMutator_EQUAL_IF,getValueBasedIdentifier,86,TIMED_OUT,none
XNode.java,org.apache.ibatis.parsing.XNode,org.pitest.mutationtest.engine.gregor.mutators.ConstructorCallMutator,newXNode,51,TIMED_OUT,none
XNode.java,org.apache.ibatis.parsing.XNode,org.pitest.mutationtest.engine.gregor.mutators.ReturnValsMutator,newXNode,51,TIMED_OUT,none
XNode.java,org.apache.ibatis.parsing.XNode,org.pitest.mutationtest.engine.gregor.mutators.ArgumentPropagationMutator,parseAttributes,356,TIMED_OUT,none
XNode.java,org.apache.ibatis.parsing.XNode,org.pitest.mutationtest.engine.gregor.mutators.ArgumentPropagationMutator,parseAttributes,357,TIMED_OUT,none
XNode.java,org.apache.ibatis.parsing.XNode,org.pitest.mutationtest.engine.gregor.mutators.ConstructorCallMutator,parseAttributes,351,TIMED_OUT,none
XNode.java,org.apache.ibatis.parsing.XNode,org.pitest.mutationtest.engine.gregor.mutators.IncrementsMutator,parseAttributes,354,TIMED_OUT,none
XNode.java,org.apache.ibatis.parsing.XNode,org.pitest.mutationtest.engine.gregor.mutators.InlineConstantMutator,parseAttributes,354,TIMED_OUT,none
XNode.java,org.apache.ibatis.parsing.XNode,org.pitest.mutationtest.engine.gregor.mutators.NegateConditionalsMutator,parseAttributes,353,TIMED_OUT,none
XNode.java,org.apache.ibatis.parsing.XNode,org.pitest.mutationtest.engine.gregor.mutators.NonVoidMethodCallMutator,parseAttributes,354,TIMED_OUT,none
XNode.java,org.apache.ibatis.parsing.XNode,org.pitest.mutationtest.engine.gregor.mutators.NonVoidMethodCallMutator,parseAttributes,356,TIMED_OUT,none
XNode.java,org.apache.ibatis.parsing.XNode,org.pitest.mutationtest.engine.gregor.mutators.NonVoidMethodCallMutator,parseAttributes,357,TIMED_OUT,none
XNode.java,org.apache.ibatis.parsing.XNode,org.pitest.mutationtest.engine.gregor.mutators.RemoveConditionalMutator_EQUAL_ELSE,parseAttributes,353,TIMED_OUT,none
XNode.java,org.apache.ibatis.parsing.XNode,org.pitest.mutationtest.engine.gregor.mutators.experimental.RemoveIncrementsMutator,parseAttributes,354,TIMED_OUT,none
XNode.java,org.apache.ibatis.parsing.XNode,org.pitest.mutationtest.engine.gregor.mutators.ConditionalsBoundaryMutator,parseBody,367,TIMED_OUT,none
XNode.java,org.apache.ibatis.parsing.XNode,org.pitest.mutationtest.engine.gregor.mutators.NegateConditionalsMutator,parseBody,370,TIMED_OUT,none
XNode.java,org.apache.ibatis.parsing.XNode,org.pitest.mutationtest.engine.gregor.mutators.NonVoidMethodCallMutator,parseBody,364,TIMED_OUT,none
XNode.java,org.apache.ibatis.parsing.XNode,org.pitest.mutationtest.engine.gregor.mutators.NonVoidMethodCallMutator,parseBody,368,TIMED_OUT,none
XNode.java,org.apache.ibatis.parsing.XNode,org.pitest.mutationtest.engine.gregor.mutators.RemoveConditionalMutator_EQUAL_IF,parseBody,370,TIMED_OUT,none
XNode.java,org.apache.ibatis.parsing.XNode,org.pitest.mutationtest.engine.gregor.mutators.RemoveConditionalMutator_ORDER_ELSE,parseBody,367,TIMED_OUT,none
XNode.java,org.apache.ibatis.parsing.XNode,org.pitest.mutationtest.engine.gregor.mutators.RemoveConditionalMutator_ORDER_IF,parseBody,367,TIMED_OUT,none
XPathParser.java,org.apache.ibatis.parsing.XPathParser,org.pitest.mutationtest.engine.gregor.mutators.ConstructorCallMutator,<init>,125,TIMED_OUT,none
XPathParser.java,org.apache.ibatis.parsing.XPathParser,org.pitest.mutationtest.engine.gregor.mutators.NonVoidMethodCallMutator,<init>,125,TIMED_OUT,none
XPathParser.java,org.apache.ibatis.parsing.XPathParser,org.pitest.mutationtest.engine.gregor.mutators.VoidMethodCallMutator,<init>,124,TIMED_OUT,none
XPathParser.java,org.apache.ibatis.parsing.XPathParser,org.pitest.mutationtest.engine.gregor.mutators.experimental.MemberVariableMutator,<init>,125,TIMED_OUT,none
XPathParser.java,org.apache.ibatis.parsing.XPathParser,org.pitest.mutationtest.engine.gregor.mutators.ConstructorCallMutator,<init>,120,TIMED_OUT,none
XPathParser.java,org.apache.ibatis.parsing.XPathParser,org.pitest.mutationtest.engine.gregor.mutators.NonVoidMethodCallMutator,<init>,120,TIMED_OUT,none
XPathParser.java,org.apache.ibatis.parsing.XPathParser,org.pitest.mutationtest.engine.gregor.mutators.VoidMethodCallMutator,<init>,119,TIMED_OUT,none
XPathParser.java,org.apache.ibatis.parsing.XPathParser,org.pitest.mutationtest.engine.gregor.mutators.experimental.MemberVariableMutator,<init>,120,TIMED_OUT,none
XPathParser.java,org.apache.ibatis.parsing.XPathParser,org.pitest.mutationtest.engine.gregor.mutators.NonVoidMethodCallMutator,commonConstructor,267,TIMED_OUT,none
XPathParser.java,org.apache.ibatis.parsing.XPathParser,org.pitest.mutationtest.engine.gregor.mutators.NonVoidMethodCallMutator,commonConstructor,268,TIMED_OUT,none
XPathParser.java,org.apache.ibatis.parsing.XPathParser,org.pitest.mutationtest.engine.gregor.mutators.experimental.MemberVariableMutator,commonConstructor,264,TIMED_OUT,none
XPathParser.java,org.apache.ibatis.parsing.XPathParser,org.pitest.mutationtest.engine.gregor.mutators.experimental.MemberVariableMutator,commonConstructor,265,TIMED_OUT,none
XPathParser.java,org.apache.ibatis.parsing.XPathParser,org.pitest.mutationtest.engine.gregor.mutators.experimental.MemberVariableMutator,commonConstructor,266,TIMED_OUT,none
XPathParser.java,org.apache.ibatis.parsing.XPathParser,org.pitest.mutationtest.engine.gregor.mutators.experimental.MemberVariableMutator,commonConstructor,268,TIMED_OUT,none
XPathParser.java,org.apache.ibatis.parsing.XPathParser,org.pitest.mutationtest.engine.gregor.mutators.ConstructorCallMutator,createDocument,242,TIMED_OUT,none
XPathParser.java,org.apache.ibatis.parsing.XPathParser,org.pitest.mutationtest.engine.gregor.mutators.InlineConstantMutator,createDocument,234,TIMED_OUT,none
XPathParser.java,org.apache.ibatis.parsing.XPathParser,org.pitest.mutationtest.engine.gregor.mutators.InlineConstantMutator,createDocument,235,TIMED_OUT,none
XPathParser.java,org.apache.ibatis.parsing.XPathParser,org.pitest.mutationtest.engine.gregor.mutators.InlineConstantMutator,createDocument,236,TIMED_OUT,none
XPathParser.java,org.apache.ibatis.parsing.XPathParser,org.pitest.mutationtest.engine.gregor.mutators.InlineConstantMutator,createDocument,237,TIMED_OUT,none
XPathParser.java,org.apache.ibatis.parsing.XPathParser,org.pitest.mutationtest.engine.gregor.mutators.InlineConstantMutator,createDocument,238,TIMED_OUT,none
XPathParser.java,org.apache.ibatis.parsing.XPathParser,org.pitest.mutationtest.engine.gregor.mutators.NonVoidMethodCallMutator,createDocument,231,TIMED_OUT,none
XPathParser.java,org.apache.ibatis.parsing.XPathParser,org.pitest.mutationtest.engine.gregor.mutators.NonVoidMethodCallMutator,createDocument,240,TIMED_OUT,none
XPathParser.java,org.apache.ibatis.parsing.XPathParser,org.pitest.mutationtest.engine.gregor.mutators.NonVoidMethodCallMutator,createDocument,257,TIMED_OUT,none
XPathParser.java,org.apache.ibatis.parsing.XPathParser,org.pitest.mutationtest.engine.gregor.mutators.ReturnValsMutator,createDocument,257,TIMED_OUT,none
XPathParser.java,org.apache.ibatis.parsing.XPathParser,org.pitest.mutationtest.engine.gregor.mutators.VoidMethodCallMutator,createDocument,232,TIMED_OUT,none
XPathParser.java,org.apache.ibatis.parsing.XPathParser,org.pitest.mutationtest.engine.gregor.mutators.VoidMethodCallMutator,createDocument,234,TIMED_OUT,none
XPathParser.java,org.apache.ibatis.parsing.XPathParser,org.pitest.mutationtest.engine.gregor.mutators.VoidMethodCallMutator,createDocument,235,TIMED_OUT,none
XPathParser.java,org.apache.ibatis.parsing.XPathParser,org.pitest.mutationtest.engine.gregor.mutators.VoidMethodCallMutator,createDocument,236,TIMED_OUT,none
XPathParser.java,org.apache.ibatis.parsing.XPathParser,org.pitest.mutationtest.engine.gregor.mutators.VoidMethodCallMutator,createDocument,237,TIMED_OUT,none
XPathParser.java,org.apache.ibatis.parsing.XPathParser,org.pitest.mutationtest.engine.gregor.mutators.VoidMethodCallMutator,createDocument,238,TIMED_OUT,none
XPathParser.java,org.apache.ibatis.parsing.XPathParser,org.pitest.mutationtest.engine.gregor.mutators.VoidMethodCallMutator,createDocument,241,TIMED_OUT,none
XPathParser.java,org.apache.ibatis.parsing.XPathParser,org.pitest.mutationtest.engine.gregor.mutators.VoidMethodCallMutator,createDocument,242,TIMED_OUT,none
XPathParser.java,org.apache.ibatis.parsing.XPathParser,org.pitest.mutationtest.engine.gregor.mutators.ArgumentPropagationMutator,evalNode,213,TIMED_OUT,none
XPathParser.java,org.apache.ibatis.parsing.XPathParser,org.pitest.mutationtest.engine.gregor.mutators.ConstructorCallMutator,evalNode,217,TIMED_OUT,none
XPathParser.java,org.apache.ibatis.parsing.XPathParser,org.pitest.mutationtest.engine.gregor.mutators.NegateConditionalsMutator,evalNode,214,TIMED_OUT,none
XPathParser.java,org.apache.ibatis.parsing.XPathParser,org.pitest.mutationtest.engine.gregor.mutators.NonVoidMethodCallMutator,evalNode,213,TIMED_OUT,none
XPathParser.java,org.apache.ibatis.parsing.XPathParser,org.pitest.mutationtest.engine.gregor.mutators.RemoveConditionalMutator_EQUAL_ELSE,evalNode,214,TIMED_OUT,none
XPathParser.java,org.apache.ibatis.parsing.XPathParser,org.pitest.mutationtest.engine.gregor.mutators.RemoveConditionalMutator_EQUAL_IF,evalNode,214,TIMED_OUT,none
XPathParser.java,org.apache.ibatis.parsing.XPathParser,org.pitest.mutationtest.engine.gregor.mutators.ReturnValsMutator,evalNode,215,TIMED_OUT,none
XPathParser.java,org.apache.ibatis.parsing.XPathParser,org.pitest.mutationtest.engine.gregor.mutators.ReturnValsMutator,evalNode,217,TIMED_OUT,none
XPathParser.java,org.apache.ibatis.parsing.XPathParser,org.pitest.mutationtest.engine.gregor.mutators.NonVoidMethodCallMutator,evalNode,209,TIMED_OUT,none
XPathParser.java,org.apache.ibatis.parsing.XPathParser,org.pitest.mutationtest.engine.gregor.mutators.ReturnValsMutator,evalNode,209,TIMED_OUT,none
XPathParser.java,org.apache.ibatis.parsing.XPathParser,org.pitest.mutationtest.engine.gregor.mutators.ArgumentPropagationMutator,evalNodes,201,TIMED_OUT,none
XPathParser.java,org.apache.ibatis.parsing.XPathParser,org.pitest.mutationtest.engine.gregor.mutators.ConditionalsBoundaryMutator,evalNodes,202,TIMED_OUT,none
XPathParser.java,org.apache.ibatis.parsing.XPathParser,org.pitest.mutationtest.engine.gregor.mutators.ConstructorCallMutator,evalNodes,200,TIMED_OUT,none
XPathParser.java,org.apache.ibatis.parsing.XPathParser,org.pitest.mutationtest.engine.gregor.mutators.ConstructorCallMutator,evalNodes,203,TIMED_OUT,none
XPathParser.java,org.apache.ibatis.parsing.XPathParser,org.pitest.mutationtest.engine.gregor.mutators.IncrementsMutator,evalNodes,202,TIMED_OUT,none
XPathParser.java,org.apache.ibatis.parsing.XPathParser,org.pitest.mutationtest.engine.gregor.mutators.InlineConstantMutator,evalNodes,202,TIMED_OUT,none
XPathParser.java,org.apache.ibatis.parsing.XPathParser,org.pitest.mutationtest.engine.gregor.mutators.NegateConditionalsMutator,evalNodes,202,TIMED_OUT,none
XPathParser.java,org.apache.ibatis.parsing.XPathParser,org.pitest.mutationtest.engine.gregor.mutators.NonVoidMethodCallMutator,evalNodes,201,TIMED_OUT,none
XPathParser.java,org.apache.ibatis.parsing.XPathParser,org.pitest.mutationtest.engine.gregor.mutators.NonVoidMethodCallMutator,evalNodes,202,TIMED_OUT,none
XPathParser.java,org.apache.ibatis.parsing.XPathParser,org.pitest.mutationtest.engine.gregor.mutators.NonVoidMethodCallMutator,evalNodes,203,TIMED_OUT,none
XPathParser.java,org.apache.ibatis.parsing.XPathParser,org.pitest.mutationtest.engine.gregor.mutators.NonVoidMethodCallMutator,evalNodes,203,TIMED_OUT,none
XPathParser.java,org.apache.ibatis.parsing.XPathParser,org.pitest.mutationtest.engine.gregor.mutators.RemoveConditionalMutator_ORDER_ELSE,evalNodes,202,TIMED_OUT,none
XPathParser.java,org.apache.ibatis.parsing.XPathParser,org.pitest.mutationtest.engine.gregor.mutators.RemoveConditionalMutator_ORDER_IF,evalNodes,202,TIMED_OUT,none
XPathParser.java,org.apache.ibatis.parsing.XPathParser,org.pitest.mutationtest.engine.gregor.mutators.ReturnValsMutator,evalNodes,205,TIMED_OUT,none
XPathParser.java,org.apache.ibatis.parsing.XPathParser,org.pitest.mutationtest.engine.gregor.mutators.experimental.RemoveIncrementsMutator,evalNodes,202,TIMED_OUT,none
XPathParser.java,org.apache.ibatis.parsing.XPathParser,org.pitest.mutationtest.engine.gregor.mutators.ArgumentPropagationMutator,evaluate,222,TIMED_OUT,none
XPathParser.java,org.apache.ibatis.parsing.XPathParser,org.pitest.mutationtest.engine.gregor.mutators.NonVoidMethodCallMutator,evaluate,222,TIMED_OUT,none
XPathParser.java,org.apache.ibatis.parsing.XPathParser,org.pitest.mutationtest.engine.gregor.mutators.ReturnValsMutator,evaluate,222,TIMED_OUT,none
XPathParser.java,org.apache.ibatis.parsing.XPathParser,org.pitest.mutationtest.engine.gregor.mutators.experimental.MemberVariableMutator,setVariables,134,TIMED_OUT,none
InterceptorChain.java,org.apache.ibatis.plugin.InterceptorChain,org.pitest.mutationtest.engine.gregor.mutators.experimental.MemberVariableMutator,<init>,27,TIMED_OUT,none
InterceptorChain.java,org.apache.ibatis.plugin.InterceptorChain,org.pitest.mutationtest.engine.gregor.mutators.NonVoidMethodCallMutator,pluginAll,30,TIMED_OUT,none
InterceptorChain.java,org.apache.ibatis.plugin.InterceptorChain,org.pitest.mutationtest.engine.gregor.mutators.RemoveConditionalMutator_EQUAL_ELSE,pluginAll,30,TIMED_OUT,none
Plugin.java,org.apache.ibatis.plugin.Plugin,org.pitest.mutationtest.engine.gregor.mutators.experimental.RemoveIncrementsMutator,getAllInterfaces,96,TIMED_OUT,none
Plugin.java,org.apache.ibatis.plugin.Plugin,org.pitest.mutationtest.engine.gregor.mutators.experimental.RemoveIncrementsMutator,getSignatureMap,77,TIMED_OUT,none
DefaultReflectorFactory.java,org.apache.ibatis.reflection.DefaultReflectorFactory,org.pitest.mutationtest.engine.gregor.mutators.ConstructorCallMutator,<init>,23,TIMED_OUT,none
DefaultReflectorFactory.java,org.apache.ibatis.reflection.DefaultReflectorFactory,org.pitest.mutationtest.engine.gregor.mutators.InlineConstantMutator,<init>,22,TIMED_OUT,none
DefaultReflectorFactory.java,org.apache.ibatis.reflection.DefaultReflectorFactory,org.pitest.mutationtest.engine.gregor.mutators.experimental.MemberVariableMutator,<init>,23,TIMED_OUT,none
DefaultReflectorFactory.java,org.apache.ibatis.reflection.DefaultReflectorFactory,org.pitest.mutationtest.engine.gregor.mutators.ArgumentPropagationMutator,findForClass,42,TIMED_OUT,none
DefaultReflectorFactory.java,org.apache.ibatis.reflection.DefaultReflectorFactory,org.pitest.mutationtest.engine.gregor.mutators.ConstructorCallMutator,findForClass,44,TIMED_OUT,none
DefaultReflectorFactory.java,org.apache.ibatis.reflection.DefaultReflectorFactory,org.pitest.mutationtest.engine.gregor.mutators.NegateConditionalsMutator,findForClass,40,TIMED_OUT,none
DefaultReflectorFactory.java,org.apache.ibatis.reflection.DefaultReflectorFactory,org.pitest.mutationtest.engine.gregor.mutators.NonVoidMethodCallMutator,findForClass,42,TIMED_OUT,none
DefaultReflectorFactory.java,org.apache.ibatis.reflection.DefaultReflectorFactory,org.pitest.mutationtest.engine.gregor.mutators.NonVoidMethodCallMutator,findForClass,45,TIMED_OUT,none
DefaultReflectorFactory.java,org.apache.ibatis.reflection.DefaultReflectorFactory,org.pitest.mutationtest.engine.gregor.mutators.RemoveConditionalMutator_EQUAL_IF,findForClass,43,TIMED_OUT,none
MetaClass.java,org.apache.ibatis.reflection.MetaClass,org.pitest.mutationtest.engine.gregor.mutators.NonVoidMethodCallMutator,<init>,39,TIMED_OUT,none
MetaClass.java,org.apache.ibatis.reflection.MetaClass,org.pitest.mutationtest.engine.gregor.mutators.experimental.MemberVariableMutator,<init>,38,TIMED_OUT,none
MetaClass.java,org.apache.ibatis.reflection.MetaClass,org.pitest.mutationtest.engine.gregor.mutators.experimental.MemberVariableMutator,<init>,39,TIMED_OUT,none
MetaClass.java,org.apache.ibatis.reflection.MetaClass,org.pitest.mutationtest.engine.gregor.mutators.NegateConditionalsMutator,buildProperty,173,TIMED_OUT,none
MetaClass.java,org.apache.ibatis.reflection.MetaClass,org.pitest.mutationtest.engine.gregor.mutators.NegateConditionalsMutator,buildProperty,183,TIMED_OUT,none
MetaClass.java,org.apache.ibatis.reflection.MetaClass,org.pitest.mutationtest.engine.gregor.mutators.NonVoidMethodCallMutator,buildProperty,173,TIMED_OUT,none
MetaClass.java,org.apache.ibatis.reflection.MetaClass,org.pitest.mutationtest.engine.gregor.mutators.NonVoidMethodCallMutator,buildProperty,182,TIMED_OUT,none
MetaClass.java,org.apache.ibatis.reflection.MetaClass,org.pitest.mutationtest.engine.gregor.mutators.RemoveConditionalMutator_EQUAL_ELSE,buildProperty,173,TIMED_OUT,none
MetaClass.java,org.apache.ibatis.reflection.MetaClass,org.pitest.mutationtest.engine.gregor.mutators.RemoveConditionalMutator_EQUAL_IF,buildProperty,183,TIMED_OUT,none
MetaClass.java,org.apache.ibatis.reflection.MetaClass,org.pitest.mutationtest.engine.gregor.mutators.ArgumentPropagationMutator,findProperty,52,TIMED_OUT,none
MetaClass.java,org.apache.ibatis.reflection.MetaClass,org.pitest.mutationtest.engine.gregor.mutators.ConditionalsBoundaryMutator,findProperty,53,TIMED_OUT,none
MetaClass.java,org.apache.ibatis.reflection.MetaClass,org.pitest.mutationtest.engine.gregor.mutators.NonVoidMethodCallMutator,findProperty,53,TIMED_OUT,none
MetaClass.java,org.apache.ibatis.reflection.MetaClass,org.pitest.mutationtest.engine.gregor.mutators.ArgumentPropagationMutator,findProperty,60,TIMED_OUT,none
MetaClass.java,org.apache.ibatis.reflection.MetaClass,org.pitest.mutationtest.engine.gregor.mutators.NegateConditionalsMutator,findProperty,57,TIMED_OUT,none
MetaClass.java,org.apache.ibatis.reflection.MetaClass,org.pitest.mutationtest.engine.gregor.mutators.RemoveConditionalMutator_EQUAL_ELSE,findProperty,57,TIMED_OUT,none
MetaClass.java,org.apache.ibatis.reflection.MetaClass,org.pitest.mutationtest.engine.gregor.mutators.RemoveConditionalMutator_EQUAL_IF,findProperty,57,TIMED_OUT,none
MetaClass.java,org.apache.ibatis.reflection.MetaClass,org.pitest.mutationtest.engine.gregor.mutators.ReturnValsMutator,findProperty,60,TIMED_OUT,none
MetaClass.java,org.apache.ibatis.reflection.MetaClass,org.pitest.mutationtest.engine.gregor.mutators.NonVoidMethodCallMutator,getGetInvoker,164,TIMED_OUT,none
MetaClass.java,org.apache.ibatis.reflection.MetaClass,org.pitest.mutationtest.engine.gregor.mutators.ConstructorCallMutator,getGetterType,82,TIMED_OUT,none
MetaClass.java,org.apache.ibatis.reflection.MetaClass,org.pitest.mutationtest.engine.gregor.mutators.NegateConditionalsMutator,getGetterType,83,TIMED_OUT,none
MetaClass.java,org.apache.ibatis.reflection.MetaClass,org.pitest.mutationtest.engine.gregor.mutators.NonVoidMethodCallMutator,getGetterType,83,TIMED_OUT,none
MetaClass.java,org.apache.ibatis.reflection.MetaClass,org.pitest.mutationtest.engine.gregor.mutators.NonVoidMethodCallMutator,getGetterType,88,TIMED_OUT,none
MetaClass.java,org.apache.ibatis.reflection.MetaClass,org.pitest.mutationtest.engine.gregor.mutators.RemoveConditionalMutator_EQUAL_ELSE,getGetterType,83,TIMED_OUT,none
MetaClass.java,org.apache.ibatis.reflection.MetaClass,org.pitest.mutationtest.engine.gregor.mutators.RemoveConditionalMutator_EQUAL_IF,getGetterType,83,TIMED_OUT,none
MetaClass.java,org.apache.ibatis.reflection.MetaClass,org.pitest.mutationtest.engine.gregor.mutators.ReturnValsMutator,getGetterType,88,TIMED_OUT,none
MetaClass.java,org.apache.ibatis.reflection.MetaClass,org.pitest.mutationtest.engine.gregor.mutators.NegateConditionalsMutator,getGetterType,98,TIMED_OUT,none
MetaClass.java,org.apache.ibatis.reflection.MetaClass,org.pitest.mutationtest.engine.gregor.mutators.NegateConditionalsMutator,getGetterType,98,TIMED_OUT,none
MetaClass.java,org.apache.ibatis.reflection.MetaClass,org.pitest.mutationtest.engine.gregor.mutators.NonVoidMethodCallMutator,getGetterType,97,TIMED_OUT,none
MetaClass.java,org.apache.ibatis.reflection.MetaClass,org.pitest.mutationtest.engine.gregor.mutators.NonVoidMethodCallMutator,getGetterType,97,TIMED_OUT,none
MetaClass.java,org.apache.ibatis.reflection.MetaClass,org.pitest.mutationtest.engine.gregor.mutators.NonVoidMethodCallMutator,getGetterType,98,TIMED_OUT,none
MetaClass.java,org.apache.ibatis.reflection.MetaClass,org.pitest.mutationtest.engine.gregor.mutators.NonVoidMethodCallMutator,getGetterType,98,TIMED_OUT,none
MetaClass.java,org.apache.ibatis.reflection.MetaClass,org.pitest.mutationtest.engine.gregor.mutators.RemoveConditionalMutator_EQUAL_ELSE,getGetterType,98,TIMED_OUT,none
MetaClass.java,org.apache.ibatis.reflection.MetaClass,org.pitest.mutationtest.engine.gregor.mutators.RemoveConditionalMutator_EQUAL_ELSE,getGetterType,98,TIMED_OUT,none
MetaClass.java,org.apache.ibatis.reflection.MetaClass,org.pitest.mutationtest.engine.gregor.mutators.RemoveConditionalMutator_EQUAL_IF,getGetterType,98,TIMED_OUT,none
MetaClass.java,org.apache.ibatis.reflection.MetaClass,org.pitest.mutationtest.engine.gregor.mutators.RemoveConditionalMutator_EQUAL_IF,getGetterType,98,TIMED_OUT,none
MetaClass.java,org.apache.ibatis.reflection.MetaClass,org.pitest.mutationtest.engine.gregor.mutators.ReturnValsMutator,getGetterType,112,TIMED_OUT,none
MetaClass.java,org.apache.ibatis.reflection.MetaClass,org.pitest.mutationtest.engine.gregor.mutators.NonVoidMethodCallMutator,getSetInvoker,168,TIMED_OUT,none
MetaClass.java,org.apache.ibatis.reflection.MetaClass,org.pitest.mutationtest.engine.gregor.mutators.ReturnValsMutator,getSetInvoker,168,TIMED_OUT,none
MetaClass.java,org.apache.ibatis.reflection.MetaClass,org.pitest.mutationtest.engine.gregor.mutators.ConstructorCallMutator,getSetterType,72,TIMED_OUT,none
MetaClass.java,org.apache.ibatis.reflection.MetaClass,org.pitest.mutationtest.engine.gregor.mutators.NegateConditionalsMutator,getSetterType,73,TIMED_OUT,none
MetaClass.java,org.apache.ibatis.reflection.MetaClass,org.pitest.mutationtest.engine.gregor.mutators.NonVoidMethodCallMutator,getSetterType,73,TIMED_OUT,none
MetaClass.java,org.apache.ibatis.reflection.MetaClass,org.pitest.mutationtest.engine.gregor.mutators.NonVoidMethodCallMutator,getSetterType,77,TIMED_OUT,none
MetaClass.java,org.apache.ibatis.reflection.MetaClass,org.pitest.mutationtest.engine.gregor.mutators.NonVoidMethodCallMutator,getSetterType,77,TIMED_OUT,none
MetaClass.java,org.apache.ibatis.reflection.MetaClass,org.pitest.mutationtest.engine.gregor.mutators.RemoveConditionalMutator_EQUAL_ELSE,getSetterType,73,TIMED_OUT,none
MetaClass.java,org.apache.ibatis.reflection.MetaClass,org.pitest.mutationtest.engine.gregor.mutators.RemoveConditionalMutator_EQUAL_IF,getSetterType,73,TIMED_OUT,none
MetaClass.java,org.apache.ibatis.reflection.MetaClass,org.pitest.mutationtest.engine.gregor.mutators.ReturnValsMutator,getSetterType,77,TIMED_OUT,none
MetaClass.java,org.apache.ibatis.reflection.MetaClass,org.pitest.mutationtest.engine.gregor.mutators.NonVoidMethodCallMutator,hasDefaultConstructor,191,TIMED_OUT,none
MetaClass.java,org.apache.ibatis.reflection.MetaClass,org.pitest.mutationtest.engine.gregor.mutators.ReturnValsMutator,hasDefaultConstructor,191,TIMED_OUT,none
MetaClass.java,org.apache.ibatis.reflection.MetaClass,org.pitest.mutationtest.engine.gregor.mutators.ConstructorCallMutator,hasGetter,150,TIMED_OUT,none
MetaClass.java,org.apache.ibatis.reflection.MetaClass,org.pitest.mutationtest.engine.gregor.mutators.InlineConstantMutator,hasGetter,156,TIMED_OUT,none
MetaClass.java,org.apache.ibatis.reflection.MetaClass,org.pitest.mutationtest.engine.gregor.mutators.NegateConditionalsMutator,hasGetter,151,TIMED_OUT,none
MetaClass.java,org.apache.ibatis.reflection.MetaClass,org.pitest.mutationtest.engine.gregor.mutators.NegateConditionalsMutator,hasGetter,152,TIMED_OUT,none
MetaClass.java,org.apache.ibatis.reflection.MetaClass,org.pitest.mutationtest.engine.gregor.mutators.NonVoidMethodCallMutator,hasGetter,151,TIMED_OUT,none
MetaClass.java,org.apache.ibatis.reflection.MetaClass,org.pitest.mutationtest.engine.gregor.mutators.NonVoidMethodCallMutator,hasGetter,152,TIMED_OUT,none
MetaClass.java,org.apache.ibatis.reflection.MetaClass,org.pitest.mutationtest.engine.gregor.mutators.NonVoidMethodCallMutator,hasGetter,152,TIMED_OUT,none
MetaClass.java,org.apache.ibatis.reflection.MetaClass,org.pitest.mutationtest.engine.gregor.mutators.NonVoidMethodCallMutator,hasGetter,159,TIMED_OUT,none
MetaClass.java,org.apache.ibatis.reflection.MetaClass,org.pitest.mutationtest.engine.gregor.mutators.NonVoidMethodCallMutator,hasGetter,159,TIMED_OUT,none
MetaClass.java,org.apache.ibatis.reflection.MetaClass,org.pitest.mutationtest.engine.gregor.mutators.RemoveConditionalMutator_EQUAL_ELSE,hasGetter,151,TIMED_OUT,none
MetaClass.java,org.apache.ibatis.reflection.MetaClass,org.pitest.mutationtest.engine.gregor.mutators.RemoveConditionalMutator_EQUAL_ELSE,hasGetter,152,TIMED_OUT,none
MetaClass.java,org.apache.ibatis.reflection.MetaClass,org.pitest.mutationtest.engine.gregor.mutators.RemoveConditionalMutator_EQUAL_IF,hasGetter,151,TIMED_OUT,none
MetaClass.java,org.apache.ibatis.reflection.MetaClass,org.pitest.mutationtest.engine.gregor.mutators.RemoveConditionalMutator_EQUAL_IF,hasGetter,152,TIMED_OUT,none
MetaClass.java,org.apache.ibatis.reflection.MetaClass,org.pitest.mutationtest.engine.gregor.mutators.ReturnValsMutator,hasGetter,156,TIMED_OUT,none
MetaClass.java,org.apache.ibatis.reflection.MetaClass,org.pitest.mutationtest.engine.gregor.mutators.ReturnValsMutator,hasGetter,159,TIMED_OUT,none
MetaClass.java,org.apache.ibatis.reflection.MetaClass,org.pitest.mutationtest.engine.gregor.mutators.ConstructorCallMutator,hasSetter,136,TIMED_OUT,none
MetaClass.java,org.apache.ibatis.reflection.MetaClass,org.pitest.mutationtest.engine.gregor.mutators.NegateConditionalsMutator,hasSetter,137,TIMED_OUT,none
MetaClass.java,org.apache.ibatis.reflection.MetaClass,org.pitest.mutationtest.engine.gregor.mutators.NonVoidMethodCallMutator,hasSetter,137,TIMED_OUT,none
MetaClass.java,org.apache.ibatis.reflection.MetaClass,org.pitest.mutationtest.engine.gregor.mutators.NonVoidMethodCallMutator,hasSetter,145,TIMED_OUT,none
MetaClass.java,org.apache.ibatis.reflection.MetaClass,org.pitest.mutationtest.engine.gregor.mutators.NonVoidMethodCallMutator,hasSetter,145,TIMED_OUT,none
MetaClass.java,org.apache.ibatis.reflection.MetaClass,org.pitest.mutationtest.engine.gregor.mutators.RemoveConditionalMutator_EQUAL_ELSE,hasSetter,137,TIMED_OUT,none
MetaClass.java,org.apache.ibatis.reflection.MetaClass,org.pitest.mutationtest.engine.gregor.mutators.RemoveConditionalMutator_EQUAL_IF,hasSetter,137,TIMED_OUT,none
MetaClass.java,org.apache.ibatis.reflection.MetaClass,org.pitest.mutationtest.engine.gregor.mutators.ReturnValsMutator,hasSetter,145,TIMED_OUT,none
MetaObject.java,org.apache.ibatis.reflection.MetaObject,org.pitest.mutationtest.engine.gregor.mutators.NonVoidMethodCallMutator,<init>,49,TIMED_OUT,none
MetaObject.java,org.apache.ibatis.reflection.MetaObject,org.pitest.mutationtest.engine.gregor.mutators.RemoveConditionalMutator_EQUAL_IF,<init>,53,TIMED_OUT,none
MetaObject.java,org.apache.ibatis.reflection.MetaObject,org.pitest.mutationtest.engine.gregor.mutators.experimental.MemberVariableMutator,<init>,42,TIMED_OUT,none
MetaObject.java,org.apache.ibatis.reflection.MetaObject,org.pitest.mutationtest.engine.gregor.mutators.experimental.MemberVariableMutator,<init>,56,TIMED_OUT,none
MetaObject.java,org.apache.ibatis.reflection.MetaObject,org.pitest.mutationtest.engine.gregor.mutators.ArgumentPropagationMutator,findProperty,85,TIMED_OUT,none
MetaObject.java,org.apache.ibatis.reflection.MetaObject,org.pitest.mutationtest.engine.gregor.mutators.RemoveConditionalMutator_EQUAL_IF,forObject,61,TIMED_OUT,none
MetaObject.java,org.apache.ibatis.reflection.MetaObject,org.pitest.mutationtest.engine.gregor.mutators.ReturnValsMutator,forObject,64,TIMED_OUT,none
MetaObject.java,org.apache.ibatis.reflection.MetaObject,org.pitest.mutationtest.engine.gregor.mutators.ReturnValsMutator,getReflectorFactory,77,TIMED_OUT,none
MetaObject.java,org.apache.ibatis.reflection.MetaObject,org.pitest.mutationtest.engine.gregor.mutators.ReturnValsMutator,getSetterType,97,TIMED_OUT,none
MetaObject.java,org.apache.ibatis.reflection.MetaObject,org.pitest.mutationtest.engine.gregor.mutators.ConstructorCallMutator,setValue,127,TIMED_OUT,none
ParamNameResolver.java,org.apache.ibatis.reflection.ParamNameResolver,org.pitest.mutationtest.engine.gregor.mutators.ArgumentPropagationMutator,<init>,83,TIMED_OUT,none
ParamNameResolver.java,org.apache.ibatis.reflection.ParamNameResolver,org.pitest.mutationtest.engine.gregor.mutators.ArgumentPropagationMutator,<init>,85,TIMED_OUT,none
ParamNameResolver.java,org.apache.ibatis.reflection.ParamNameResolver,org.pitest.mutationtest.engine.gregor.mutators.ConditionalsBoundaryMutator,<init>,59,TIMED_OUT,none
ParamNameResolver.java,org.apache.ibatis.reflection.ParamNameResolver,org.pitest.mutationtest.engine.gregor.mutators.ConditionalsBoundaryMutator,<init>,65,TIMED_OUT,none
ParamNameResolver.java,org.apache.ibatis.reflection.ParamNameResolver,org.pitest.mutationtest.engine.gregor.mutators.ConstructorCallMutator,<init>,56,TIMED_OUT,none
ParamNameResolver.java,org.apache.ibatis.reflection.ParamNameResolver,org.pitest.mutationtest.engine.gregor.mutators.IncrementsMutator,<init>,65,TIMED_OUT,none
ParamNameResolver.java,org.apache.ibatis.reflection.ParamNameResolver,org.pitest.mutationtest.engine.gregor.mutators.IncrementsMutator,<init>,59,TIMED_OUT,none
ParamNameResolver.java,org.apache.ibatis.reflection.ParamNameResolver,org.pitest.mutationtest.engine.gregor.mutators.InlineConstantMutator,<init>,59,TIMED_OUT,none
ParamNameResolver.java,org.apache.ibatis.reflection.ParamNameResolver,org.pitest.mutationtest.engine.gregor.mutators.InlineConstantMutator,<init>,65,TIMED_OUT,none
ParamNameResolver.java,org.apache.ibatis.reflection.ParamNameResolver,org.pitest.mutationtest.engine.gregor.mutators.NegateConditionalsMutator,<init>,59,TIMED_OUT,none
ParamNameResolver.java,org.apache.ibatis.reflection.ParamNameResolver,org.pitest.mutationtest.engine.gregor.mutators.NegateConditionalsMutator,<init>,60,TIMED_OUT,none
ParamNameResolver.java,org.apache.ibatis.reflection.ParamNameResolver,org.pitest.mutationtest.engine.gregor.mutators.NegateConditionalsMutator,<init>,72,TIMED_OUT,none
ParamNameResolver.java,org.apache.ibatis.reflection.ParamNameResolver,org.pitest.mutationtest.engine.gregor.mutators.NegateConditionalsMutator,<init>,77,TIMED_OUT,none
ParamNameResolver.java,org.apache.ibatis.reflection.ParamNameResolver,org.pitest.mutationtest.engine.gregor.mutators.NonVoidMethodCallMutator,<init>,54,TIMED_OUT,none
ParamNameResolver.java,org.apache.ibatis.reflection.ParamNameResolver,org.pitest.mutationtest.engine.gregor.mutators.NonVoidMethodCallMutator,<init>,55,TIMED_OUT,none
ParamNameResolver.java,org.apache.ibatis.reflection.ParamNameResolver,org.pitest.mutationtest.engine.gregor.mutators.NonVoidMethodCallMutator,<init>,60,TIMED_OUT,none
ParamNameResolver.java,org.apache.ibatis.reflection.ParamNameResolver,org.pitest.mutationtest.engine.gregor.mutators.NonVoidMethodCallMutator,<init>,74,TIMED_OUT,none
ParamNameResolver.java,org.apache.ibatis.reflection.ParamNameResolver,org.pitest.mutationtest.engine.gregor.mutators.NonVoidMethodCallMutator,<init>,83,TIMED_OUT,none
ParamNameResolver.java,org.apache.ibatis.reflection.ParamNameResolver,org.pitest.mutationtest.engine.gregor.mutators.NonVoidMethodCallMutator,<init>,83,TIMED_OUT,none
ParamNameResolver.java,org.apache.ibatis.reflection.ParamNameResolver,org.pitest.mutationtest.engine.gregor.mutators.RemoveConditionalMutator_EQUAL_ELSE,<init>,60,TIMED_OUT,none
ParamNameResolver.java,org.apache.ibatis.reflection.ParamNameResolver,org.pitest.mutationtest.engine.gregor.mutators.RemoveConditionalMutator_EQUAL_ELSE,<init>,66,TIMED_OUT,none
ParamNameResolver.java,org.apache.ibatis.reflection.ParamNameResolver,org.pitest.mutationtest.engine.gregor.mutators.RemoveConditionalMutator_EQUAL_IF,<init>,60,TIMED_OUT,none
ParamNameResolver.java,org.apache.ibatis.reflection.ParamNameResolver,org.pitest.mutationtest.engine.gregor.mutators.RemoveConditionalMutator_EQUAL_IF,<init>,74,TIMED_OUT,none
ParamNameResolver.java,org.apache.ibatis.reflection.ParamNameResolver,org.pitest.mutationtest.engine.gregor.mutators.RemoveConditionalMutator_EQUAL_IF,<init>,77,TIMED_OUT,none
ParamNameResolver.java,org.apache.ibatis.reflection.ParamNameResolver,org.pitest.mutationtest.engine.gregor.mutators.RemoveConditionalMutator_ORDER_ELSE,<init>,59,TIMED_OUT,none
ParamNameResolver.java,org.apache.ibatis.reflection.ParamNameResolver,org.pitest.mutationtest.engine.gregor.mutators.RemoveConditionalMutator_ORDER_ELSE,<init>,65,TIMED_OUT,none
ParamNameResolver.java,org.apache.ibatis.reflection.ParamNameResolver,org.pitest.mutationtest.engine.gregor.mutators.RemoveConditionalMutator_ORDER_IF,<init>,65,TIMED_OUT,none
ParamNameResolver.java,org.apache.ibatis.reflection.ParamNameResolver,org.pitest.mutationtest.engine.gregor.mutators.experimental.MemberVariableMutator,<init>,85,TIMED_OUT,none
ParamNameResolver.java,org.apache.ibatis.reflection.ParamNameResolver,org.pitest.mutationtest.engine.gregor.mutators.experimental.RemoveIncrementsMutator,<init>,65,TIMED_OUT,none
ParamNameResolver.java,org.apache.ibatis.reflection.ParamNameResolver,org.pitest.mutationtest.engine.gregor.mutators.experimental.RemoveIncrementsMutator,<init>,59,TIMED_OUT,none
ParamNameResolver.java,org.apache.ibatis.reflection.ParamNameResolver,org.pitest.mutationtest.engine.gregor.mutators.NegateConditionalsMutator,getActualParamName,89,TIMED_OUT,none
ParamNameResolver.java,org.apache.ibatis.reflection.ParamNameResolver,org.pitest.mutationtest.engine.gregor.mutators.NonVoidMethodCallMutator,getActualParamName,90,TIMED_OUT,none
ParamNameResolver.java,org.apache.ibatis.reflection.ParamNameResolver,org.pitest.mutationtest.engine.gregor.mutators.NonVoidMethodCallMutator,getActualParamName,90,TIMED_OUT,none
ParamNameResolver.java,org.apache.ibatis.reflection.ParamNameResolver,org.pitest.mutationtest.engine.gregor.mutators.RemoveConditionalMutator_EQUAL_ELSE,getActualParamName,89,TIMED_OUT,none
ParamNameResolver.java,org.apache.ibatis.reflection.ParamNameResolver,org.pitest.mutationtest.engine.gregor.mutators.RemoveConditionalMutator_EQUAL_IF,getActualParamName,89,TIMED_OUT,none
ParamNameResolver.java,org.apache.ibatis.reflection.ParamNameResolver,org.pitest.mutationtest.engine.gregor.mutators.ReturnValsMutator,getActualParamName,90,TIMED_OUT,none
ParamNameResolver.java,org.apache.ibatis.reflection.ParamNameResolver,org.pitest.mutationtest.engine.gregor.mutators.InlineConstantMutator,getNamedParams,118,TIMED_OUT,none
ParamNameResolver.java,org.apache.ibatis.reflection.ParamNameResolver,org.pitest.mutationtest.engine.gregor.mutators.InlineConstantMutator,getNamedParams,126,TIMED_OUT,none
ParamNameResolver.java,org.apache.ibatis.reflection.ParamNameResolver,org.pitest.mutationtest.engine.gregor.mutators.NegateConditionalsMutator,getNamedParams,116,TIMED_OUT,none
ParamNameResolver.java,org.apache.ibatis.reflection.ParamNameResolver,org.pitest.mutationtest.engine.gregor.mutators.NegateConditionalsMutator,getNamedParams,116,TIMED_OUT,none
ParamNameResolver.java,org.apache.ibatis.reflection.ParamNameResolver,org.pitest.mutationtest.engine.gregor.mutators.NegateConditionalsMutator,getNamedParams,118,TIMED_OUT,none
ParamNameResolver.java,org.apache.ibatis.reflection.ParamNameResolver,org.pitest.mutationtest.engine.gregor.mutators.NegateConditionalsMutator,getNamedParams,118,TIMED_OUT,none
ParamNameResolver.java,org.apache.ibatis.reflection.ParamNameResolver,org.pitest.mutationtest.engine.gregor.mutators.NegateConditionalsMutator,getNamedParams,128,TIMED_OUT,none
ParamNameResolver.java,org.apache.ibatis.reflection.ParamNameResolver,org.pitest.mutationtest.engine.gregor.mutators.NonVoidMethodCallMutator,getNamedParams,115,TIMED_OUT,none
ParamNameResolver.java,org.apache.ibatis.reflection.ParamNameResolver,org.pitest.mutationtest.engine.gregor.mutators.NonVoidMethodCallMutator,getNamedParams,119,TIMED_OUT,none
ParamNameResolver.java,org.apache.ibatis.reflection.ParamNameResolver,org.pitest.mutationtest.engine.gregor.mutators.NonVoidMethodCallMutator,getNamedParams,119,TIMED_OUT,none
ParamNameResolver.java,org.apache.ibatis.reflection.ParamNameResolver,org.pitest.mutationtest.engine.gregor.mutators.NonVoidMethodCallMutator,getNamedParams,123,TIMED_OUT,none
ParamNameResolver.java,org.apache.ibatis.reflection.ParamNameResolver,org.pitest.mutationtest.engine.gregor.mutators.NonVoidMethodCallMutator,getNamedParams,123,TIMED_OUT,none
ParamNameResolver.java,org.apache.ibatis.reflection.ParamNameResolver,org.pitest.mutationtest.engine.gregor.mutators.NonVoidMethodCallMutator,getNamedParams,124,TIMED_OUT,none
ParamNameResolver.java,org.apache.ibatis.reflection.ParamNameResolver,org.pitest.mutationtest.engine.gregor.mutators.NonVoidMethodCallMutator,getNamedParams,124,TIMED_OUT,none
ParamNameResolver.java,org.apache.ibatis.reflection.ParamNameResolver,org.pitest.mutationtest.engine.gregor.mutators.NonVoidMethodCallMutator,getNamedParams,126,TIMED_OUT,none
ParamNameResolver.java,org.apache.ibatis.reflection.ParamNameResolver,org.pitest.mutationtest.engine.gregor.mutators.NonVoidMethodCallMutator,getNamedParams,126,TIMED_OUT,none
ParamNameResolver.java,org.apache.ibatis.reflection.ParamNameResolver,org.pitest.mutationtest.engine.gregor.mutators.NonVoidMethodCallMutator,getNamedParams,129,TIMED_OUT,none
ParamNameResolver.java,org.apache.ibatis.reflection.ParamNameResolver,org.pitest.mutationtest.engine.gregor.mutators.RemoveConditionalMutator_EQUAL_ELSE,getNamedParams,116,TIMED_OUT,none
ParamNameResolver.java,org.apache.ibatis.reflection.ParamNameResolver,org.pitest.mutationtest.engine.gregor.mutators.RemoveConditionalMutator_EQUAL_ELSE,getNamedParams,116,TIMED_OUT,none
ParamNameResolver.java,org.apache.ibatis.reflection.ParamNameResolver,org.pitest.mutationtest.engine.gregor.mutators.RemoveConditionalMutator_EQUAL_ELSE,getNamedParams,118,TIMED_OUT,none
ParamNameResolver.java,org.apache.ibatis.reflection.ParamNameResolver,org.pitest.mutationtest.engine.gregor.mutators.RemoveConditionalMutator_EQUAL_ELSE,getNamedParams,118,TIMED_OUT,none
ParamNameResolver.java,org.apache.ibatis.reflection.ParamNameResolver,org.pitest.mutationtest.engine.gregor.mutators.RemoveConditionalMutator_EQUAL_ELSE,getNamedParams,123,TIMED_OUT,none
ParamNameResolver.java,org.apache.ibatis.reflection.ParamNameResolver,org.pitest.mutationtest.engine.gregor.mutators.RemoveConditionalMutator_EQUAL_IF,getNamedParams,116,TIMED_OUT,none
ParamNameResolver.java,org.apache.ibatis.reflection.ParamNameResolver,org.pitest.mutationtest.engine.gregor.mutators.RemoveConditionalMutator_EQUAL_IF,getNamedParams,118,TIMED_OUT,none
ParamNameResolver.java,org.apache.ibatis.reflection.ParamNameResolver,org.pitest.mutationtest.engine.gregor.mutators.RemoveConditionalMutator_EQUAL_IF,getNamedParams,128,TIMED_OUT,none
ParamNameResolver.java,org.apache.ibatis.reflection.ParamNameResolver,org.pitest.mutationtest.engine.gregor.mutators.ReturnValsMutator,getNamedParams,119,TIMED_OUT,none
ParamNameResolver.java,org.apache.ibatis.reflection.ParamNameResolver,org.pitest.mutationtest.engine.gregor.mutators.InlineConstantMutator,isSpecialParameter,96,TIMED_OUT,none
ParamNameResolver.java,org.apache.ibatis.reflection.ParamNameResolver,org.pitest.mutationtest.engine.gregor.mutators.InlineConstantMutator,isSpecialParameter,96,TIMED_OUT,none
ParamNameResolver.java,org.apache.ibatis.reflection.ParamNameResolver,org.pitest.mutationtest.engine.gregor.mutators.NegateConditionalsMutator,isSpecialParameter,96,TIMED_OUT,none
ParamNameResolver.java,org.apache.ibatis.reflection.ParamNameResolver,org.pitest.mutationtest.engine.gregor.mutators.NegateConditionalsMutator,isSpecialParameter,96,TIMED_OUT,none
ParamNameResolver.java,org.apache.ibatis.reflection.ParamNameResolver,org.pitest.mutationtest.engine.gregor.mutators.NonVoidMethodCallMutator,isSpecialParameter,96,TIMED_OUT,none
ParamNameResolver.java,org.apache.ibatis.reflection.ParamNameResolver,org.pitest.mutationtest.engine.gregor.mutators.RemoveConditionalMutator_EQUAL_ELSE,isSpecialParameter,96,TIMED_OUT,none
ParamNameResolver.java,org.apache.ibatis.reflection.ParamNameResolver,org.pitest.mutationtest.engine.gregor.mutators.RemoveConditionalMutator_EQUAL_ELSE,isSpecialParameter,96,TIMED_OUT,none
ParamNameResolver.java,org.apache.ibatis.reflection.ParamNameResolver,org.pitest.mutationtest.engine.gregor.mutators.RemoveConditionalMutator_EQUAL_IF,isSpecialParameter,96,TIMED_OUT,none
ParamNameResolver.java,org.apache.ibatis.reflection.ParamNameResolver,org.pitest.mutationtest.engine.gregor.mutators.RemoveConditionalMutator_EQUAL_IF,isSpecialParameter,96,TIMED_OUT,none
ParamNameResolver.java,org.apache.ibatis.reflection.ParamNameResolver,org.pitest.mutationtest.engine.gregor.mutators.ReturnValsMutator,isSpecialParameter,96,TIMED_OUT,none
ParamNameUtil.java,org.apache.ibatis.reflection.ParamNameUtil,org.pitest.mutationtest.engine.gregor.mutators.ReturnValsMutator,getParamNames,31,TIMED_OUT,none
ParamNameUtil.java,org.apache.ibatis.reflection.ParamNameUtil,org.pitest.mutationtest.engine.gregor.mutators.ConstructorCallMutator,getParameterNames,39,TIMED_OUT,none
ParamNameUtil.java,org.apache.ibatis.reflection.ParamNameUtil,org.pitest.mutationtest.engine.gregor.mutators.IncrementsMutator,getParameterNames,41,TIMED_OUT,none
ParamNameUtil.java,org.apache.ibatis.reflection.ParamNameUtil,org.pitest.mutationtest.engine.gregor.mutators.NegateConditionalsMutator,getParameterNames,41,TIMED_OUT,none
ParamNameUtil.java,org.apache.ibatis.reflection.ParamNameUtil,org.pitest.mutationtest.engine.gregor.mutators.NonVoidMethodCallMutator,getParameterNames,42,TIMED_OUT,none
ParamNameUtil.java,org.apache.ibatis.reflection.ParamNameUtil,org.pitest.mutationtest.engine.gregor.mutators.experimental.RemoveIncrementsMutator,getParameterNames,41,TIMED_OUT,none
Reflector.java,org.apache.ibatis.reflection.Reflector,org.pitest.mutationtest.engine.gregor.mutators.VoidMethodCallMutator,<init>,64,TIMED_OUT,none
Reflector.java,org.apache.ibatis.reflection.Reflector,org.pitest.mutationtest.engine.gregor.mutators.experimental.RemoveIncrementsMutator,<init>,70,TIMED_OUT,none
Reflector.java,org.apache.ibatis.reflection.Reflector,org.pitest.mutationtest.engine.gregor.mutators.experimental.RemoveIncrementsMutator,<init>,73,TIMED_OUT,none
Reflector.java,org.apache.ibatis.reflection.Reflector,org.pitest.mutationtest.engine.gregor.mutators.InlineConstantMutator,addDefaultConstructor,80,TIMED_OUT,none
Reflector.java,org.apache.ibatis.reflection.Reflector,org.pitest.mutationtest.engine.gregor.mutators.InlineConstantMutator,addDefaultConstructor,84,TIMED_OUT,none
Reflector.java,org.apache.ibatis.reflection.Reflector,org.pitest.mutationtest.engine.gregor.mutators.NegateConditionalsMutator,addDefaultConstructor,80,TIMED_OUT,none
Reflector.java,org.apache.ibatis.reflection.Reflector,org.pitest.mutationtest.engine.gregor.mutators.NegateConditionalsMutator,addDefaultConstructor,81,TIMED_OUT,none
Reflector.java,org.apache.ibatis.reflection.Reflector,org.pitest.mutationtest.engine.gregor.mutators.NegateConditionalsMutator,addDefaultConstructor,82,TIMED_OUT,none
Reflector.java,org.apache.ibatis.reflection.Reflector,org.pitest.mutationtest.engine.gregor.mutators.NegateConditionalsMutator,addDefaultConstructor,89,TIMED_OUT,none
Reflector.java,org.apache.ibatis.reflection.Reflector,org.pitest.mutationtest.engine.gregor.mutators.NonVoidMethodCallMutator,addDefaultConstructor,82,TIMED_OUT,none
Reflector.java,org.apache.ibatis.reflection.Reflector,org.pitest.mutationtest.engine.gregor.mutators.NonVoidMethodCallMutator,addDefaultConstructor,89,TIMED_OUT,none
Reflector.java,org.apache.ibatis.reflection.Reflector,org.pitest.mutationtest.engine.gregor.mutators.RemoveConditionalMutator_EQUAL_ELSE,addDefaultConstructor,81,TIMED_OUT,none
Reflector.java,org.apache.ibatis.reflection.Reflector,org.pitest.mutationtest.engine.gregor.mutators.RemoveConditionalMutator_EQUAL_ELSE,addDefaultConstructor,82,TIMED_OUT,none
Reflector.java,org.apache.ibatis.reflection.Reflector,org.pitest.mutationtest.engine.gregor.mutators.RemoveConditionalMutator_EQUAL_ELSE,addDefaultConstructor,89,TIMED_OUT,none
Reflector.java,org.apache.ibatis.reflection.Reflector,org.pitest.mutationtest.engine.gregor.mutators.RemoveConditionalMutator_ORDER_ELSE,addDefaultConstructor,80,TIMED_OUT,none
Reflector.java,org.apache.ibatis.reflection.Reflector,org.pitest.mutationtest.engine.gregor.mutators.VoidMethodCallMutator,addDefaultConstructor,84,TIMED_OUT,none
Reflector.java,org.apache.ibatis.reflection.Reflector,org.pitest.mutationtest.engine.gregor.mutators.experimental.MemberVariableMutator,addDefaultConstructor,90,TIMED_OUT,none
Reflector.java,org.apache.ibatis.reflection.Reflector,org.pitest.mutationtest.engine.gregor.mutators.experimental.RemoveIncrementsMutator,addDefaultConstructor,80,TIMED_OUT,none
Reflector.java,org.apache.ibatis.reflection.Reflector,org.pitest.mutationtest.engine.gregor.mutators.VoidMethodCallMutator,addFields,262,TIMED_OUT,none
Reflector.java,org.apache.ibatis.reflection.Reflector,org.pitest.mutationtest.engine.gregor.mutators.experimental.RemoveIncrementsMutator,addFields,259,TIMED_OUT,none
Reflector.java,org.apache.ibatis.reflection.Reflector,org.pitest.mutationtest.engine.gregor.mutators.NonVoidMethodCallMutator,addGetMethods,102,TIMED_OUT,none
Reflector.java,org.apache.ibatis.reflection.Reflector,org.pitest.mutationtest.engine.gregor.mutators.experimental.RemoveIncrementsMutator,addGetMethods,99,TIMED_OUT,none
Reflector.java,org.apache.ibatis.reflection.Reflector,org.pitest.mutationtest.engine.gregor.mutators.experimental.RemoveIncrementsMutator,addSetMethods,160,TIMED_OUT,none
Reflector.java,org.apache.ibatis.reflection.Reflector,org.pitest.mutationtest.engine.gregor.mutators.NegateConditionalsMutator,addUniqueMethods,338,TIMED_OUT,none
Reflector.java,org.apache.ibatis.reflection.Reflector,org.pitest.mutationtest.engine.gregor.mutators.experimental.RemoveIncrementsMutator,addUniqueMethods,338,TIMED_OUT,none
Reflector.java,org.apache.ibatis.reflection.Reflector,org.pitest.mutationtest.engine.gregor.mutators.InlineConstantMutator,canAccessPrivateMethods,387,TIMED_OUT,none
Reflector.java,org.apache.ibatis.reflection.Reflector,org.pitest.mutationtest.engine.gregor.mutators.ReturnValsMutator,canAccessPrivateMethods,387,TIMED_OUT,none
Reflector.java,org.apache.ibatis.reflection.Reflector,org.pitest.mutationtest.engine.gregor.mutators.experimental.RemoveIncrementsMutator,getClassMethods,325,TIMED_OUT,none
Reflector.java,org.apache.ibatis.reflection.Reflector,org.pitest.mutationtest.engine.gregor.mutators.experimental.RemoveIncrementsMutator,getSignature,367,TIMED_OUT,none
Reflector.java,org.apache.ibatis.reflection.Reflector,org.pitest.mutationtest.engine.gregor.mutators.InlineConstantMutator,hasDefaultConstructor,408,TIMED_OUT,none
Reflector.java,org.apache.ibatis.reflection.Reflector,org.pitest.mutationtest.engine.gregor.mutators.NegateConditionalsMutator,hasDefaultConstructor,408,TIMED_OUT,none
Reflector.java,org.apache.ibatis.reflection.Reflector,org.pitest.mutationtest.engine.gregor.mutators.RemoveConditionalMutator_EQUAL_ELSE,hasDefaultConstructor,408,TIMED_OUT,none
Reflector.java,org.apache.ibatis.reflection.Reflector,org.pitest.mutationtest.engine.gregor.mutators.ReturnValsMutator,hasDefaultConstructor,408,TIMED_OUT,none
Reflector.java,org.apache.ibatis.reflection.Reflector,org.pitest.mutationtest.engine.gregor.mutators.NonVoidMethodCallMutator,typeToClass,248,TIMED_OUT,none
TypeParameterResolver.java,org.apache.ibatis.reflection.TypeParameterResolver,org.pitest.mutationtest.engine.gregor.mutators.NonVoidMethodCallMutator,resolveFieldType,40,TIMED_OUT,none
TypeParameterResolver.java,org.apache.ibatis.reflection.TypeParameterResolver,org.pitest.mutationtest.engine.gregor.mutators.NegateConditionalsMutator,resolveGenericArrayType,82,TIMED_OUT,none
TypeParameterResolver.java,org.apache.ibatis.reflection.TypeParameterResolver,org.pitest.mutationtest.engine.gregor.mutators.NonVoidMethodCallMutator,resolveParamTypes,58,TIMED_OUT,none
TypeParameterResolver.java,org.apache.ibatis.reflection.TypeParameterResolver,org.pitest.mutationtest.engine.gregor.mutators.experimental.RemoveIncrementsMutator,resolveParamTypes,61,TIMED_OUT,none
TypeParameterResolver.java,org.apache.ibatis.reflection.TypeParameterResolver,org.pitest.mutationtest.engine.gregor.mutators.NonVoidMethodCallMutator,resolveParameterizedType,104,TIMED_OUT,none
TypeParameterResolver.java,org.apache.ibatis.reflection.TypeParameterResolver,org.pitest.mutationtest.engine.gregor.mutators.experimental.RemoveIncrementsMutator,resolveParameterizedType,100,TIMED_OUT,none
TypeParameterResolver.java,org.apache.ibatis.reflection.TypeParameterResolver,org.pitest.mutationtest.engine.gregor.mutators.NegateConditionalsMutator,resolveType,70,TIMED_OUT,none
TypeParameterResolver.java,org.apache.ibatis.reflection.TypeParameterResolver,org.pitest.mutationtest.engine.gregor.mutators.NegateConditionalsMutator,resolveTypeVar,148,TIMED_OUT,none
TypeParameterResolver.java,org.apache.ibatis.reflection.TypeParameterResolver,org.pitest.mutationtest.engine.gregor.mutators.RemoveConditionalMutator_EQUAL_ELSE,resolveTypeVar,139,TIMED_OUT,none
TypeParameterResolver.java,org.apache.ibatis.reflection.TypeParameterResolver,org.pitest.mutationtest.engine.gregor.mutators.RemoveConditionalMutator_EQUAL_IF,resolveTypeVar,148,TIMED_OUT,none
TypeParameterResolver.java,org.apache.ibatis.reflection.TypeParameterResolver,org.pitest.mutationtest.engine.gregor.mutators.experimental.RemoveIncrementsMutator,resolveTypeVar,163,TIMED_OUT,none
TypeParameterResolver.java,org.apache.ibatis.reflection.TypeParameterResolver,org.pitest.mutationtest.engine.gregor.mutators.ConditionalsBoundaryMutator,resolveWildcardTypeBounds,122,TIMED_OUT,none
TypeParameterResolver.java,org.apache.ibatis.reflection.TypeParameterResolver,org.pitest.mutationtest.engine.gregor.mutators.NegateConditionalsMutator,resolveWildcardTypeBounds,125,TIMED_OUT,none
TypeParameterResolver.java,org.apache.ibatis.reflection.TypeParameterResolver,org.pitest.mutationtest.engine.gregor.mutators.RemoveConditionalMutator_ORDER_IF,resolveWildcardTypeBounds,122,TIMED_OUT,none
TypeParameterResolver.java,org.apache.ibatis.reflection.TypeParameterResolver,org.pitest.mutationtest.engine.gregor.mutators.experimental.RemoveIncrementsMutator,resolveWildcardTypeBounds,122,TIMED_OUT,none
TypeParameterResolver.java,org.apache.ibatis.reflection.TypeParameterResolver,org.pitest.mutationtest.engine.gregor.mutators.experimental.RemoveIncrementsMutator,scanSuperTypes,184,TIMED_OUT,none
TypeParameterResolver.java,org.apache.ibatis.reflection.TypeParameterResolver,org.pitest.mutationtest.engine.gregor.mutators.experimental.RemoveIncrementsMutator,scanSuperTypes,180,TIMED_OUT,none
TypeParameterResolver.java,org.apache.ibatis.reflection.TypeParameterResolver$ParameterizedTypeImpl,org.pitest.mutationtest.engine.gregor.mutators.experimental.MemberVariableMutator,<init>,221,TIMED_OUT,none
TypeParameterResolver.java,org.apache.ibatis.reflection.TypeParameterResolver$ParameterizedTypeImpl,org.pitest.mutationtest.engine.gregor.mutators.experimental.MemberVariableMutator,<init>,223,TIMED_OUT,none
TypeParameterResolver.java,org.apache.ibatis.reflection.TypeParameterResolver$WildcardTypeImpl,org.pitest.mutationtest.engine.gregor.mutators.experimental.MemberVariableMutator,<init>,255,TIMED_OUT,none
DefaultObjectFactory.java,org.apache.ibatis.reflection.factory.DefaultObjectFactory,org.pitest.mutationtest.engine.gregor.mutators.NonVoidMethodCallMutator,create,42,TIMED_OUT,none
DefaultObjectFactory.java,org.apache.ibatis.reflection.factory.DefaultObjectFactory,org.pitest.mutationtest.engine.gregor.mutators.ReturnValsMutator,create,42,TIMED_OUT,none
DefaultObjectFactory.java,org.apache.ibatis.reflection.factory.DefaultObjectFactory,org.pitest.mutationtest.engine.gregor.mutators.ArgumentPropagationMutator,create,48,TIMED_OUT,none
DefaultObjectFactory.java,org.apache.ibatis.reflection.factory.DefaultObjectFactory,org.pitest.mutationtest.engine.gregor.mutators.NonVoidMethodCallMutator,create,48,TIMED_OUT,none
DefaultObjectFactory.java,org.apache.ibatis.reflection.factory.DefaultObjectFactory,org.pitest.mutationtest.engine.gregor.mutators.NonVoidMethodCallMutator,create,50,TIMED_OUT,none
DefaultObjectFactory.java,org.apache.ibatis.reflection.factory.DefaultObjectFactory,org.pitest.mutationtest.engine.gregor.mutators.ReturnValsMutator,create,50,TIMED_OUT,none
DefaultObjectFactory.java,org.apache.ibatis.reflection.factory.DefaultObjectFactory,org.pitest.mutationtest.engine.gregor.mutators.InlineConstantMutator,instantiateClass,62,TIMED_OUT,none
DefaultObjectFactory.java,org.apache.ibatis.reflection.factory.DefaultObjectFactory,org.pitest.mutationtest.engine.gregor.mutators.InlineConstantMutator,instantiateClass,64,TIMED_OUT,none
DefaultObjectFactory.java,org.apache.ibatis.reflection.factory.DefaultObjectFactory,org.pitest.mutationtest.engine.gregor.mutators.InlineConstantMutator,instantiateClass,66,TIMED_OUT,none
DefaultObjectFactory.java,org.apache.ibatis.reflection.factory.DefaultObjectFactory,org.pitest.mutationtest.engine.gregor.mutators.NegateConditionalsMutator,instantiateClass,61,TIMED_OUT,none
DefaultObjectFactory.java,org.apache.ibatis.reflection.factory.DefaultObjectFactory,org.pitest.mutationtest.engine.gregor.mutators.NegateConditionalsMutator,instantiateClass,61,TIMED_OUT,none
DefaultObjectFactory.java,org.apache.ibatis.reflection.factory.DefaultObjectFactory,org.pitest.mutationtest.engine.gregor.mutators.NegateConditionalsMutator,instantiateClass,63,TIMED_OUT,none
DefaultObjectFactory.java,org.apache.ibatis.reflection.factory.DefaultObjectFactory,org.pitest.mutationtest.engine.gregor.mutators.NonVoidMethodCallMutator,instantiateClass,62,TIMED_OUT,none
DefaultObjectFactory.java,org.apache.ibatis.reflection.factory.DefaultObjectFactory,org.pitest.mutationtest.engine.gregor.mutators.NonVoidMethodCallMutator,instantiateClass,63,TIMED_OUT,none
DefaultObjectFactory.java,org.apache.ibatis.reflection.factory.DefaultObjectFactory,org.pitest.mutationtest.engine.gregor.mutators.NonVoidMethodCallMutator,instantiateClass,66,TIMED_OUT,none
DefaultObjectFactory.java,org.apache.ibatis.reflection.factory.DefaultObjectFactory,org.pitest.mutationtest.engine.gregor.mutators.NonVoidMethodCallMutator,instantiateClass,84,TIMED_OUT,none
DefaultObjectFactory.java,org.apache.ibatis.reflection.factory.DefaultObjectFactory,org.pitest.mutationtest.engine.gregor.mutators.RemoveConditionalMutator_EQUAL_ELSE,instantiateClass,61,TIMED_OUT,none
DefaultObjectFactory.java,org.apache.ibatis.reflection.factory.DefaultObjectFactory,org.pitest.mutationtest.engine.gregor.mutators.RemoveConditionalMutator_EQUAL_ELSE,instantiateClass,61,TIMED_OUT,none
DefaultObjectFactory.java,org.apache.ibatis.reflection.factory.DefaultObjectFactory,org.pitest.mutationtest.engine.gregor.mutators.RemoveConditionalMutator_EQUAL_ELSE,instantiateClass,63,TIMED_OUT,none
DefaultObjectFactory.java,org.apache.ibatis.reflection.factory.DefaultObjectFactory,org.pitest.mutationtest.engine.gregor.mutators.RemoveConditionalMutator_EQUAL_IF,instantiateClass,61,TIMED_OUT,none
DefaultObjectFactory.java,org.apache.ibatis.reflection.factory.DefaultObjectFactory,org.pitest.mutationtest.engine.gregor.mutators.RemoveConditionalMutator_EQUAL_IF,instantiateClass,61,TIMED_OUT,none
DefaultObjectFactory.java,org.apache.ibatis.reflection.factory.DefaultObjectFactory,org.pitest.mutationtest.engine.gregor.mutators.RemoveConditionalMutator_EQUAL_IF,instantiateClass,63,TIMED_OUT,none
DefaultObjectFactory.java,org.apache.ibatis.reflection.factory.DefaultObjectFactory,org.pitest.mutationtest.engine.gregor.mutators.ReturnValsMutator,instantiateClass,66,TIMED_OUT,none
DefaultObjectFactory.java,org.apache.ibatis.reflection.factory.DefaultObjectFactory,org.pitest.mutationtest.engine.gregor.mutators.VoidMethodCallMutator,instantiateClass,64,TIMED_OUT,none
DefaultObjectFactory.java,org.apache.ibatis.reflection.factory.DefaultObjectFactory,org.pitest.mutationtest.engine.gregor.mutators.NonVoidMethodCallMutator,isCollection,112,TIMED_OUT,none
DefaultObjectFactory.java,org.apache.ibatis.reflection.factory.DefaultObjectFactory,org.pitest.mutationtest.engine.gregor.mutators.ReturnValsMutator,isCollection,112,TIMED_OUT,none
DefaultObjectFactory.java,org.apache.ibatis.reflection.factory.DefaultObjectFactory,org.pitest.mutationtest.engine.gregor.mutators.NegateConditionalsMutator,resolveInterface,96,TIMED_OUT,none
DefaultObjectFactory.java,org.apache.ibatis.reflection.factory.DefaultObjectFactory,org.pitest.mutationtest.engine.gregor.mutators.NegateConditionalsMutator,resolveInterface,96,TIMED_OUT,none
DefaultObjectFactory.java,org.apache.ibatis.reflection.factory.DefaultObjectFactory,org.pitest.mutationtest.engine.gregor.mutators.NegateConditionalsMutator,resolveInterface,96,TIMED_OUT,none
DefaultObjectFactory.java,org.apache.ibatis.reflection.factory.DefaultObjectFactory,org.pitest.mutationtest.engine.gregor.mutators.NegateConditionalsMutator,resolveInterface,98,TIMED_OUT,none
DefaultObjectFactory.java,org.apache.ibatis.reflection.factory.DefaultObjectFactory,org.pitest.mutationtest.engine.gregor.mutators.NegateConditionalsMutator,resolveInterface,100,TIMED_OUT,none
DefaultObjectFactory.java,org.apache.ibatis.reflection.factory.DefaultObjectFactory,org.pitest.mutationtest.engine.gregor.mutators.NegateConditionalsMutator,resolveInterface,102,TIMED_OUT,none
DefaultObjectFactory.java,org.apache.ibatis.reflection.factory.DefaultObjectFactory,org.pitest.mutationtest.engine.gregor.mutators.RemoveConditionalMutator_EQUAL_ELSE,resolveInterface,96,TIMED_OUT,none
DefaultObjectFactory.java,org.apache.ibatis.reflection.factory.DefaultObjectFactory,org.pitest.mutationtest.engine.gregor.mutators.RemoveConditionalMutator_EQUAL_ELSE,resolveInterface,96,TIMED_OUT,none
DefaultObjectFactory.java,org.apache.ibatis.reflection.factory.DefaultObjectFactory,org.pitest.mutationtest.engine.gregor.mutators.RemoveConditionalMutator_EQUAL_ELSE,resolveInterface,98,TIMED_OUT,none
DefaultObjectFactory.java,org.apache.ibatis.reflection.factory.DefaultObjectFactory,org.pitest.mutationtest.engine.gregor.mutators.RemoveConditionalMutator_EQUAL_ELSE,resolveInterface,100,TIMED_OUT,none
DefaultObjectFactory.java,org.apache.ibatis.reflection.factory.DefaultObjectFactory,org.pitest.mutationtest.engine.gregor.mutators.RemoveConditionalMutator_EQUAL_ELSE,resolveInterface,102,TIMED_OUT,none
DefaultObjectFactory.java,org.apache.ibatis.reflection.factory.DefaultObjectFactory,org.pitest.mutationtest.engine.gregor.mutators.RemoveConditionalMutator_EQUAL_IF,resolveInterface,96,TIMED_OUT,none
DefaultObjectFactory.java,org.apache.ibatis.reflection.factory.DefaultObjectFactory,org.pitest.mutationtest.engine.gregor.mutators.RemoveConditionalMutator_EQUAL_IF,resolveInterface,96,TIMED_OUT,none
DefaultObjectFactory.java,org.apache.ibatis.reflection.factory.DefaultObjectFactory,org.pitest.mutationtest.engine.gregor.mutators.RemoveConditionalMutator_EQUAL_IF,resolveInterface,96,TIMED_OUT,none
DefaultObjectFactory.java,org.apache.ibatis.reflection.factory.DefaultObjectFactory,org.pitest.mutationtest.engine.gregor.mutators.RemoveConditionalMutator_EQUAL_IF,resolveInterface,98,TIMED_OUT,none
DefaultObjectFactory.java,org.apache.ibatis.reflection.factory.DefaultObjectFactory,org.pitest.mutationtest.engine.gregor.mutators.RemoveConditionalMutator_EQUAL_IF,resolveInterface,100,TIMED_OUT,none
DefaultObjectFactory.java,org.apache.ibatis.reflection.factory.DefaultObjectFactory,org.pitest.mutationtest.engine.gregor.mutators.RemoveConditionalMutator_EQUAL_IF,resolveInterface,102,TIMED_OUT,none
DefaultObjectFactory.java,org.apache.ibatis.reflection.factory.DefaultObjectFactory,org.pitest.mutationtest.engine.gregor.mutators.ReturnValsMutator,resolveInterface,107,TIMED_OUT,none
GetFieldInvoker.java,org.apache.ibatis.reflection.invoker.GetFieldInvoker,org.pitest.mutationtest.engine.gregor.mutators.ArgumentPropagationMutator,invoke,33,TIMED_OUT,none
GetFieldInvoker.java,org.apache.ibatis.reflection.invoker.GetFieldInvoker,org.pitest.mutationtest.engine.gregor.mutators.NonVoidMethodCallMutator,invoke,33,TIMED_OUT,none
MethodInvoker.java,org.apache.ibatis.reflection.invoker.MethodInvoker,org.pitest.mutationtest.engine.gregor.mutators.experimental.MemberVariableMutator,<init>,33,TIMED_OUT,none
MethodInvoker.java,org.apache.ibatis.reflection.invoker.MethodInvoker,org.pitest.mutationtest.engine.gregor.mutators.experimental.MemberVariableMutator,<init>,35,TIMED_OUT,none
SetFieldInvoker.java,org.apache.ibatis.reflection.invoker.SetFieldInvoker,org.pitest.mutationtest.engine.gregor.mutators.experimental.MemberVariableMutator,<init>,28,TIMED_OUT,none
SetFieldInvoker.java,org.apache.ibatis.reflection.invoker.SetFieldInvoker,org.pitest.mutationtest.engine.gregor.mutators.InlineConstantMutator,invoke,33,TIMED_OUT,none
PropertyCopier.java,org.apache.ibatis.reflection.property.PropertyCopier,org.pitest.mutationtest.engine.gregor.mutators.ArgumentPropagationMutator,copyBeanProperties,36,TIMED_OUT,none
PropertyCopier.java,org.apache.ibatis.reflection.property.PropertyCopier,org.pitest.mutationtest.engine.gregor.mutators.ConditionalsBoundaryMutator,copyBeanProperties,33,TIMED_OUT,none
PropertyCopier.java,org.apache.ibatis.reflection.property.PropertyCopier,org.pitest.mutationtest.engine.gregor.mutators.IncrementsMutator,copyBeanProperties,33,TIMED_OUT,none
PropertyCopier.java,org.apache.ibatis.reflection.property.PropertyCopier,org.pitest.mutationtest.engine.gregor.mutators.InlineConstantMutator,copyBeanProperties,33,TIMED_OUT,none
PropertyCopier.java,org.apache.ibatis.reflection.property.PropertyCopier,org.pitest.mutationtest.engine.gregor.mutators.NegateConditionalsMutator,copyBeanProperties,33,TIMED_OUT,none
PropertyCopier.java,org.apache.ibatis.reflection.property.PropertyCopier,org.pitest.mutationtest.engine.gregor.mutators.NonVoidMethodCallMutator,copyBeanProperties,32,TIMED_OUT,none
PropertyCopier.java,org.apache.ibatis.reflection.property.PropertyCopier,org.pitest.mutationtest.engine.gregor.mutators.NonVoidMethodCallMutator,copyBeanProperties,41,TIMED_OUT,none
PropertyCopier.java,org.apache.ibatis.reflection.property.PropertyCopier,org.pitest.mutationtest.engine.gregor.mutators.RemoveConditionalMutator_EQUAL_IF,copyBeanProperties,31,TIMED_OUT,none
PropertyCopier.java,org.apache.ibatis.reflection.property.PropertyCopier,org.pitest.mutationtest.engine.gregor.mutators.RemoveConditionalMutator_ORDER_IF,copyBeanProperties,33,TIMED_OUT,none
PropertyCopier.java,org.apache.ibatis.reflection.property.PropertyCopier,org.pitest.mutationtest.engine.gregor.mutators.VoidMethodCallMutator,copyBeanProperties,36,TIMED_OUT,none
PropertyCopier.java,org.apache.ibatis.reflection.property.PropertyCopier,org.pitest.mutationtest.engine.gregor.mutators.experimental.RemoveIncrementsMutator,copyBeanProperties,33,TIMED_OUT,none
PropertyNamer.java,org.apache.ibatis.reflection.property.PropertyNamer,org.pitest.mutationtest.engine.gregor.mutators.InlineConstantMutator,isGetter,52,TIMED_OUT,none
PropertyNamer.java,org.apache.ibatis.reflection.property.PropertyNamer,org.pitest.mutationtest.engine.gregor.mutators.NonVoidMethodCallMutator,isGetter,52,TIMED_OUT,none
PropertyNamer.java,org.apache.ibatis.reflection.property.PropertyNamer,org.pitest.mutationtest.engine.gregor.mutators.RemoveConditionalMutator_EQUAL_ELSE,isGetter,52,TIMED_OUT,none
PropertyNamer.java,org.apache.ibatis.reflection.property.PropertyNamer,org.pitest.mutationtest.engine.gregor.mutators.RemoveConditionalMutator_EQUAL_IF,isGetter,52,TIMED_OUT,none
PropertyNamer.java,org.apache.ibatis.reflection.property.PropertyNamer,org.pitest.mutationtest.engine.gregor.mutators.NegateConditionalsMutator,isProperty,48,TIMED_OUT,none
PropertyNamer.java,org.apache.ibatis.reflection.property.PropertyNamer,org.pitest.mutationtest.engine.gregor.mutators.NegateConditionalsMutator,isProperty,48,TIMED_OUT,none
PropertyNamer.java,org.apache.ibatis.reflection.property.PropertyNamer,org.pitest.mutationtest.engine.gregor.mutators.RemoveConditionalMutator_EQUAL_ELSE,isProperty,48,TIMED_OUT,none
PropertyNamer.java,org.apache.ibatis.reflection.property.PropertyNamer,org.pitest.mutationtest.engine.gregor.mutators.ConditionalsBoundaryMutator,methodToProperty,40,TIMED_OUT,none
PropertyNamer.java,org.apache.ibatis.reflection.property.PropertyNamer,org.pitest.mutationtest.engine.gregor.mutators.ConstructorCallMutator,methodToProperty,41,TIMED_OUT,none
PropertyNamer.java,org.apache.ibatis.reflection.property.PropertyNamer,org.pitest.mutationtest.engine.gregor.mutators.InlineConstantMutator,methodToProperty,33,TIMED_OUT,none
PropertyNamer.java,org.apache.ibatis.reflection.property.PropertyNamer,org.pitest.mutationtest.engine.gregor.mutators.InlineConstantMutator,methodToProperty,35,TIMED_OUT,none
PropertyNamer.java,org.apache.ibatis.reflection.property.PropertyNamer,org.pitest.mutationtest.engine.gregor.mutators.InlineConstantMutator,methodToProperty,40,TIMED_OUT,none
PropertyNamer.java,org.apache.ibatis.reflection.property.PropertyNamer,org.pitest.mutationtest.engine.gregor.mutators.InlineConstantMutator,methodToProperty,40,TIMED_OUT,none
PropertyNamer.java,org.apache.ibatis.reflection.property.PropertyNamer,org.pitest.mutationtest.engine.gregor.mutators.InlineConstantMutator,methodToProperty,40,TIMED_OUT,none
PropertyNamer.java,org.apache.ibatis.reflection.property.PropertyNamer,org.pitest.mutationtest.engine.gregor.mutators.InlineConstantMutator,methodToProperty,41,TIMED_OUT,none
PropertyNamer.java,org.apache.ibatis.reflection.property.PropertyNamer,org.pitest.mutationtest.engine.gregor.mutators.InlineConstantMutator,methodToProperty,41,TIMED_OUT,none
PropertyNamer.java,org.apache.ibatis.reflection.property.PropertyNamer,org.pitest.mutationtest.engine.gregor.mutators.InlineConstantMutator,methodToProperty,41,TIMED_OUT,none
PropertyNamer.java,org.apache.ibatis.reflection.property.PropertyNamer,org.pitest.mutationtest.engine.gregor.mutators.NegateConditionalsMutator,methodToProperty,32,TIMED_OUT,none
PropertyNamer.java,org.apache.ibatis.reflection.property.PropertyNamer,org.pitest.mutationtest.engine.gregor.mutators.NegateConditionalsMutator,methodToProperty,34,TIMED_OUT,none
PropertyNamer.java,org.apache.ibatis.reflection.property.PropertyNamer,org.pitest.mutationtest.engine.gregor.mutators.NegateConditionalsMutator,methodToProperty,34,TIMED_OUT,none
PropertyNamer.java,org.apache.ibatis.reflection.property.PropertyNamer,org.pitest.mutationtest.engine.gregor.mutators.NegateConditionalsMutator,methodToProperty,40,TIMED_OUT,none
PropertyNamer.java,org.apache.ibatis.reflection.property.PropertyNamer,org.pitest.mutationtest.engine.gregor.mutators.NegateConditionalsMutator,methodToProperty,40,TIMED_OUT,none
PropertyNamer.java,org.apache.ibatis.reflection.property.PropertyNamer,org.pitest.mutationtest.engine.gregor.mutators.NegateConditionalsMutator,methodToProperty,40,TIMED_OUT,none
PropertyNamer.java,org.apache.ibatis.reflection.property.PropertyNamer,org.pitest.mutationtest.engine.gregor.mutators.NonVoidMethodCallMutator,methodToProperty,32,TIMED_OUT,none
PropertyNamer.java,org.apache.ibatis.reflection.property.PropertyNamer,org.pitest.mutationtest.engine.gregor.mutators.NonVoidMethodCallMutator,methodToProperty,33,TIMED_OUT,none
PropertyNamer.java,org.apache.ibatis.reflection.property.PropertyNamer,org.pitest.mutationtest.engine.gregor.mutators.NonVoidMethodCallMutator,methodToProperty,40,TIMED_OUT,none
PropertyNamer.java,org.apache.ibatis.reflection.property.PropertyNamer,org.pitest.mutationtest.engine.gregor.mutators.NonVoidMethodCallMutator,methodToProperty,40,TIMED_OUT,none
PropertyNamer.java,org.apache.ibatis.reflection.property.PropertyNamer,org.pitest.mutationtest.engine.gregor.mutators.NonVoidMethodCallMutator,methodToProperty,40,TIMED_OUT,none
PropertyNamer.java,org.apache.ibatis.reflection.property.PropertyNamer,org.pitest.mutationtest.engine.gregor.mutators.NonVoidMethodCallMutator,methodToProperty,40,TIMED_OUT,none
PropertyNamer.java,org.apache.ibatis.reflection.property.PropertyNamer,org.pitest.mutationtest.engine.gregor.mutators.NonVoidMethodCallMutator,methodToProperty,41,TIMED_OUT,none
PropertyNamer.java,org.apache.ibatis.reflection.property.PropertyNamer,org.pitest.mutationtest.engine.gregor.mutators.NonVoidMethodCallMutator,methodToProperty,41,TIMED_OUT,none
PropertyNamer.java,org.apache.ibatis.reflection.property.PropertyNamer,org.pitest.mutationtest.engine.gregor.mutators.RemoveConditionalMutator_EQUAL_ELSE,methodToProperty,32,TIMED_OUT,none
PropertyNamer.java,org.apache.ibatis.reflection.property.PropertyNamer,org.pitest.mutationtest.engine.gregor.mutators.RemoveConditionalMutator_EQUAL_ELSE,methodToProperty,34,TIMED_OUT,none
PropertyNamer.java,org.apache.ibatis.reflection.property.PropertyNamer,org.pitest.mutationtest.engine.gregor.mutators.RemoveConditionalMutator_EQUAL_ELSE,methodToProperty,40,TIMED_OUT,none
PropertyNamer.java,org.apache.ibatis.reflection.property.PropertyNamer,org.pitest.mutationtest.engine.gregor.mutators.RemoveConditionalMutator_EQUAL_ELSE,methodToProperty,40,TIMED_OUT,none
PropertyNamer.java,org.apache.ibatis.reflection.property.PropertyNamer,org.pitest.mutationtest.engine.gregor.mutators.RemoveConditionalMutator_EQUAL_IF,methodToProperty,32,TIMED_OUT,none
PropertyNamer.java,org.apache.ibatis.reflection.property.PropertyNamer,org.pitest.mutationtest.engine.gregor.mutators.RemoveConditionalMutator_EQUAL_IF,methodToProperty,34,TIMED_OUT,none
PropertyNamer.java,org.apache.ibatis.reflection.property.PropertyNamer,org.pitest.mutationtest.engine.gregor.mutators.RemoveConditionalMutator_EQUAL_IF,methodToProperty,34,TIMED_OUT,none
PropertyNamer.java,org.apache.ibatis.reflection.property.PropertyNamer,org.pitest.mutationtest.engine.gregor.mutators.RemoveConditionalMutator_EQUAL_IF,methodToProperty,40,TIMED_OUT,none
PropertyNamer.java,org.apache.ibatis.reflection.property.PropertyNamer,org.pitest.mutationtest.engine.gregor.mutators.RemoveConditionalMutator_EQUAL_IF,methodToProperty,40,TIMED_OUT,none
PropertyNamer.java,org.apache.ibatis.reflection.property.PropertyNamer,org.pitest.mutationtest.engine.gregor.mutators.RemoveConditionalMutator_ORDER_ELSE,methodToProperty,40,TIMED_OUT,none
PropertyNamer.java,org.apache.ibatis.reflection.property.PropertyNamer,org.pitest.mutationtest.engine.gregor.mutators.RemoveConditionalMutator_ORDER_IF,methodToProperty,40,TIMED_OUT,none
PropertyTokenizer.java,org.apache.ibatis.reflection.property.PropertyTokenizer,org.pitest.mutationtest.engine.gregor.mutators.InlineConstantMutator,<init>,30,TIMED_OUT,none
PropertyTokenizer.java,org.apache.ibatis.reflection.property.PropertyTokenizer,org.pitest.mutationtest.engine.gregor.mutators.InlineConstantMutator,<init>,31,TIMED_OUT,none
PropertyTokenizer.java,org.apache.ibatis.reflection.property.PropertyTokenizer,org.pitest.mutationtest.engine.gregor.mutators.InlineConstantMutator,<init>,32,TIMED_OUT,none
PropertyTokenizer.java,org.apache.ibatis.reflection.property.PropertyTokenizer,org.pitest.mutationtest.engine.gregor.mutators.InlineConstantMutator,<init>,33,TIMED_OUT,none
PropertyTokenizer.java,org.apache.ibatis.reflection.property.PropertyTokenizer,org.pitest.mutationtest.engine.gregor.mutators.InlineConstantMutator,<init>,39,TIMED_OUT,none
PropertyTokenizer.java,org.apache.ibatis.reflection.property.PropertyTokenizer,org.pitest.mutationtest.engine.gregor.mutators.InlineConstantMutator,<init>,40,TIMED_OUT,none
PropertyTokenizer.java,org.apache.ibatis.reflection.property.PropertyTokenizer,org.pitest.mutationtest.engine.gregor.mutators.MathMutator,<init>,33,TIMED_OUT,none
PropertyTokenizer.java,org.apache.ibatis.reflection.property.PropertyTokenizer,org.pitest.mutationtest.engine.gregor.mutators.NonVoidMethodCallMutator,<init>,32,TIMED_OUT,none
PropertyTokenizer.java,org.apache.ibatis.reflection.property.PropertyTokenizer,org.pitest.mutationtest.engine.gregor.mutators.NonVoidMethodCallMutator,<init>,33,TIMED_OUT,none
PropertyTokenizer.java,org.apache.ibatis.reflection.property.PropertyTokenizer,org.pitest.mutationtest.engine.gregor.mutators.RemoveConditionalMutator_ORDER_ELSE,<init>,31,TIMED_OUT,none
PropertyTokenizer.java,org.apache.ibatis.reflection.property.PropertyTokenizer,org.pitest.mutationtest.engine.gregor.mutators.RemoveConditionalMutator_ORDER_ELSE,<init>,40,TIMED_OUT,none
PropertyTokenizer.java,org.apache.ibatis.reflection.property.PropertyTokenizer,org.pitest.mutationtest.engine.gregor.mutators.experimental.MemberVariableMutator,<init>,32,TIMED_OUT,none
PropertyTokenizer.java,org.apache.ibatis.reflection.property.PropertyTokenizer,org.pitest.mutationtest.engine.gregor.mutators.experimental.MemberVariableMutator,<init>,33,TIMED_OUT,none
PropertyTokenizer.java,org.apache.ibatis.reflection.property.PropertyTokenizer,org.pitest.mutationtest.engine.gregor.mutators.experimental.MemberVariableMutator,<init>,36,TIMED_OUT,none
PropertyTokenizer.java,org.apache.ibatis.reflection.property.PropertyTokenizer,org.pitest.mutationtest.engine.gregor.mutators.experimental.MemberVariableMutator,<init>,38,TIMED_OUT,none
PropertyTokenizer.java,org.apache.ibatis.reflection.property.PropertyTokenizer,org.pitest.mutationtest.engine.gregor.mutators.ReturnValsMutator,getChildren,59,TIMED_OUT,none
PropertyTokenizer.java,org.apache.ibatis.reflection.property.PropertyTokenizer,org.pitest.mutationtest.engine.gregor.mutators.ReturnValsMutator,getIndexedName,55,TIMED_OUT,none
PropertyTokenizer.java,org.apache.ibatis.reflection.property.PropertyTokenizer,org.pitest.mutationtest.engine.gregor.mutators.InlineConstantMutator,hasNext,64,TIMED_OUT,none
PropertyTokenizer.java,org.apache.ibatis.reflection.property.PropertyTokenizer,org.pitest.mutationtest.engine.gregor.mutators.RemoveConditionalMutator_EQUAL_ELSE,hasNext,64,TIMED_OUT,none
BaseWrapper.java,org.apache.ibatis.reflection.wrapper.BaseWrapper,org.pitest.mutationtest.engine.gregor.mutators.experimental.MemberVariableMutator,<init>,34,TIMED_OUT,none
BeanWrapper.java,org.apache.ibatis.reflection.wrapper.BeanWrapper,org.pitest.mutationtest.engine.gregor.mutators.NonVoidMethodCallMutator,<init>,40,TIMED_OUT,none
BeanWrapper.java,org.apache.ibatis.reflection.wrapper.BeanWrapper,org.pitest.mutationtest.engine.gregor.mutators.NonVoidMethodCallMutator,<init>,40,TIMED_OUT,none
BeanWrapper.java,org.apache.ibatis.reflection.wrapper.BeanWrapper,org.pitest.mutationtest.engine.gregor.mutators.experimental.MemberVariableMutator,<init>,40,TIMED_OUT,none
BeanWrapper.java,org.apache.ibatis.reflection.wrapper.BeanWrapper,org.pitest.mutationtest.engine.gregor.mutators.ArgumentPropagationMutator,get,49,TIMED_OUT,none
BeanWrapper.java,org.apache.ibatis.reflection.wrapper.BeanWrapper,org.pitest.mutationtest.engine.gregor.mutators.RemoveConditionalMutator_EQUAL_ELSE,get,45,TIMED_OUT,none
BeanWrapper.java,org.apache.ibatis.reflection.wrapper.BeanWrapper,org.pitest.mutationtest.engine.gregor.mutators.RemoveConditionalMutator_EQUAL_IF,get,45,TIMED_OUT,none
BeanWrapper.java,org.apache.ibatis.reflection.wrapper.BeanWrapper,org.pitest.mutationtest.engine.gregor.mutators.ArgumentPropagationMutator,getBeanProperty,164,TIMED_OUT,none
BeanWrapper.java,org.apache.ibatis.reflection.wrapper.BeanWrapper,org.pitest.mutationtest.engine.gregor.mutators.ConstructorCallMutator,getGetterType,95,TIMED_OUT,none
BeanWrapper.java,org.apache.ibatis.reflection.wrapper.BeanWrapper,org.pitest.mutationtest.engine.gregor.mutators.NegateConditionalsMutator,getGetterType,96,TIMED_OUT,none
BeanWrapper.java,org.apache.ibatis.reflection.wrapper.BeanWrapper,org.pitest.mutationtest.engine.gregor.mutators.NonVoidMethodCallMutator,getGetterType,96,TIMED_OUT,none
BeanWrapper.java,org.apache.ibatis.reflection.wrapper.BeanWrapper,org.pitest.mutationtest.engine.gregor.mutators.NonVoidMethodCallMutator,getGetterType,104,TIMED_OUT,none
BeanWrapper.java,org.apache.ibatis.reflection.wrapper.BeanWrapper,org.pitest.mutationtest.engine.gregor.mutators.RemoveConditionalMutator_EQUAL_ELSE,getGetterType,96,TIMED_OUT,none
BeanWrapper.java,org.apache.ibatis.reflection.wrapper.BeanWrapper,org.pitest.mutationtest.engine.gregor.mutators.RemoveConditionalMutator_EQUAL_IF,getGetterType,96,TIMED_OUT,none
BeanWrapper.java,org.apache.ibatis.reflection.wrapper.BeanWrapper,org.pitest.mutationtest.engine.gregor.mutators.ReturnValsMutator,getGetterType,104,TIMED_OUT,none
BeanWrapper.java,org.apache.ibatis.reflection.wrapper.BeanWrapper,org.pitest.mutationtest.engine.gregor.mutators.ConstructorCallMutator,getSetterType,80,TIMED_OUT,none
BeanWrapper.java,org.apache.ibatis.reflection.wrapper.BeanWrapper,org.pitest.mutationtest.engine.gregor.mutators.NegateConditionalsMutator,getSetterType,81,TIMED_OUT,none
BeanWrapper.java,org.apache.ibatis.reflection.wrapper.BeanWrapper,org.pitest.mutationtest.engine.gregor.mutators.NonVoidMethodCallMutator,getSetterType,81,TIMED_OUT,none
BeanWrapper.java,org.apache.ibatis.reflection.wrapper.BeanWrapper,org.pitest.mutationtest.engine.gregor.mutators.NonVoidMethodCallMutator,getSetterType,89,TIMED_OUT,none
BeanWrapper.java,org.apache.ibatis.reflection.wrapper.BeanWrapper,org.pitest.mutationtest.engine.gregor.mutators.RemoveConditionalMutator_EQUAL_ELSE,getSetterType,81,TIMED_OUT,none
BeanWrapper.java,org.apache.ibatis.reflection.wrapper.BeanWrapper,org.pitest.mutationtest.engine.gregor.mutators.RemoveConditionalMutator_EQUAL_IF,getSetterType,81,TIMED_OUT,none
BeanWrapper.java,org.apache.ibatis.reflection.wrapper.BeanWrapper,org.pitest.mutationtest.engine.gregor.mutators.ReturnValsMutator,getSetterType,89,TIMED_OUT,none
BeanWrapper.java,org.apache.ibatis.reflection.wrapper.BeanWrapper,org.pitest.mutationtest.engine.gregor.mutators.ConstructorCallMutator,hasGetter,129,TIMED_OUT,none
BeanWrapper.java,org.apache.ibatis.reflection.wrapper.BeanWrapper,org.pitest.mutationtest.engine.gregor.mutators.NegateConditionalsMutator,hasGetter,130,TIMED_OUT,none
BeanWrapper.java,org.apache.ibatis.reflection.wrapper.BeanWrapper,org.pitest.mutationtest.engine.gregor.mutators.NonVoidMethodCallMutator,hasGetter,130,TIMED_OUT,none
BeanWrapper.java,org.apache.ibatis.reflection.wrapper.BeanWrapper,org.pitest.mutationtest.engine.gregor.mutators.NonVoidMethodCallMutator,hasGetter,142,TIMED_OUT,none
BeanWrapper.java,org.apache.ibatis.reflection.wrapper.BeanWrapper,org.pitest.mutationtest.engine.gregor.mutators.RemoveConditionalMutator_EQUAL_ELSE,hasGetter,130,TIMED_OUT,none
BeanWrapper.java,org.apache.ibatis.reflection.wrapper.BeanWrapper,org.pitest.mutationtest.engine.gregor.mutators.RemoveConditionalMutator_EQUAL_IF,hasGetter,130,TIMED_OUT,none
BeanWrapper.java,org.apache.ibatis.reflection.wrapper.BeanWrapper,org.pitest.mutationtest.engine.gregor.mutators.ReturnValsMutator,hasGetter,142,TIMED_OUT,none
BeanWrapper.java,org.apache.ibatis.reflection.wrapper.BeanWrapper,org.pitest.mutationtest.engine.gregor.mutators.ConstructorCallMutator,hasSetter,110,TIMED_OUT,none
BeanWrapper.java,org.apache.ibatis.reflection.wrapper.BeanWrapper,org.pitest.mutationtest.engine.gregor.mutators.NegateConditionalsMutator,hasSetter,111,TIMED_OUT,none
BeanWrapper.java,org.apache.ibatis.reflection.wrapper.BeanWrapper,org.pitest.mutationtest.engine.gregor.mutators.NonVoidMethodCallMutator,hasSetter,111,TIMED_OUT,none
BeanWrapper.java,org.apache.ibatis.reflection.wrapper.BeanWrapper,org.pitest.mutationtest.engine.gregor.mutators.NonVoidMethodCallMutator,hasSetter,123,TIMED_OUT,none
BeanWrapper.java,org.apache.ibatis.reflection.wrapper.BeanWrapper,org.pitest.mutationtest.engine.gregor.mutators.RemoveConditionalMutator_EQUAL_ELSE,hasSetter,111,TIMED_OUT,none
BeanWrapper.java,org.apache.ibatis.reflection.wrapper.BeanWrapper,org.pitest.mutationtest.engine.gregor.mutators.RemoveConditionalMutator_EQUAL_IF,hasSetter,111,TIMED_OUT,none
BeanWrapper.java,org.apache.ibatis.reflection.wrapper.BeanWrapper,org.pitest.mutationtest.engine.gregor.mutators.ReturnValsMutator,hasSetter,123,TIMED_OUT,none
BeanWrapper.java,org.apache.ibatis.reflection.wrapper.BeanWrapper,org.pitest.mutationtest.engine.gregor.mutators.NegateConditionalsMutator,set,55,TIMED_OUT,none
BeanWrapper.java,org.apache.ibatis.reflection.wrapper.BeanWrapper,org.pitest.mutationtest.engine.gregor.mutators.NonVoidMethodCallMutator,set,55,TIMED_OUT,none
BeanWrapper.java,org.apache.ibatis.reflection.wrapper.BeanWrapper,org.pitest.mutationtest.engine.gregor.mutators.RemoveConditionalMutator_EQUAL_ELSE,set,55,TIMED_OUT,none
BeanWrapper.java,org.apache.ibatis.reflection.wrapper.BeanWrapper,org.pitest.mutationtest.engine.gregor.mutators.RemoveConditionalMutator_EQUAL_IF,set,55,TIMED_OUT,none
BeanWrapper.java,org.apache.ibatis.reflection.wrapper.BeanWrapper,org.pitest.mutationtest.engine.gregor.mutators.VoidMethodCallMutator,set,59,TIMED_OUT,none
BeanWrapper.java,org.apache.ibatis.reflection.wrapper.BeanWrapper,org.pitest.mutationtest.engine.gregor.mutators.ArgumentPropagationMutator,setBeanProperty,180,TIMED_OUT,none
BeanWrapper.java,org.apache.ibatis.reflection.wrapper.BeanWrapper,org.pitest.mutationtest.engine.gregor.mutators.InlineConstantMutator,setBeanProperty,178,TIMED_OUT,none
BeanWrapper.java,org.apache.ibatis.reflection.wrapper.BeanWrapper,org.pitest.mutationtest.engine.gregor.mutators.InlineConstantMutator,setBeanProperty,178,TIMED_OUT,none
BeanWrapper.java,org.apache.ibatis.reflection.wrapper.BeanWrapper,org.pitest.mutationtest.engine.gregor.mutators.NonVoidMethodCallMutator,setBeanProperty,177,TIMED_OUT,none
BeanWrapper.java,org.apache.ibatis.reflection.wrapper.BeanWrapper,org.pitest.mutationtest.engine.gregor.mutators.NonVoidMethodCallMutator,setBeanProperty,177,TIMED_OUT,none
BeanWrapper.java,org.apache.ibatis.reflection.wrapper.BeanWrapper,org.pitest.mutationtest.engine.gregor.mutators.NonVoidMethodCallMutator,setBeanProperty,180,TIMED_OUT,none
MapWrapper.java,org.apache.ibatis.reflection.wrapper.MapWrapper,org.pitest.mutationtest.engine.gregor.mutators.ArgumentPropagationMutator,get,45,TIMED_OUT,none
MapWrapper.java,org.apache.ibatis.reflection.wrapper.MapWrapper,org.pitest.mutationtest.engine.gregor.mutators.NegateConditionalsMutator,get,41,TIMED_OUT,none
MapWrapper.java,org.apache.ibatis.reflection.wrapper.MapWrapper,org.pitest.mutationtest.engine.gregor.mutators.NonVoidMethodCallMutator,get,41,TIMED_OUT,none
MapWrapper.java,org.apache.ibatis.reflection.wrapper.MapWrapper,org.pitest.mutationtest.engine.gregor.mutators.NonVoidMethodCallMutator,get,45,TIMED_OUT,none
MapWrapper.java,org.apache.ibatis.reflection.wrapper.MapWrapper,org.pitest.mutationtest.engine.gregor.mutators.NonVoidMethodCallMutator,get,45,TIMED_OUT,none
MapWrapper.java,org.apache.ibatis.reflection.wrapper.MapWrapper,org.pitest.mutationtest.engine.gregor.mutators.RemoveConditionalMutator_EQUAL_ELSE,get,41,TIMED_OUT,none
MapWrapper.java,org.apache.ibatis.reflection.wrapper.MapWrapper,org.pitest.mutationtest.engine.gregor.mutators.RemoveConditionalMutator_EQUAL_IF,get,41,TIMED_OUT,none
MapWrapper.java,org.apache.ibatis.reflection.wrapper.MapWrapper,org.pitest.mutationtest.engine.gregor.mutators.ReturnValsMutator,get,45,TIMED_OUT,none
MapWrapper.java,org.apache.ibatis.reflection.wrapper.MapWrapper,org.pitest.mutationtest.engine.gregor.mutators.ArgumentPropagationMutator,getGetterType,104,TIMED_OUT,none
MapWrapper.java,org.apache.ibatis.reflection.wrapper.MapWrapper,org.pitest.mutationtest.engine.gregor.mutators.ArgumentPropagationMutator,getGetterType,105,TIMED_OUT,none
MapWrapper.java,org.apache.ibatis.reflection.wrapper.MapWrapper,org.pitest.mutationtest.engine.gregor.mutators.ConstructorCallMutator,getGetterType,95,TIMED_OUT,none
MapWrapper.java,org.apache.ibatis.reflection.wrapper.MapWrapper,org.pitest.mutationtest.engine.gregor.mutators.NegateConditionalsMutator,getGetterType,96,TIMED_OUT,none
MapWrapper.java,org.apache.ibatis.reflection.wrapper.MapWrapper,org.pitest.mutationtest.engine.gregor.mutators.NegateConditionalsMutator,getGetterType,98,TIMED_OUT,none
MapWrapper.java,org.apache.ibatis.reflection.wrapper.MapWrapper,org.pitest.mutationtest.engine.gregor.mutators.NegateConditionalsMutator,getGetterType,104,TIMED_OUT,none
MapWrapper.java,org.apache.ibatis.reflection.wrapper.MapWrapper,org.pitest.mutationtest.engine.gregor.mutators.NonVoidMethodCallMutator,getGetterType,96,TIMED_OUT,none
MapWrapper.java,org.apache.ibatis.reflection.wrapper.MapWrapper,org.pitest.mutationtest.engine.gregor.mutators.NonVoidMethodCallMutator,getGetterType,97,TIMED_OUT,none
MapWrapper.java,org.apache.ibatis.reflection.wrapper.MapWrapper,org.pitest.mutationtest.engine.gregor.mutators.NonVoidMethodCallMutator,getGetterType,97,TIMED_OUT,none
MapWrapper.java,org.apache.ibatis.reflection.wrapper.MapWrapper,org.pitest.mutationtest.engine.gregor.mutators.NonVoidMethodCallMutator,getGetterType,101,TIMED_OUT,none
MapWrapper.java,org.apache.ibatis.reflection.wrapper.MapWrapper,org.pitest.mutationtest.engine.gregor.mutators.NonVoidMethodCallMutator,getGetterType,101,TIMED_OUT,none
MapWrapper.java,org.apache.ibatis.reflection.wrapper.MapWrapper,org.pitest.mutationtest.engine.gregor.mutators.NonVoidMethodCallMutator,getGetterType,104,TIMED_OUT,none
MapWrapper.java,org.apache.ibatis.reflection.wrapper.MapWrapper,org.pitest.mutationtest.engine.gregor.mutators.NonVoidMethodCallMutator,getGetterType,105,TIMED_OUT,none
MapWrapper.java,org.apache.ibatis.reflection.wrapper.MapWrapper,org.pitest.mutationtest.engine.gregor.mutators.NonVoidMethodCallMutator,getGetterType,105,TIMED_OUT,none
MapWrapper.java,org.apache.ibatis.reflection.wrapper.MapWrapper,org.pitest.mutationtest.engine.gregor.mutators.RemoveConditionalMutator_EQUAL_ELSE,getGetterType,96,TIMED_OUT,none
MapWrapper.java,org.apache.ibatis.reflection.wrapper.MapWrapper,org.pitest.mutationtest.engine.gregor.mutators.RemoveConditionalMutator_EQUAL_ELSE,getGetterType,98,TIMED_OUT,none
MapWrapper.java,org.apache.ibatis.reflection.wrapper.MapWrapper,org.pitest.mutationtest.engine.gregor.mutators.RemoveConditionalMutator_EQUAL_ELSE,getGetterType,104,TIMED_OUT,none
MapWrapper.java,org.apache.ibatis.reflection.wrapper.MapWrapper,org.pitest.mutationtest.engine.gregor.mutators.RemoveConditionalMutator_EQUAL_IF,getGetterType,96,TIMED_OUT,none
MapWrapper.java,org.apache.ibatis.reflection.wrapper.MapWrapper,org.pitest.mutationtest.engine.gregor.mutators.RemoveConditionalMutator_EQUAL_IF,getGetterType,98,TIMED_OUT,none
MapWrapper.java,org.apache.ibatis.reflection.wrapper.MapWrapper,org.pitest.mutationtest.engine.gregor.mutators.RemoveConditionalMutator_EQUAL_IF,getGetterType,104,TIMED_OUT,none
MapWrapper.java,org.apache.ibatis.reflection.wrapper.MapWrapper,org.pitest.mutationtest.engine.gregor.mutators.ReturnValsMutator,getGetterType,101,TIMED_OUT,none
MapWrapper.java,org.apache.ibatis.reflection.wrapper.MapWrapper,org.pitest.mutationtest.engine.gregor.mutators.ReturnValsMutator,getGetterType,105,TIMED_OUT,none
MapWrapper.java,org.apache.ibatis.reflection.wrapper.MapWrapper,org.pitest.mutationtest.engine.gregor.mutators.ConstructorCallMutator,hasGetter,119,TIMED_OUT,none
MapWrapper.java,org.apache.ibatis.reflection.wrapper.MapWrapper,org.pitest.mutationtest.engine.gregor.mutators.InlineConstantMutator,hasGetter,129,TIMED_OUT,none
MapWrapper.java,org.apache.ibatis.reflection.wrapper.MapWrapper,org.pitest.mutationtest.engine.gregor.mutators.NegateConditionalsMutator,hasGetter,120,TIMED_OUT,none
MapWrapper.java,org.apache.ibatis.reflection.wrapper.MapWrapper,org.pitest.mutationtest.engine.gregor.mutators.NegateConditionalsMutator,hasGetter,121,TIMED_OUT,none
MapWrapper.java,org.apache.ibatis.reflection.wrapper.MapWrapper,org.pitest.mutationtest.engine.gregor.mutators.NegateConditionalsMutator,hasGetter,123,TIMED_OUT,none
MapWrapper.java,org.apache.ibatis.reflection.wrapper.MapWrapper,org.pitest.mutationtest.engine.gregor.mutators.NonVoidMethodCallMutator,hasGetter,120,TIMED_OUT,none
MapWrapper.java,org.apache.ibatis.reflection.wrapper.MapWrapper,org.pitest.mutationtest.engine.gregor.mutators.NonVoidMethodCallMutator,hasGetter,121,TIMED_OUT,none
MapWrapper.java,org.apache.ibatis.reflection.wrapper.MapWrapper,org.pitest.mutationtest.engine.gregor.mutators.NonVoidMethodCallMutator,hasGetter,121,TIMED_OUT,none
MapWrapper.java,org.apache.ibatis.reflection.wrapper.MapWrapper,org.pitest.mutationtest.engine.gregor.mutators.NonVoidMethodCallMutator,hasGetter,122,TIMED_OUT,none
MapWrapper.java,org.apache.ibatis.reflection.wrapper.MapWrapper,org.pitest.mutationtest.engine.gregor.mutators.NonVoidMethodCallMutator,hasGetter,122,TIMED_OUT,none
MapWrapper.java,org.apache.ibatis.reflection.wrapper.MapWrapper,org.pitest.mutationtest.engine.gregor.mutators.NonVoidMethodCallMutator,hasGetter,126,TIMED_OUT,none
MapWrapper.java,org.apache.ibatis.reflection.wrapper.MapWrapper,org.pitest.mutationtest.engine.gregor.mutators.NonVoidMethodCallMutator,hasGetter,126,TIMED_OUT,none
MapWrapper.java,org.apache.ibatis.reflection.wrapper.MapWrapper,org.pitest.mutationtest.engine.gregor.mutators.NonVoidMethodCallMutator,hasGetter,132,TIMED_OUT,none
MapWrapper.java,org.apache.ibatis.reflection.wrapper.MapWrapper,org.pitest.mutationtest.engine.gregor.mutators.NonVoidMethodCallMutator,hasGetter,132,TIMED_OUT,none
MapWrapper.java,org.apache.ibatis.reflection.wrapper.MapWrapper,org.pitest.mutationtest.engine.gregor.mutators.RemoveConditionalMutator_EQUAL_ELSE,hasGetter,120,TIMED_OUT,none
MapWrapper.java,org.apache.ibatis.reflection.wrapper.MapWrapper,org.pitest.mutationtest.engine.gregor.mutators.RemoveConditionalMutator_EQUAL_ELSE,hasGetter,121,TIMED_OUT,none
MapWrapper.java,org.apache.ibatis.reflection.wrapper.MapWrapper,org.pitest.mutationtest.engine.gregor.mutators.RemoveConditionalMutator_EQUAL_ELSE,hasGetter,123,TIMED_OUT,none
MapWrapper.java,org.apache.ibatis.reflection.wrapper.MapWrapper,org.pitest.mutationtest.engine.gregor.mutators.RemoveConditionalMutator_EQUAL_IF,hasGetter,120,TIMED_OUT,none
MapWrapper.java,org.apache.ibatis.reflection.wrapper.MapWrapper,org.pitest.mutationtest.engine.gregor.mutators.RemoveConditionalMutator_EQUAL_IF,hasGetter,121,TIMED_OUT,none
MapWrapper.java,org.apache.ibatis.reflection.wrapper.MapWrapper,org.pitest.mutationtest.engine.gregor.mutators.RemoveConditionalMutator_EQUAL_IF,hasGetter,123,TIMED_OUT,none
MapWrapper.java,org.apache.ibatis.reflection.wrapper.MapWrapper,org.pitest.mutationtest.engine.gregor.mutators.ReturnValsMutator,hasGetter,126,TIMED_OUT,none
MapWrapper.java,org.apache.ibatis.reflection.wrapper.MapWrapper,org.pitest.mutationtest.engine.gregor.mutators.ReturnValsMutator,hasGetter,129,TIMED_OUT,none
MapWrapper.java,org.apache.ibatis.reflection.wrapper.MapWrapper,org.pitest.mutationtest.engine.gregor.mutators.ReturnValsMutator,hasGetter,132,TIMED_OUT,none
MapWrapper.java,org.apache.ibatis.reflection.wrapper.MapWrapper,org.pitest.mutationtest.engine.gregor.mutators.ArgumentPropagationMutator,set,55,TIMED_OUT,none
MapWrapper.java,org.apache.ibatis.reflection.wrapper.MapWrapper,org.pitest.mutationtest.engine.gregor.mutators.NonVoidMethodCallMutator,set,51,TIMED_OUT,none
MapWrapper.java,org.apache.ibatis.reflection.wrapper.MapWrapper,org.pitest.mutationtest.engine.gregor.mutators.NonVoidMethodCallMutator,set,55,TIMED_OUT,none
MapWrapper.java,org.apache.ibatis.reflection.wrapper.MapWrapper,org.pitest.mutationtest.engine.gregor.mutators.NonVoidMethodCallMutator,set,55,TIMED_OUT,none
MapWrapper.java,org.apache.ibatis.reflection.wrapper.MapWrapper,org.pitest.mutationtest.engine.gregor.mutators.RemoveConditionalMutator_EQUAL_ELSE,set,51,TIMED_OUT,none
LanguageDriverRegistry.java,org.apache.ibatis.scripting.LanguageDriverRegistry,org.pitest.mutationtest.engine.gregor.mutators.experimental.MemberVariableMutator,<init>,26,TIMED_OUT,none
LanguageDriverRegistry.java,org.apache.ibatis.scripting.LanguageDriverRegistry,org.pitest.mutationtest.engine.gregor.mutators.NonVoidMethodCallMutator,getDefaultDriver,60,TIMED_OUT,none
LanguageDriverRegistry.java,org.apache.ibatis.scripting.LanguageDriverRegistry,org.pitest.mutationtest.engine.gregor.mutators.ReturnValsMutator,getDefaultDriver,60,TIMED_OUT,none
LanguageDriverRegistry.java,org.apache.ibatis.scripting.LanguageDriverRegistry,org.pitest.mutationtest.engine.gregor.mutators.NonVoidMethodCallMutator,getDriver,56,TIMED_OUT,none
LanguageDriverRegistry.java,org.apache.ibatis.scripting.LanguageDriverRegistry,org.pitest.mutationtest.engine.gregor.mutators.ReturnValsMutator,getDriver,56,TIMED_OUT,none
LanguageDriverRegistry.java,org.apache.ibatis.scripting.LanguageDriverRegistry,org.pitest.mutationtest.engine.gregor.mutators.ArgumentPropagationMutator,register,34,TIMED_OUT,none
LanguageDriverRegistry.java,org.apache.ibatis.scripting.LanguageDriverRegistry,org.pitest.mutationtest.engine.gregor.mutators.ArgumentPropagationMutator,register,38,TIMED_OUT,none
LanguageDriverRegistry.java,org.apache.ibatis.scripting.LanguageDriverRegistry,org.pitest.mutationtest.engine.gregor.mutators.NegateConditionalsMutator,register,35,TIMED_OUT,none
LanguageDriverRegistry.java,org.apache.ibatis.scripting.LanguageDriverRegistry,org.pitest.mutationtest.engine.gregor.mutators.NonVoidMethodCallMutator,register,37,TIMED_OUT,none
LanguageDriverRegistry.java,org.apache.ibatis.scripting.LanguageDriverRegistry,org.pitest.mutationtest.engine.gregor.mutators.NonVoidMethodCallMutator,register,38,TIMED_OUT,none
DefaultParameterHandler.java,org.apache.ibatis.scripting.defaults.DefaultParameterHandler,org.pitest.mutationtest.engine.gregor.mutators.NonVoidMethodCallMutator,<init>,50,TIMED_OUT,none
DefaultParameterHandler.java,org.apache.ibatis.scripting.defaults.DefaultParameterHandler,org.pitest.mutationtest.engine.gregor.mutators.NonVoidMethodCallMutator,<init>,51,TIMED_OUT,none
DefaultParameterHandler.java,org.apache.ibatis.scripting.defaults.DefaultParameterHandler,org.pitest.mutationtest.engine.gregor.mutators.NonVoidMethodCallMutator,<init>,51,TIMED_OUT,none
DefaultParameterHandler.java,org.apache.ibatis.scripting.defaults.DefaultParameterHandler,org.pitest.mutationtest.engine.gregor.mutators.experimental.MemberVariableMutator,<init>,50,TIMED_OUT,none
DefaultParameterHandler.java,org.apache.ibatis.scripting.defaults.DefaultParameterHandler,org.pitest.mutationtest.engine.gregor.mutators.experimental.MemberVariableMutator,<init>,51,TIMED_OUT,none
DefaultParameterHandler.java,org.apache.ibatis.scripting.defaults.DefaultParameterHandler,org.pitest.mutationtest.engine.gregor.mutators.experimental.MemberVariableMutator,<init>,52,TIMED_OUT,none
DefaultParameterHandler.java,org.apache.ibatis.scripting.defaults.DefaultParameterHandler,org.pitest.mutationtest.engine.gregor.mutators.ConditionalsBoundaryMutator,setParameters,66,TIMED_OUT,none
DefaultParameterHandler.java,org.apache.ibatis.scripting.defaults.DefaultParameterHandler,org.pitest.mutationtest.engine.gregor.mutators.IncrementsMutator,setParameters,66,TIMED_OUT,none
DefaultParameterHandler.java,org.apache.ibatis.scripting.defaults.DefaultParameterHandler,org.pitest.mutationtest.engine.gregor.mutators.InlineConstantMutator,setParameters,66,TIMED_OUT,none
DefaultParameterHandler.java,org.apache.ibatis.scripting.defaults.DefaultParameterHandler,org.pitest.mutationtest.engine.gregor.mutators.InlineConstantMutator,setParameters,87,TIMED_OUT,none
DefaultParameterHandler.java,org.apache.ibatis.scripting.defaults.DefaultParameterHandler,org.pitest.mutationtest.engine.gregor.mutators.MathMutator,setParameters,87,TIMED_OUT,none
DefaultParameterHandler.java,org.apache.ibatis.scripting.defaults.DefaultParameterHandler,org.pitest.mutationtest.engine.gregor.mutators.NegateConditionalsMutator,setParameters,65,TIMED_OUT,none
DefaultParameterHandler.java,org.apache.ibatis.scripting.defaults.DefaultParameterHandler,org.pitest.mutationtest.engine.gregor.mutators.NegateConditionalsMutator,setParameters,71,TIMED_OUT,none
DefaultParameterHandler.java,org.apache.ibatis.scripting.defaults.DefaultParameterHandler,org.pitest.mutationtest.engine.gregor.mutators.NegateConditionalsMutator,setParameters,73,TIMED_OUT,none
DefaultParameterHandler.java,org.apache.ibatis.scripting.defaults.DefaultParameterHandler,org.pitest.mutationtest.engine.gregor.mutators.NegateConditionalsMutator,setParameters,75,TIMED_OUT,none
DefaultParameterHandler.java,org.apache.ibatis.scripting.defaults.DefaultParameterHandler,org.pitest.mutationtest.engine.gregor.mutators.NegateConditionalsMutator,setParameters,83,TIMED_OUT,none
DefaultParameterHandler.java,org.apache.ibatis.scripting.defaults.DefaultParameterHandler,org.pitest.mutationtest.engine.gregor.mutators.NegateConditionalsMutator,setParameters,83,TIMED_OUT,none
DefaultParameterHandler.java,org.apache.ibatis.scripting.defaults.DefaultParameterHandler,org.pitest.mutationtest.engine.gregor.mutators.NonVoidMethodCallMutator,setParameters,63,TIMED_OUT,none
DefaultParameterHandler.java,org.apache.ibatis.scripting.defaults.DefaultParameterHandler,org.pitest.mutationtest.engine.gregor.mutators.NonVoidMethodCallMutator,setParameters,63,TIMED_OUT,none
DefaultParameterHandler.java,org.apache.ibatis.scripting.defaults.DefaultParameterHandler,org.pitest.mutationtest.engine.gregor.mutators.NonVoidMethodCallMutator,setParameters,63,TIMED_OUT,none
DefaultParameterHandler.java,org.apache.ibatis.scripting.defaults.DefaultParameterHandler,org.pitest.mutationtest.engine.gregor.mutators.NonVoidMethodCallMutator,setParameters,63,TIMED_OUT,none
DefaultParameterHandler.java,org.apache.ibatis.scripting.defaults.DefaultParameterHandler,org.pitest.mutationtest.engine.gregor.mutators.NonVoidMethodCallMutator,setParameters,66,TIMED_OUT,none
DefaultParameterHandler.java,org.apache.ibatis.scripting.defaults.DefaultParameterHandler,org.pitest.mutationtest.engine.gregor.mutators.NonVoidMethodCallMutator,setParameters,68,TIMED_OUT,none
DefaultParameterHandler.java,org.apache.ibatis.scripting.defaults.DefaultParameterHandler,org.pitest.mutationtest.engine.gregor.mutators.NonVoidMethodCallMutator,setParameters,70,TIMED_OUT,none
DefaultParameterHandler.java,org.apache.ibatis.scripting.defaults.DefaultParameterHandler,org.pitest.mutationtest.engine.gregor.mutators.NonVoidMethodCallMutator,setParameters,71,TIMED_OUT,none
DefaultParameterHandler.java,org.apache.ibatis.scripting.defaults.DefaultParameterHandler,org.pitest.mutationtest.engine.gregor.mutators.NonVoidMethodCallMutator,setParameters,79,TIMED_OUT,none
DefaultParameterHandler.java,org.apache.ibatis.scripting.defaults.DefaultParameterHandler,org.pitest.mutationtest.engine.gregor.mutators.RemoveConditionalMutator_EQUAL_ELSE,setParameters,65,TIMED_OUT,none
DefaultParameterHandler.java,org.apache.ibatis.scripting.defaults.DefaultParameterHandler,org.pitest.mutationtest.engine.gregor.mutators.RemoveConditionalMutator_EQUAL_ELSE,setParameters,73,TIMED_OUT,none
DefaultParameterHandler.java,org.apache.ibatis.scripting.defaults.DefaultParameterHandler,org.pitest.mutationtest.engine.gregor.mutators.RemoveConditionalMutator_EQUAL_ELSE,setParameters,75,TIMED_OUT,none
DefaultParameterHandler.java,org.apache.ibatis.scripting.defaults.DefaultParameterHandler,org.pitest.mutationtest.engine.gregor.mutators.RemoveConditionalMutator_EQUAL_ELSE,setParameters,83,TIMED_OUT,none
DefaultParameterHandler.java,org.apache.ibatis.scripting.defaults.DefaultParameterHandler,org.pitest.mutationtest.engine.gregor.mutators.RemoveConditionalMutator_EQUAL_ELSE,setParameters,83,TIMED_OUT,none
DefaultParameterHandler.java,org.apache.ibatis.scripting.defaults.DefaultParameterHandler,org.pitest.mutationtest.engine.gregor.mutators.RemoveConditionalMutator_EQUAL_IF,setParameters,68,TIMED_OUT,none
DefaultParameterHandler.java,org.apache.ibatis.scripting.defaults.DefaultParameterHandler,org.pitest.mutationtest.engine.gregor.mutators.RemoveConditionalMutator_EQUAL_IF,setParameters,71,TIMED_OUT,none
DefaultParameterHandler.java,org.apache.ibatis.scripting.defaults.DefaultParameterHandler,org.pitest.mutationtest.engine.gregor.mutators.RemoveConditionalMutator_EQUAL_IF,setParameters,73,TIMED_OUT,none
DefaultParameterHandler.java,org.apache.ibatis.scripting.defaults.DefaultParameterHandler,org.pitest.mutationtest.engine.gregor.mutators.RemoveConditionalMutator_EQUAL_IF,setParameters,75,TIMED_OUT,none
DefaultParameterHandler.java,org.apache.ibatis.scripting.defaults.DefaultParameterHandler,org.pitest.mutationtest.engine.gregor.mutators.RemoveConditionalMutator_EQUAL_IF,setParameters,83,TIMED_OUT,none
DefaultParameterHandler.java,org.apache.ibatis.scripting.defaults.DefaultParameterHandler,org.pitest.mutationtest.engine.gregor.mutators.RemoveConditionalMutator_ORDER_ELSE,setParameters,66,TIMED_OUT,none
DefaultParameterHandler.java,org.apache.ibatis.scripting.defaults.DefaultParameterHandler,org.pitest.mutationtest.engine.gregor.mutators.RemoveConditionalMutator_ORDER_IF,setParameters,66,TIMED_OUT,none
DefaultParameterHandler.java,org.apache.ibatis.scripting.defaults.DefaultParameterHandler,org.pitest.mutationtest.engine.gregor.mutators.experimental.RemoveIncrementsMutator,setParameters,66,TIMED_OUT,none
RawSqlSource.java,org.apache.ibatis.scripting.defaults.RawSqlSource,org.pitest.mutationtest.engine.gregor.mutators.NonVoidMethodCallMutator,<init>,46,TIMED_OUT,none
RawSqlSource.java,org.apache.ibatis.scripting.defaults.RawSqlSource,org.pitest.mutationtest.engine.gregor.mutators.RemoveConditionalMutator_EQUAL_ELSE,<init>,45,TIMED_OUT,none
RawSqlSource.java,org.apache.ibatis.scripting.defaults.RawSqlSource,org.pitest.mutationtest.engine.gregor.mutators.experimental.MemberVariableMutator,<init>,46,TIMED_OUT,none
RawSqlSource.java,org.apache.ibatis.scripting.defaults.RawSqlSource,org.pitest.mutationtest.engine.gregor.mutators.ConstructorCallMutator,getSql,50,TIMED_OUT,none
RawSqlSource.java,org.apache.ibatis.scripting.defaults.RawSqlSource,org.pitest.mutationtest.engine.gregor.mutators.NonVoidMethodCallMutator,getSql,51,TIMED_OUT,none
RawSqlSource.java,org.apache.ibatis.scripting.defaults.RawSqlSource,org.pitest.mutationtest.engine.gregor.mutators.NonVoidMethodCallMutator,getSql,52,TIMED_OUT,none
DynamicContext.java,org.apache.ibatis.scripting.xmltags.DynamicContext,org.pitest.mutationtest.engine.gregor.mutators.ArgumentPropagationMutator,<init>,52,TIMED_OUT,none
DynamicContext.java,org.apache.ibatis.scripting.xmltags.DynamicContext,org.pitest.mutationtest.engine.gregor.mutators.ArgumentPropagationMutator,<init>,53,TIMED_OUT,none
DynamicContext.java,org.apache.ibatis.scripting.xmltags.DynamicContext,org.pitest.mutationtest.engine.gregor.mutators.ConstructorCallMutator,<init>,42,TIMED_OUT,none
DynamicContext.java,org.apache.ibatis.scripting.xmltags.DynamicContext,org.pitest.mutationtest.engine.gregor.mutators.ConstructorCallMutator,<init>,48,TIMED_OUT,none
DynamicContext.java,org.apache.ibatis.scripting.xmltags.DynamicContext,org.pitest.mutationtest.engine.gregor.mutators.ConstructorCallMutator,<init>,50,TIMED_OUT,none
DynamicContext.java,org.apache.ibatis.scripting.xmltags.DynamicContext,org.pitest.mutationtest.engine.gregor.mutators.NegateConditionalsMutator,<init>,46,TIMED_OUT,none
DynamicContext.java,org.apache.ibatis.scripting.xmltags.DynamicContext,org.pitest.mutationtest.engine.gregor.mutators.NegateConditionalsMutator,<init>,46,TIMED_OUT,none
DynamicContext.java,org.apache.ibatis.scripting.xmltags.DynamicContext,org.pitest.mutationtest.engine.gregor.mutators.NonVoidMethodCallMutator,<init>,47,TIMED_OUT,none
DynamicContext.java,org.apache.ibatis.scripting.xmltags.DynamicContext,org.pitest.mutationtest.engine.gregor.mutators.NonVoidMethodCallMutator,<init>,53,TIMED_OUT,none
DynamicContext.java,org.apache.ibatis.scripting.xmltags.DynamicContext,org.pitest.mutationtest.engine.gregor.mutators.RemoveConditionalMutator_EQUAL_ELSE,<init>,46,TIMED_OUT,none
DynamicContext.java,org.apache.ibatis.scripting.xmltags.DynamicContext,org.pitest.mutationtest.engine.gregor.mutators.experimental.MemberVariableMutator,<init>,42,TIMED_OUT,none
DynamicContext.java,org.apache.ibatis.scripting.xmltags.DynamicContext,org.pitest.mutationtest.engine.gregor.mutators.experimental.MemberVariableMutator,<init>,50,TIMED_OUT,none
DynamicContext.java,org.apache.ibatis.scripting.xmltags.DynamicContext,org.pitest.mutationtest.engine.gregor.mutators.NonVoidMethodCallMutator,appendSql,65,TIMED_OUT,none
DynamicContext.java,org.apache.ibatis.scripting.xmltags.DynamicContext,org.pitest.mutationtest.engine.gregor.mutators.NonVoidMethodCallMutator,appendSql,66,TIMED_OUT,none
DynamicContext.java,org.apache.ibatis.scripting.xmltags.DynamicContext,org.pitest.mutationtest.engine.gregor.mutators.NonVoidMethodCallMutator,getSql,70,TIMED_OUT,none
DynamicContext.java,org.apache.ibatis.scripting.xmltags.DynamicContext,org.pitest.mutationtest.engine.gregor.mutators.ReturnValsMutator,getSql,70,TIMED_OUT,none
DynamicContext.java,org.apache.ibatis.scripting.xmltags.DynamicContext$ContextAccessor,org.pitest.mutationtest.engine.gregor.mutators.NegateConditionalsMutator,getProperty,109,TIMED_OUT,none
DynamicContext.java,org.apache.ibatis.scripting.xmltags.DynamicContext$ContextAccessor,org.pitest.mutationtest.engine.gregor.mutators.NonVoidMethodCallMutator,getProperty,108,TIMED_OUT,none
DynamicContext.java,org.apache.ibatis.scripting.xmltags.DynamicContext$ContextAccessor,org.pitest.mutationtest.engine.gregor.mutators.RemoveConditionalMutator_EQUAL_IF,getProperty,109,TIMED_OUT,none
DynamicContext.java,org.apache.ibatis.scripting.xmltags.DynamicContext$ContextAccessor,org.pitest.mutationtest.engine.gregor.mutators.ReturnValsMutator,getProperty,110,TIMED_OUT,none
DynamicContext.java,org.apache.ibatis.scripting.xmltags.DynamicContext$ContextMap,org.pitest.mutationtest.engine.gregor.mutators.NonVoidMethodCallMutator,get,89,TIMED_OUT,none
DynamicContext.java,org.apache.ibatis.scripting.xmltags.DynamicContext$ContextMap,org.pitest.mutationtest.engine.gregor.mutators.RemoveConditionalMutator_EQUAL_ELSE,get,88,TIMED_OUT,none
DynamicContext.java,org.apache.ibatis.scripting.xmltags.DynamicContext$ContextMap,org.pitest.mutationtest.engine.gregor.mutators.RemoveConditionalMutator_EQUAL_ELSE,get,92,TIMED_OUT,none
DynamicSqlSource.java,org.apache.ibatis.scripting.xmltags.DynamicSqlSource,org.pitest.mutationtest.engine.gregor.mutators.experimental.MemberVariableMutator,<init>,34,TIMED_OUT,none
DynamicSqlSource.java,org.apache.ibatis.scripting.xmltags.DynamicSqlSource,org.pitest.mutationtest.engine.gregor.mutators.NegateConditionalsMutator,getBoundSql,43,TIMED_OUT,none
DynamicSqlSource.java,org.apache.ibatis.scripting.xmltags.DynamicSqlSource,org.pitest.mutationtest.engine.gregor.mutators.NonVoidMethodCallMutator,getBoundSql,41,TIMED_OUT,none
DynamicSqlSource.java,org.apache.ibatis.scripting.xmltags.DynamicSqlSource,org.pitest.mutationtest.engine.gregor.mutators.NonVoidMethodCallMutator,getBoundSql,44,TIMED_OUT,none
DynamicSqlSource.java,org.apache.ibatis.scripting.xmltags.DynamicSqlSource,org.pitest.mutationtest.engine.gregor.mutators.NonVoidMethodCallMutator,getBoundSql,44,TIMED_OUT,none
DynamicSqlSource.java,org.apache.ibatis.scripting.xmltags.DynamicSqlSource,org.pitest.mutationtest.engine.gregor.mutators.NonVoidMethodCallMutator,getBoundSql,46,TIMED_OUT,none
DynamicSqlSource.java,org.apache.ibatis.scripting.xmltags.DynamicSqlSource,org.pitest.mutationtest.engine.gregor.mutators.RemoveConditionalMutator_EQUAL_ELSE,getBoundSql,43,TIMED_OUT,none
DynamicSqlSource.java,org.apache.ibatis.scripting.xmltags.DynamicSqlSource,org.pitest.mutationtest.engine.gregor.mutators.RemoveConditionalMutator_EQUAL_IF,getBoundSql,43,TIMED_OUT,none
DynamicSqlSource.java,org.apache.ibatis.scripting.xmltags.DynamicSqlSource,org.pitest.mutationtest.engine.gregor.mutators.RemoveConditionalMutator_EQUAL_IF,getBoundSql,46,TIMED_OUT,none
ExpressionEvaluator.java,org.apache.ibatis.scripting.xmltags.ExpressionEvaluator,org.pitest.mutationtest.engine.gregor.mutators.ArgumentPropagationMutator,evaluateBoolean,32,TIMED_OUT,none
ExpressionEvaluator.java,org.apache.ibatis.scripting.xmltags.ExpressionEvaluator,org.pitest.mutationtest.engine.gregor.mutators.NegateConditionalsMutator,evaluateBoolean,33,TIMED_OUT,none
ExpressionEvaluator.java,org.apache.ibatis.scripting.xmltags.ExpressionEvaluator,org.pitest.mutationtest.engine.gregor.mutators.NonVoidMethodCallMutator,evaluateBoolean,32,TIMED_OUT,none
ExpressionEvaluator.java,org.apache.ibatis.scripting.xmltags.ExpressionEvaluator,org.pitest.mutationtest.engine.gregor.mutators.NonVoidMethodCallMutator,evaluateBoolean,34,TIMED_OUT,none
ExpressionEvaluator.java,org.apache.ibatis.scripting.xmltags.ExpressionEvaluator,org.pitest.mutationtest.engine.gregor.mutators.RemoveConditionalMutator_EQUAL_ELSE,evaluateBoolean,33,TIMED_OUT,none
ExpressionEvaluator.java,org.apache.ibatis.scripting.xmltags.ExpressionEvaluator,org.pitest.mutationtest.engine.gregor.mutators.RemoveConditionalMutator_EQUAL_IF,evaluateBoolean,33,TIMED_OUT,none
ExpressionEvaluator.java,org.apache.ibatis.scripting.xmltags.ExpressionEvaluator,org.pitest.mutationtest.engine.gregor.mutators.ReturnValsMutator,evaluateBoolean,34,TIMED_OUT,none
ExpressionEvaluator.java,org.apache.ibatis.scripting.xmltags.ExpressionEvaluator,org.pitest.mutationtest.engine.gregor.mutators.ArgumentPropagationMutator,evaluateIterable,43,TIMED_OUT,none
ExpressionEvaluator.java,org.apache.ibatis.scripting.xmltags.ExpressionEvaluator,org.pitest.mutationtest.engine.gregor.mutators.ArgumentPropagationMutator,evaluateIterable,57,TIMED_OUT,none
ExpressionEvaluator.java,org.apache.ibatis.scripting.xmltags.ExpressionEvaluator,org.pitest.mutationtest.engine.gregor.mutators.ConditionalsBoundaryMutator,evaluateIterable,56,TIMED_OUT,none
ExpressionEvaluator.java,org.apache.ibatis.scripting.xmltags.ExpressionEvaluator,org.pitest.mutationtest.engine.gregor.mutators.ConstructorCallMutator,evaluateIterable,55,TIMED_OUT,none
ExpressionEvaluator.java,org.apache.ibatis.scripting.xmltags.ExpressionEvaluator,org.pitest.mutationtest.engine.gregor.mutators.IncrementsMutator,evaluateIterable,56,TIMED_OUT,none
ExpressionEvaluator.java,org.apache.ibatis.scripting.xmltags.ExpressionEvaluator,org.pitest.mutationtest.engine.gregor.mutators.InlineConstantMutator,evaluateIterable,56,TIMED_OUT,none
ExpressionEvaluator.java,org.apache.ibatis.scripting.xmltags.ExpressionEvaluator,org.pitest.mutationtest.engine.gregor.mutators.NegateConditionalsMutator,evaluateIterable,44,TIMED_OUT,none
ExpressionEvaluator.java,org.apache.ibatis.scripting.xmltags.ExpressionEvaluator,org.pitest.mutationtest.engine.gregor.mutators.NegateConditionalsMutator,evaluateIterable,47,TIMED_OUT,none
ExpressionEvaluator.java,org.apache.ibatis.scripting.xmltags.ExpressionEvaluator,org.pitest.mutationtest.engine.gregor.mutators.NegateConditionalsMutator,evaluateIterable,50,TIMED_OUT,none
ExpressionEvaluator.java,org.apache.ibatis.scripting.xmltags.ExpressionEvaluator,org.pitest.mutationtest.engine.gregor.mutators.NegateConditionalsMutator,evaluateIterable,56,TIMED_OUT,none
ExpressionEvaluator.java,org.apache.ibatis.scripting.xmltags.ExpressionEvaluator,org.pitest.mutationtest.engine.gregor.mutators.NonVoidMethodCallMutator,evaluateIterable,43,TIMED_OUT,none
ExpressionEvaluator.java,org.apache.ibatis.scripting.xmltags.ExpressionEvaluator,org.pitest.mutationtest.engine.gregor.mutators.NonVoidMethodCallMutator,evaluateIterable,50,TIMED_OUT,none
ExpressionEvaluator.java,org.apache.ibatis.scripting.xmltags.ExpressionEvaluator,org.pitest.mutationtest.engine.gregor.mutators.NonVoidMethodCallMutator,evaluateIterable,50,TIMED_OUT,none
ExpressionEvaluator.java,org.apache.ibatis.scripting.xmltags.ExpressionEvaluator,org.pitest.mutationtest.engine.gregor.mutators.NonVoidMethodCallMutator,evaluateIterable,54,TIMED_OUT,none
ExpressionEvaluator.java,org.apache.ibatis.scripting.xmltags.ExpressionEvaluator,org.pitest.mutationtest.engine.gregor.mutators.NonVoidMethodCallMutator,evaluateIterable,57,TIMED_OUT,none
ExpressionEvaluator.java,org.apache.ibatis.scripting.xmltags.ExpressionEvaluator,org.pitest.mutationtest.engine.gregor.mutators.NonVoidMethodCallMutator,evaluateIterable,58,TIMED_OUT,none
ExpressionEvaluator.java,org.apache.ibatis.scripting.xmltags.ExpressionEvaluator,org.pitest.mutationtest.engine.gregor.mutators.RemoveConditionalMutator_EQUAL_ELSE,evaluateIterable,44,TIMED_OUT,none
ExpressionEvaluator.java,org.apache.ibatis.scripting.xmltags.ExpressionEvaluator,org.pitest.mutationtest.engine.gregor.mutators.RemoveConditionalMutator_EQUAL_ELSE,evaluateIterable,47,TIMED_OUT,none
ExpressionEvaluator.java,org.apache.ibatis.scripting.xmltags.ExpressionEvaluator,org.pitest.mutationtest.engine.gregor.mutators.RemoveConditionalMutator_EQUAL_ELSE,evaluateIterable,50,TIMED_OUT,none
ExpressionEvaluator.java,org.apache.ibatis.scripting.xmltags.ExpressionEvaluator,org.pitest.mutationtest.engine.gregor.mutators.RemoveConditionalMutator_EQUAL_IF,evaluateIterable,44,TIMED_OUT,none
ExpressionEvaluator.java,org.apache.ibatis.scripting.xmltags.ExpressionEvaluator,org.pitest.mutationtest.engine.gregor.mutators.RemoveConditionalMutator_EQUAL_IF,evaluateIterable,47,TIMED_OUT,none
ExpressionEvaluator.java,org.apache.ibatis.scripting.xmltags.ExpressionEvaluator,org.pitest.mutationtest.engine.gregor.mutators.RemoveConditionalMutator_EQUAL_IF,evaluateIterable,50,TIMED_OUT,none
ExpressionEvaluator.java,org.apache.ibatis.scripting.xmltags.ExpressionEvaluator,org.pitest.mutationtest.engine.gregor.mutators.RemoveConditionalMutator_ORDER_ELSE,evaluateIterable,56,TIMED_OUT,none
ExpressionEvaluator.java,org.apache.ibatis.scripting.xmltags.ExpressionEvaluator,org.pitest.mutationtest.engine.gregor.mutators.RemoveConditionalMutator_ORDER_IF,evaluateIterable,56,TIMED_OUT,none
ExpressionEvaluator.java,org.apache.ibatis.scripting.xmltags.ExpressionEvaluator,org.pitest.mutationtest.engine.gregor.mutators.ReturnValsMutator,evaluateIterable,48,TIMED_OUT,none
ExpressionEvaluator.java,org.apache.ibatis.scripting.xmltags.ExpressionEvaluator,org.pitest.mutationtest.engine.gregor.mutators.ReturnValsMutator,evaluateIterable,60,TIMED_OUT,none
ExpressionEvaluator.java,org.apache.ibatis.scripting.xmltags.ExpressionEvaluator,org.pitest.mutationtest.engine.gregor.mutators.experimental.RemoveIncrementsMutator,evaluateIterable,56,TIMED_OUT,none
ForEachSqlNode.java,org.apache.ibatis.scripting.xmltags.ForEachSqlNode,org.pitest.mutationtest.engine.gregor.mutators.ConstructorCallMutator,<init>,41,TIMED_OUT,none
ForEachSqlNode.java,org.apache.ibatis.scripting.xmltags.ForEachSqlNode,org.pitest.mutationtest.engine.gregor.mutators.experimental.MemberVariableMutator,<init>,41,TIMED_OUT,none
ForEachSqlNode.java,org.apache.ibatis.scripting.xmltags.ForEachSqlNode,org.pitest.mutationtest.engine.gregor.mutators.experimental.MemberVariableMutator,<init>,42,TIMED_OUT,none
ForEachSqlNode.java,org.apache.ibatis.scripting.xmltags.ForEachSqlNode,org.pitest.mutationtest.engine.gregor.mutators.experimental.MemberVariableMutator,<init>,43,TIMED_OUT,none
ForEachSqlNode.java,org.apache.ibatis.scripting.xmltags.ForEachSqlNode,org.pitest.mutationtest.engine.gregor.mutators.experimental.MemberVariableMutator,<init>,44,TIMED_OUT,none
ForEachSqlNode.java,org.apache.ibatis.scripting.xmltags.ForEachSqlNode,org.pitest.mutationtest.engine.gregor.mutators.experimental.MemberVariableMutator,<init>,45,TIMED_OUT,none
ForEachSqlNode.java,org.apache.ibatis.scripting.xmltags.ForEachSqlNode,org.pitest.mutationtest.engine.gregor.mutators.experimental.MemberVariableMutator,<init>,46,TIMED_OUT,none
ForEachSqlNode.java,org.apache.ibatis.scripting.xmltags.ForEachSqlNode,org.pitest.mutationtest.engine.gregor.mutators.experimental.MemberVariableMutator,<init>,47,TIMED_OUT,none
ForEachSqlNode.java,org.apache.ibatis.scripting.xmltags.ForEachSqlNode,org.pitest.mutationtest.engine.gregor.mutators.experimental.MemberVariableMutator,<init>,48,TIMED_OUT,none
ForEachSqlNode.java,org.apache.ibatis.scripting.xmltags.ForEachSqlNode,org.pitest.mutationtest.engine.gregor.mutators.experimental.MemberVariableMutator,<init>,49,TIMED_OUT,none
ForEachSqlNode.java,org.apache.ibatis.scripting.xmltags.ForEachSqlNode,org.pitest.mutationtest.engine.gregor.mutators.ConstructorCallMutator,apply,65,TIMED_OUT,none
ForEachSqlNode.java,org.apache.ibatis.scripting.xmltags.ForEachSqlNode,org.pitest.mutationtest.engine.gregor.mutators.ConstructorCallMutator,apply,67,TIMED_OUT,none
ForEachSqlNode.java,org.apache.ibatis.scripting.xmltags.ForEachSqlNode,org.pitest.mutationtest.engine.gregor.mutators.ConstructorCallMutator,apply,82,TIMED_OUT,none
ForEachSqlNode.java,org.apache.ibatis.scripting.xmltags.ForEachSqlNode,org.pitest.mutationtest.engine.gregor.mutators.IncrementsMutator,apply,87,TIMED_OUT,none
ForEachSqlNode.java,org.apache.ibatis.scripting.xmltags.ForEachSqlNode,org.pitest.mutationtest.engine.gregor.mutators.InlineConstantMutator,apply,57,TIMED_OUT,none
ForEachSqlNode.java,org.apache.ibatis.scripting.xmltags.ForEachSqlNode,org.pitest.mutationtest.engine.gregor.mutators.InlineConstantMutator,apply,59,TIMED_OUT,none
ForEachSqlNode.java,org.apache.ibatis.scripting.xmltags.ForEachSqlNode,org.pitest.mutationtest.engine.gregor.mutators.InlineConstantMutator,apply,61,TIMED_OUT,none
ForEachSqlNode.java,org.apache.ibatis.scripting.xmltags.ForEachSqlNode,org.pitest.mutationtest.engine.gregor.mutators.InlineConstantMutator,apply,84,TIMED_OUT,none
ForEachSqlNode.java,org.apache.ibatis.scripting.xmltags.ForEachSqlNode,org.pitest.mutationtest.engine.gregor.mutators.InlineConstantMutator,apply,84,TIMED_OUT,none
ForEachSqlNode.java,org.apache.ibatis.scripting.xmltags.ForEachSqlNode,org.pitest.mutationtest.engine.gregor.mutators.InlineConstantMutator,apply,90,TIMED_OUT,none
ForEachSqlNode.java,org.apache.ibatis.scripting.xmltags.ForEachSqlNode,org.pitest.mutationtest.engine.gregor.mutators.NegateConditionalsMutator,apply,56,TIMED_OUT,none
ForEachSqlNode.java,org.apache.ibatis.scripting.xmltags.ForEachSqlNode,org.pitest.mutationtest.engine.gregor.mutators.NegateConditionalsMutator,apply,62,TIMED_OUT,none
ForEachSqlNode.java,org.apache.ibatis.scripting.xmltags.ForEachSqlNode,org.pitest.mutationtest.engine.gregor.mutators.NegateConditionalsMutator,apply,64,TIMED_OUT,none
ForEachSqlNode.java,org.apache.ibatis.scripting.xmltags.ForEachSqlNode,org.pitest.mutationtest.engine.gregor.mutators.NegateConditionalsMutator,apply,66,TIMED_OUT,none
ForEachSqlNode.java,org.apache.ibatis.scripting.xmltags.ForEachSqlNode,org.pitest.mutationtest.engine.gregor.mutators.NegateConditionalsMutator,apply,73,TIMED_OUT,none
ForEachSqlNode.java,org.apache.ibatis.scripting.xmltags.ForEachSqlNode,org.pitest.mutationtest.engine.gregor.mutators.NegateConditionalsMutator,apply,83,TIMED_OUT,none
ForEachSqlNode.java,org.apache.ibatis.scripting.xmltags.ForEachSqlNode,org.pitest.mutationtest.engine.gregor.mutators.NegateConditionalsMutator,apply,84,TIMED_OUT,none
ForEachSqlNode.java,org.apache.ibatis.scripting.xmltags.ForEachSqlNode,org.pitest.mutationtest.engine.gregor.mutators.NonVoidMethodCallMutator,apply,54,TIMED_OUT,none
ForEachSqlNode.java,org.apache.ibatis.scripting.xmltags.ForEachSqlNode,org.pitest.mutationtest.engine.gregor.mutators.NonVoidMethodCallMutator,apply,55,TIMED_OUT,none
ForEachSqlNode.java,org.apache.ibatis.scripting.xmltags.ForEachSqlNode,org.pitest.mutationtest.engine.gregor.mutators.NonVoidMethodCallMutator,apply,56,TIMED_OUT,none
ForEachSqlNode.java,org.apache.ibatis.scripting.xmltags.ForEachSqlNode,org.pitest.mutationtest.engine.gregor.mutators.NonVoidMethodCallMutator,apply,56,TIMED_OUT,none
ForEachSqlNode.java,org.apache.ibatis.scripting.xmltags.ForEachSqlNode,org.pitest.mutationtest.engine.gregor.mutators.NonVoidMethodCallMutator,apply,62,TIMED_OUT,none
ForEachSqlNode.java,org.apache.ibatis.scripting.xmltags.ForEachSqlNode,org.pitest.mutationtest.engine.gregor.mutators.NonVoidMethodCallMutator,apply,62,TIMED_OUT,none
ForEachSqlNode.java,org.apache.ibatis.scripting.xmltags.ForEachSqlNode,org.pitest.mutationtest.engine.gregor.mutators.NonVoidMethodCallMutator,apply,62,TIMED_OUT,none
ForEachSqlNode.java,org.apache.ibatis.scripting.xmltags.ForEachSqlNode,org.pitest.mutationtest.engine.gregor.mutators.NonVoidMethodCallMutator,apply,71,TIMED_OUT,none
ForEachSqlNode.java,org.apache.ibatis.scripting.xmltags.ForEachSqlNode,org.pitest.mutationtest.engine.gregor.mutators.NonVoidMethodCallMutator,apply,79,TIMED_OUT,none
ForEachSqlNode.java,org.apache.ibatis.scripting.xmltags.ForEachSqlNode,org.pitest.mutationtest.engine.gregor.mutators.NonVoidMethodCallMutator,apply,82,TIMED_OUT,none
ForEachSqlNode.java,org.apache.ibatis.scripting.xmltags.ForEachSqlNode,org.pitest.mutationtest.engine.gregor.mutators.NonVoidMethodCallMutator,apply,84,TIMED_OUT,none
ForEachSqlNode.java,org.apache.ibatis.scripting.xmltags.ForEachSqlNode,org.pitest.mutationtest.engine.gregor.mutators.RemoveConditionalMutator_EQUAL_ELSE,apply,56,TIMED_OUT,none
ForEachSqlNode.java,org.apache.ibatis.scripting.xmltags.ForEachSqlNode,org.pitest.mutationtest.engine.gregor.mutators.RemoveConditionalMutator_EQUAL_ELSE,apply,62,TIMED_OUT,none
ForEachSqlNode.java,org.apache.ibatis.scripting.xmltags.ForEachSqlNode,org.pitest.mutationtest.engine.gregor.mutators.RemoveConditionalMutator_EQUAL_ELSE,apply,64,TIMED_OUT,none
ForEachSqlNode.java,org.apache.ibatis.scripting.xmltags.ForEachSqlNode,org.pitest.mutationtest.engine.gregor.mutators.RemoveConditionalMutator_EQUAL_ELSE,apply,66,TIMED_OUT,none
ForEachSqlNode.java,org.apache.ibatis.scripting.xmltags.ForEachSqlNode,org.pitest.mutationtest.engine.gregor.mutators.RemoveConditionalMutator_EQUAL_ELSE,apply,73,TIMED_OUT,none
ForEachSqlNode.java,org.apache.ibatis.scripting.xmltags.ForEachSqlNode,org.pitest.mutationtest.engine.gregor.mutators.RemoveConditionalMutator_EQUAL_ELSE,apply,83,TIMED_OUT,none
ForEachSqlNode.java,org.apache.ibatis.scripting.xmltags.ForEachSqlNode,org.pitest.mutationtest.engine.gregor.mutators.RemoveConditionalMutator_EQUAL_ELSE,apply,84,TIMED_OUT,none
ForEachSqlNode.java,org.apache.ibatis.scripting.xmltags.ForEachSqlNode,org.pitest.mutationtest.engine.gregor.mutators.RemoveConditionalMutator_EQUAL_IF,apply,56,TIMED_OUT,none
ForEachSqlNode.java,org.apache.ibatis.scripting.xmltags.ForEachSqlNode,org.pitest.mutationtest.engine.gregor.mutators.RemoveConditionalMutator_EQUAL_IF,apply,62,TIMED_OUT,none
ForEachSqlNode.java,org.apache.ibatis.scripting.xmltags.ForEachSqlNode,org.pitest.mutationtest.engine.gregor.mutators.RemoveConditionalMutator_EQUAL_IF,apply,64,TIMED_OUT,none
ForEachSqlNode.java,org.apache.ibatis.scripting.xmltags.ForEachSqlNode,org.pitest.mutationtest.engine.gregor.mutators.RemoveConditionalMutator_EQUAL_IF,apply,66,TIMED_OUT,none
ForEachSqlNode.java,org.apache.ibatis.scripting.xmltags.ForEachSqlNode,org.pitest.mutationtest.engine.gregor.mutators.RemoveConditionalMutator_EQUAL_IF,apply,73,TIMED_OUT,none
ForEachSqlNode.java,org.apache.ibatis.scripting.xmltags.ForEachSqlNode,org.pitest.mutationtest.engine.gregor.mutators.RemoveConditionalMutator_EQUAL_IF,apply,83,TIMED_OUT,none
ForEachSqlNode.java,org.apache.ibatis.scripting.xmltags.ForEachSqlNode,org.pitest.mutationtest.engine.gregor.mutators.RemoveConditionalMutator_EQUAL_IF,apply,84,TIMED_OUT,none
ForEachSqlNode.java,org.apache.ibatis.scripting.xmltags.ForEachSqlNode,org.pitest.mutationtest.engine.gregor.mutators.ReturnValsMutator,apply,57,TIMED_OUT,none
ForEachSqlNode.java,org.apache.ibatis.scripting.xmltags.ForEachSqlNode,org.pitest.mutationtest.engine.gregor.mutators.ReturnValsMutator,apply,90,TIMED_OUT,none
ForEachSqlNode.java,org.apache.ibatis.scripting.xmltags.ForEachSqlNode,org.pitest.mutationtest.engine.gregor.mutators.VoidMethodCallMutator,apply,60,TIMED_OUT,none
ForEachSqlNode.java,org.apache.ibatis.scripting.xmltags.ForEachSqlNode,org.pitest.mutationtest.engine.gregor.mutators.VoidMethodCallMutator,apply,79,TIMED_OUT,none
ForEachSqlNode.java,org.apache.ibatis.scripting.xmltags.ForEachSqlNode,org.pitest.mutationtest.engine.gregor.mutators.VoidMethodCallMutator,apply,80,TIMED_OUT,none
ForEachSqlNode.java,org.apache.ibatis.scripting.xmltags.ForEachSqlNode,org.pitest.mutationtest.engine.gregor.mutators.VoidMethodCallMutator,apply,89,TIMED_OUT,none
ForEachSqlNode.java,org.apache.ibatis.scripting.xmltags.ForEachSqlNode,org.pitest.mutationtest.engine.gregor.mutators.experimental.RemoveIncrementsMutator,apply,87,TIMED_OUT,none
ForEachSqlNode.java,org.apache.ibatis.scripting.xmltags.ForEachSqlNode,org.pitest.mutationtest.engine.gregor.mutators.NegateConditionalsMutator,applyClose,114,TIMED_OUT,none
ForEachSqlNode.java,org.apache.ibatis.scripting.xmltags.ForEachSqlNode,org.pitest.mutationtest.engine.gregor.mutators.RemoveConditionalMutator_EQUAL_ELSE,applyClose,114,TIMED_OUT,none
ForEachSqlNode.java,org.apache.ibatis.scripting.xmltags.ForEachSqlNode,org.pitest.mutationtest.engine.gregor.mutators.RemoveConditionalMutator_EQUAL_IF,applyClose,114,TIMED_OUT,none
ForEachSqlNode.java,org.apache.ibatis.scripting.xmltags.ForEachSqlNode,org.pitest.mutationtest.engine.gregor.mutators.VoidMethodCallMutator,applyClose,115,TIMED_OUT,none
ForEachSqlNode.java,org.apache.ibatis.scripting.xmltags.ForEachSqlNode,org.pitest.mutationtest.engine.gregor.mutators.ArgumentPropagationMutator,applyIndex,96,TIMED_OUT,none
ForEachSqlNode.java,org.apache.ibatis.scripting.xmltags.ForEachSqlNode,org.pitest.mutationtest.engine.gregor.mutators.NegateConditionalsMutator,applyIndex,94,TIMED_OUT,none
ForEachSqlNode.java,org.apache.ibatis.scripting.xmltags.ForEachSqlNode,org.pitest.mutationtest.engine.gregor.mutators.NonVoidMethodCallMutator,applyIndex,96,TIMED_OUT,none
ForEachSqlNode.java,org.apache.ibatis.scripting.xmltags.ForEachSqlNode,org.pitest.mutationtest.engine.gregor.mutators.RemoveConditionalMutator_EQUAL_ELSE,applyIndex,94,TIMED_OUT,none
ForEachSqlNode.java,org.apache.ibatis.scripting.xmltags.ForEachSqlNode,org.pitest.mutationtest.engine.gregor.mutators.RemoveConditionalMutator_EQUAL_IF,applyIndex,94,TIMED_OUT,none
ForEachSqlNode.java,org.apache.ibatis.scripting.xmltags.ForEachSqlNode,org.pitest.mutationtest.engine.gregor.mutators.VoidMethodCallMutator,applyIndex,95,TIMED_OUT,none
ForEachSqlNode.java,org.apache.ibatis.scripting.xmltags.ForEachSqlNode,org.pitest.mutationtest.engine.gregor.mutators.VoidMethodCallMutator,applyIndex,96,TIMED_OUT,none
ForEachSqlNode.java,org.apache.ibatis.scripting.xmltags.ForEachSqlNode,org.pitest.mutationtest.engine.gregor.mutators.ArgumentPropagationMutator,applyItem,103,TIMED_OUT,none
ForEachSqlNode.java,org.apache.ibatis.scripting.xmltags.ForEachSqlNode,org.pitest.mutationtest.engine.gregor.mutators.NegateConditionalsMutator,applyItem,101,TIMED_OUT,none
ForEachSqlNode.java,org.apache.ibatis.scripting.xmltags.ForEachSqlNode,org.pitest.mutationtest.engine.gregor.mutators.NonVoidMethodCallMutator,applyItem,103,TIMED_OUT,none
ForEachSqlNode.java,org.apache.ibatis.scripting.xmltags.ForEachSqlNode,org.pitest.mutationtest.engine.gregor.mutators.RemoveConditionalMutator_EQUAL_ELSE,applyItem,101,TIMED_OUT,none
ForEachSqlNode.java,org.apache.ibatis.scripting.xmltags.ForEachSqlNode,org.pitest.mutationtest.engine.gregor.mutators.RemoveConditionalMutator_EQUAL_IF,applyItem,101,TIMED_OUT,none
ForEachSqlNode.java,org.apache.ibatis.scripting.xmltags.ForEachSqlNode,org.pitest.mutationtest.engine.gregor.mutators.VoidMethodCallMutator,applyItem,102,TIMED_OUT,none
ForEachSqlNode.java,org.apache.ibatis.scripting.xmltags.ForEachSqlNode,org.pitest.mutationtest.engine.gregor.mutators.VoidMethodCallMutator,applyItem,103,TIMED_OUT,none
ForEachSqlNode.java,org.apache.ibatis.scripting.xmltags.ForEachSqlNode,org.pitest.mutationtest.engine.gregor.mutators.NegateConditionalsMutator,applyOpen,108,TIMED_OUT,none
ForEachSqlNode.java,org.apache.ibatis.scripting.xmltags.ForEachSqlNode,org.pitest.mutationtest.engine.gregor.mutators.RemoveConditionalMutator_EQUAL_ELSE,applyOpen,108,TIMED_OUT,none
ForEachSqlNode.java,org.apache.ibatis.scripting.xmltags.ForEachSqlNode,org.pitest.mutationtest.engine.gregor.mutators.RemoveConditionalMutator_EQUAL_IF,applyOpen,108,TIMED_OUT,none
ForEachSqlNode.java,org.apache.ibatis.scripting.xmltags.ForEachSqlNode,org.pitest.mutationtest.engine.gregor.mutators.VoidMethodCallMutator,applyOpen,109,TIMED_OUT,none
ForEachSqlNode.java,org.apache.ibatis.scripting.xmltags.ForEachSqlNode,org.pitest.mutationtest.engine.gregor.mutators.ConstructorCallMutator,itemizeItem,120,TIMED_OUT,none
ForEachSqlNode.java,org.apache.ibatis.scripting.xmltags.ForEachSqlNode,org.pitest.mutationtest.engine.gregor.mutators.NonVoidMethodCallMutator,itemizeItem,120,TIMED_OUT,none
ForEachSqlNode.java,org.apache.ibatis.scripting.xmltags.ForEachSqlNode,org.pitest.mutationtest.engine.gregor.mutators.NonVoidMethodCallMutator,itemizeItem,120,TIMED_OUT,none
ForEachSqlNode.java,org.apache.ibatis.scripting.xmltags.ForEachSqlNode,org.pitest.mutationtest.engine.gregor.mutators.NonVoidMethodCallMutator,itemizeItem,120,TIMED_OUT,none
ForEachSqlNode.java,org.apache.ibatis.scripting.xmltags.ForEachSqlNode,org.pitest.mutationtest.engine.gregor.mutators.NonVoidMethodCallMutator,itemizeItem,120,TIMED_OUT,none
ForEachSqlNode.java,org.apache.ibatis.scripting.xmltags.ForEachSqlNode,org.pitest.mutationtest.engine.gregor.mutators.ReturnValsMutator,itemizeItem,120,TIMED_OUT,none
ForEachSqlNode.java,org.apache.ibatis.scripting.xmltags.ForEachSqlNode$FilteredDynamicContext,org.pitest.mutationtest.engine.gregor.mutators.experimental.MemberVariableMutator,<init>,131,TIMED_OUT,none
ForEachSqlNode.java,org.apache.ibatis.scripting.xmltags.ForEachSqlNode$PrefixedContext,org.pitest.mutationtest.engine.gregor.mutators.VoidMethodCallMutator,appendSql,205,TIMED_OUT,none
IfSqlNode.java,org.apache.ibatis.scripting.xmltags.IfSqlNode,org.pitest.mutationtest.engine.gregor.mutators.experimental.MemberVariableMutator,<init>,28,TIMED_OUT,none
MixedSqlNode.java,org.apache.ibatis.scripting.xmltags.MixedSqlNode,org.pitest.mutationtest.engine.gregor.mutators.NegateConditionalsMutator,apply,32,TIMED_OUT,none
MixedSqlNode.java,org.apache.ibatis.scripting.xmltags.MixedSqlNode,org.pitest.mutationtest.engine.gregor.mutators.NonVoidMethodCallMutator,apply,32,TIMED_OUT,none
MixedSqlNode.java,org.apache.ibatis.scripting.xmltags.MixedSqlNode,org.pitest.mutationtest.engine.gregor.mutators.RemoveConditionalMutator_EQUAL_IF,apply,32,TIMED_OUT,none
MixedSqlNode.java,org.apache.ibatis.scripting.xmltags.MixedSqlNode,org.pitest.mutationtest.engine.gregor.mutators.ReturnValsMutator,apply,35,TIMED_OUT,none
OgnlCache.java,org.apache.ibatis.scripting.xmltags.OgnlCache,org.pitest.mutationtest.engine.gregor.mutators.ArgumentPropagationMutator,getValue,44,TIMED_OUT,none
OgnlCache.java,org.apache.ibatis.scripting.xmltags.OgnlCache,org.pitest.mutationtest.engine.gregor.mutators.ConstructorCallMutator,getValue,43,TIMED_OUT,none
OgnlCache.java,org.apache.ibatis.scripting.xmltags.OgnlCache,org.pitest.mutationtest.engine.gregor.mutators.NonVoidMethodCallMutator,parseExpression,51,TIMED_OUT,none
OgnlCache.java,org.apache.ibatis.scripting.xmltags.OgnlCache,org.pitest.mutationtest.engine.gregor.mutators.RemoveConditionalMutator_EQUAL_ELSE,parseExpression,52,TIMED_OUT,none
OgnlCache.java,org.apache.ibatis.scripting.xmltags.OgnlCache,org.pitest.mutationtest.engine.gregor.mutators.RemoveConditionalMutator_EQUAL_IF,parseExpression,52,TIMED_OUT,none
OgnlClassResolver.java,org.apache.ibatis.scripting.xmltags.OgnlClassResolver,org.pitest.mutationtest.engine.gregor.mutators.experimental.MemberVariableMutator,<init>,36,TIMED_OUT,none
StaticTextSqlNode.java,org.apache.ibatis.scripting.xmltags.StaticTextSqlNode,org.pitest.mutationtest.engine.gregor.mutators.ReturnValsMutator,apply,31,TIMED_OUT,none
StaticTextSqlNode.java,org.apache.ibatis.scripting.xmltags.StaticTextSqlNode,org.pitest.mutationtest.engine.gregor.mutators.VoidMethodCallMutator,apply,30,TIMED_OUT,none
TextSqlNode.java,org.apache.ibatis.scripting.xmltags.TextSqlNode,org.pitest.mutationtest.engine.gregor.mutators.experimental.MemberVariableMutator,<init>,37,TIMED_OUT,none
TextSqlNode.java,org.apache.ibatis.scripting.xmltags.TextSqlNode,org.pitest.mutationtest.engine.gregor.mutators.experimental.MemberVariableMutator,<init>,38,TIMED_OUT,none
TextSqlNode.java,org.apache.ibatis.scripting.xmltags.TextSqlNode,org.pitest.mutationtest.engine.gregor.mutators.ConstructorCallMutator,apply,50,TIMED_OUT,none
TextSqlNode.java,org.apache.ibatis.scripting.xmltags.TextSqlNode,org.pitest.mutationtest.engine.gregor.mutators.ConstructorCallMutator,createParser,56,TIMED_OUT,none
TextSqlNode.java,org.apache.ibatis.scripting.xmltags.TextSqlNode,org.pitest.mutationtest.engine.gregor.mutators.ArgumentPropagationMutator,isDynamic,44,TIMED_OUT,none
TextSqlNode.java,org.apache.ibatis.scripting.xmltags.TextSqlNode,org.pitest.mutationtest.engine.gregor.mutators.NonVoidMethodCallMutator,isDynamic,43,TIMED_OUT,none
TextSqlNode.java,org.apache.ibatis.scripting.xmltags.TextSqlNode,org.pitest.mutationtest.engine.gregor.mutators.NonVoidMethodCallMutator,isDynamic,45,TIMED_OUT,none
TextSqlNode.java,org.apache.ibatis.scripting.xmltags.TextSqlNode$BindingTokenParser,org.pitest.mutationtest.engine.gregor.mutators.experimental.MemberVariableMutator,<init>,66,TIMED_OUT,none
TextSqlNode.java,org.apache.ibatis.scripting.xmltags.TextSqlNode$BindingTokenParser,org.pitest.mutationtest.engine.gregor.mutators.NegateConditionalsMutator,checkInjection,84,TIMED_OUT,none
TextSqlNode.java,org.apache.ibatis.scripting.xmltags.TextSqlNode$BindingTokenParser,org.pitest.mutationtest.engine.gregor.mutators.RemoveConditionalMutator_EQUAL_ELSE,checkInjection,84,TIMED_OUT,none
TextSqlNode.java,org.apache.ibatis.scripting.xmltags.TextSqlNode$BindingTokenParser,org.pitest.mutationtest.engine.gregor.mutators.RemoveConditionalMutator_EQUAL_ELSE,checkInjection,84,TIMED_OUT,none
TextSqlNode.java,org.apache.ibatis.scripting.xmltags.TextSqlNode$BindingTokenParser,org.pitest.mutationtest.engine.gregor.mutators.NonVoidMethodCallMutator,handleToken,71,TIMED_OUT,none
TextSqlNode.java,org.apache.ibatis.scripting.xmltags.TextSqlNode$BindingTokenParser,org.pitest.mutationtest.engine.gregor.mutators.NonVoidMethodCallMutator,handleToken,74,TIMED_OUT,none
TextSqlNode.java,org.apache.ibatis.scripting.xmltags.TextSqlNode$BindingTokenParser,org.pitest.mutationtest.engine.gregor.mutators.NonVoidMethodCallMutator,handleToken,75,TIMED_OUT,none
TextSqlNode.java,org.apache.ibatis.scripting.xmltags.TextSqlNode$BindingTokenParser,org.pitest.mutationtest.engine.gregor.mutators.NonVoidMethodCallMutator,handleToken,77,TIMED_OUT,none
TextSqlNode.java,org.apache.ibatis.scripting.xmltags.TextSqlNode$BindingTokenParser,org.pitest.mutationtest.engine.gregor.mutators.RemoveConditionalMutator_EQUAL_ELSE,handleToken,72,TIMED_OUT,none
TextSqlNode.java,org.apache.ibatis.scripting.xmltags.TextSqlNode$BindingTokenParser,org.pitest.mutationtest.engine.gregor.mutators.RemoveConditionalMutator_EQUAL_IF,handleToken,74,TIMED_OUT,none
TextSqlNode.java,org.apache.ibatis.scripting.xmltags.TextSqlNode$BindingTokenParser,org.pitest.mutationtest.engine.gregor.mutators.ReturnValsMutator,handleToken,80,TIMED_OUT,none
TextSqlNode.java,org.apache.ibatis.scripting.xmltags.TextSqlNode$DynamicCheckerTokenParser,org.pitest.mutationtest.engine.gregor.mutators.experimental.MemberVariableMutator,handleToken,104,TIMED_OUT,none
TrimSqlNode.java,org.apache.ibatis.scripting.xmltags.TrimSqlNode,org.pitest.mutationtest.engine.gregor.mutators.experimental.MemberVariableMutator,<init>,47,TIMED_OUT,none
TrimSqlNode.java,org.apache.ibatis.scripting.xmltags.TrimSqlNode$FilteredDynamicContext,org.pitest.mutationtest.engine.gregor.mutators.NonVoidMethodCallMutator,applyPrefix,125,TIMED_OUT,none
XMLLanguageDriver.java,org.apache.ibatis.scripting.xmltags.XMLLanguageDriver,org.pitest.mutationtest.engine.gregor.mutators.NonVoidMethodCallMutator,createSqlSource,57,TIMED_OUT,none
XMLScriptBuilder.java,org.apache.ibatis.scripting.xmltags.XMLScriptBuilder,org.pitest.mutationtest.engine.gregor.mutators.experimental.MemberVariableMutator,<init>,48,TIMED_OUT,none
XMLScriptBuilder.java,org.apache.ibatis.scripting.xmltags.XMLScriptBuilder,org.pitest.mutationtest.engine.gregor.mutators.ConstructorCallMutator,nodeHandlers,98,TIMED_OUT,none
XMLScriptBuilder.java,org.apache.ibatis.scripting.xmltags.XMLScriptBuilder,org.pitest.mutationtest.engine.gregor.mutators.ArgumentPropagationMutator,parseDynamicTags,69,TIMED_OUT,none
XMLScriptBuilder.java,org.apache.ibatis.scripting.xmltags.XMLScriptBuilder,org.pitest.mutationtest.engine.gregor.mutators.ConditionalsBoundaryMutator,parseDynamicTags,66,TIMED_OUT,none
XMLScriptBuilder.java,org.apache.ibatis.scripting.xmltags.XMLScriptBuilder,org.pitest.mutationtest.engine.gregor.mutators.ConstructorCallMutator,parseDynamicTags,64,TIMED_OUT,none
XMLScriptBuilder.java,org.apache.ibatis.scripting.xmltags.XMLScriptBuilder,org.pitest.mutationtest.engine.gregor.mutators.IncrementsMutator,parseDynamicTags,66,TIMED_OUT,none
XMLScriptBuilder.java,org.apache.ibatis.scripting.xmltags.XMLScriptBuilder,org.pitest.mutationtest.engine.gregor.mutators.InlineConstantMutator,parseDynamicTags,66,TIMED_OUT,none
XMLScriptBuilder.java,org.apache.ibatis.scripting.xmltags.XMLScriptBuilder,org.pitest.mutationtest.engine.gregor.mutators.InlineConstantMutator,parseDynamicTags,68,TIMED_OUT,none
XMLScriptBuilder.java,org.apache.ibatis.scripting.xmltags.XMLScriptBuilder,org.pitest.mutationtest.engine.gregor.mutators.InlineConstantMutator,parseDynamicTags,68,TIMED_OUT,none
XMLScriptBuilder.java,org.apache.ibatis.scripting.xmltags.XMLScriptBuilder,org.pitest.mutationtest.engine.gregor.mutators.NegateConditionalsMutator,parseDynamicTags,66,TIMED_OUT,none
XMLScriptBuilder.java,org.apache.ibatis.scripting.xmltags.XMLScriptBuilder,org.pitest.mutationtest.engine.gregor.mutators.NonVoidMethodCallMutator,parseDynamicTags,65,TIMED_OUT,none
XMLScriptBuilder.java,org.apache.ibatis.scripting.xmltags.XMLScriptBuilder,org.pitest.mutationtest.engine.gregor.mutators.NonVoidMethodCallMutator,parseDynamicTags,67,TIMED_OUT,none
XMLScriptBuilder.java,org.apache.ibatis.scripting.xmltags.XMLScriptBuilder,org.pitest.mutationtest.engine.gregor.mutators.NonVoidMethodCallMutator,parseDynamicTags,68,TIMED_OUT,none
XMLScriptBuilder.java,org.apache.ibatis.scripting.xmltags.XMLScriptBuilder,org.pitest.mutationtest.engine.gregor.mutators.NonVoidMethodCallMutator,parseDynamicTags,68,TIMED_OUT,none
XMLScriptBuilder.java,org.apache.ibatis.scripting.xmltags.XMLScriptBuilder,org.pitest.mutationtest.engine.gregor.mutators.NonVoidMethodCallMutator,parseDynamicTags,68,TIMED_OUT,none
XMLScriptBuilder.java,org.apache.ibatis.scripting.xmltags.XMLScriptBuilder,org.pitest.mutationtest.engine.gregor.mutators.NonVoidMethodCallMutator,parseDynamicTags,69,TIMED_OUT,none
XMLScriptBuilder.java,org.apache.ibatis.scripting.xmltags.XMLScriptBuilder,org.pitest.mutationtest.engine.gregor.mutators.NonVoidMethodCallMutator,parseDynamicTags,72,TIMED_OUT,none
XMLScriptBuilder.java,org.apache.ibatis.scripting.xmltags.XMLScriptBuilder,org.pitest.mutationtest.engine.gregor.mutators.NonVoidMethodCallMutator,parseDynamicTags,75,TIMED_OUT,none
XMLScriptBuilder.java,org.apache.ibatis.scripting.xmltags.XMLScriptBuilder,org.pitest.mutationtest.engine.gregor.mutators.RemoveConditionalMutator_EQUAL_ELSE,parseDynamicTags,68,TIMED_OUT,none
XMLScriptBuilder.java,org.apache.ibatis.scripting.xmltags.XMLScriptBuilder,org.pitest.mutationtest.engine.gregor.mutators.RemoveConditionalMutator_EQUAL_ELSE,parseDynamicTags,71,TIMED_OUT,none
XMLScriptBuilder.java,org.apache.ibatis.scripting.xmltags.XMLScriptBuilder,org.pitest.mutationtest.engine.gregor.mutators.RemoveConditionalMutator_EQUAL_ELSE,parseDynamicTags,77,TIMED_OUT,none
XMLScriptBuilder.java,org.apache.ibatis.scripting.xmltags.XMLScriptBuilder,org.pitest.mutationtest.engine.gregor.mutators.RemoveConditionalMutator_EQUAL_IF,parseDynamicTags,68,TIMED_OUT,none
XMLScriptBuilder.java,org.apache.ibatis.scripting.xmltags.XMLScriptBuilder,org.pitest.mutationtest.engine.gregor.mutators.RemoveConditionalMutator_EQUAL_IF,parseDynamicTags,71,TIMED_OUT,none
XMLScriptBuilder.java,org.apache.ibatis.scripting.xmltags.XMLScriptBuilder,org.pitest.mutationtest.engine.gregor.mutators.RemoveConditionalMutator_EQUAL_IF,parseDynamicTags,77,TIMED_OUT,none
XMLScriptBuilder.java,org.apache.ibatis.scripting.xmltags.XMLScriptBuilder,org.pitest.mutationtest.engine.gregor.mutators.RemoveConditionalMutator_ORDER_IF,parseDynamicTags,66,TIMED_OUT,none
XMLScriptBuilder.java,org.apache.ibatis.scripting.xmltags.XMLScriptBuilder,org.pitest.mutationtest.engine.gregor.mutators.experimental.MemberVariableMutator,parseDynamicTags,73,TIMED_OUT,none
XMLScriptBuilder.java,org.apache.ibatis.scripting.xmltags.XMLScriptBuilder,org.pitest.mutationtest.engine.gregor.mutators.experimental.RemoveIncrementsMutator,parseDynamicTags,66,TIMED_OUT,none
XMLScriptBuilder.java,org.apache.ibatis.scripting.xmltags.XMLScriptBuilder,org.pitest.mutationtest.engine.gregor.mutators.ConstructorCallMutator,parseScriptNode,53,TIMED_OUT,none
XMLScriptBuilder.java,org.apache.ibatis.scripting.xmltags.XMLScriptBuilder,org.pitest.mutationtest.engine.gregor.mutators.NegateConditionalsMutator,parseScriptNode,55,TIMED_OUT,none
XMLScriptBuilder.java,org.apache.ibatis.scripting.xmltags.XMLScriptBuilder,org.pitest.mutationtest.engine.gregor.mutators.RemoveConditionalMutator_EQUAL_IF,parseScriptNode,55,TIMED_OUT,none
XMLScriptBuilder.java,org.apache.ibatis.scripting.xmltags.XMLScriptBuilder,org.pitest.mutationtest.engine.gregor.mutators.ReturnValsMutator,parseScriptNode,60,TIMED_OUT,none
XMLScriptBuilder.java,org.apache.ibatis.scripting.xmltags.XMLScriptBuilder$BindHandler,org.pitest.mutationtest.engine.gregor.mutators.experimental.MemberVariableMutator,<init>,109,TIMED_OUT,none
XMLScriptBuilder.java,org.apache.ibatis.scripting.xmltags.XMLScriptBuilder$ChooseHandler,org.pitest.mutationtest.engine.gregor.mutators.VoidMethodCallMutator,handleNode,225,TIMED_OUT,none
XMLScriptBuilder.java,org.apache.ibatis.scripting.xmltags.XMLScriptBuilder$ForEachHandler,org.pitest.mutationtest.engine.gregor.mutators.ArgumentPropagationMutator,handleNode,180,TIMED_OUT,none
XMLScriptBuilder.java,org.apache.ibatis.scripting.xmltags.XMLScriptBuilder$IfHandler,org.pitest.mutationtest.engine.gregor.mutators.experimental.MemberVariableMutator,<init>,189,TIMED_OUT,none
XMLScriptBuilder.java,org.apache.ibatis.scripting.xmltags.XMLScriptBuilder$TrimHandler,org.pitest.mutationtest.engine.gregor.mutators.ArgumentPropagationMutator,handleNode,131,TIMED_OUT,none
Configuration.java,org.apache.ibatis.session.Configuration,org.pitest.mutationtest.engine.gregor.mutators.ConstructorCallMutator,<init>,117,TIMED_OUT,none
Configuration.java,org.apache.ibatis.session.Configuration,org.pitest.mutationtest.engine.gregor.mutators.ConstructorCallMutator,<init>,124,TIMED_OUT,none
Configuration.java,org.apache.ibatis.session.Configuration,org.pitest.mutationtest.engine.gregor.mutators.ConstructorCallMutator,<init>,125,TIMED_OUT,none
Configuration.java,org.apache.ibatis.session.Configuration,org.pitest.mutationtest.engine.gregor.mutators.ConstructorCallMutator,<init>,127,TIMED_OUT,none
Configuration.java,org.apache.ibatis.session.Configuration,org.pitest.mutationtest.engine.gregor.mutators.ConstructorCallMutator,<init>,141,TIMED_OUT,none
Configuration.java,org.apache.ibatis.session.Configuration,org.pitest.mutationtest.engine.gregor.mutators.ConstructorCallMutator,<init>,143,TIMED_OUT,none
Configuration.java,org.apache.ibatis.session.Configuration,org.pitest.mutationtest.engine.gregor.mutators.ConstructorCallMutator,<init>,145,TIMED_OUT,none
Configuration.java,org.apache.ibatis.session.Configuration,org.pitest.mutationtest.engine.gregor.mutators.ConstructorCallMutator,<init>,148,TIMED_OUT,none
Configuration.java,org.apache.ibatis.session.Configuration,org.pitest.mutationtest.engine.gregor.mutators.ConstructorCallMutator,<init>,150,TIMED_OUT,none
Configuration.java,org.apache.ibatis.session.Configuration,org.pitest.mutationtest.engine.gregor.mutators.ConstructorCallMutator,<init>,151,TIMED_OUT,none
Configuration.java,org.apache.ibatis.session.Configuration,org.pitest.mutationtest.engine.gregor.mutators.ConstructorCallMutator,<init>,153,TIMED_OUT,none
Configuration.java,org.apache.ibatis.session.Configuration,org.pitest.mutationtest.engine.gregor.mutators.ConstructorCallMutator,<init>,154,TIMED_OUT,none
Configuration.java,org.apache.ibatis.session.Configuration,org.pitest.mutationtest.engine.gregor.mutators.ConstructorCallMutator,<init>,157,TIMED_OUT,none
Configuration.java,org.apache.ibatis.session.Configuration,org.pitest.mutationtest.engine.gregor.mutators.ConstructorCallMutator,<init>,158,TIMED_OUT,none
Configuration.java,org.apache.ibatis.session.Configuration,org.pitest.mutationtest.engine.gregor.mutators.ConstructorCallMutator,<init>,159,TIMED_OUT,none
Configuration.java,org.apache.ibatis.session.Configuration,org.pitest.mutationtest.engine.gregor.mutators.ConstructorCallMutator,<init>,166,TIMED_OUT,none
Configuration.java,org.apache.ibatis.session.Configuration,org.pitest.mutationtest.engine.gregor.mutators.InlineConstantMutator,<init>,104,TIMED_OUT,none
Configuration.java,org.apache.ibatis.session.Configuration,org.pitest.mutationtest.engine.gregor.mutators.InlineConstantMutator,<init>,106,TIMED_OUT,none
Configuration.java,org.apache.ibatis.session.Configuration,org.pitest.mutationtest.engine.gregor.mutators.InlineConstantMutator,<init>,109,TIMED_OUT,none
Configuration.java,org.apache.ibatis.session.Configuration,org.pitest.mutationtest.engine.gregor.mutators.InlineConstantMutator,<init>,117,TIMED_OUT,none
Configuration.java,org.apache.ibatis.session.Configuration,org.pitest.mutationtest.engine.gregor.mutators.InlineConstantMutator,<init>,117,TIMED_OUT,none
Configuration.java,org.apache.ibatis.session.Configuration,org.pitest.mutationtest.engine.gregor.mutators.InlineConstantMutator,<init>,117,TIMED_OUT,none
Configuration.java,org.apache.ibatis.session.Configuration,org.pitest.mutationtest.engine.gregor.mutators.InlineConstantMutator,<init>,117,TIMED_OUT,none
Configuration.java,org.apache.ibatis.session.Configuration,org.pitest.mutationtest.engine.gregor.mutators.InlineConstantMutator,<init>,117,TIMED_OUT,none
Configuration.java,org.apache.ibatis.session.Configuration,org.pitest.mutationtest.engine.gregor.mutators.InlineConstantMutator,<init>,129,TIMED_OUT,none
Configuration.java,org.apache.ibatis.session.Configuration,org.pitest.mutationtest.engine.gregor.mutators.VoidMethodCallMutator,<init>,175,TIMED_OUT,none
Configuration.java,org.apache.ibatis.session.Configuration,org.pitest.mutationtest.engine.gregor.mutators.VoidMethodCallMutator,<init>,177,TIMED_OUT,none
Configuration.java,org.apache.ibatis.session.Configuration,org.pitest.mutationtest.engine.gregor.mutators.VoidMethodCallMutator,<init>,178,TIMED_OUT,none
Configuration.java,org.apache.ibatis.session.Configuration,org.pitest.mutationtest.engine.gregor.mutators.VoidMethodCallMutator,<init>,179,TIMED_OUT,none
Configuration.java,org.apache.ibatis.session.Configuration,org.pitest.mutationtest.engine.gregor.mutators.VoidMethodCallMutator,<init>,182,TIMED_OUT,none
Configuration.java,org.apache.ibatis.session.Configuration,org.pitest.mutationtest.engine.gregor.mutators.VoidMethodCallMutator,<init>,183,TIMED_OUT,none
Configuration.java,org.apache.ibatis.session.Configuration,org.pitest.mutationtest.engine.gregor.mutators.VoidMethodCallMutator,<init>,184,TIMED_OUT,none
Configuration.java,org.apache.ibatis.session.Configuration,org.pitest.mutationtest.engine.gregor.mutators.VoidMethodCallMutator,<init>,187,TIMED_OUT,none
Configuration.java,org.apache.ibatis.session.Configuration,org.pitest.mutationtest.engine.gregor.mutators.VoidMethodCallMutator,<init>,192,TIMED_OUT,none
Configuration.java,org.apache.ibatis.session.Configuration,org.pitest.mutationtest.engine.gregor.mutators.VoidMethodCallMutator,<init>,194,TIMED_OUT,none
Configuration.java,org.apache.ibatis.session.Configuration,org.pitest.mutationtest.engine.gregor.mutators.VoidMethodCallMutator,<init>,195,TIMED_OUT,none
Configuration.java,org.apache.ibatis.session.Configuration,org.pitest.mutationtest.engine.gregor.mutators.VoidMethodCallMutator,<init>,196,TIMED_OUT,none
Configuration.java,org.apache.ibatis.session.Configuration,org.pitest.mutationtest.engine.gregor.mutators.VoidMethodCallMutator,<init>,197,TIMED_OUT,none
Configuration.java,org.apache.ibatis.session.Configuration,org.pitest.mutationtest.engine.gregor.mutators.VoidMethodCallMutator,<init>,200,TIMED_OUT,none
Configuration.java,org.apache.ibatis.session.Configuration,org.pitest.mutationtest.engine.gregor.mutators.VoidMethodCallMutator,<init>,201,TIMED_OUT,none
Configuration.java,org.apache.ibatis.session.Configuration,org.pitest.mutationtest.engine.gregor.mutators.VoidMethodCallMutator,<init>,204,TIMED_OUT,none
Configuration.java,org.apache.ibatis.session.Configuration,org.pitest.mutationtest.engine.gregor.mutators.experimental.MemberVariableMutator,<init>,104,TIMED_OUT,none
Configuration.java,org.apache.ibatis.session.Configuration,org.pitest.mutationtest.engine.gregor.mutators.experimental.MemberVariableMutator,<init>,106,TIMED_OUT,none
Configuration.java,org.apache.ibatis.session.Configuration,org.pitest.mutationtest.engine.gregor.mutators.experimental.MemberVariableMutator,<init>,109,TIMED_OUT,none
Configuration.java,org.apache.ibatis.session.Configuration,org.pitest.mutationtest.engine.gregor.mutators.experimental.MemberVariableMutator,<init>,115,TIMED_OUT,none
Configuration.java,org.apache.ibatis.session.Configuration,org.pitest.mutationtest.engine.gregor.mutators.experimental.MemberVariableMutator,<init>,116,TIMED_OUT,none
Configuration.java,org.apache.ibatis.session.Configuration,org.pitest.mutationtest.engine.gregor.mutators.experimental.MemberVariableMutator,<init>,117,TIMED_OUT,none
Configuration.java,org.apache.ibatis.session.Configuration,org.pitest.mutationtest.engine.gregor.mutators.experimental.MemberVariableMutator,<init>,120,TIMED_OUT,none
Configuration.java,org.apache.ibatis.session.Configuration,org.pitest.mutationtest.engine.gregor.mutators.experimental.MemberVariableMutator,<init>,121,TIMED_OUT,none
Configuration.java,org.apache.ibatis.session.Configuration,org.pitest.mutationtest.engine.gregor.mutators.experimental.MemberVariableMutator,<init>,122,TIMED_OUT,none
Configuration.java,org.apache.ibatis.session.Configuration,org.pitest.mutationtest.engine.gregor.mutators.experimental.MemberVariableMutator,<init>,125,TIMED_OUT,none
Configuration.java,org.apache.ibatis.session.Configuration,org.pitest.mutationtest.engine.gregor.mutators.experimental.MemberVariableMutator,<init>,127,TIMED_OUT,none
Configuration.java,org.apache.ibatis.session.Configuration,org.pitest.mutationtest.engine.gregor.mutators.experimental.MemberVariableMutator,<init>,129,TIMED_OUT,none
Configuration.java,org.apache.ibatis.session.Configuration,org.pitest.mutationtest.engine.gregor.mutators.experimental.MemberVariableMutator,<init>,141,TIMED_OUT,none
Configuration.java,org.apache.ibatis.session.Configuration,org.pitest.mutationtest.engine.gregor.mutators.experimental.MemberVariableMutator,<init>,142,TIMED_OUT,none
Configuration.java,org.apache.ibatis.session.Configuration,org.pitest.mutationtest.engine.gregor.mutators.experimental.MemberVariableMutator,<init>,143,TIMED_OUT,none
Configuration.java,org.apache.ibatis.session.Configuration,org.pitest.mutationtest.engine.gregor.mutators.experimental.MemberVariableMutator,<init>,147,TIMED_OUT,none
Configuration.java,org.apache.ibatis.session.Configuration,org.pitest.mutationtest.engine.gregor.mutators.experimental.MemberVariableMutator,<init>,148,TIMED_OUT,none
Configuration.java,org.apache.ibatis.session.Configuration,org.pitest.mutationtest.engine.gregor.mutators.experimental.MemberVariableMutator,<init>,151,TIMED_OUT,none
Configuration.java,org.apache.ibatis.session.Configuration,org.pitest.mutationtest.engine.gregor.mutators.experimental.MemberVariableMutator,<init>,153,TIMED_OUT,none
Configuration.java,org.apache.ibatis.session.Configuration,org.pitest.mutationtest.engine.gregor.mutators.experimental.MemberVariableMutator,<init>,154,TIMED_OUT,none
Configuration.java,org.apache.ibatis.session.Configuration,org.pitest.mutationtest.engine.gregor.mutators.experimental.MemberVariableMutator,<init>,156,TIMED_OUT,none
Configuration.java,org.apache.ibatis.session.Configuration,org.pitest.mutationtest.engine.gregor.mutators.experimental.MemberVariableMutator,<init>,157,TIMED_OUT,none
Configuration.java,org.apache.ibatis.session.Configuration,org.pitest.mutationtest.engine.gregor.mutators.ArgumentPropagationMutator,addMappedStatement,655,TIMED_OUT,none
Configuration.java,org.apache.ibatis.session.Configuration,org.pitest.mutationtest.engine.gregor.mutators.NonVoidMethodCallMutator,addMappedStatement,655,TIMED_OUT,none
Configuration.java,org.apache.ibatis.session.Configuration,org.pitest.mutationtest.engine.gregor.mutators.NonVoidMethodCallMutator,addResultMap,613,TIMED_OUT,none
Configuration.java,org.apache.ibatis.session.Configuration,org.pitest.mutationtest.engine.gregor.mutators.VoidMethodCallMutator,addResultMap,615,TIMED_OUT,none
Configuration.java,org.apache.ibatis.session.Configuration,org.pitest.mutationtest.engine.gregor.mutators.NegateConditionalsMutator,buildAllStatements,760,TIMED_OUT,none
Configuration.java,org.apache.ibatis.session.Configuration,org.pitest.mutationtest.engine.gregor.mutators.NonVoidMethodCallMutator,buildAllStatements,766,TIMED_OUT,none
Configuration.java,org.apache.ibatis.session.Configuration,org.pitest.mutationtest.engine.gregor.mutators.NonVoidMethodCallMutator,buildAllStatements,772,TIMED_OUT,none
Configuration.java,org.apache.ibatis.session.Configuration,org.pitest.mutationtest.engine.gregor.mutators.RemoveConditionalMutator_EQUAL_ELSE,buildAllStatements,766,TIMED_OUT,none
Configuration.java,org.apache.ibatis.session.Configuration,org.pitest.mutationtest.engine.gregor.mutators.RemoveConditionalMutator_EQUAL_ELSE,buildAllStatements,772,TIMED_OUT,none
Configuration.java,org.apache.ibatis.session.Configuration,org.pitest.mutationtest.engine.gregor.mutators.RemoveConditionalMutator_EQUAL_ELSE,buildAllStatements,778,TIMED_OUT,none
Configuration.java,org.apache.ibatis.session.Configuration,org.pitest.mutationtest.engine.gregor.mutators.RemoveConditionalMutator_EQUAL_IF,buildAllStatements,760,TIMED_OUT,none
Configuration.java,org.apache.ibatis.session.Configuration,org.pitest.mutationtest.engine.gregor.mutators.RemoveConditionalMutator_EQUAL_IF,buildAllStatements,766,TIMED_OUT,none
Configuration.java,org.apache.ibatis.session.Configuration,org.pitest.mutationtest.engine.gregor.mutators.RemoveConditionalMutator_EQUAL_IF,buildAllStatements,772,TIMED_OUT,none
Configuration.java,org.apache.ibatis.session.Configuration,org.pitest.mutationtest.engine.gregor.mutators.NonVoidMethodCallMutator,checkGloballyForDiscriminatedNestedResultMaps,799,TIMED_OUT,none
Configuration.java,org.apache.ibatis.session.Configuration,org.pitest.mutationtest.engine.gregor.mutators.NonVoidMethodCallMutator,checkLocallyForDiscriminatedNestedResultMaps,817,TIMED_OUT,none
Configuration.java,org.apache.ibatis.session.Configuration,org.pitest.mutationtest.engine.gregor.mutators.NonVoidMethodCallMutator,checkLocallyForDiscriminatedNestedResultMaps,817,TIMED_OUT,none
Configuration.java,org.apache.ibatis.session.Configuration,org.pitest.mutationtest.engine.gregor.mutators.RemoveConditionalMutator_EQUAL_ELSE,checkLocallyForDiscriminatedNestedResultMaps,817,TIMED_OUT,none
Configuration.java,org.apache.ibatis.session.Configuration,org.pitest.mutationtest.engine.gregor.mutators.ReturnValsMutator,getAutoMappingBehavior,318,TIMED_OUT,none
Configuration.java,org.apache.ibatis.session.Configuration,org.pitest.mutationtest.engine.gregor.mutators.ReturnValsMutator,getConfigurationFactory,270,TIMED_OUT,none
Configuration.java,org.apache.ibatis.session.Configuration,org.pitest.mutationtest.engine.gregor.mutators.ReturnValsMutator,getDatabaseId,262,TIMED_OUT,none
Configuration.java,org.apache.ibatis.session.Configuration,org.pitest.mutationtest.engine.gregor.mutators.ReturnValsMutator,getDefaultExecutorType,391,TIMED_OUT,none
Configuration.java,org.apache.ibatis.session.Configuration,org.pitest.mutationtest.engine.gregor.mutators.NonVoidMethodCallMutator,getDefaultScriptingLanguageInstance,518,TIMED_OUT,none
Configuration.java,org.apache.ibatis.session.Configuration,org.pitest.mutationtest.engine.gregor.mutators.ReturnValsMutator,getIncompleteCacheRefs,677,TIMED_OUT,none
Configuration.java,org.apache.ibatis.session.Configuration,org.pitest.mutationtest.engine.gregor.mutators.ReturnValsMutator,getIncompleteMethods,697,TIMED_OUT,none
Configuration.java,org.apache.ibatis.session.Configuration,org.pitest.mutationtest.engine.gregor.mutators.ReturnValsMutator,getLanguageRegistry,507,TIMED_OUT,none
Configuration.java,org.apache.ibatis.session.Configuration,org.pitest.mutationtest.engine.gregor.mutators.ReturnValsMutator,getLazyLoadTriggerMethods,375,TIMED_OUT,none
Configuration.java,org.apache.ibatis.session.Configuration,org.pitest.mutationtest.engine.gregor.mutators.ReturnValsMutator,getLocalCacheScope,437,TIMED_OUT,none
Configuration.java,org.apache.ibatis.session.Configuration,org.pitest.mutationtest.engine.gregor.mutators.ReturnValsMutator,getLogPrefix,208,TIMED_OUT,none
Configuration.java,org.apache.ibatis.session.Configuration,org.pitest.mutationtest.engine.gregor.mutators.InlineConstantMutator,getMappedStatement,701,TIMED_OUT,none
Configuration.java,org.apache.ibatis.session.Configuration,org.pitest.mutationtest.engine.gregor.mutators.NonVoidMethodCallMutator,getMappedStatement,701,TIMED_OUT,none
Configuration.java,org.apache.ibatis.session.Configuration,org.pitest.mutationtest.engine.gregor.mutators.ReturnValsMutator,getMappedStatement,701,TIMED_OUT,none
Configuration.java,org.apache.ibatis.session.Configuration,org.pitest.mutationtest.engine.gregor.mutators.ArgumentPropagationMutator,getMappedStatement,708,TIMED_OUT,none
Configuration.java,org.apache.ibatis.session.Configuration,org.pitest.mutationtest.engine.gregor.mutators.NegateConditionalsMutator,getMappedStatement,705,TIMED_OUT,none
Configuration.java,org.apache.ibatis.session.Configuration,org.pitest.mutationtest.engine.gregor.mutators.NonVoidMethodCallMutator,getMappedStatement,708,TIMED_OUT,none
Configuration.java,org.apache.ibatis.session.Configuration,org.pitest.mutationtest.engine.gregor.mutators.RemoveConditionalMutator_EQUAL_ELSE,getMappedStatement,705,TIMED_OUT,none
Configuration.java,org.apache.ibatis.session.Configuration,org.pitest.mutationtest.engine.gregor.mutators.ReturnValsMutator,getMappedStatement,708,TIMED_OUT,none
Configuration.java,org.apache.ibatis.session.Configuration,org.pitest.mutationtest.engine.gregor.mutators.VoidMethodCallMutator,getMappedStatement,706,TIMED_OUT,none
Configuration.java,org.apache.ibatis.session.Configuration,org.pitest.mutationtest.engine.gregor.mutators.NonVoidMethodCallMutator,getMapper,732,TIMED_OUT,none
Configuration.java,org.apache.ibatis.session.Configuration,org.pitest.mutationtest.engine.gregor.mutators.ReturnValsMutator,getProxyFactory,348,TIMED_OUT,none
Configuration.java,org.apache.ibatis.session.Configuration,org.pitest.mutationtest.engine.gregor.mutators.ReturnValsMutator,getReflectorFactory,476,TIMED_OUT,none
Configuration.java,org.apache.ibatis.session.Configuration,org.pitest.mutationtest.engine.gregor.mutators.ArgumentPropagationMutator,getResultMap,627,TIMED_OUT,none
Configuration.java,org.apache.ibatis.session.Configuration,org.pitest.mutationtest.engine.gregor.mutators.ReturnValsMutator,getSqlFragments,712,TIMED_OUT,none
Configuration.java,org.apache.ibatis.session.Configuration,org.pitest.mutationtest.engine.gregor.mutators.ReturnValsMutator,getTypeHandlerRegistry,461,TIMED_OUT,none
Configuration.java,org.apache.ibatis.session.Configuration,org.pitest.mutationtest.engine.gregor.mutators.NonVoidMethodCallMutator,hasKeyGenerator,589,TIMED_OUT,none
Configuration.java,org.apache.ibatis.session.Configuration,org.pitest.mutationtest.engine.gregor.mutators.NonVoidMethodCallMutator,hasMapper,736,TIMED_OUT,none
Configuration.java,org.apache.ibatis.session.Configuration,org.pitest.mutationtest.engine.gregor.mutators.ReturnValsMutator,hasMapper,736,TIMED_OUT,none
Configuration.java,org.apache.ibatis.session.Configuration,org.pitest.mutationtest.engine.gregor.mutators.ArgumentPropagationMutator,hasStatement,740,TIMED_OUT,none
Configuration.java,org.apache.ibatis.session.Configuration,org.pitest.mutationtest.engine.gregor.mutators.InlineConstantMutator,hasStatement,740,TIMED_OUT,none
Configuration.java,org.apache.ibatis.session.Configuration,org.pitest.mutationtest.engine.gregor.mutators.NonVoidMethodCallMutator,hasStatement,740,TIMED_OUT,none
Configuration.java,org.apache.ibatis.session.Configuration,org.pitest.mutationtest.engine.gregor.mutators.RemoveConditionalMutator_EQUAL_ELSE,hasStatement,744,TIMED_OUT,none
Configuration.java,org.apache.ibatis.session.Configuration,org.pitest.mutationtest.engine.gregor.mutators.VoidMethodCallMutator,hasStatement,745,TIMED_OUT,none
Configuration.java,org.apache.ibatis.session.Configuration,org.pitest.mutationtest.engine.gregor.mutators.ReturnValsMutator,isMapUnderscoreToCamelCase,294,TIMED_OUT,none
Configuration.java,org.apache.ibatis.session.Configuration,org.pitest.mutationtest.engine.gregor.mutators.ReturnValsMutator,isResourceLoaded,306,TIMED_OUT,none
Configuration.java,org.apache.ibatis.session.Configuration,org.pitest.mutationtest.engine.gregor.mutators.ReturnValsMutator,isUseActualParamName,246,TIMED_OUT,none
Configuration.java,org.apache.ibatis.session.Configuration,org.pitest.mutationtest.engine.gregor.mutators.ReturnValsMutator,isUseGeneratedKeys,383,TIMED_OUT,none
Configuration.java,org.apache.ibatis.session.Configuration,org.pitest.mutationtest.engine.gregor.mutators.ArgumentPropagationMutator,newExecutor,568,TIMED_OUT,none
Configuration.java,org.apache.ibatis.session.Configuration,org.pitest.mutationtest.engine.gregor.mutators.NegateConditionalsMutator,newExecutor,555,TIMED_OUT,none
Configuration.java,org.apache.ibatis.session.Configuration,org.pitest.mutationtest.engine.gregor.mutators.NegateConditionalsMutator,newExecutor,556,TIMED_OUT,none
Configuration.java,org.apache.ibatis.session.Configuration,org.pitest.mutationtest.engine.gregor.mutators.NegateConditionalsMutator,newExecutor,558,TIMED_OUT,none
Configuration.java,org.apache.ibatis.session.Configuration,org.pitest.mutationtest.engine.gregor.mutators.NonVoidMethodCallMutator,newExecutor,568,TIMED_OUT,none
Configuration.java,org.apache.ibatis.session.Configuration,org.pitest.mutationtest.engine.gregor.mutators.RemoveConditionalMutator_EQUAL_ELSE,newExecutor,556,TIMED_OUT,none
Configuration.java,org.apache.ibatis.session.Configuration,org.pitest.mutationtest.engine.gregor.mutators.RemoveConditionalMutator_EQUAL_ELSE,newExecutor,558,TIMED_OUT,none
Configuration.java,org.apache.ibatis.session.Configuration,org.pitest.mutationtest.engine.gregor.mutators.RemoveConditionalMutator_EQUAL_ELSE,newExecutor,560,TIMED_OUT,none
Configuration.java,org.apache.ibatis.session.Configuration,org.pitest.mutationtest.engine.gregor.mutators.RemoveConditionalMutator_EQUAL_ELSE,newExecutor,565,TIMED_OUT,none
Configuration.java,org.apache.ibatis.session.Configuration,org.pitest.mutationtest.engine.gregor.mutators.RemoveConditionalMutator_EQUAL_IF,newExecutor,558,TIMED_OUT,none
Configuration.java,org.apache.ibatis.session.Configuration,org.pitest.mutationtest.engine.gregor.mutators.RemoveConditionalMutator_EQUAL_IF,newExecutor,560,TIMED_OUT,none
Configuration.java,org.apache.ibatis.session.Configuration,org.pitest.mutationtest.engine.gregor.mutators.RemoveConditionalMutator_EQUAL_IF,newExecutor,565,TIMED_OUT,none
Configuration.java,org.apache.ibatis.session.Configuration,org.pitest.mutationtest.engine.gregor.mutators.ReturnValsMutator,newExecutor,569,TIMED_OUT,none
Configuration.java,org.apache.ibatis.session.Configuration,org.pitest.mutationtest.engine.gregor.mutators.NonVoidMethodCallMutator,newMetaObject,528,TIMED_OUT,none
Configuration.java,org.apache.ibatis.session.Configuration,org.pitest.mutationtest.engine.gregor.mutators.ReturnValsMutator,newMetaObject,528,TIMED_OUT,none
Configuration.java,org.apache.ibatis.session.Configuration,org.pitest.mutationtest.engine.gregor.mutators.NonVoidMethodCallMutator,newParameterHandler,532,TIMED_OUT,none
Configuration.java,org.apache.ibatis.session.Configuration,org.pitest.mutationtest.engine.gregor.mutators.NonVoidMethodCallMutator,newParameterHandler,532,TIMED_OUT,none
Configuration.java,org.apache.ibatis.session.Configuration,org.pitest.mutationtest.engine.gregor.mutators.NonVoidMethodCallMutator,newParameterHandler,533,TIMED_OUT,none
Configuration.java,org.apache.ibatis.session.Configuration,org.pitest.mutationtest.engine.gregor.mutators.ReturnValsMutator,newParameterHandler,534,TIMED_OUT,none
Configuration.java,org.apache.ibatis.session.Configuration,org.pitest.mutationtest.engine.gregor.mutators.ArgumentPropagationMutator,newResultSetHandler,540,TIMED_OUT,none
Configuration.java,org.apache.ibatis.session.Configuration,org.pitest.mutationtest.engine.gregor.mutators.ConstructorCallMutator,newResultSetHandler,539,TIMED_OUT,none
Configuration.java,org.apache.ibatis.session.Configuration,org.pitest.mutationtest.engine.gregor.mutators.NonVoidMethodCallMutator,newResultSetHandler,540,TIMED_OUT,none
Configuration.java,org.apache.ibatis.session.Configuration,org.pitest.mutationtest.engine.gregor.mutators.ReturnValsMutator,newResultSetHandler,541,TIMED_OUT,none
Configuration.java,org.apache.ibatis.session.Configuration,org.pitest.mutationtest.engine.gregor.mutators.ArgumentPropagationMutator,newStatementHandler,546,TIMED_OUT,none
Configuration.java,org.apache.ibatis.session.Configuration,org.pitest.mutationtest.engine.gregor.mutators.ConstructorCallMutator,newStatementHandler,545,TIMED_OUT,none
Configuration.java,org.apache.ibatis.session.Configuration,org.pitest.mutationtest.engine.gregor.mutators.NonVoidMethodCallMutator,newStatementHandler,546,TIMED_OUT,none
Configuration.java,org.apache.ibatis.session.Configuration,org.pitest.mutationtest.engine.gregor.mutators.experimental.MemberVariableMutator,setCacheEnabled,403,TIMED_OUT,none
Configuration.java,org.apache.ibatis.session.Configuration,org.pitest.mutationtest.engine.gregor.mutators.experimental.MemberVariableMutator,setConfigurationFactory,274,TIMED_OUT,none
Configuration.java,org.apache.ibatis.session.Configuration,org.pitest.mutationtest.engine.gregor.mutators.NegateConditionalsMutator,setDefaultScriptingLanguage,511,TIMED_OUT,none
Configuration.java,org.apache.ibatis.session.Configuration,org.pitest.mutationtest.engine.gregor.mutators.RemoveConditionalMutator_EQUAL_ELSE,setDefaultScriptingLanguage,511,TIMED_OUT,none
Configuration.java,org.apache.ibatis.session.Configuration,org.pitest.mutationtest.engine.gregor.mutators.VoidMethodCallMutator,setDefaultScriptingLanguage,514,TIMED_OUT,none
Configuration.java,org.apache.ibatis.session.Configuration,org.pitest.mutationtest.engine.gregor.mutators.experimental.MemberVariableMutator,setDefaultStatementTimeout,411,TIMED_OUT,none
Configuration.java,org.apache.ibatis.session.Configuration,org.pitest.mutationtest.engine.gregor.mutators.experimental.MemberVariableMutator,setJdbcTypeForNull,449,TIMED_OUT,none
Configuration.java,org.apache.ibatis.session.Configuration,org.pitest.mutationtest.engine.gregor.mutators.experimental.MemberVariableMutator,setLazyLoadTriggerMethods,379,TIMED_OUT,none
Configuration.java,org.apache.ibatis.session.Configuration,org.pitest.mutationtest.engine.gregor.mutators.RemoveConditionalMutator_EQUAL_ELSE,setLogImpl,220,TIMED_OUT,none
Configuration.java,org.apache.ibatis.session.Configuration,org.pitest.mutationtest.engine.gregor.mutators.experimental.MemberVariableMutator,setMapUnderscoreToCamelCase,298,TIMED_OUT,none
Configuration.java,org.apache.ibatis.session.Configuration,org.pitest.mutationtest.engine.gregor.mutators.experimental.MemberVariableMutator,setMultipleResultSetsEnabled,371,TIMED_OUT,none
Configuration.java,org.apache.ibatis.session.Configuration,org.pitest.mutationtest.engine.gregor.mutators.ConstructorCallMutator,setProxyFactory,353,TIMED_OUT,none
Configuration.java,org.apache.ibatis.session.Configuration,org.pitest.mutationtest.engine.gregor.mutators.NegateConditionalsMutator,setProxyFactory,352,TIMED_OUT,none
Configuration.java,org.apache.ibatis.session.Configuration,org.pitest.mutationtest.engine.gregor.mutators.RemoveConditionalMutator_EQUAL_ELSE,setProxyFactory,352,TIMED_OUT,none
Configuration.java,org.apache.ibatis.session.Configuration,org.pitest.mutationtest.engine.gregor.mutators.experimental.MemberVariableMutator,setReturnInstanceForEmptyRow,258,TIMED_OUT,none
Configuration.java,org.apache.ibatis.session.Configuration,org.pitest.mutationtest.engine.gregor.mutators.experimental.MemberVariableMutator,setUseColumnLabel,433,TIMED_OUT,none
Configuration.java,org.apache.ibatis.session.Configuration,org.pitest.mutationtest.engine.gregor.mutators.experimental.MemberVariableMutator,setUseGeneratedKeys,387,TIMED_OUT,none
Configuration.java,org.apache.ibatis.session.Configuration$StrictMap,org.pitest.mutationtest.engine.gregor.mutators.experimental.MemberVariableMutator,<init>,848,TIMED_OUT,none
Configuration.java,org.apache.ibatis.session.Configuration$StrictMap,org.pitest.mutationtest.engine.gregor.mutators.ArgumentPropagationMutator,get,873,TIMED_OUT,none
Configuration.java,org.apache.ibatis.session.Configuration$StrictMap,org.pitest.mutationtest.engine.gregor.mutators.NegateConditionalsMutator,get,874,TIMED_OUT,none
Configuration.java,org.apache.ibatis.session.Configuration$StrictMap,org.pitest.mutationtest.engine.gregor.mutators.NegateConditionalsMutator,get,877,TIMED_OUT,none
Configuration.java,org.apache.ibatis.session.Configuration$StrictMap,org.pitest.mutationtest.engine.gregor.mutators.NonVoidMethodCallMutator,get,873,TIMED_OUT,none
Configuration.java,org.apache.ibatis.session.Configuration$StrictMap,org.pitest.mutationtest.engine.gregor.mutators.RemoveConditionalMutator_EQUAL_ELSE,get,874,TIMED_OUT,none
Configuration.java,org.apache.ibatis.session.Configuration$StrictMap,org.pitest.mutationtest.engine.gregor.mutators.RemoveConditionalMutator_EQUAL_ELSE,get,877,TIMED_OUT,none
Configuration.java,org.apache.ibatis.session.Configuration$StrictMap,org.pitest.mutationtest.engine.gregor.mutators.RemoveConditionalMutator_EQUAL_IF,get,874,TIMED_OUT,none
Configuration.java,org.apache.ibatis.session.Configuration$StrictMap,org.pitest.mutationtest.engine.gregor.mutators.RemoveConditionalMutator_EQUAL_IF,get,877,TIMED_OUT,none
Configuration.java,org.apache.ibatis.session.Configuration$StrictMap,org.pitest.mutationtest.engine.gregor.mutators.ReturnValsMutator,get,881,TIMED_OUT,none
Configuration.java,org.apache.ibatis.session.Configuration$StrictMap,org.pitest.mutationtest.engine.gregor.mutators.InlineConstantMutator,getShortName,886,TIMED_OUT,none
Configuration.java,org.apache.ibatis.session.Configuration$StrictMap,org.pitest.mutationtest.engine.gregor.mutators.MathMutator,getShortName,886,TIMED_OUT,none
Configuration.java,org.apache.ibatis.session.Configuration$StrictMap,org.pitest.mutationtest.engine.gregor.mutators.NonVoidMethodCallMutator,getShortName,885,TIMED_OUT,none
Configuration.java,org.apache.ibatis.session.Configuration$StrictMap,org.pitest.mutationtest.engine.gregor.mutators.ReturnValsMutator,getShortName,886,TIMED_OUT,none
Configuration.java,org.apache.ibatis.session.Configuration$StrictMap,org.pitest.mutationtest.engine.gregor.mutators.ArgumentPropagationMutator,put,862,TIMED_OUT,none
Configuration.java,org.apache.ibatis.session.Configuration$StrictMap,org.pitest.mutationtest.engine.gregor.mutators.ArgumentPropagationMutator,put,863,TIMED_OUT,none
Configuration.java,org.apache.ibatis.session.Configuration$StrictMap,org.pitest.mutationtest.engine.gregor.mutators.ArgumentPropagationMutator,put,864,TIMED_OUT,none
Configuration.java,org.apache.ibatis.session.Configuration$StrictMap,org.pitest.mutationtest.engine.gregor.mutators.ArgumentPropagationMutator,put,866,TIMED_OUT,none
Configuration.java,org.apache.ibatis.session.Configuration$StrictMap,org.pitest.mutationtest.engine.gregor.mutators.ArgumentPropagationMutator,put,869,TIMED_OUT,none
Configuration.java,org.apache.ibatis.session.Configuration$StrictMap,org.pitest.mutationtest.engine.gregor.mutators.ConstructorCallMutator,put,866,TIMED_OUT,none
Configuration.java,org.apache.ibatis.session.Configuration$StrictMap,org.pitest.mutationtest.engine.gregor.mutators.NegateConditionalsMutator,put,858,TIMED_OUT,none
Configuration.java,org.apache.ibatis.session.Configuration$StrictMap,org.pitest.mutationtest.engine.gregor.mutators.NegateConditionalsMutator,put,861,TIMED_OUT,none
Configuration.java,org.apache.ibatis.session.Configuration$StrictMap,org.pitest.mutationtest.engine.gregor.mutators.NegateConditionalsMutator,put,863,TIMED_OUT,none
Configuration.java,org.apache.ibatis.session.Configuration$StrictMap,org.pitest.mutationtest.engine.gregor.mutators.NonVoidMethodCallMutator,put,858,TIMED_OUT,none
Configuration.java,org.apache.ibatis.session.Configuration$StrictMap,org.pitest.mutationtest.engine.gregor.mutators.NonVoidMethodCallMutator,put,861,TIMED_OUT,none
Configuration.java,org.apache.ibatis.session.Configuration$StrictMap,org.pitest.mutationtest.engine.gregor.mutators.NonVoidMethodCallMutator,put,862,TIMED_OUT,none
Configuration.java,org.apache.ibatis.session.Configuration$StrictMap,org.pitest.mutationtest.engine.gregor.mutators.NonVoidMethodCallMutator,put,863,TIMED_OUT,none
Configuration.java,org.apache.ibatis.session.Configuration$StrictMap,org.pitest.mutationtest.engine.gregor.mutators.NonVoidMethodCallMutator,put,864,TIMED_OUT,none
Configuration.java,org.apache.ibatis.session.Configuration$StrictMap,org.pitest.mutationtest.engine.gregor.mutators.NonVoidMethodCallMutator,put,866,TIMED_OUT,none
Configuration.java,org.apache.ibatis.session.Configuration$StrictMap,org.pitest.mutationtest.engine.gregor.mutators.NonVoidMethodCallMutator,put,869,TIMED_OUT,none
Configuration.java,org.apache.ibatis.session.Configuration$StrictMap,org.pitest.mutationtest.engine.gregor.mutators.RemoveConditionalMutator_EQUAL_ELSE,put,858,TIMED_OUT,none
Configuration.java,org.apache.ibatis.session.Configuration$StrictMap,org.pitest.mutationtest.engine.gregor.mutators.RemoveConditionalMutator_EQUAL_ELSE,put,861,TIMED_OUT,none
Configuration.java,org.apache.ibatis.session.Configuration$StrictMap,org.pitest.mutationtest.engine.gregor.mutators.RemoveConditionalMutator_EQUAL_ELSE,put,863,TIMED_OUT,none
Configuration.java,org.apache.ibatis.session.Configuration$StrictMap,org.pitest.mutationtest.engine.gregor.mutators.RemoveConditionalMutator_EQUAL_IF,put,858,TIMED_OUT,none
Configuration.java,org.apache.ibatis.session.Configuration$StrictMap,org.pitest.mutationtest.engine.gregor.mutators.RemoveConditionalMutator_EQUAL_IF,put,861,TIMED_OUT,none
Configuration.java,org.apache.ibatis.session.Configuration$StrictMap,org.pitest.mutationtest.engine.gregor.mutators.RemoveConditionalMutator_EQUAL_IF,put,863,TIMED_OUT,none
Configuration.java,org.apache.ibatis.session.Configuration$StrictMap,org.pitest.mutationtest.engine.gregor.mutators.ReturnValsMutator,put,869,TIMED_OUT,none
RowBounds.java,org.apache.ibatis.session.RowBounds,org.pitest.mutationtest.engine.gregor.mutators.InlineConstantMutator,<init>,31,TIMED_OUT,none
RowBounds.java,org.apache.ibatis.session.RowBounds,org.pitest.mutationtest.engine.gregor.mutators.InlineConstantMutator,<init>,32,TIMED_OUT,none
RowBounds.java,org.apache.ibatis.session.RowBounds,org.pitest.mutationtest.engine.gregor.mutators.experimental.MemberVariableMutator,<init>,31,TIMED_OUT,none
RowBounds.java,org.apache.ibatis.session.RowBounds,org.pitest.mutationtest.engine.gregor.mutators.experimental.MemberVariableMutator,<init>,32,TIMED_OUT,none
RowBounds.java,org.apache.ibatis.session.RowBounds,org.pitest.mutationtest.engine.gregor.mutators.ReturnValsMutator,getLimit,45,TIMED_OUT,none
RowBounds.java,org.apache.ibatis.session.RowBounds,org.pitest.mutationtest.engine.gregor.mutators.ReturnValsMutator,getOffset,41,TIMED_OUT,none
SqlSessionFactoryBuilder.java,org.apache.ibatis.session.SqlSessionFactoryBuilder,org.pitest.mutationtest.engine.gregor.mutators.ConstructorCallMutator,build,49,TIMED_OUT,none
SqlSessionFactoryBuilder.java,org.apache.ibatis.session.SqlSessionFactoryBuilder,org.pitest.mutationtest.engine.gregor.mutators.NonVoidMethodCallMutator,build,54,TIMED_OUT,none
SqlSessionFactoryBuilder.java,org.apache.ibatis.session.SqlSessionFactoryBuilder,org.pitest.mutationtest.engine.gregor.mutators.NonVoidMethodCallMutator,build,54,TIMED_OUT,none
SqlSessionFactoryBuilder.java,org.apache.ibatis.session.SqlSessionFactoryBuilder,org.pitest.mutationtest.engine.gregor.mutators.NonVoidMethodCallMutator,build,54,TIMED_OUT,none
SqlSessionFactoryBuilder.java,org.apache.ibatis.session.SqlSessionFactoryBuilder,org.pitest.mutationtest.engine.gregor.mutators.ReturnValsMutator,build,50,TIMED_OUT,none
SqlSessionFactoryBuilder.java,org.apache.ibatis.session.SqlSessionFactoryBuilder,org.pitest.mutationtest.engine.gregor.mutators.ConstructorCallMutator,build,92,TIMED_OUT,none
SqlSessionFactoryBuilder.java,org.apache.ibatis.session.SqlSessionFactoryBuilder,org.pitest.mutationtest.engine.gregor.mutators.ReturnValsMutator,build,92,TIMED_OUT,none
SqlSessionManager.java,org.apache.ibatis.session.SqlSessionManager,org.pitest.mutationtest.engine.gregor.mutators.VoidMethodCallMutator,close,334,TIMED_OUT,none
SqlSessionManager.java,org.apache.ibatis.session.SqlSessionManager,org.pitest.mutationtest.engine.gregor.mutators.NegateConditionalsMutator,commit,285,TIMED_OUT,none
SqlSessionManager.java,org.apache.ibatis.session.SqlSessionManager,org.pitest.mutationtest.engine.gregor.mutators.RemoveConditionalMutator_EQUAL_ELSE,commit,285,TIMED_OUT,none
SqlSessionManager.java,org.apache.ibatis.session.SqlSessionManager,org.pitest.mutationtest.engine.gregor.mutators.RemoveConditionalMutator_EQUAL_IF,commit,285,TIMED_OUT,none
SqlSessionManager.java,org.apache.ibatis.session.SqlSessionManager$SqlSessionInterceptor,org.pitest.mutationtest.engine.gregor.mutators.VoidMethodCallMutator,invoke,358,TIMED_OUT,none
DefaultSqlSession.java,org.apache.ibatis.session.defaults.DefaultSqlSession,org.pitest.mutationtest.engine.gregor.mutators.InlineConstantMutator,<init>,61,TIMED_OUT,none
DefaultSqlSession.java,org.apache.ibatis.session.defaults.DefaultSqlSession,org.pitest.mutationtest.engine.gregor.mutators.experimental.MemberVariableMutator,<init>,59,TIMED_OUT,none
DefaultSqlSession.java,org.apache.ibatis.session.defaults.DefaultSqlSession,org.pitest.mutationtest.engine.gregor.mutators.experimental.MemberVariableMutator,<init>,60,TIMED_OUT,none
DefaultSqlSession.java,org.apache.ibatis.session.defaults.DefaultSqlSession,org.pitest.mutationtest.engine.gregor.mutators.experimental.MemberVariableMutator,<init>,61,TIMED_OUT,none
DefaultSqlSession.java,org.apache.ibatis.session.defaults.DefaultSqlSession,org.pitest.mutationtest.engine.gregor.mutators.experimental.MemberVariableMutator,<init>,62,TIMED_OUT,none
DefaultSqlSession.java,org.apache.ibatis.session.defaults.DefaultSqlSession,org.pitest.mutationtest.engine.gregor.mutators.InlineConstantMutator,close,264,TIMED_OUT,none
DefaultSqlSession.java,org.apache.ibatis.session.defaults.DefaultSqlSession,org.pitest.mutationtest.engine.gregor.mutators.InlineConstantMutator,close,266,TIMED_OUT,none
DefaultSqlSession.java,org.apache.ibatis.session.defaults.DefaultSqlSession,org.pitest.mutationtest.engine.gregor.mutators.NonVoidMethodCallMutator,close,264,TIMED_OUT,none
DefaultSqlSession.java,org.apache.ibatis.session.defaults.DefaultSqlSession,org.pitest.mutationtest.engine.gregor.mutators.NonVoidMethodCallMutator,close,268,TIMED_OUT,none
DefaultSqlSession.java,org.apache.ibatis.session.defaults.DefaultSqlSession,org.pitest.mutationtest.engine.gregor.mutators.NonVoidMethodCallMutator,close,268,TIMED_OUT,none
DefaultSqlSession.java,org.apache.ibatis.session.defaults.DefaultSqlSession,org.pitest.mutationtest.engine.gregor.mutators.NonVoidMethodCallMutator,close,268,TIMED_OUT,none
DefaultSqlSession.java,org.apache.ibatis.session.defaults.DefaultSqlSession,org.pitest.mutationtest.engine.gregor.mutators.NonVoidMethodCallMutator,close,268,TIMED_OUT,none
DefaultSqlSession.java,org.apache.ibatis.session.defaults.DefaultSqlSession,org.pitest.mutationtest.engine.gregor.mutators.VoidMethodCallMutator,close,264,TIMED_OUT,none
DefaultSqlSession.java,org.apache.ibatis.session.defaults.DefaultSqlSession,org.pitest.mutationtest.engine.gregor.mutators.VoidMethodCallMutator,close,265,TIMED_OUT,none
DefaultSqlSession.java,org.apache.ibatis.session.defaults.DefaultSqlSession,org.pitest.mutationtest.engine.gregor.mutators.experimental.MemberVariableMutator,close,266,TIMED_OUT,none
DefaultSqlSession.java,org.apache.ibatis.session.defaults.DefaultSqlSession,org.pitest.mutationtest.engine.gregor.mutators.NegateConditionalsMutator,closeCursors,273,TIMED_OUT,none
DefaultSqlSession.java,org.apache.ibatis.session.defaults.DefaultSqlSession,org.pitest.mutationtest.engine.gregor.mutators.RemoveConditionalMutator_EQUAL_ELSE,closeCursors,273,TIMED_OUT,none
DefaultSqlSession.java,org.apache.ibatis.session.defaults.DefaultSqlSession,org.pitest.mutationtest.engine.gregor.mutators.RemoveConditionalMutator_EQUAL_IF,closeCursors,273,TIMED_OUT,none
DefaultSqlSession.java,org.apache.ibatis.session.defaults.DefaultSqlSession,org.pitest.mutationtest.engine.gregor.mutators.RemoveConditionalMutator_EQUAL_IF,closeCursors,273,TIMED_OUT,none
DefaultSqlSession.java,org.apache.ibatis.session.defaults.DefaultSqlSession,org.pitest.mutationtest.engine.gregor.mutators.NonVoidMethodCallMutator,commit,224,TIMED_OUT,none
DefaultSqlSession.java,org.apache.ibatis.session.defaults.DefaultSqlSession,org.pitest.mutationtest.engine.gregor.mutators.NonVoidMethodCallMutator,getMapper,292,TIMED_OUT,none
DefaultSqlSession.java,org.apache.ibatis.session.defaults.DefaultSqlSession,org.pitest.mutationtest.engine.gregor.mutators.ReturnValsMutator,getMapper,292,TIMED_OUT,none
DefaultSqlSession.java,org.apache.ibatis.session.defaults.DefaultSqlSession,org.pitest.mutationtest.engine.gregor.mutators.InlineConstantMutator,isCommitOrRollbackRequired,317,TIMED_OUT,none
DefaultSqlSession.java,org.apache.ibatis.session.defaults.DefaultSqlSession,org.pitest.mutationtest.engine.gregor.mutators.NegateConditionalsMutator,isCommitOrRollbackRequired,317,TIMED_OUT,none
DefaultSqlSession.java,org.apache.ibatis.session.defaults.DefaultSqlSession,org.pitest.mutationtest.engine.gregor.mutators.NegateConditionalsMutator,isCommitOrRollbackRequired,317,TIMED_OUT,none
DefaultSqlSession.java,org.apache.ibatis.session.defaults.DefaultSqlSession,org.pitest.mutationtest.engine.gregor.mutators.NegateConditionalsMutator,isCommitOrRollbackRequired,317,TIMED_OUT,none
DefaultSqlSession.java,org.apache.ibatis.session.defaults.DefaultSqlSession,org.pitest.mutationtest.engine.gregor.mutators.RemoveConditionalMutator_EQUAL_ELSE,isCommitOrRollbackRequired,317,TIMED_OUT,none
DefaultSqlSession.java,org.apache.ibatis.session.defaults.DefaultSqlSession,org.pitest.mutationtest.engine.gregor.mutators.RemoveConditionalMutator_EQUAL_ELSE,isCommitOrRollbackRequired,317,TIMED_OUT,none
DefaultSqlSession.java,org.apache.ibatis.session.defaults.DefaultSqlSession,org.pitest.mutationtest.engine.gregor.mutators.RemoveConditionalMutator_EQUAL_IF,isCommitOrRollbackRequired,317,TIMED_OUT,none
DefaultSqlSession.java,org.apache.ibatis.session.defaults.DefaultSqlSession,org.pitest.mutationtest.engine.gregor.mutators.RemoveConditionalMutator_EQUAL_IF,isCommitOrRollbackRequired,317,TIMED_OUT,none
DefaultSqlSession.java,org.apache.ibatis.session.defaults.DefaultSqlSession,org.pitest.mutationtest.engine.gregor.mutators.ReturnValsMutator,isCommitOrRollbackRequired,317,TIMED_OUT,none
DefaultSqlSession.java,org.apache.ibatis.session.defaults.DefaultSqlSession,org.pitest.mutationtest.engine.gregor.mutators.NonVoidMethodCallMutator,selectList,141,TIMED_OUT,none
DefaultSqlSession.java,org.apache.ibatis.session.defaults.DefaultSqlSession,org.pitest.mutationtest.engine.gregor.mutators.ReturnValsMutator,selectList,141,TIMED_OUT,none
DefaultSqlSession.java,org.apache.ibatis.session.defaults.DefaultSqlSession,org.pitest.mutationtest.engine.gregor.mutators.ArgumentPropagationMutator,selectList,148,TIMED_OUT,none
DefaultSqlSession.java,org.apache.ibatis.session.defaults.DefaultSqlSession,org.pitest.mutationtest.engine.gregor.mutators.NonVoidMethodCallMutator,selectList,147,TIMED_OUT,none
DefaultSqlSession.java,org.apache.ibatis.session.defaults.DefaultSqlSession,org.pitest.mutationtest.engine.gregor.mutators.NonVoidMethodCallMutator,selectList,148,TIMED_OUT,none
DefaultSqlSession.java,org.apache.ibatis.session.defaults.DefaultSqlSession,org.pitest.mutationtest.engine.gregor.mutators.NonVoidMethodCallMutator,selectList,148,TIMED_OUT,none
DefaultSqlSession.java,org.apache.ibatis.session.defaults.DefaultSqlSession,org.pitest.mutationtest.engine.gregor.mutators.NonVoidMethodCallMutator,selectList,152,TIMED_OUT,none
DefaultSqlSession.java,org.apache.ibatis.session.defaults.DefaultSqlSession,org.pitest.mutationtest.engine.gregor.mutators.NonVoidMethodCallMutator,selectList,152,TIMED_OUT,none
DefaultSqlSession.java,org.apache.ibatis.session.defaults.DefaultSqlSession,org.pitest.mutationtest.engine.gregor.mutators.NonVoidMethodCallMutator,selectList,152,TIMED_OUT,none
DefaultSqlSession.java,org.apache.ibatis.session.defaults.DefaultSqlSession,org.pitest.mutationtest.engine.gregor.mutators.NonVoidMethodCallMutator,selectList,152,TIMED_OUT,none
DefaultSqlSession.java,org.apache.ibatis.session.defaults.DefaultSqlSession,org.pitest.mutationtest.engine.gregor.mutators.ReturnValsMutator,selectList,148,TIMED_OUT,none
DefaultSqlSession.java,org.apache.ibatis.session.defaults.DefaultSqlSession,org.pitest.mutationtest.engine.gregor.mutators.InlineConstantMutator,selectOne,78,TIMED_OUT,none
DefaultSqlSession.java,org.apache.ibatis.session.defaults.DefaultSqlSession,org.pitest.mutationtest.engine.gregor.mutators.InlineConstantMutator,selectOne,79,TIMED_OUT,none
DefaultSqlSession.java,org.apache.ibatis.session.defaults.DefaultSqlSession,org.pitest.mutationtest.engine.gregor.mutators.NegateConditionalsMutator,selectOne,78,TIMED_OUT,none
DefaultSqlSession.java,org.apache.ibatis.session.defaults.DefaultSqlSession,org.pitest.mutationtest.engine.gregor.mutators.NonVoidMethodCallMutator,selectOne,77,TIMED_OUT,none
DefaultSqlSession.java,org.apache.ibatis.session.defaults.DefaultSqlSession,org.pitest.mutationtest.engine.gregor.mutators.NonVoidMethodCallMutator,selectOne,78,TIMED_OUT,none
DefaultSqlSession.java,org.apache.ibatis.session.defaults.DefaultSqlSession,org.pitest.mutationtest.engine.gregor.mutators.NonVoidMethodCallMutator,selectOne,79,TIMED_OUT,none
DefaultSqlSession.java,org.apache.ibatis.session.defaults.DefaultSqlSession,org.pitest.mutationtest.engine.gregor.mutators.RemoveConditionalMutator_EQUAL_ELSE,selectOne,78,TIMED_OUT,none
DefaultSqlSession.java,org.apache.ibatis.session.defaults.DefaultSqlSession,org.pitest.mutationtest.engine.gregor.mutators.RemoveConditionalMutator_EQUAL_IF,selectOne,78,TIMED_OUT,none
DefaultSqlSession.java,org.apache.ibatis.session.defaults.DefaultSqlSession,org.pitest.mutationtest.engine.gregor.mutators.ReturnValsMutator,selectOne,79,TIMED_OUT,none
DefaultSqlSession.java,org.apache.ibatis.session.defaults.DefaultSqlSession,org.pitest.mutationtest.engine.gregor.mutators.NonVoidMethodCallMutator,update,197,TIMED_OUT,none
DefaultSqlSession.java,org.apache.ibatis.session.defaults.DefaultSqlSession,org.pitest.mutationtest.engine.gregor.mutators.NonVoidMethodCallMutator,update,202,TIMED_OUT,none
DefaultSqlSession.java,org.apache.ibatis.session.defaults.DefaultSqlSession,org.pitest.mutationtest.engine.gregor.mutators.NonVoidMethodCallMutator,update,202,TIMED_OUT,none
DefaultSqlSession.java,org.apache.ibatis.session.defaults.DefaultSqlSession,org.pitest.mutationtest.engine.gregor.mutators.ReturnValsMutator,update,198,TIMED_OUT,none
DefaultSqlSession.java,org.apache.ibatis.session.defaults.DefaultSqlSession,org.pitest.mutationtest.engine.gregor.mutators.experimental.MemberVariableMutator,update,196,TIMED_OUT,none
DefaultSqlSession.java,org.apache.ibatis.session.defaults.DefaultSqlSession,org.pitest.mutationtest.engine.gregor.mutators.NegateConditionalsMutator,wrapCollection,321,TIMED_OUT,none
DefaultSqlSession.java,org.apache.ibatis.session.defaults.DefaultSqlSession,org.pitest.mutationtest.engine.gregor.mutators.NegateConditionalsMutator,wrapCollection,328,TIMED_OUT,none
DefaultSqlSession.java,org.apache.ibatis.session.defaults.DefaultSqlSession,org.pitest.mutationtest.engine.gregor.mutators.NonVoidMethodCallMutator,wrapCollection,328,TIMED_OUT,none
DefaultSqlSession.java,org.apache.ibatis.session.defaults.DefaultSqlSession,org.pitest.mutationtest.engine.gregor.mutators.RemoveConditionalMutator_EQUAL_ELSE,wrapCollection,321,TIMED_OUT,none
DefaultSqlSession.java,org.apache.ibatis.session.defaults.DefaultSqlSession,org.pitest.mutationtest.engine.gregor.mutators.RemoveConditionalMutator_EQUAL_ELSE,wrapCollection,328,TIMED_OUT,none
DefaultSqlSession.java,org.apache.ibatis.session.defaults.DefaultSqlSession,org.pitest.mutationtest.engine.gregor.mutators.RemoveConditionalMutator_EQUAL_ELSE,wrapCollection,328,TIMED_OUT,none
DefaultSqlSession.java,org.apache.ibatis.session.defaults.DefaultSqlSession,org.pitest.mutationtest.engine.gregor.mutators.RemoveConditionalMutator_EQUAL_IF,wrapCollection,321,TIMED_OUT,none
DefaultSqlSession.java,org.apache.ibatis.session.defaults.DefaultSqlSession,org.pitest.mutationtest.engine.gregor.mutators.RemoveConditionalMutator_EQUAL_IF,wrapCollection,328,TIMED_OUT,none
DefaultSqlSession.java,org.apache.ibatis.session.defaults.DefaultSqlSession,org.pitest.mutationtest.engine.gregor.mutators.ReturnValsMutator,wrapCollection,333,TIMED_OUT,none
DefaultSqlSessionFactory.java,org.apache.ibatis.session.defaults.DefaultSqlSessionFactory,org.pitest.mutationtest.engine.gregor.mutators.experimental.MemberVariableMutator,<init>,42,TIMED_OUT,none
DefaultSqlSessionFactory.java,org.apache.ibatis.session.defaults.DefaultSqlSessionFactory,org.pitest.mutationtest.engine.gregor.mutators.ReturnValsMutator,getConfiguration,87,TIMED_OUT,none
DefaultSqlSessionFactory.java,org.apache.ibatis.session.defaults.DefaultSqlSessionFactory,org.pitest.mutationtest.engine.gregor.mutators.NegateConditionalsMutator,getTransactionFactoryFromEnvironment,129,TIMED_OUT,none
DefaultSqlSessionFactory.java,org.apache.ibatis.session.defaults.DefaultSqlSessionFactory,org.pitest.mutationtest.engine.gregor.mutators.NonVoidMethodCallMutator,getTransactionFactoryFromEnvironment,129,TIMED_OUT,none
DefaultSqlSessionFactory.java,org.apache.ibatis.session.defaults.DefaultSqlSessionFactory,org.pitest.mutationtest.engine.gregor.mutators.NonVoidMethodCallMutator,getTransactionFactoryFromEnvironment,132,TIMED_OUT,none
DefaultSqlSessionFactory.java,org.apache.ibatis.session.defaults.DefaultSqlSessionFactory,org.pitest.mutationtest.engine.gregor.mutators.RemoveConditionalMutator_EQUAL_ELSE,getTransactionFactoryFromEnvironment,129,TIMED_OUT,none
DefaultSqlSessionFactory.java,org.apache.ibatis.session.defaults.DefaultSqlSessionFactory,org.pitest.mutationtest.engine.gregor.mutators.ReturnValsMutator,getTransactionFactoryFromEnvironment,132,TIMED_OUT,none
DefaultSqlSessionFactory.java,org.apache.ibatis.session.defaults.DefaultSqlSessionFactory,org.pitest.mutationtest.engine.gregor.mutators.InlineConstantMutator,openSession,47,TIMED_OUT,none
DefaultSqlSessionFactory.java,org.apache.ibatis.session.defaults.DefaultSqlSessionFactory,org.pitest.mutationtest.engine.gregor.mutators.NonVoidMethodCallMutator,openSession,47,TIMED_OUT,none
DefaultSqlSessionFactory.java,org.apache.ibatis.session.defaults.DefaultSqlSessionFactory,org.pitest.mutationtest.engine.gregor.mutators.ConstructorCallMutator,openSessionFromDataSource,97,TIMED_OUT,none
DefaultSqlSessionFactory.java,org.apache.ibatis.session.defaults.DefaultSqlSessionFactory,org.pitest.mutationtest.engine.gregor.mutators.NonVoidMethodCallMutator,openSessionFromDataSource,95,TIMED_OUT,none
DefaultSqlSessionFactory.java,org.apache.ibatis.session.defaults.DefaultSqlSessionFactory,org.pitest.mutationtest.engine.gregor.mutators.NonVoidMethodCallMutator,openSessionFromDataSource,95,TIMED_OUT,none
DefaultSqlSessionFactory.java,org.apache.ibatis.session.defaults.DefaultSqlSessionFactory,org.pitest.mutationtest.engine.gregor.mutators.NonVoidMethodCallMutator,openSessionFromDataSource,96,TIMED_OUT,none
DefaultSqlSessionFactory.java,org.apache.ibatis.session.defaults.DefaultSqlSessionFactory,org.pitest.mutationtest.engine.gregor.mutators.NonVoidMethodCallMutator,openSessionFromDataSource,102,TIMED_OUT,none
JdbcTransaction.java,org.apache.ibatis.transaction.jdbc.JdbcTransaction,org.pitest.mutationtest.engine.gregor.mutators.experimental.MemberVariableMutator,<init>,50,TIMED_OUT,none
JdbcTransaction.java,org.apache.ibatis.transaction.jdbc.JdbcTransaction,org.pitest.mutationtest.engine.gregor.mutators.NegateConditionalsMutator,close,87,TIMED_OUT,none
JdbcTransaction.java,org.apache.ibatis.transaction.jdbc.JdbcTransaction,org.pitest.mutationtest.engine.gregor.mutators.RemoveConditionalMutator_EQUAL_ELSE,close,87,TIMED_OUT,none
JdbcTransaction.java,org.apache.ibatis.transaction.jdbc.JdbcTransaction,org.pitest.mutationtest.engine.gregor.mutators.RemoveConditionalMutator_EQUAL_ELSE,close,89,TIMED_OUT,none
JdbcTransaction.java,org.apache.ibatis.transaction.jdbc.JdbcTransaction,org.pitest.mutationtest.engine.gregor.mutators.RemoveConditionalMutator_EQUAL_IF,close,87,TIMED_OUT,none
JdbcTransaction.java,org.apache.ibatis.transaction.jdbc.JdbcTransaction,org.pitest.mutationtest.engine.gregor.mutators.VoidMethodCallMutator,close,88,TIMED_OUT,none
JdbcTransaction.java,org.apache.ibatis.transaction.jdbc.JdbcTransaction,org.pitest.mutationtest.engine.gregor.mutators.RemoveConditionalMutator_EQUAL_IF,getConnection,59,TIMED_OUT,none
JdbcTransaction.java,org.apache.ibatis.transaction.jdbc.JdbcTransaction,org.pitest.mutationtest.engine.gregor.mutators.ReturnValsMutator,getConnection,62,TIMED_OUT,none
JdbcTransaction.java,org.apache.ibatis.transaction.jdbc.JdbcTransaction,org.pitest.mutationtest.engine.gregor.mutators.VoidMethodCallMutator,getConnection,60,TIMED_OUT,none
JdbcTransaction.java,org.apache.ibatis.transaction.jdbc.JdbcTransaction,org.pitest.mutationtest.engine.gregor.mutators.ReturnValsMutator,getTimeout,147,TIMED_OUT,none
JdbcTransaction.java,org.apache.ibatis.transaction.jdbc.JdbcTransaction,org.pitest.mutationtest.engine.gregor.mutators.NegateConditionalsMutator,openConnection,135,TIMED_OUT,none
JdbcTransaction.java,org.apache.ibatis.transaction.jdbc.JdbcTransaction,org.pitest.mutationtest.engine.gregor.mutators.NegateConditionalsMutator,openConnection,139,TIMED_OUT,none
JdbcTransaction.java,org.apache.ibatis.transaction.jdbc.JdbcTransaction,org.pitest.mutationtest.engine.gregor.mutators.NonVoidMethodCallMutator,openConnection,135,TIMED_OUT,none
JdbcTransaction.java,org.apache.ibatis.transaction.jdbc.JdbcTransaction,org.pitest.mutationtest.engine.gregor.mutators.RemoveConditionalMutator_EQUAL_ELSE,openConnection,139,TIMED_OUT,none
JdbcTransaction.java,org.apache.ibatis.transaction.jdbc.JdbcTransaction,org.pitest.mutationtest.engine.gregor.mutators.RemoveConditionalMutator_EQUAL_IF,openConnection,139,TIMED_OUT,none
JdbcTransaction.java,org.apache.ibatis.transaction.jdbc.JdbcTransaction,org.pitest.mutationtest.engine.gregor.mutators.VoidMethodCallMutator,openConnection,142,TIMED_OUT,none
JdbcTransaction.java,org.apache.ibatis.transaction.jdbc.JdbcTransaction,org.pitest.mutationtest.engine.gregor.mutators.InlineConstantMutator,resetAutoCommit,124,TIMED_OUT,none
JdbcTransaction.java,org.apache.ibatis.transaction.jdbc.JdbcTransaction,org.pitest.mutationtest.engine.gregor.mutators.NegateConditionalsMutator,resetAutoCommit,115,TIMED_OUT,none
JdbcTransaction.java,org.apache.ibatis.transaction.jdbc.JdbcTransaction,org.pitest.mutationtest.engine.gregor.mutators.NegateConditionalsMutator,resetAutoCommit,121,TIMED_OUT,none
JdbcTransaction.java,org.apache.ibatis.transaction.jdbc.JdbcTransaction,org.pitest.mutationtest.engine.gregor.mutators.NonVoidMethodCallMutator,resetAutoCommit,115,TIMED_OUT,none
JdbcTransaction.java,org.apache.ibatis.transaction.jdbc.JdbcTransaction,org.pitest.mutationtest.engine.gregor.mutators.NonVoidMethodCallMutator,resetAutoCommit,121,TIMED_OUT,none
JdbcTransaction.java,org.apache.ibatis.transaction.jdbc.JdbcTransaction,org.pitest.mutationtest.engine.gregor.mutators.RemoveConditionalMutator_EQUAL_ELSE,resetAutoCommit,115,TIMED_OUT,none
JdbcTransaction.java,org.apache.ibatis.transaction.jdbc.JdbcTransaction,org.pitest.mutationtest.engine.gregor.mutators.RemoveConditionalMutator_EQUAL_ELSE,resetAutoCommit,121,TIMED_OUT,none
JdbcTransaction.java,org.apache.ibatis.transaction.jdbc.JdbcTransaction,org.pitest.mutationtest.engine.gregor.mutators.RemoveConditionalMutator_EQUAL_IF,resetAutoCommit,115,TIMED_OUT,none
JdbcTransaction.java,org.apache.ibatis.transaction.jdbc.JdbcTransaction,org.pitest.mutationtest.engine.gregor.mutators.RemoveConditionalMutator_EQUAL_IF,resetAutoCommit,121,TIMED_OUT,none
JdbcTransaction.java,org.apache.ibatis.transaction.jdbc.JdbcTransaction,org.pitest.mutationtest.engine.gregor.mutators.VoidMethodCallMutator,resetAutoCommit,124,TIMED_OUT,none
JdbcTransaction.java,org.apache.ibatis.transaction.jdbc.JdbcTransaction,org.pitest.mutationtest.engine.gregor.mutators.NegateConditionalsMutator,rollback,77,TIMED_OUT,none
JdbcTransaction.java,org.apache.ibatis.transaction.jdbc.JdbcTransaction,org.pitest.mutationtest.engine.gregor.mutators.NegateConditionalsMutator,rollback,77,TIMED_OUT,none
JdbcTransaction.java,org.apache.ibatis.transaction.jdbc.JdbcTransaction,org.pitest.mutationtest.engine.gregor.mutators.NonVoidMethodCallMutator,rollback,77,TIMED_OUT,none
JdbcTransaction.java,org.apache.ibatis.transaction.jdbc.JdbcTransaction,org.pitest.mutationtest.engine.gregor.mutators.NonVoidMethodCallMutator,rollback,78,TIMED_OUT,none
JdbcTransaction.java,org.apache.ibatis.transaction.jdbc.JdbcTransaction,org.pitest.mutationtest.engine.gregor.mutators.RemoveConditionalMutator_EQUAL_ELSE,rollback,77,TIMED_OUT,none
JdbcTransaction.java,org.apache.ibatis.transaction.jdbc.JdbcTransaction,org.pitest.mutationtest.engine.gregor.mutators.RemoveConditionalMutator_EQUAL_IF,rollback,78,TIMED_OUT,none
JdbcTransaction.java,org.apache.ibatis.transaction.jdbc.JdbcTransaction,org.pitest.mutationtest.engine.gregor.mutators.NegateConditionalsMutator,setDesiredAutoCommit,99,TIMED_OUT,none
JdbcTransaction.java,org.apache.ibatis.transaction.jdbc.JdbcTransaction,org.pitest.mutationtest.engine.gregor.mutators.NonVoidMethodCallMutator,setDesiredAutoCommit,99,TIMED_OUT,none
JdbcTransaction.java,org.apache.ibatis.transaction.jdbc.JdbcTransaction,org.pitest.mutationtest.engine.gregor.mutators.RemoveConditionalMutator_EQUAL_IF,setDesiredAutoCommit,98,TIMED_OUT,none
JdbcTransaction.java,org.apache.ibatis.transaction.jdbc.JdbcTransaction,org.pitest.mutationtest.engine.gregor.mutators.VoidMethodCallMutator,setDesiredAutoCommit,102,TIMED_OUT,none
BaseTypeHandler.java,org.apache.ibatis.type.BaseTypeHandler,org.pitest.mutationtest.engine.gregor.mutators.NegateConditionalsMutator,getResult,70,TIMED_OUT,none
BaseTypeHandler.java,org.apache.ibatis.type.BaseTypeHandler,org.pitest.mutationtest.engine.gregor.mutators.NonVoidMethodCallMutator,getResult,66,TIMED_OUT,none
BaseTypeHandler.java,org.apache.ibatis.type.BaseTypeHandler,org.pitest.mutationtest.engine.gregor.mutators.NonVoidMethodCallMutator,getResult,70,TIMED_OUT,none
BaseTypeHandler.java,org.apache.ibatis.type.BaseTypeHandler,org.pitest.mutationtest.engine.gregor.mutators.RemoveConditionalMutator_EQUAL_ELSE,getResult,70,TIMED_OUT,none
BaseTypeHandler.java,org.apache.ibatis.type.BaseTypeHandler,org.pitest.mutationtest.engine.gregor.mutators.RemoveConditionalMutator_EQUAL_IF,getResult,70,TIMED_OUT,none
BaseTypeHandler.java,org.apache.ibatis.type.BaseTypeHandler,org.pitest.mutationtest.engine.gregor.mutators.ReturnValsMutator,getResult,71,TIMED_OUT,none
BaseTypeHandler.java,org.apache.ibatis.type.BaseTypeHandler,org.pitest.mutationtest.engine.gregor.mutators.ReturnValsMutator,getResult,73,TIMED_OUT,none
BaseTypeHandler.java,org.apache.ibatis.type.BaseTypeHandler,org.pitest.mutationtest.engine.gregor.mutators.RemoveConditionalMutator_EQUAL_ELSE,setParameter,40,TIMED_OUT,none
BaseTypeHandler.java,org.apache.ibatis.type.BaseTypeHandler,org.pitest.mutationtest.engine.gregor.mutators.RemoveConditionalMutator_EQUAL_IF,setParameter,40,TIMED_OUT,none
BaseTypeHandler.java,org.apache.ibatis.type.BaseTypeHandler,org.pitest.mutationtest.engine.gregor.mutators.VoidMethodCallMutator,setParameter,53,TIMED_OUT,none
ByteArrayUtils.java,org.apache.ibatis.type.ByteArrayUtils,org.pitest.mutationtest.engine.gregor.mutators.experimental.RemoveIncrementsMutator,convertToObjectArray,37,TIMED_OUT,none
ByteArrayUtils.java,org.apache.ibatis.type.ByteArrayUtils,org.pitest.mutationtest.engine.gregor.mutators.experimental.RemoveIncrementsMutator,convertToPrimitiveArray,29,TIMED_OUT,none
EnumTypeHandler.java,org.apache.ibatis.type.EnumTypeHandler,org.pitest.mutationtest.engine.gregor.mutators.NegateConditionalsMutator,<init>,31,TIMED_OUT,none
EnumTypeHandler.java,org.apache.ibatis.type.EnumTypeHandler,org.pitest.mutationtest.engine.gregor.mutators.RemoveConditionalMutator_EQUAL_IF,<init>,31,TIMED_OUT,none
EnumTypeHandler.java,org.apache.ibatis.type.EnumTypeHandler,org.pitest.mutationtest.engine.gregor.mutators.NonVoidMethodCallMutator,setNonNullParameter,42,TIMED_OUT,none
IntegerTypeHandler.java,org.apache.ibatis.type.IntegerTypeHandler,org.pitest.mutationtest.engine.gregor.mutators.NonVoidMethodCallMutator,getNullableResult,37,TIMED_OUT,none
IntegerTypeHandler.java,org.apache.ibatis.type.IntegerTypeHandler,org.pitest.mutationtest.engine.gregor.mutators.NonVoidMethodCallMutator,getNullableResult,37,TIMED_OUT,none
IntegerTypeHandler.java,org.apache.ibatis.type.IntegerTypeHandler,org.pitest.mutationtest.engine.gregor.mutators.ReturnValsMutator,getNullableResult,37,TIMED_OUT,none
JdbcType.java,org.apache.ibatis.type.JdbcType,org.pitest.mutationtest.engine.gregor.mutators.experimental.MemberVariableMutator,<init>,80,TIMED_OUT,none
JdbcType.java,org.apache.ibatis.type.JdbcType,org.pitest.mutationtest.engine.gregor.mutators.ArgumentPropagationMutator,forCode,84,TIMED_OUT,none
JdbcType.java,org.apache.ibatis.type.JdbcType,org.pitest.mutationtest.engine.gregor.mutators.NonVoidMethodCallMutator,forCode,84,TIMED_OUT,none
JdbcType.java,org.apache.ibatis.type.JdbcType,org.pitest.mutationtest.engine.gregor.mutators.NonVoidMethodCallMutator,forCode,84,TIMED_OUT,none
JdbcType.java,org.apache.ibatis.type.JdbcType,org.pitest.mutationtest.engine.gregor.mutators.ReturnValsMutator,forCode,84,TIMED_OUT,none
LongTypeHandler.java,org.apache.ibatis.type.LongTypeHandler,org.pitest.mutationtest.engine.gregor.mutators.ReturnValsMutator,getNullableResult,37,TIMED_OUT,none
ObjectTypeHandler.java,org.apache.ibatis.type.ObjectTypeHandler,org.pitest.mutationtest.engine.gregor.mutators.NonVoidMethodCallMutator,getNullableResult,37,TIMED_OUT,none
StringTypeHandler.java,org.apache.ibatis.type.StringTypeHandler,org.pitest.mutationtest.engine.gregor.mutators.ArgumentPropagationMutator,getNullableResult,37,TIMED_OUT,none
StringTypeHandler.java,org.apache.ibatis.type.StringTypeHandler,org.pitest.mutationtest.engine.gregor.mutators.NonVoidMethodCallMutator,getNullableResult,37,TIMED_OUT,none
StringTypeHandler.java,org.apache.ibatis.type.StringTypeHandler,org.pitest.mutationtest.engine.gregor.mutators.ReturnValsMutator,getNullableResult,37,TIMED_OUT,none
StringTypeHandler.java,org.apache.ibatis.type.StringTypeHandler,org.pitest.mutationtest.engine.gregor.mutators.VoidMethodCallMutator,setNonNullParameter,31,TIMED_OUT,none
TypeAliasRegistry.java,org.apache.ibatis.type.TypeAliasRegistry,org.pitest.mutationtest.engine.gregor.mutators.VoidMethodCallMutator,<init>,43,TIMED_OUT,none
TypeAliasRegistry.java,org.apache.ibatis.type.TypeAliasRegistry,org.pitest.mutationtest.engine.gregor.mutators.VoidMethodCallMutator,<init>,45,TIMED_OUT,none
TypeAliasRegistry.java,org.apache.ibatis.type.TypeAliasRegistry,org.pitest.mutationtest.engine.gregor.mutators.VoidMethodCallMutator,<init>,46,TIMED_OUT,none
TypeAliasRegistry.java,org.apache.ibatis.type.TypeAliasRegistry,org.pitest.mutationtest.engine.gregor.mutators.VoidMethodCallMutator,<init>,47,TIMED_OUT,none
TypeAliasRegistry.java,org.apache.ibatis.type.TypeAliasRegistry,org.pitest.mutationtest.engine.gregor.mutators.VoidMethodCallMutator,<init>,48,TIMED_OUT,none
TypeAliasRegistry.java,org.apache.ibatis.type.TypeAliasRegistry,org.pitest.mutationtest.engine.gregor.mutators.VoidMethodCallMutator,<init>,49,TIMED_OUT,none
TypeAliasRegistry.java,org.apache.ibatis.type.TypeAliasRegistry,org.pitest.mutationtest.engine.gregor.mutators.VoidMethodCallMutator,<init>,50,TIMED_OUT,none
TypeAliasRegistry.java,org.apache.ibatis.type.TypeAliasRegistry,org.pitest.mutationtest.engine.gregor.mutators.VoidMethodCallMutator,<init>,51,TIMED_OUT,none
TypeAliasRegistry.java,org.apache.ibatis.type.TypeAliasRegistry,org.pitest.mutationtest.engine.gregor.mutators.VoidMethodCallMutator,<init>,52,TIMED_OUT,none
TypeAliasRegistry.java,org.apache.ibatis.type.TypeAliasRegistry,org.pitest.mutationtest.engine.gregor.mutators.VoidMethodCallMutator,<init>,54,TIMED_OUT,none
TypeAliasRegistry.java,org.apache.ibatis.type.TypeAliasRegistry,org.pitest.mutationtest.engine.gregor.mutators.VoidMethodCallMutator,<init>,55,TIMED_OUT,none
TypeAliasRegistry.java,org.apache.ibatis.type.TypeAliasRegistry,org.pitest.mutationtest.engine.gregor.mutators.VoidMethodCallMutator,<init>,56,TIMED_OUT,none
TypeAliasRegistry.java,org.apache.ibatis.type.TypeAliasRegistry,org.pitest.mutationtest.engine.gregor.mutators.VoidMethodCallMutator,<init>,57,TIMED_OUT,none
TypeAliasRegistry.java,org.apache.ibatis.type.TypeAliasRegistry,org.pitest.mutationtest.engine.gregor.mutators.VoidMethodCallMutator,<init>,58,TIMED_OUT,none
TypeAliasRegistry.java,org.apache.ibatis.type.TypeAliasRegistry,org.pitest.mutationtest.engine.gregor.mutators.VoidMethodCallMutator,<init>,59,TIMED_OUT,none
TypeAliasRegistry.java,org.apache.ibatis.type.TypeAliasRegistry,org.pitest.mutationtest.engine.gregor.mutators.VoidMethodCallMutator,<init>,60,TIMED_OUT,none
TypeAliasRegistry.java,org.apache.ibatis.type.TypeAliasRegistry,org.pitest.mutationtest.engine.gregor.mutators.VoidMethodCallMutator,<init>,61,TIMED_OUT,none
TypeAliasRegistry.java,org.apache.ibatis.type.TypeAliasRegistry,org.pitest.mutationtest.engine.gregor.mutators.VoidMethodCallMutator,<init>,63,TIMED_OUT,none
TypeAliasRegistry.java,org.apache.ibatis.type.TypeAliasRegistry,org.pitest.mutationtest.engine.gregor.mutators.VoidMethodCallMutator,<init>,64,TIMED_OUT,none
TypeAliasRegistry.java,org.apache.ibatis.type.TypeAliasRegistry,org.pitest.mutationtest.engine.gregor.mutators.VoidMethodCallMutator,<init>,65,TIMED_OUT,none
TypeAliasRegistry.java,org.apache.ibatis.type.TypeAliasRegistry,org.pitest.mutationtest.engine.gregor.mutators.VoidMethodCallMutator,<init>,66,TIMED_OUT,none
TypeAliasRegistry.java,org.apache.ibatis.type.TypeAliasRegistry,org.pitest.mutationtest.engine.gregor.mutators.VoidMethodCallMutator,<init>,67,TIMED_OUT,none
TypeAliasRegistry.java,org.apache.ibatis.type.TypeAliasRegistry,org.pitest.mutationtest.engine.gregor.mutators.VoidMethodCallMutator,<init>,68,TIMED_OUT,none
TypeAliasRegistry.java,org.apache.ibatis.type.TypeAliasRegistry,org.pitest.mutationtest.engine.gregor.mutators.VoidMethodCallMutator,<init>,69,TIMED_OUT,none
TypeAliasRegistry.java,org.apache.ibatis.type.TypeAliasRegistry,org.pitest.mutationtest.engine.gregor.mutators.VoidMethodCallMutator,<init>,70,TIMED_OUT,none
TypeAliasRegistry.java,org.apache.ibatis.type.TypeAliasRegistry,org.pitest.mutationtest.engine.gregor.mutators.VoidMethodCallMutator,<init>,72,TIMED_OUT,none
TypeAliasRegistry.java,org.apache.ibatis.type.TypeAliasRegistry,org.pitest.mutationtest.engine.gregor.mutators.VoidMethodCallMutator,<init>,73,TIMED_OUT,none
TypeAliasRegistry.java,org.apache.ibatis.type.TypeAliasRegistry,org.pitest.mutationtest.engine.gregor.mutators.VoidMethodCallMutator,<init>,74,TIMED_OUT,none
TypeAliasRegistry.java,org.apache.ibatis.type.TypeAliasRegistry,org.pitest.mutationtest.engine.gregor.mutators.VoidMethodCallMutator,<init>,75,TIMED_OUT,none
TypeAliasRegistry.java,org.apache.ibatis.type.TypeAliasRegistry,org.pitest.mutationtest.engine.gregor.mutators.VoidMethodCallMutator,<init>,76,TIMED_OUT,none
TypeAliasRegistry.java,org.apache.ibatis.type.TypeAliasRegistry,org.pitest.mutationtest.engine.gregor.mutators.VoidMethodCallMutator,<init>,77,TIMED_OUT,none
TypeAliasRegistry.java,org.apache.ibatis.type.TypeAliasRegistry,org.pitest.mutationtest.engine.gregor.mutators.VoidMethodCallMutator,<init>,78,TIMED_OUT,none
TypeAliasRegistry.java,org.apache.ibatis.type.TypeAliasRegistry,org.pitest.mutationtest.engine.gregor.mutators.VoidMethodCallMutator,<init>,79,TIMED_OUT,none
TypeAliasRegistry.java,org.apache.ibatis.type.TypeAliasRegistry,org.pitest.mutationtest.engine.gregor.mutators.VoidMethodCallMutator,<init>,81,TIMED_OUT,none
TypeAliasRegistry.java,org.apache.ibatis.type.TypeAliasRegistry,org.pitest.mutationtest.engine.gregor.mutators.VoidMethodCallMutator,<init>,82,TIMED_OUT,none
TypeAliasRegistry.java,org.apache.ibatis.type.TypeAliasRegistry,org.pitest.mutationtest.engine.gregor.mutators.VoidMethodCallMutator,<init>,83,TIMED_OUT,none
TypeAliasRegistry.java,org.apache.ibatis.type.TypeAliasRegistry,org.pitest.mutationtest.engine.gregor.mutators.VoidMethodCallMutator,<init>,84,TIMED_OUT,none
TypeAliasRegistry.java,org.apache.ibatis.type.TypeAliasRegistry,org.pitest.mutationtest.engine.gregor.mutators.VoidMethodCallMutator,<init>,85,TIMED_OUT,none
TypeAliasRegistry.java,org.apache.ibatis.type.TypeAliasRegistry,org.pitest.mutationtest.engine.gregor.mutators.VoidMethodCallMutator,<init>,87,TIMED_OUT,none
TypeAliasRegistry.java,org.apache.ibatis.type.TypeAliasRegistry,org.pitest.mutationtest.engine.gregor.mutators.VoidMethodCallMutator,<init>,88,TIMED_OUT,none
TypeAliasRegistry.java,org.apache.ibatis.type.TypeAliasRegistry,org.pitest.mutationtest.engine.gregor.mutators.VoidMethodCallMutator,<init>,89,TIMED_OUT,none
TypeAliasRegistry.java,org.apache.ibatis.type.TypeAliasRegistry,org.pitest.mutationtest.engine.gregor.mutators.VoidMethodCallMutator,<init>,90,TIMED_OUT,none
TypeAliasRegistry.java,org.apache.ibatis.type.TypeAliasRegistry,org.pitest.mutationtest.engine.gregor.mutators.VoidMethodCallMutator,<init>,91,TIMED_OUT,none
TypeAliasRegistry.java,org.apache.ibatis.type.TypeAliasRegistry,org.pitest.mutationtest.engine.gregor.mutators.VoidMethodCallMutator,<init>,93,TIMED_OUT,none
TypeAliasRegistry.java,org.apache.ibatis.type.TypeAliasRegistry,org.pitest.mutationtest.engine.gregor.mutators.VoidMethodCallMutator,<init>,94,TIMED_OUT,none
TypeAliasRegistry.java,org.apache.ibatis.type.TypeAliasRegistry,org.pitest.mutationtest.engine.gregor.mutators.VoidMethodCallMutator,<init>,95,TIMED_OUT,none
TypeAliasRegistry.java,org.apache.ibatis.type.TypeAliasRegistry,org.pitest.mutationtest.engine.gregor.mutators.VoidMethodCallMutator,<init>,96,TIMED_OUT,none
TypeAliasRegistry.java,org.apache.ibatis.type.TypeAliasRegistry,org.pitest.mutationtest.engine.gregor.mutators.VoidMethodCallMutator,<init>,97,TIMED_OUT,none
TypeAliasRegistry.java,org.apache.ibatis.type.TypeAliasRegistry,org.pitest.mutationtest.engine.gregor.mutators.VoidMethodCallMutator,<init>,98,TIMED_OUT,none
TypeAliasRegistry.java,org.apache.ibatis.type.TypeAliasRegistry,org.pitest.mutationtest.engine.gregor.mutators.VoidMethodCallMutator,<init>,100,TIMED_OUT,none
TypeAliasRegistry.java,org.apache.ibatis.type.TypeAliasRegistry,org.pitest.mutationtest.engine.gregor.mutators.ArgumentPropagationMutator,registerAlias,156,TIMED_OUT,none
TypeAliasRegistry.java,org.apache.ibatis.type.TypeAliasRegistry,org.pitest.mutationtest.engine.gregor.mutators.ArgumentPropagationMutator,registerAlias,156,TIMED_OUT,none
TypeAliasRegistry.java,org.apache.ibatis.type.TypeAliasRegistry,org.pitest.mutationtest.engine.gregor.mutators.ArgumentPropagationMutator,registerAlias,159,TIMED_OUT,none
TypeAliasRegistry.java,org.apache.ibatis.type.TypeAliasRegistry,org.pitest.mutationtest.engine.gregor.mutators.NegateConditionalsMutator,registerAlias,156,TIMED_OUT,none
TypeAliasRegistry.java,org.apache.ibatis.type.TypeAliasRegistry,org.pitest.mutationtest.engine.gregor.mutators.NegateConditionalsMutator,registerAlias,156,TIMED_OUT,none
TypeAliasRegistry.java,org.apache.ibatis.type.TypeAliasRegistry,org.pitest.mutationtest.engine.gregor.mutators.NegateConditionalsMutator,registerAlias,156,TIMED_OUT,none
TypeAliasRegistry.java,org.apache.ibatis.type.TypeAliasRegistry,org.pitest.mutationtest.engine.gregor.mutators.NonVoidMethodCallMutator,registerAlias,156,TIMED_OUT,none
TypeAliasRegistry.java,org.apache.ibatis.type.TypeAliasRegistry,org.pitest.mutationtest.engine.gregor.mutators.NonVoidMethodCallMutator,registerAlias,156,TIMED_OUT,none
TypeAliasRegistry.java,org.apache.ibatis.type.TypeAliasRegistry,org.pitest.mutationtest.engine.gregor.mutators.NonVoidMethodCallMutator,registerAlias,156,TIMED_OUT,none
TypeAliasRegistry.java,org.apache.ibatis.type.TypeAliasRegistry,org.pitest.mutationtest.engine.gregor.mutators.NonVoidMethodCallMutator,registerAlias,156,TIMED_OUT,none
TypeAliasRegistry.java,org.apache.ibatis.type.TypeAliasRegistry,org.pitest.mutationtest.engine.gregor.mutators.NonVoidMethodCallMutator,registerAlias,159,TIMED_OUT,none
TypeAliasRegistry.java,org.apache.ibatis.type.TypeAliasRegistry,org.pitest.mutationtest.engine.gregor.mutators.RemoveConditionalMutator_EQUAL_ELSE,registerAlias,151,TIMED_OUT,none
TypeAliasRegistry.java,org.apache.ibatis.type.TypeAliasRegistry,org.pitest.mutationtest.engine.gregor.mutators.RemoveConditionalMutator_EQUAL_ELSE,registerAlias,156,TIMED_OUT,none
TypeAliasRegistry.java,org.apache.ibatis.type.TypeAliasRegistry,org.pitest.mutationtest.engine.gregor.mutators.RemoveConditionalMutator_EQUAL_ELSE,registerAlias,156,TIMED_OUT,none
TypeAliasRegistry.java,org.apache.ibatis.type.TypeAliasRegistry,org.pitest.mutationtest.engine.gregor.mutators.RemoveConditionalMutator_EQUAL_ELSE,registerAlias,156,TIMED_OUT,none
TypeAliasRegistry.java,org.apache.ibatis.type.TypeAliasRegistry,org.pitest.mutationtest.engine.gregor.mutators.RemoveConditionalMutator_EQUAL_IF,registerAlias,156,TIMED_OUT,none
TypeAliasRegistry.java,org.apache.ibatis.type.TypeAliasRegistry,org.pitest.mutationtest.engine.gregor.mutators.RemoveConditionalMutator_EQUAL_IF,registerAlias,156,TIMED_OUT,none
TypeAliasRegistry.java,org.apache.ibatis.type.TypeAliasRegistry,org.pitest.mutationtest.engine.gregor.mutators.RemoveConditionalMutator_EQUAL_IF,registerAlias,156,TIMED_OUT,none
TypeAliasRegistry.java,org.apache.ibatis.type.TypeAliasRegistry,org.pitest.mutationtest.engine.gregor.mutators.ArgumentPropagationMutator,resolveAlias,114,TIMED_OUT,none
TypeAliasRegistry.java,org.apache.ibatis.type.TypeAliasRegistry,org.pitest.mutationtest.engine.gregor.mutators.NegateConditionalsMutator,resolveAlias,107,TIMED_OUT,none
TypeAliasRegistry.java,org.apache.ibatis.type.TypeAliasRegistry,org.pitest.mutationtest.engine.gregor.mutators.NegateConditionalsMutator,resolveAlias,113,TIMED_OUT,none
TypeAliasRegistry.java,org.apache.ibatis.type.TypeAliasRegistry,org.pitest.mutationtest.engine.gregor.mutators.NonVoidMethodCallMutator,resolveAlias,111,TIMED_OUT,none
TypeAliasRegistry.java,org.apache.ibatis.type.TypeAliasRegistry,org.pitest.mutationtest.engine.gregor.mutators.NonVoidMethodCallMutator,resolveAlias,113,TIMED_OUT,none
TypeAliasRegistry.java,org.apache.ibatis.type.TypeAliasRegistry,org.pitest.mutationtest.engine.gregor.mutators.NonVoidMethodCallMutator,resolveAlias,114,TIMED_OUT,none
TypeAliasRegistry.java,org.apache.ibatis.type.TypeAliasRegistry,org.pitest.mutationtest.engine.gregor.mutators.NonVoidMethodCallMutator,resolveAlias,116,TIMED_OUT,none
TypeAliasRegistry.java,org.apache.ibatis.type.TypeAliasRegistry,org.pitest.mutationtest.engine.gregor.mutators.RemoveConditionalMutator_EQUAL_ELSE,resolveAlias,107,TIMED_OUT,none
TypeAliasRegistry.java,org.apache.ibatis.type.TypeAliasRegistry,org.pitest.mutationtest.engine.gregor.mutators.RemoveConditionalMutator_EQUAL_ELSE,resolveAlias,113,TIMED_OUT,none
TypeAliasRegistry.java,org.apache.ibatis.type.TypeAliasRegistry,org.pitest.mutationtest.engine.gregor.mutators.RemoveConditionalMutator_EQUAL_IF,resolveAlias,107,TIMED_OUT,none
TypeAliasRegistry.java,org.apache.ibatis.type.TypeAliasRegistry,org.pitest.mutationtest.engine.gregor.mutators.RemoveConditionalMutator_EQUAL_IF,resolveAlias,113,TIMED_OUT,none
TypeAliasRegistry.java,org.apache.ibatis.type.TypeAliasRegistry,org.pitest.mutationtest.engine.gregor.mutators.ReturnValsMutator,resolveAlias,118,TIMED_OUT,none
TypeHandlerRegistry.java,org.apache.ibatis.type.TypeHandlerRegistry,org.pitest.mutationtest.engine.gregor.mutators.ConstructorCallMutator,<init>,43,TIMED_OUT,none
TypeHandlerRegistry.java,org.apache.ibatis.type.TypeHandlerRegistry,org.pitest.mutationtest.engine.gregor.mutators.ConstructorCallMutator,<init>,44,TIMED_OUT,none
TypeHandlerRegistry.java,org.apache.ibatis.type.TypeHandlerRegistry,org.pitest.mutationtest.engine.gregor.mutators.ConstructorCallMutator,<init>,51,TIMED_OUT,none
TypeHandlerRegistry.java,org.apache.ibatis.type.TypeHandlerRegistry,org.pitest.mutationtest.engine.gregor.mutators.ConstructorCallMutator,<init>,52,TIMED_OUT,none
TypeHandlerRegistry.java,org.apache.ibatis.type.TypeHandlerRegistry,org.pitest.mutationtest.engine.gregor.mutators.ConstructorCallMutator,<init>,53,TIMED_OUT,none
TypeHandlerRegistry.java,org.apache.ibatis.type.TypeHandlerRegistry,org.pitest.mutationtest.engine.gregor.mutators.ConstructorCallMutator,<init>,54,TIMED_OUT,none
TypeHandlerRegistry.java,org.apache.ibatis.type.TypeHandlerRegistry,org.pitest.mutationtest.engine.gregor.mutators.ConstructorCallMutator,<init>,56,TIMED_OUT,none
TypeHandlerRegistry.java,org.apache.ibatis.type.TypeHandlerRegistry,org.pitest.mutationtest.engine.gregor.mutators.ConstructorCallMutator,<init>,60,TIMED_OUT,none
TypeHandlerRegistry.java,org.apache.ibatis.type.TypeHandlerRegistry,org.pitest.mutationtest.engine.gregor.mutators.ConstructorCallMutator,<init>,62,TIMED_OUT,none
TypeHandlerRegistry.java,org.apache.ibatis.type.TypeHandlerRegistry,org.pitest.mutationtest.engine.gregor.mutators.ConstructorCallMutator,<init>,64,TIMED_OUT,none
TypeHandlerRegistry.java,org.apache.ibatis.type.TypeHandlerRegistry,org.pitest.mutationtest.engine.gregor.mutators.ConstructorCallMutator,<init>,65,TIMED_OUT,none
TypeHandlerRegistry.java,org.apache.ibatis.type.TypeHandlerRegistry,org.pitest.mutationtest.engine.gregor.mutators.ConstructorCallMutator,<init>,69,TIMED_OUT,none
TypeHandlerRegistry.java,org.apache.ibatis.type.TypeHandlerRegistry,org.pitest.mutationtest.engine.gregor.mutators.ConstructorCallMutator,<init>,71,TIMED_OUT,none
TypeHandlerRegistry.java,org.apache.ibatis.type.TypeHandlerRegistry,org.pitest.mutationtest.engine.gregor.mutators.ConstructorCallMutator,<init>,73,TIMED_OUT,none
TypeHandlerRegistry.java,org.apache.ibatis.type.TypeHandlerRegistry,org.pitest.mutationtest.engine.gregor.mutators.ConstructorCallMutator,<init>,77,TIMED_OUT,none
TypeHandlerRegistry.java,org.apache.ibatis.type.TypeHandlerRegistry,org.pitest.mutationtest.engine.gregor.mutators.ConstructorCallMutator,<init>,79,TIMED_OUT,none
TypeHandlerRegistry.java,org.apache.ibatis.type.TypeHandlerRegistry,org.pitest.mutationtest.engine.gregor.mutators.ConstructorCallMutator,<init>,81,TIMED_OUT,none
TypeHandlerRegistry.java,org.apache.ibatis.type.TypeHandlerRegistry,org.pitest.mutationtest.engine.gregor.mutators.ConstructorCallMutator,<init>,82,TIMED_OUT,none
TypeHandlerRegistry.java,org.apache.ibatis.type.TypeHandlerRegistry,org.pitest.mutationtest.engine.gregor.mutators.ConstructorCallMutator,<init>,83,TIMED_OUT,none
TypeHandlerRegistry.java,org.apache.ibatis.type.TypeHandlerRegistry,org.pitest.mutationtest.engine.gregor.mutators.ConstructorCallMutator,<init>,84,TIMED_OUT,none
TypeHandlerRegistry.java,org.apache.ibatis.type.TypeHandlerRegistry,org.pitest.mutationtest.engine.gregor.mutators.ConstructorCallMutator,<init>,85,TIMED_OUT,none
TypeHandlerRegistry.java,org.apache.ibatis.type.TypeHandlerRegistry,org.pitest.mutationtest.engine.gregor.mutators.ConstructorCallMutator,<init>,86,TIMED_OUT,none
TypeHandlerRegistry.java,org.apache.ibatis.type.TypeHandlerRegistry,org.pitest.mutationtest.engine.gregor.mutators.ConstructorCallMutator,<init>,89,TIMED_OUT,none
TypeHandlerRegistry.java,org.apache.ibatis.type.TypeHandlerRegistry,org.pitest.mutationtest.engine.gregor.mutators.ConstructorCallMutator,<init>,92,TIMED_OUT,none
TypeHandlerRegistry.java,org.apache.ibatis.type.TypeHandlerRegistry,org.pitest.mutationtest.engine.gregor.mutators.ConstructorCallMutator,<init>,93,TIMED_OUT,none
TypeHandlerRegistry.java,org.apache.ibatis.type.TypeHandlerRegistry,org.pitest.mutationtest.engine.gregor.mutators.ConstructorCallMutator,<init>,96,TIMED_OUT,none
TypeHandlerRegistry.java,org.apache.ibatis.type.TypeHandlerRegistry,org.pitest.mutationtest.engine.gregor.mutators.ConstructorCallMutator,<init>,97,TIMED_OUT,none
TypeHandlerRegistry.java,org.apache.ibatis.type.TypeHandlerRegistry,org.pitest.mutationtest.engine.gregor.mutators.ConstructorCallMutator,<init>,99,TIMED_OUT,none
TypeHandlerRegistry.java,org.apache.ibatis.type.TypeHandlerRegistry,org.pitest.mutationtest.engine.gregor.mutators.ConstructorCallMutator,<init>,100,TIMED_OUT,none
TypeHandlerRegistry.java,org.apache.ibatis.type.TypeHandlerRegistry,org.pitest.mutationtest.engine.gregor.mutators.ConstructorCallMutator,<init>,103,TIMED_OUT,none
TypeHandlerRegistry.java,org.apache.ibatis.type.TypeHandlerRegistry,org.pitest.mutationtest.engine.gregor.mutators.ConstructorCallMutator,<init>,105,TIMED_OUT,none
TypeHandlerRegistry.java,org.apache.ibatis.type.TypeHandlerRegistry,org.pitest.mutationtest.engine.gregor.mutators.ConstructorCallMutator,<init>,107,TIMED_OUT,none
TypeHandlerRegistry.java,org.apache.ibatis.type.TypeHandlerRegistry,org.pitest.mutationtest.engine.gregor.mutators.ConstructorCallMutator,<init>,108,TIMED_OUT,none
TypeHandlerRegistry.java,org.apache.ibatis.type.TypeHandlerRegistry,org.pitest.mutationtest.engine.gregor.mutators.ConstructorCallMutator,<init>,109,TIMED_OUT,none
TypeHandlerRegistry.java,org.apache.ibatis.type.TypeHandlerRegistry,org.pitest.mutationtest.engine.gregor.mutators.ConstructorCallMutator,<init>,110,TIMED_OUT,none
TypeHandlerRegistry.java,org.apache.ibatis.type.TypeHandlerRegistry,org.pitest.mutationtest.engine.gregor.mutators.ConstructorCallMutator,<init>,111,TIMED_OUT,none
TypeHandlerRegistry.java,org.apache.ibatis.type.TypeHandlerRegistry,org.pitest.mutationtest.engine.gregor.mutators.ConstructorCallMutator,<init>,112,TIMED_OUT,none
TypeHandlerRegistry.java,org.apache.ibatis.type.TypeHandlerRegistry,org.pitest.mutationtest.engine.gregor.mutators.ConstructorCallMutator,<init>,115,TIMED_OUT,none
TypeHandlerRegistry.java,org.apache.ibatis.type.TypeHandlerRegistry,org.pitest.mutationtest.engine.gregor.mutators.ConstructorCallMutator,<init>,121,TIMED_OUT,none
TypeHandlerRegistry.java,org.apache.ibatis.type.TypeHandlerRegistry,org.pitest.mutationtest.engine.gregor.mutators.ConstructorCallMutator,<init>,122,TIMED_OUT,none
TypeHandlerRegistry.java,org.apache.ibatis.type.TypeHandlerRegistry,org.pitest.mutationtest.engine.gregor.mutators.ConstructorCallMutator,<init>,123,TIMED_OUT,none
TypeHandlerRegistry.java,org.apache.ibatis.type.TypeHandlerRegistry,org.pitest.mutationtest.engine.gregor.mutators.ConstructorCallMutator,<init>,126,TIMED_OUT,none
TypeHandlerRegistry.java,org.apache.ibatis.type.TypeHandlerRegistry,org.pitest.mutationtest.engine.gregor.mutators.ConstructorCallMutator,<init>,154,TIMED_OUT,none
TypeHandlerRegistry.java,org.apache.ibatis.type.TypeHandlerRegistry,org.pitest.mutationtest.engine.gregor.mutators.ConstructorCallMutator,<init>,155,TIMED_OUT,none
TypeHandlerRegistry.java,org.apache.ibatis.type.TypeHandlerRegistry,org.pitest.mutationtest.engine.gregor.mutators.VoidMethodCallMutator,<init>,51,TIMED_OUT,none
TypeHandlerRegistry.java,org.apache.ibatis.type.TypeHandlerRegistry,org.pitest.mutationtest.engine.gregor.mutators.VoidMethodCallMutator,<init>,52,TIMED_OUT,none
TypeHandlerRegistry.java,org.apache.ibatis.type.TypeHandlerRegistry,org.pitest.mutationtest.engine.gregor.mutators.VoidMethodCallMutator,<init>,54,TIMED_OUT,none
TypeHandlerRegistry.java,org.apache.ibatis.type.TypeHandlerRegistry,org.pitest.mutationtest.engine.gregor.mutators.VoidMethodCallMutator,<init>,56,TIMED_OUT,none
TypeHandlerRegistry.java,org.apache.ibatis.type.TypeHandlerRegistry,org.pitest.mutationtest.engine.gregor.mutators.VoidMethodCallMutator,<init>,58,TIMED_OUT,none
TypeHandlerRegistry.java,org.apache.ibatis.type.TypeHandlerRegistry,org.pitest.mutationtest.engine.gregor.mutators.VoidMethodCallMutator,<init>,60,TIMED_OUT,none
TypeHandlerRegistry.java,org.apache.ibatis.type.TypeHandlerRegistry,org.pitest.mutationtest.engine.gregor.mutators.VoidMethodCallMutator,<init>,62,TIMED_OUT,none
TypeHandlerRegistry.java,org.apache.ibatis.type.TypeHandlerRegistry,org.pitest.mutationtest.engine.gregor.mutators.VoidMethodCallMutator,<init>,65,TIMED_OUT,none
TypeHandlerRegistry.java,org.apache.ibatis.type.TypeHandlerRegistry,org.pitest.mutationtest.engine.gregor.mutators.VoidMethodCallMutator,<init>,69,TIMED_OUT,none
TypeHandlerRegistry.java,org.apache.ibatis.type.TypeHandlerRegistry,org.pitest.mutationtest.engine.gregor.mutators.VoidMethodCallMutator,<init>,71,TIMED_OUT,none
TypeHandlerRegistry.java,org.apache.ibatis.type.TypeHandlerRegistry,org.pitest.mutationtest.engine.gregor.mutators.VoidMethodCallMutator,<init>,72,TIMED_OUT,none
TypeHandlerRegistry.java,org.apache.ibatis.type.TypeHandlerRegistry,org.pitest.mutationtest.engine.gregor.mutators.VoidMethodCallMutator,<init>,73,TIMED_OUT,none
TypeHandlerRegistry.java,org.apache.ibatis.type.TypeHandlerRegistry,org.pitest.mutationtest.engine.gregor.mutators.VoidMethodCallMutator,<init>,77,TIMED_OUT,none
TypeHandlerRegistry.java,org.apache.ibatis.type.TypeHandlerRegistry,org.pitest.mutationtest.engine.gregor.mutators.VoidMethodCallMutator,<init>,81,TIMED_OUT,none
TypeHandlerRegistry.java,org.apache.ibatis.type.TypeHandlerRegistry,org.pitest.mutationtest.engine.gregor.mutators.VoidMethodCallMutator,<init>,82,TIMED_OUT,none
TypeHandlerRegistry.java,org.apache.ibatis.type.TypeHandlerRegistry,org.pitest.mutationtest.engine.gregor.mutators.VoidMethodCallMutator,<init>,83,TIMED_OUT,none
TypeHandlerRegistry.java,org.apache.ibatis.type.TypeHandlerRegistry,org.pitest.mutationtest.engine.gregor.mutators.VoidMethodCallMutator,<init>,85,TIMED_OUT,none
TypeHandlerRegistry.java,org.apache.ibatis.type.TypeHandlerRegistry,org.pitest.mutationtest.engine.gregor.mutators.VoidMethodCallMutator,<init>,86,TIMED_OUT,none
TypeHandlerRegistry.java,org.apache.ibatis.type.TypeHandlerRegistry,org.pitest.mutationtest.engine.gregor.mutators.VoidMethodCallMutator,<init>,88,TIMED_OUT,none
TypeHandlerRegistry.java,org.apache.ibatis.type.TypeHandlerRegistry,org.pitest.mutationtest.engine.gregor.mutators.VoidMethodCallMutator,<init>,89,TIMED_OUT,none
TypeHandlerRegistry.java,org.apache.ibatis.type.TypeHandlerRegistry,org.pitest.mutationtest.engine.gregor.mutators.VoidMethodCallMutator,<init>,92,TIMED_OUT,none
TypeHandlerRegistry.java,org.apache.ibatis.type.TypeHandlerRegistry,org.pitest.mutationtest.engine.gregor.mutators.VoidMethodCallMutator,<init>,96,TIMED_OUT,none
TypeHandlerRegistry.java,org.apache.ibatis.type.TypeHandlerRegistry,org.pitest.mutationtest.engine.gregor.mutators.VoidMethodCallMutator,<init>,99,TIMED_OUT,none
TypeHandlerRegistry.java,org.apache.ibatis.type.TypeHandlerRegistry,org.pitest.mutationtest.engine.gregor.mutators.VoidMethodCallMutator,<init>,102,TIMED_OUT,none
TypeHandlerRegistry.java,org.apache.ibatis.type.TypeHandlerRegistry,org.pitest.mutationtest.engine.gregor.mutators.VoidMethodCallMutator,<init>,103,TIMED_OUT,none
TypeHandlerRegistry.java,org.apache.ibatis.type.TypeHandlerRegistry,org.pitest.mutationtest.engine.gregor.mutators.VoidMethodCallMutator,<init>,104,TIMED_OUT,none
TypeHandlerRegistry.java,org.apache.ibatis.type.TypeHandlerRegistry,org.pitest.mutationtest.engine.gregor.mutators.VoidMethodCallMutator,<init>,105,TIMED_OUT,none
TypeHandlerRegistry.java,org.apache.ibatis.type.TypeHandlerRegistry,org.pitest.mutationtest.engine.gregor.mutators.VoidMethodCallMutator,<init>,107,TIMED_OUT,none
TypeHandlerRegistry.java,org.apache.ibatis.type.TypeHandlerRegistry,org.pitest.mutationtest.engine.gregor.mutators.VoidMethodCallMutator,<init>,109,TIMED_OUT,none
TypeHandlerRegistry.java,org.apache.ibatis.type.TypeHandlerRegistry,org.pitest.mutationtest.engine.gregor.mutators.VoidMethodCallMutator,<init>,112,TIMED_OUT,none
TypeHandlerRegistry.java,org.apache.ibatis.type.TypeHandlerRegistry,org.pitest.mutationtest.engine.gregor.mutators.VoidMethodCallMutator,<init>,113,TIMED_OUT,none
TypeHandlerRegistry.java,org.apache.ibatis.type.TypeHandlerRegistry,org.pitest.mutationtest.engine.gregor.mutators.VoidMethodCallMutator,<init>,114,TIMED_OUT,none
TypeHandlerRegistry.java,org.apache.ibatis.type.TypeHandlerRegistry,org.pitest.mutationtest.engine.gregor.mutators.VoidMethodCallMutator,<init>,115,TIMED_OUT,none
TypeHandlerRegistry.java,org.apache.ibatis.type.TypeHandlerRegistry,org.pitest.mutationtest.engine.gregor.mutators.VoidMethodCallMutator,<init>,118,TIMED_OUT,none
TypeHandlerRegistry.java,org.apache.ibatis.type.TypeHandlerRegistry,org.pitest.mutationtest.engine.gregor.mutators.VoidMethodCallMutator,<init>,119,TIMED_OUT,none
TypeHandlerRegistry.java,org.apache.ibatis.type.TypeHandlerRegistry,org.pitest.mutationtest.engine.gregor.mutators.VoidMethodCallMutator,<init>,121,TIMED_OUT,none
TypeHandlerRegistry.java,org.apache.ibatis.type.TypeHandlerRegistry,org.pitest.mutationtest.engine.gregor.mutators.VoidMethodCallMutator,<init>,122,TIMED_OUT,none
TypeHandlerRegistry.java,org.apache.ibatis.type.TypeHandlerRegistry,org.pitest.mutationtest.engine.gregor.mutators.VoidMethodCallMutator,<init>,123,TIMED_OUT,none
TypeHandlerRegistry.java,org.apache.ibatis.type.TypeHandlerRegistry,org.pitest.mutationtest.engine.gregor.mutators.VoidMethodCallMutator,<init>,126,TIMED_OUT,none
TypeHandlerRegistry.java,org.apache.ibatis.type.TypeHandlerRegistry,org.pitest.mutationtest.engine.gregor.mutators.VoidMethodCallMutator,<init>,129,TIMED_OUT,none
TypeHandlerRegistry.java,org.apache.ibatis.type.TypeHandlerRegistry,org.pitest.mutationtest.engine.gregor.mutators.VoidMethodCallMutator,<init>,130,TIMED_OUT,none
TypeHandlerRegistry.java,org.apache.ibatis.type.TypeHandlerRegistry,org.pitest.mutationtest.engine.gregor.mutators.VoidMethodCallMutator,<init>,135,TIMED_OUT,none
TypeHandlerRegistry.java,org.apache.ibatis.type.TypeHandlerRegistry,org.pitest.mutationtest.engine.gregor.mutators.VoidMethodCallMutator,<init>,136,TIMED_OUT,none
TypeHandlerRegistry.java,org.apache.ibatis.type.TypeHandlerRegistry,org.pitest.mutationtest.engine.gregor.mutators.VoidMethodCallMutator,<init>,137,TIMED_OUT,none
TypeHandlerRegistry.java,org.apache.ibatis.type.TypeHandlerRegistry,org.pitest.mutationtest.engine.gregor.mutators.VoidMethodCallMutator,<init>,140,TIMED_OUT,none
TypeHandlerRegistry.java,org.apache.ibatis.type.TypeHandlerRegistry,org.pitest.mutationtest.engine.gregor.mutators.VoidMethodCallMutator,<init>,143,TIMED_OUT,none
TypeHandlerRegistry.java,org.apache.ibatis.type.TypeHandlerRegistry,org.pitest.mutationtest.engine.gregor.mutators.VoidMethodCallMutator,<init>,144,TIMED_OUT,none
TypeHandlerRegistry.java,org.apache.ibatis.type.TypeHandlerRegistry,org.pitest.mutationtest.engine.gregor.mutators.VoidMethodCallMutator,<init>,147,TIMED_OUT,none
TypeHandlerRegistry.java,org.apache.ibatis.type.TypeHandlerRegistry,org.pitest.mutationtest.engine.gregor.mutators.VoidMethodCallMutator,<init>,154,TIMED_OUT,none
TypeHandlerRegistry.java,org.apache.ibatis.type.TypeHandlerRegistry,org.pitest.mutationtest.engine.gregor.mutators.VoidMethodCallMutator,<init>,155,TIMED_OUT,none
TypeHandlerRegistry.java,org.apache.ibatis.type.TypeHandlerRegistry,org.pitest.mutationtest.engine.gregor.mutators.experimental.MemberVariableMutator,<init>,45,TIMED_OUT,none
TypeHandlerRegistry.java,org.apache.ibatis.type.TypeHandlerRegistry,org.pitest.mutationtest.engine.gregor.mutators.InlineConstantMutator,getInstance,387,TIMED_OUT,none
TypeHandlerRegistry.java,org.apache.ibatis.type.TypeHandlerRegistry,org.pitest.mutationtest.engine.gregor.mutators.InlineConstantMutator,getInstance,388,TIMED_OUT,none
TypeHandlerRegistry.java,org.apache.ibatis.type.TypeHandlerRegistry,org.pitest.mutationtest.engine.gregor.mutators.InlineConstantMutator,getInstance,388,TIMED_OUT,none
TypeHandlerRegistry.java,org.apache.ibatis.type.TypeHandlerRegistry,org.pitest.mutationtest.engine.gregor.mutators.InlineConstantMutator,getInstance,397,TIMED_OUT,none
TypeHandlerRegistry.java,org.apache.ibatis.type.TypeHandlerRegistry,org.pitest.mutationtest.engine.gregor.mutators.NonVoidMethodCallMutator,getInstance,387,TIMED_OUT,none
TypeHandlerRegistry.java,org.apache.ibatis.type.TypeHandlerRegistry,org.pitest.mutationtest.engine.gregor.mutators.NonVoidMethodCallMutator,getInstance,388,TIMED_OUT,none
TypeHandlerRegistry.java,org.apache.ibatis.type.TypeHandlerRegistry,org.pitest.mutationtest.engine.gregor.mutators.NonVoidMethodCallMutator,getInstance,396,TIMED_OUT,none
TypeHandlerRegistry.java,org.apache.ibatis.type.TypeHandlerRegistry,org.pitest.mutationtest.engine.gregor.mutators.NonVoidMethodCallMutator,getInstance,397,TIMED_OUT,none
TypeHandlerRegistry.java,org.apache.ibatis.type.TypeHandlerRegistry,org.pitest.mutationtest.engine.gregor.mutators.RemoveConditionalMutator_EQUAL_ELSE,getInstance,385,TIMED_OUT,none
TypeHandlerRegistry.java,org.apache.ibatis.type.TypeHandlerRegistry,org.pitest.mutationtest.engine.gregor.mutators.ReturnValsMutator,getInstance,388,TIMED_OUT,none
TypeHandlerRegistry.java,org.apache.ibatis.type.TypeHandlerRegistry,org.pitest.mutationtest.engine.gregor.mutators.ArgumentPropagationMutator,getJdbcHandlerMap,233,TIMED_OUT,none
TypeHandlerRegistry.java,org.apache.ibatis.type.TypeHandlerRegistry,org.pitest.mutationtest.engine.gregor.mutators.NegateConditionalsMutator,getJdbcHandlerMap,219,TIMED_OUT,none
TypeHandlerRegistry.java,org.apache.ibatis.type.TypeHandlerRegistry,org.pitest.mutationtest.engine.gregor.mutators.NegateConditionalsMutator,getJdbcHandlerMap,222,TIMED_OUT,none
TypeHandlerRegistry.java,org.apache.ibatis.type.TypeHandlerRegistry,org.pitest.mutationtest.engine.gregor.mutators.NegateConditionalsMutator,getJdbcHandlerMap,225,TIMED_OUT,none
TypeHandlerRegistry.java,org.apache.ibatis.type.TypeHandlerRegistry,org.pitest.mutationtest.engine.gregor.mutators.NegateConditionalsMutator,getJdbcHandlerMap,227,TIMED_OUT,none
TypeHandlerRegistry.java,org.apache.ibatis.type.TypeHandlerRegistry,org.pitest.mutationtest.engine.gregor.mutators.NonVoidMethodCallMutator,getJdbcHandlerMap,224,TIMED_OUT,none
TypeHandlerRegistry.java,org.apache.ibatis.type.TypeHandlerRegistry,org.pitest.mutationtest.engine.gregor.mutators.RemoveConditionalMutator_EQUAL_ELSE,getJdbcHandlerMap,222,TIMED_OUT,none
TypeHandlerRegistry.java,org.apache.ibatis.type.TypeHandlerRegistry,org.pitest.mutationtest.engine.gregor.mutators.RemoveConditionalMutator_EQUAL_ELSE,getJdbcHandlerMap,222,TIMED_OUT,none
TypeHandlerRegistry.java,org.apache.ibatis.type.TypeHandlerRegistry,org.pitest.mutationtest.engine.gregor.mutators.RemoveConditionalMutator_EQUAL_ELSE,getJdbcHandlerMap,225,TIMED_OUT,none
TypeHandlerRegistry.java,org.apache.ibatis.type.TypeHandlerRegistry,org.pitest.mutationtest.engine.gregor.mutators.RemoveConditionalMutator_EQUAL_ELSE,getJdbcHandlerMap,227,TIMED_OUT,none
TypeHandlerRegistry.java,org.apache.ibatis.type.TypeHandlerRegistry,org.pitest.mutationtest.engine.gregor.mutators.RemoveConditionalMutator_EQUAL_ELSE,getJdbcHandlerMap,232,TIMED_OUT,none
TypeHandlerRegistry.java,org.apache.ibatis.type.TypeHandlerRegistry,org.pitest.mutationtest.engine.gregor.mutators.RemoveConditionalMutator_EQUAL_IF,getJdbcHandlerMap,219,TIMED_OUT,none
TypeHandlerRegistry.java,org.apache.ibatis.type.TypeHandlerRegistry,org.pitest.mutationtest.engine.gregor.mutators.RemoveConditionalMutator_EQUAL_IF,getJdbcHandlerMap,225,TIMED_OUT,none
TypeHandlerRegistry.java,org.apache.ibatis.type.TypeHandlerRegistry,org.pitest.mutationtest.engine.gregor.mutators.RemoveConditionalMutator_EQUAL_IF,getJdbcHandlerMap,227,TIMED_OUT,none
TypeHandlerRegistry.java,org.apache.ibatis.type.TypeHandlerRegistry,org.pitest.mutationtest.engine.gregor.mutators.RemoveConditionalMutator_EQUAL_IF,getJdbcHandlerMap,232,TIMED_OUT,none
TypeHandlerRegistry.java,org.apache.ibatis.type.TypeHandlerRegistry,org.pitest.mutationtest.engine.gregor.mutators.ReturnValsMutator,getJdbcHandlerMap,220,TIMED_OUT,none
TypeHandlerRegistry.java,org.apache.ibatis.type.TypeHandlerRegistry,org.pitest.mutationtest.engine.gregor.mutators.VoidMethodCallMutator,getJdbcHandlerMap,228,TIMED_OUT,none
TypeHandlerRegistry.java,org.apache.ibatis.type.TypeHandlerRegistry,org.pitest.mutationtest.engine.gregor.mutators.NegateConditionalsMutator,getJdbcHandlerMapForSuperclass,240,TIMED_OUT,none
TypeHandlerRegistry.java,org.apache.ibatis.type.TypeHandlerRegistry,org.pitest.mutationtest.engine.gregor.mutators.NegateConditionalsMutator,getJdbcHandlerMapForSuperclass,240,TIMED_OUT,none
TypeHandlerRegistry.java,org.apache.ibatis.type.TypeHandlerRegistry,org.pitest.mutationtest.engine.gregor.mutators.NonVoidMethodCallMutator,getJdbcHandlerMapForSuperclass,239,TIMED_OUT,none
TypeHandlerRegistry.java,org.apache.ibatis.type.TypeHandlerRegistry,org.pitest.mutationtest.engine.gregor.mutators.NonVoidMethodCallMutator,getJdbcHandlerMapForSuperclass,240,TIMED_OUT,none
TypeHandlerRegistry.java,org.apache.ibatis.type.TypeHandlerRegistry,org.pitest.mutationtest.engine.gregor.mutators.NonVoidMethodCallMutator,getJdbcHandlerMapForSuperclass,243,TIMED_OUT,none
TypeHandlerRegistry.java,org.apache.ibatis.type.TypeHandlerRegistry,org.pitest.mutationtest.engine.gregor.mutators.NonVoidMethodCallMutator,getJdbcHandlerMapForSuperclass,247,TIMED_OUT,none
TypeHandlerRegistry.java,org.apache.ibatis.type.TypeHandlerRegistry,org.pitest.mutationtest.engine.gregor.mutators.RemoveConditionalMutator_EQUAL_ELSE,getJdbcHandlerMapForSuperclass,240,TIMED_OUT,none
TypeHandlerRegistry.java,org.apache.ibatis.type.TypeHandlerRegistry,org.pitest.mutationtest.engine.gregor.mutators.RemoveConditionalMutator_EQUAL_ELSE,getJdbcHandlerMapForSuperclass,240,TIMED_OUT,none
TypeHandlerRegistry.java,org.apache.ibatis.type.TypeHandlerRegistry,org.pitest.mutationtest.engine.gregor.mutators.RemoveConditionalMutator_EQUAL_ELSE,getJdbcHandlerMapForSuperclass,244,TIMED_OUT,none
TypeHandlerRegistry.java,org.apache.ibatis.type.TypeHandlerRegistry,org.pitest.mutationtest.engine.gregor.mutators.RemoveConditionalMutator_EQUAL_IF,getJdbcHandlerMapForSuperclass,240,TIMED_OUT,none
TypeHandlerRegistry.java,org.apache.ibatis.type.TypeHandlerRegistry,org.pitest.mutationtest.engine.gregor.mutators.ReturnValsMutator,getJdbcHandlerMapForSuperclass,247,TIMED_OUT,none
TypeHandlerRegistry.java,org.apache.ibatis.type.TypeHandlerRegistry,org.pitest.mutationtest.engine.gregor.mutators.NonVoidMethodCallMutator,getTypeHandler,191,TIMED_OUT,none
TypeHandlerRegistry.java,org.apache.ibatis.type.TypeHandlerRegistry,org.pitest.mutationtest.engine.gregor.mutators.ArgumentPropagationMutator,getTypeHandler,203,TIMED_OUT,none
TypeHandlerRegistry.java,org.apache.ibatis.type.TypeHandlerRegistry,org.pitest.mutationtest.engine.gregor.mutators.NegateConditionalsMutator,getTypeHandler,202,TIMED_OUT,none
TypeHandlerRegistry.java,org.apache.ibatis.type.TypeHandlerRegistry,org.pitest.mutationtest.engine.gregor.mutators.NonVoidMethodCallMutator,getTypeHandler,203,TIMED_OUT,none
TypeHandlerRegistry.java,org.apache.ibatis.type.TypeHandlerRegistry,org.pitest.mutationtest.engine.gregor.mutators.NonVoidMethodCallMutator,getTypeHandler,205,TIMED_OUT,none
TypeHandlerRegistry.java,org.apache.ibatis.type.TypeHandlerRegistry,org.pitest.mutationtest.engine.gregor.mutators.RemoveConditionalMutator_EQUAL_ELSE,getTypeHandler,204,TIMED_OUT,none
TypeHandlerRegistry.java,org.apache.ibatis.type.TypeHandlerRegistry,org.pitest.mutationtest.engine.gregor.mutators.RemoveConditionalMutator_EQUAL_ELSE,getTypeHandler,207,TIMED_OUT,none
TypeHandlerRegistry.java,org.apache.ibatis.type.TypeHandlerRegistry,org.pitest.mutationtest.engine.gregor.mutators.RemoveConditionalMutator_EQUAL_IF,getTypeHandler,202,TIMED_OUT,none
TypeHandlerRegistry.java,org.apache.ibatis.type.TypeHandlerRegistry,org.pitest.mutationtest.engine.gregor.mutators.ReturnValsMutator,getUnknownTypeHandler,265,TIMED_OUT,none
TypeHandlerRegistry.java,org.apache.ibatis.type.TypeHandlerRegistry,org.pitest.mutationtest.engine.gregor.mutators.ReturnValsMutator,hasTypeHandler,159,TIMED_OUT,none
TypeHandlerRegistry.java,org.apache.ibatis.type.TypeHandlerRegistry,org.pitest.mutationtest.engine.gregor.mutators.InlineConstantMutator,hasTypeHandler,167,TIMED_OUT,none
TypeHandlerRegistry.java,org.apache.ibatis.type.TypeHandlerRegistry,org.pitest.mutationtest.engine.gregor.mutators.NonVoidMethodCallMutator,hasTypeHandler,167,TIMED_OUT,none
TypeHandlerRegistry.java,org.apache.ibatis.type.TypeHandlerRegistry,org.pitest.mutationtest.engine.gregor.mutators.RemoveConditionalMutator_EQUAL_ELSE,hasTypeHandler,167,TIMED_OUT,none
TypeHandlerRegistry.java,org.apache.ibatis.type.TypeHandlerRegistry,org.pitest.mutationtest.engine.gregor.mutators.RemoveConditionalMutator_EQUAL_IF,hasTypeHandler,167,TIMED_OUT,none
TypeHandlerRegistry.java,org.apache.ibatis.type.TypeHandlerRegistry,org.pitest.mutationtest.engine.gregor.mutators.RemoveConditionalMutator_EQUAL_IF,hasTypeHandler,167,TIMED_OUT,none
TypeHandlerRegistry.java,org.apache.ibatis.type.TypeHandlerRegistry,org.pitest.mutationtest.engine.gregor.mutators.ReturnValsMutator,hasTypeHandler,167,TIMED_OUT,none
TypeHandlerRegistry.java,org.apache.ibatis.type.TypeHandlerRegistry,org.pitest.mutationtest.engine.gregor.mutators.NonVoidMethodCallMutator,pickSoleHandler,253,TIMED_OUT,none
TypeHandlerRegistry.java,org.apache.ibatis.type.TypeHandlerRegistry,org.pitest.mutationtest.engine.gregor.mutators.experimental.RemoveIncrementsMutator,register,355,TIMED_OUT,none
TypeHandlerRegistry.java,org.apache.ibatis.type.TypeHandlerRegistry,org.pitest.mutationtest.engine.gregor.mutators.NonVoidMethodCallMutator,register,372,TIMED_OUT,none
TypeHandlerRegistry.java,org.apache.ibatis.type.TypeHandlerRegistry,org.pitest.mutationtest.engine.gregor.mutators.VoidMethodCallMutator,register,372,TIMED_OUT,none
TypeHandlerRegistry.java,org.apache.ibatis.type.TypeHandlerRegistry,org.pitest.mutationtest.engine.gregor.mutators.VoidMethodCallMutator,register,330,TIMED_OUT,none
TypeHandlerRegistry.java,org.apache.ibatis.type.TypeHandlerRegistry,org.pitest.mutationtest.engine.gregor.mutators.VoidMethodCallMutator,register,306,TIMED_OUT,none
TypeHandlerRegistry.java,org.apache.ibatis.type.TypeHandlerRegistry,org.pitest.mutationtest.engine.gregor.mutators.ArgumentPropagationMutator,register,338,TIMED_OUT,none
TypeHandlerRegistry.java,org.apache.ibatis.type.TypeHandlerRegistry,org.pitest.mutationtest.engine.gregor.mutators.ArgumentPropagationMutator,register,342,TIMED_OUT,none
TypeHandlerRegistry.java,org.apache.ibatis.type.TypeHandlerRegistry,org.pitest.mutationtest.engine.gregor.mutators.NegateConditionalsMutator,register,334,TIMED_OUT,none
TypeHandlerRegistry.java,org.apache.ibatis.type.TypeHandlerRegistry,org.pitest.mutationtest.engine.gregor.mutators.NonVoidMethodCallMutator,register,335,TIMED_OUT,none
TypeHandlerRegistry.java,org.apache.ibatis.type.TypeHandlerRegistry,org.pitest.mutationtest.engine.gregor.mutators.NonVoidMethodCallMutator,register,340,TIMED_OUT,none
TypeHandlerRegistry.java,org.apache.ibatis.type.TypeHandlerRegistry,org.pitest.mutationtest.engine.gregor.mutators.NonVoidMethodCallMutator,register,342,TIMED_OUT,none
TypeHandlerRegistry.java,org.apache.ibatis.type.TypeHandlerRegistry,org.pitest.mutationtest.engine.gregor.mutators.NonVoidMethodCallMutator,register,342,TIMED_OUT,none
TypeHandlerRegistry.java,org.apache.ibatis.type.TypeHandlerRegistry,org.pitest.mutationtest.engine.gregor.mutators.RemoveConditionalMutator_EQUAL_IF,register,336,TIMED_OUT,none
TypeHandlerRegistry.java,org.apache.ibatis.type.TypeHandlerRegistry,org.pitest.mutationtest.engine.gregor.mutators.NonVoidMethodCallMutator,register,310,TIMED_OUT,none
TypeHandlerRegistry.java,org.apache.ibatis.type.TypeHandlerRegistry,org.pitest.mutationtest.engine.gregor.mutators.RemoveConditionalMutator_EQUAL_ELSE,register,311,TIMED_OUT,none
TypeHandlerRegistry.java,org.apache.ibatis.type.TypeHandlerRegistry,org.pitest.mutationtest.engine.gregor.mutators.VoidMethodCallMutator,register,319,TIMED_OUT,none
TypeHandlerRegistry.java,org.apache.ibatis.type.TypeHandlerRegistry,org.pitest.mutationtest.engine.gregor.mutators.experimental.RemoveIncrementsMutator,register,312,TIMED_OUT,none
TypeHandlerRegistry.java,org.apache.ibatis.type.TypeHandlerRegistry,org.pitest.mutationtest.engine.gregor.mutators.NonVoidMethodCallMutator,register,269,TIMED_OUT,none
UnknownTypeHandler.java,org.apache.ibatis.type.UnknownTypeHandler,org.pitest.mutationtest.engine.gregor.mutators.experimental.MemberVariableMutator,<init>,38,TIMED_OUT,none
UnknownTypeHandler.java,org.apache.ibatis.type.UnknownTypeHandler,org.pitest.mutationtest.engine.gregor.mutators.NonVoidMethodCallMutator,getNullableResult,51,TIMED_OUT,none
UnknownTypeHandler.java,org.apache.ibatis.type.UnknownTypeHandler,org.pitest.mutationtest.engine.gregor.mutators.NegateConditionalsMutator,resolveTypeHandler,73,TIMED_OUT,none
UnknownTypeHandler.java,org.apache.ibatis.type.UnknownTypeHandler,org.pitest.mutationtest.engine.gregor.mutators.NonVoidMethodCallMutator,resolveTypeHandler,76,TIMED_OUT,none
UnknownTypeHandler.java,org.apache.ibatis.type.UnknownTypeHandler,org.pitest.mutationtest.engine.gregor.mutators.RemoveConditionalMutator_EQUAL_ELSE,resolveTypeHandler,78,TIMED_OUT,none
UnknownTypeHandler.java,org.apache.ibatis.type.UnknownTypeHandler,org.pitest.mutationtest.engine.gregor.mutators.RemoveConditionalMutator_EQUAL_ELSE,resolveTypeHandler,78,TIMED_OUT,none
UnknownTypeHandler.java,org.apache.ibatis.type.UnknownTypeHandler,org.pitest.mutationtest.engine.gregor.mutators.RemoveConditionalMutator_EQUAL_IF,resolveTypeHandler,73,TIMED_OUT,none
UnknownTypeHandler.java,org.apache.ibatis.type.UnknownTypeHandler,org.pitest.mutationtest.engine.gregor.mutators.RemoveConditionalMutator_EQUAL_IF,resolveTypeHandler,78,TIMED_OUT,none
UnknownTypeHandler.java,org.apache.ibatis.type.UnknownTypeHandler,org.pitest.mutationtest.engine.gregor.mutators.ArgumentPropagationMutator,resolveTypeHandler,95,TIMED_OUT,none
UnknownTypeHandler.java,org.apache.ibatis.type.UnknownTypeHandler,org.pitest.mutationtest.engine.gregor.mutators.ConstructorCallMutator,resolveTypeHandler,88,TIMED_OUT,none
UnknownTypeHandler.java,org.apache.ibatis.type.UnknownTypeHandler,org.pitest.mutationtest.engine.gregor.mutators.IncrementsMutator,resolveTypeHandler,91,TIMED_OUT,none
UnknownTypeHandler.java,org.apache.ibatis.type.UnknownTypeHandler,org.pitest.mutationtest.engine.gregor.mutators.InlineConstantMutator,resolveTypeHandler,91,TIMED_OUT,none
UnknownTypeHandler.java,org.apache.ibatis.type.UnknownTypeHandler,org.pitest.mutationtest.engine.gregor.mutators.NonVoidMethodCallMutator,resolveTypeHandler,89,TIMED_OUT,none
UnknownTypeHandler.java,org.apache.ibatis.type.UnknownTypeHandler,org.pitest.mutationtest.engine.gregor.mutators.RemoveConditionalMutator_ORDER_IF,resolveTypeHandler,91,TIMED_OUT,none
UnknownTypeHandler.java,org.apache.ibatis.type.UnknownTypeHandler,org.pitest.mutationtest.engine.gregor.mutators.ReturnValsMutator,resolveTypeHandler,103,TIMED_OUT,none
UnknownTypeHandler.java,org.apache.ibatis.type.UnknownTypeHandler,org.pitest.mutationtest.engine.gregor.mutators.experimental.RemoveIncrementsMutator,resolveTypeHandler,91,TIMED_OUT,none
UnknownTypeHandler.java,org.apache.ibatis.type.UnknownTypeHandler,org.pitest.mutationtest.engine.gregor.mutators.VoidMethodCallMutator,setNonNullParameter,45,TIMED_OUT,none
DefaultResultSetHandler.java,org.apache.ibatis.executor.resultset.DefaultResultSetHandler,org.pitest.mutationtest.engine.gregor.mutators.experimental.MemberVariableMutator,<init>,86,KILLED,org.apache.ibatis.submitted.extend.ExtendTest.org.apache.ibatis.submitted.extend.ExtendTest
DefaultResultSetHandler.java,org.apache.ibatis.executor.resultset.DefaultResultSetHandler,org.pitest.mutationtest.engine.gregor.mutators.experimental.MemberVariableMutator,<init>,90,KILLED,org.apache.ibatis.submitted.extend.ExtendTest.org.apache.ibatis.submitted.extend.ExtendTest
DefaultResultSetHandler.java,org.apache.ibatis.executor.resultset.DefaultResultSetHandler,org.pitest.mutationtest.engine.gregor.mutators.ArgumentPropagationMutator,addPendingChildRelation,539,NO_COVERAGE,none
DefaultResultSetHandler.java,org.apache.ibatis.executor.resultset.DefaultResultSetHandler,org.pitest.mutationtest.engine.gregor.mutators.ArgumentPropagationMutator,addPendingChildRelation,543,NO_COVERAGE,none
DefaultResultSetHandler.java,org.apache.ibatis.executor.resultset.DefaultResultSetHandler,org.pitest.mutationtest.engine.gregor.mutators.ArgumentPropagationMutator,addPendingChildRelation,546,NO_COVERAGE,none
DefaultResultSetHandler.java,org.apache.ibatis.executor.resultset.DefaultResultSetHandler,org.pitest.mutationtest.engine.gregor.mutators.ArgumentPropagationMutator,addPendingChildRelation,548,NO_COVERAGE,none
DefaultResultSetHandler.java,org.apache.ibatis.executor.resultset.DefaultResultSetHandler,org.pitest.mutationtest.engine.gregor.mutators.ConstructorCallMutator,addPendingChildRelation,536,NO_COVERAGE,none
DefaultResultSetHandler.java,org.apache.ibatis.executor.resultset.DefaultResultSetHandler,org.pitest.mutationtest.engine.gregor.mutators.ConstructorCallMutator,addPendingChildRelation,542,NO_COVERAGE,none
DefaultResultSetHandler.java,org.apache.ibatis.executor.resultset.DefaultResultSetHandler,org.pitest.mutationtest.engine.gregor.mutators.ConstructorCallMutator,addPendingChildRelation,551,NO_COVERAGE,none
DefaultResultSetHandler.java,org.apache.ibatis.executor.resultset.DefaultResultSetHandler,org.pitest.mutationtest.engine.gregor.mutators.NegateConditionalsMutator,addPendingChildRelation,541,NO_COVERAGE,none
DefaultResultSetHandler.java,org.apache.ibatis.executor.resultset.DefaultResultSetHandler,org.pitest.mutationtest.engine.gregor.mutators.NegateConditionalsMutator,addPendingChildRelation,547,NO_COVERAGE,none
DefaultResultSetHandler.java,org.apache.ibatis.executor.resultset.DefaultResultSetHandler,org.pitest.mutationtest.engine.gregor.mutators.NegateConditionalsMutator,addPendingChildRelation,550,NO_COVERAGE,none
DefaultResultSetHandler.java,org.apache.ibatis.executor.resultset.DefaultResultSetHandler,org.pitest.mutationtest.engine.gregor.mutators.NonVoidMethodCallMutator,addPendingChildRelation,535,NO_COVERAGE,none
DefaultResultSetHandler.java,org.apache.ibatis.executor.resultset.DefaultResultSetHandler,org.pitest.mutationtest.engine.gregor.mutators.NonVoidMethodCallMutator,addPendingChildRelation,535,NO_COVERAGE,none
DefaultResultSetHandler.java,org.apache.ibatis.executor.resultset.DefaultResultSetHandler,org.pitest.mutationtest.engine.gregor.mutators.NonVoidMethodCallMutator,addPendingChildRelation,535,NO_COVERAGE,none
DefaultResultSetHandler.java,org.apache.ibatis.executor.resultset.DefaultResultSetHandler,org.pitest.mutationtest.engine.gregor.mutators.NonVoidMethodCallMutator,addPendingChildRelation,539,NO_COVERAGE,none
DefaultResultSetHandler.java,org.apache.ibatis.executor.resultset.DefaultResultSetHandler,org.pitest.mutationtest.engine.gregor.mutators.NonVoidMethodCallMutator,addPendingChildRelation,543,NO_COVERAGE,none
DefaultResultSetHandler.java,org.apache.ibatis.executor.resultset.DefaultResultSetHandler,org.pitest.mutationtest.engine.gregor.mutators.NonVoidMethodCallMutator,addPendingChildRelation,545,NO_COVERAGE,none
DefaultResultSetHandler.java,org.apache.ibatis.executor.resultset.DefaultResultSetHandler,org.pitest.mutationtest.engine.gregor.mutators.NonVoidMethodCallMutator,addPendingChildRelation,546,NO_COVERAGE,none
DefaultResultSetHandler.java,org.apache.ibatis.executor.resultset.DefaultResultSetHandler,org.pitest.mutationtest.engine.gregor.mutators.NonVoidMethodCallMutator,addPendingChildRelation,546,NO_COVERAGE,none
DefaultResultSetHandler.java,org.apache.ibatis.executor.resultset.DefaultResultSetHandler,org.pitest.mutationtest.engine.gregor.mutators.NonVoidMethodCallMutator,addPendingChildRelation,548,NO_COVERAGE,none
DefaultResultSetHandler.java,org.apache.ibatis.executor.resultset.DefaultResultSetHandler,org.pitest.mutationtest.engine.gregor.mutators.NonVoidMethodCallMutator,addPendingChildRelation,548,NO_COVERAGE,none
DefaultResultSetHandler.java,org.apache.ibatis.executor.resultset.DefaultResultSetHandler,org.pitest.mutationtest.engine.gregor.mutators.NonVoidMethodCallMutator,addPendingChildRelation,550,NO_COVERAGE,none
DefaultResultSetHandler.java,org.apache.ibatis.executor.resultset.DefaultResultSetHandler,org.pitest.mutationtest.engine.gregor.mutators.RemoveConditionalMutator_EQUAL_ELSE,addPendingChildRelation,541,NO_COVERAGE,none
DefaultResultSetHandler.java,org.apache.ibatis.executor.resultset.DefaultResultSetHandler,org.pitest.mutationtest.engine.gregor.mutators.RemoveConditionalMutator_EQUAL_ELSE,addPendingChildRelation,547,NO_COVERAGE,none
DefaultResultSetHandler.java,org.apache.ibatis.executor.resultset.DefaultResultSetHandler,org.pitest.mutationtest.engine.gregor.mutators.RemoveConditionalMutator_EQUAL_ELSE,addPendingChildRelation,550,NO_COVERAGE,none
DefaultResultSetHandler.java,org.apache.ibatis.executor.resultset.DefaultResultSetHandler,org.pitest.mutationtest.engine.gregor.mutators.RemoveConditionalMutator_EQUAL_IF,addPendingChildRelation,541,NO_COVERAGE,none
DefaultResultSetHandler.java,org.apache.ibatis.executor.resultset.DefaultResultSetHandler,org.pitest.mutationtest.engine.gregor.mutators.RemoveConditionalMutator_EQUAL_IF,addPendingChildRelation,547,NO_COVERAGE,none
DefaultResultSetHandler.java,org.apache.ibatis.executor.resultset.DefaultResultSetHandler,org.pitest.mutationtest.engine.gregor.mutators.RemoveConditionalMutator_EQUAL_IF,addPendingChildRelation,550,NO_COVERAGE,none
DefaultResultSetHandler.java,org.apache.ibatis.executor.resultset.DefaultResultSetHandler,org.pitest.mutationtest.engine.gregor.mutators.experimental.MemberVariableMutator,addPendingChildRelation,537,NO_COVERAGE,none
DefaultResultSetHandler.java,org.apache.ibatis.executor.resultset.DefaultResultSetHandler,org.pitest.mutationtest.engine.gregor.mutators.experimental.MemberVariableMutator,addPendingChildRelation,538,NO_COVERAGE,none
DefaultResultSetHandler.java,org.apache.ibatis.executor.resultset.DefaultResultSetHandler,org.pitest.mutationtest.engine.gregor.mutators.ArgumentPropagationMutator,anyNotNullColumnHasValue,946,NO_COVERAGE,none
DefaultResultSetHandler.java,org.apache.ibatis.executor.resultset.DefaultResultSetHandler,org.pitest.mutationtest.engine.gregor.mutators.InlineConstantMutator,anyNotNullColumnHasValue,948,NO_COVERAGE,none
DefaultResultSetHandler.java,org.apache.ibatis.executor.resultset.DefaultResultSetHandler,org.pitest.mutationtest.engine.gregor.mutators.InlineConstantMutator,anyNotNullColumnHasValue,951,NO_COVERAGE,none
DefaultResultSetHandler.java,org.apache.ibatis.executor.resultset.DefaultResultSetHandler,org.pitest.mutationtest.engine.gregor.mutators.InlineConstantMutator,anyNotNullColumnHasValue,955,NO_COVERAGE,none
DefaultResultSetHandler.java,org.apache.ibatis.executor.resultset.DefaultResultSetHandler,org.pitest.mutationtest.engine.gregor.mutators.InlineConstantMutator,anyNotNullColumnHasValue,958,NO_COVERAGE,none
DefaultResultSetHandler.java,org.apache.ibatis.executor.resultset.DefaultResultSetHandler,org.pitest.mutationtest.engine.gregor.mutators.InlineConstantMutator,anyNotNullColumnHasValue,960,NO_COVERAGE,none
DefaultResultSetHandler.java,org.apache.ibatis.executor.resultset.DefaultResultSetHandler,org.pitest.mutationtest.engine.gregor.mutators.NegateConditionalsMutator,anyNotNullColumnHasValue,943,NO_COVERAGE,none
DefaultResultSetHandler.java,org.apache.ibatis.executor.resultset.DefaultResultSetHandler,org.pitest.mutationtest.engine.gregor.mutators.NegateConditionalsMutator,anyNotNullColumnHasValue,943,NO_COVERAGE,none
DefaultResultSetHandler.java,org.apache.ibatis.executor.resultset.DefaultResultSetHandler,org.pitest.mutationtest.engine.gregor.mutators.NegateConditionalsMutator,anyNotNullColumnHasValue,945,NO_COVERAGE,none
DefaultResultSetHandler.java,org.apache.ibatis.executor.resultset.DefaultResultSetHandler,org.pitest.mutationtest.engine.gregor.mutators.NegateConditionalsMutator,anyNotNullColumnHasValue,947,NO_COVERAGE,none
DefaultResultSetHandler.java,org.apache.ibatis.executor.resultset.DefaultResultSetHandler,org.pitest.mutationtest.engine.gregor.mutators.NegateConditionalsMutator,anyNotNullColumnHasValue,952,NO_COVERAGE,none
DefaultResultSetHandler.java,org.apache.ibatis.executor.resultset.DefaultResultSetHandler,org.pitest.mutationtest.engine.gregor.mutators.NegateConditionalsMutator,anyNotNullColumnHasValue,953,NO_COVERAGE,none
DefaultResultSetHandler.java,org.apache.ibatis.executor.resultset.DefaultResultSetHandler,org.pitest.mutationtest.engine.gregor.mutators.NegateConditionalsMutator,anyNotNullColumnHasValue,954,NO_COVERAGE,none
DefaultResultSetHandler.java,org.apache.ibatis.executor.resultset.DefaultResultSetHandler,org.pitest.mutationtest.engine.gregor.mutators.NonVoidMethodCallMutator,anyNotNullColumnHasValue,942,NO_COVERAGE,none
DefaultResultSetHandler.java,org.apache.ibatis.executor.resultset.DefaultResultSetHandler,org.pitest.mutationtest.engine.gregor.mutators.NonVoidMethodCallMutator,anyNotNullColumnHasValue,943,NO_COVERAGE,none
DefaultResultSetHandler.java,org.apache.ibatis.executor.resultset.DefaultResultSetHandler,org.pitest.mutationtest.engine.gregor.mutators.NonVoidMethodCallMutator,anyNotNullColumnHasValue,944,NO_COVERAGE,none
DefaultResultSetHandler.java,org.apache.ibatis.executor.resultset.DefaultResultSetHandler,org.pitest.mutationtest.engine.gregor.mutators.NonVoidMethodCallMutator,anyNotNullColumnHasValue,945,NO_COVERAGE,none
DefaultResultSetHandler.java,org.apache.ibatis.executor.resultset.DefaultResultSetHandler,org.pitest.mutationtest.engine.gregor.mutators.NonVoidMethodCallMutator,anyNotNullColumnHasValue,945,NO_COVERAGE,none
DefaultResultSetHandler.java,org.apache.ibatis.executor.resultset.DefaultResultSetHandler,org.pitest.mutationtest.engine.gregor.mutators.NonVoidMethodCallMutator,anyNotNullColumnHasValue,945,NO_COVERAGE,none
DefaultResultSetHandler.java,org.apache.ibatis.executor.resultset.DefaultResultSetHandler,org.pitest.mutationtest.engine.gregor.mutators.NonVoidMethodCallMutator,anyNotNullColumnHasValue,946,NO_COVERAGE,none
DefaultResultSetHandler.java,org.apache.ibatis.executor.resultset.DefaultResultSetHandler,org.pitest.mutationtest.engine.gregor.mutators.NonVoidMethodCallMutator,anyNotNullColumnHasValue,946,NO_COVERAGE,none
DefaultResultSetHandler.java,org.apache.ibatis.executor.resultset.DefaultResultSetHandler,org.pitest.mutationtest.engine.gregor.mutators.NonVoidMethodCallMutator,anyNotNullColumnHasValue,947,NO_COVERAGE,none
DefaultResultSetHandler.java,org.apache.ibatis.executor.resultset.DefaultResultSetHandler,org.pitest.mutationtest.engine.gregor.mutators.NonVoidMethodCallMutator,anyNotNullColumnHasValue,953,NO_COVERAGE,none
DefaultResultSetHandler.java,org.apache.ibatis.executor.resultset.DefaultResultSetHandler,org.pitest.mutationtest.engine.gregor.mutators.NonVoidMethodCallMutator,anyNotNullColumnHasValue,953,NO_COVERAGE,none
DefaultResultSetHandler.java,org.apache.ibatis.executor.resultset.DefaultResultSetHandler,org.pitest.mutationtest.engine.gregor.mutators.NonVoidMethodCallMutator,anyNotNullColumnHasValue,953,NO_COVERAGE,none
DefaultResultSetHandler.java,org.apache.ibatis.executor.resultset.DefaultResultSetHandler,org.pitest.mutationtest.engine.gregor.mutators.NonVoidMethodCallMutator,anyNotNullColumnHasValue,953,NO_COVERAGE,none
DefaultResultSetHandler.java,org.apache.ibatis.executor.resultset.DefaultResultSetHandler,org.pitest.mutationtest.engine.gregor.mutators.NonVoidMethodCallMutator,anyNotNullColumnHasValue,954,NO_COVERAGE,none
DefaultResultSetHandler.java,org.apache.ibatis.executor.resultset.DefaultResultSetHandler,org.pitest.mutationtest.engine.gregor.mutators.NonVoidMethodCallMutator,anyNotNullColumnHasValue,954,NO_COVERAGE,none
DefaultResultSetHandler.java,org.apache.ibatis.executor.resultset.DefaultResultSetHandler,org.pitest.mutationtest.engine.gregor.mutators.NonVoidMethodCallMutator,anyNotNullColumnHasValue,954,NO_COVERAGE,none
DefaultResultSetHandler.java,org.apache.ibatis.executor.resultset.DefaultResultSetHandler,org.pitest.mutationtest.engine.gregor.mutators.RemoveConditionalMutator_EQUAL_ELSE,anyNotNullColumnHasValue,943,NO_COVERAGE,none
DefaultResultSetHandler.java,org.apache.ibatis.executor.resultset.DefaultResultSetHandler,org.pitest.mutationtest.engine.gregor.mutators.RemoveConditionalMutator_EQUAL_ELSE,anyNotNullColumnHasValue,943,NO_COVERAGE,none
DefaultResultSetHandler.java,org.apache.ibatis.executor.resultset.DefaultResultSetHandler,org.pitest.mutationtest.engine.gregor.mutators.RemoveConditionalMutator_EQUAL_ELSE,anyNotNullColumnHasValue,945,NO_COVERAGE,none
DefaultResultSetHandler.java,org.apache.ibatis.executor.resultset.DefaultResultSetHandler,org.pitest.mutationtest.engine.gregor.mutators.RemoveConditionalMutator_EQUAL_ELSE,anyNotNullColumnHasValue,947,NO_COVERAGE,none
DefaultResultSetHandler.java,org.apache.ibatis.executor.resultset.DefaultResultSetHandler,org.pitest.mutationtest.engine.gregor.mutators.RemoveConditionalMutator_EQUAL_ELSE,anyNotNullColumnHasValue,952,NO_COVERAGE,none
DefaultResultSetHandler.java,org.apache.ibatis.executor.resultset.DefaultResultSetHandler,org.pitest.mutationtest.engine.gregor.mutators.RemoveConditionalMutator_EQUAL_ELSE,anyNotNullColumnHasValue,953,NO_COVERAGE,none
DefaultResultSetHandler.java,org.apache.ibatis.executor.resultset.DefaultResultSetHandler,org.pitest.mutationtest.engine.gregor.mutators.RemoveConditionalMutator_EQUAL_ELSE,anyNotNullColumnHasValue,954,NO_COVERAGE,none
DefaultResultSetHandler.java,org.apache.ibatis.executor.resultset.DefaultResultSetHandler,org.pitest.mutationtest.engine.gregor.mutators.RemoveConditionalMutator_EQUAL_IF,anyNotNullColumnHasValue,943,NO_COVERAGE,none
DefaultResultSetHandler.java,org.apache.ibatis.executor.resultset.DefaultResultSetHandler,org.pitest.mutationtest.engine.gregor.mutators.RemoveConditionalMutator_EQUAL_IF,anyNotNullColumnHasValue,943,NO_COVERAGE,none
DefaultResultSetHandler.java,org.apache.ibatis.executor.resultset.DefaultResultSetHandler,org.pitest.mutationtest.engine.gregor.mutators.RemoveConditionalMutator_EQUAL_IF,anyNotNullColumnHasValue,945,NO_COVERAGE,none
DefaultResultSetHandler.java,org.apache.ibatis.executor.resultset.DefaultResultSetHandler,org.pitest.mutationtest.engine.gregor.mutators.RemoveConditionalMutator_EQUAL_IF,anyNotNullColumnHasValue,947,NO_COVERAGE,none
DefaultResultSetHandler.java,org.apache.ibatis.executor.resultset.DefaultResultSetHandler,org.pitest.mutationtest.engine.gregor.mutators.RemoveConditionalMutator_EQUAL_IF,anyNotNullColumnHasValue,952,NO_COVERAGE,none
DefaultResultSetHandler.java,org.apache.ibatis.executor.resultset.DefaultResultSetHandler,org.pitest.mutationtest.engine.gregor.mutators.RemoveConditionalMutator_EQUAL_IF,anyNotNullColumnHasValue,953,NO_COVERAGE,none
DefaultResultSetHandler.java,org.apache.ibatis.executor.resultset.DefaultResultSetHandler,org.pitest.mutationtest.engine.gregor.mutators.RemoveConditionalMutator_EQUAL_IF,anyNotNullColumnHasValue,954,NO_COVERAGE,none
DefaultResultSetHandler.java,org.apache.ibatis.executor.resultset.DefaultResultSetHandler,org.pitest.mutationtest.engine.gregor.mutators.ReturnValsMutator,anyNotNullColumnHasValue,948,NO_COVERAGE,none
DefaultResultSetHandler.java,org.apache.ibatis.executor.resultset.DefaultResultSetHandler,org.pitest.mutationtest.engine.gregor.mutators.ReturnValsMutator,anyNotNullColumnHasValue,951,NO_COVERAGE,none
DefaultResultSetHandler.java,org.apache.ibatis.executor.resultset.DefaultResultSetHandler,org.pitest.mutationtest.engine.gregor.mutators.ReturnValsMutator,anyNotNullColumnHasValue,955,NO_COVERAGE,none
DefaultResultSetHandler.java,org.apache.ibatis.executor.resultset.DefaultResultSetHandler,org.pitest.mutationtest.engine.gregor.mutators.ReturnValsMutator,anyNotNullColumnHasValue,958,NO_COVERAGE,none
DefaultResultSetHandler.java,org.apache.ibatis.executor.resultset.DefaultResultSetHandler,org.pitest.mutationtest.engine.gregor.mutators.ReturnValsMutator,anyNotNullColumnHasValue,960,NO_COVERAGE,none
DefaultResultSetHandler.java,org.apache.ibatis.executor.resultset.DefaultResultSetHandler,org.pitest.mutationtest.engine.gregor.mutators.InlineConstantMutator,applyAutomaticMappings,509,NO_COVERAGE,none
DefaultResultSetHandler.java,org.apache.ibatis.executor.resultset.DefaultResultSetHandler,org.pitest.mutationtest.engine.gregor.mutators.NegateConditionalsMutator,applyAutomaticMappings,506,NO_COVERAGE,none
DefaultResultSetHandler.java,org.apache.ibatis.executor.resultset.DefaultResultSetHandler,org.pitest.mutationtest.engine.gregor.mutators.NegateConditionalsMutator,applyAutomaticMappings,508,NO_COVERAGE,none
DefaultResultSetHandler.java,org.apache.ibatis.executor.resultset.DefaultResultSetHandler,org.pitest.mutationtest.engine.gregor.mutators.NegateConditionalsMutator,applyAutomaticMappings,511,NO_COVERAGE,none
DefaultResultSetHandler.java,org.apache.ibatis.executor.resultset.DefaultResultSetHandler,org.pitest.mutationtest.engine.gregor.mutators.NegateConditionalsMutator,applyAutomaticMappings,511,NO_COVERAGE,none
DefaultResultSetHandler.java,org.apache.ibatis.executor.resultset.DefaultResultSetHandler,org.pitest.mutationtest.engine.gregor.mutators.NegateConditionalsMutator,applyAutomaticMappings,511,NO_COVERAGE,none
DefaultResultSetHandler.java,org.apache.ibatis.executor.resultset.DefaultResultSetHandler,org.pitest.mutationtest.engine.gregor.mutators.NonVoidMethodCallMutator,applyAutomaticMappings,506,NO_COVERAGE,none
DefaultResultSetHandler.java,org.apache.ibatis.executor.resultset.DefaultResultSetHandler,org.pitest.mutationtest.engine.gregor.mutators.NonVoidMethodCallMutator,applyAutomaticMappings,506,NO_COVERAGE,none
DefaultResultSetHandler.java,org.apache.ibatis.executor.resultset.DefaultResultSetHandler,org.pitest.mutationtest.engine.gregor.mutators.NonVoidMethodCallMutator,applyAutomaticMappings,506,NO_COVERAGE,none
DefaultResultSetHandler.java,org.apache.ibatis.executor.resultset.DefaultResultSetHandler,org.pitest.mutationtest.engine.gregor.mutators.NonVoidMethodCallMutator,applyAutomaticMappings,507,NO_COVERAGE,none
DefaultResultSetHandler.java,org.apache.ibatis.executor.resultset.DefaultResultSetHandler,org.pitest.mutationtest.engine.gregor.mutators.NonVoidMethodCallMutator,applyAutomaticMappings,507,NO_COVERAGE,none
DefaultResultSetHandler.java,org.apache.ibatis.executor.resultset.DefaultResultSetHandler,org.pitest.mutationtest.engine.gregor.mutators.NonVoidMethodCallMutator,applyAutomaticMappings,507,NO_COVERAGE,none
DefaultResultSetHandler.java,org.apache.ibatis.executor.resultset.DefaultResultSetHandler,org.pitest.mutationtest.engine.gregor.mutators.NonVoidMethodCallMutator,applyAutomaticMappings,507,NO_COVERAGE,none
DefaultResultSetHandler.java,org.apache.ibatis.executor.resultset.DefaultResultSetHandler,org.pitest.mutationtest.engine.gregor.mutators.NonVoidMethodCallMutator,applyAutomaticMappings,511,NO_COVERAGE,none
DefaultResultSetHandler.java,org.apache.ibatis.executor.resultset.DefaultResultSetHandler,org.pitest.mutationtest.engine.gregor.mutators.NonVoidMethodCallMutator,applyAutomaticMappings,511,NO_COVERAGE,none
DefaultResultSetHandler.java,org.apache.ibatis.executor.resultset.DefaultResultSetHandler,org.pitest.mutationtest.engine.gregor.mutators.NonVoidMethodCallMutator,applyAutomaticMappings,513,NO_COVERAGE,none
DefaultResultSetHandler.java,org.apache.ibatis.executor.resultset.DefaultResultSetHandler,org.pitest.mutationtest.engine.gregor.mutators.RemoveConditionalMutator_EQUAL_ELSE,applyAutomaticMappings,506,NO_COVERAGE,none
DefaultResultSetHandler.java,org.apache.ibatis.executor.resultset.DefaultResultSetHandler,org.pitest.mutationtest.engine.gregor.mutators.RemoveConditionalMutator_EQUAL_ELSE,applyAutomaticMappings,511,NO_COVERAGE,none
DefaultResultSetHandler.java,org.apache.ibatis.executor.resultset.DefaultResultSetHandler,org.pitest.mutationtest.engine.gregor.mutators.RemoveConditionalMutator_EQUAL_ELSE,applyAutomaticMappings,511,NO_COVERAGE,none
DefaultResultSetHandler.java,org.apache.ibatis.executor.resultset.DefaultResultSetHandler,org.pitest.mutationtest.engine.gregor.mutators.RemoveConditionalMutator_EQUAL_ELSE,applyAutomaticMappings,511,NO_COVERAGE,none
DefaultResultSetHandler.java,org.apache.ibatis.executor.resultset.DefaultResultSetHandler,org.pitest.mutationtest.engine.gregor.mutators.RemoveConditionalMutator_EQUAL_IF,applyAutomaticMappings,506,NO_COVERAGE,none
DefaultResultSetHandler.java,org.apache.ibatis.executor.resultset.DefaultResultSetHandler,org.pitest.mutationtest.engine.gregor.mutators.RemoveConditionalMutator_EQUAL_IF,applyAutomaticMappings,508,NO_COVERAGE,none
DefaultResultSetHandler.java,org.apache.ibatis.executor.resultset.DefaultResultSetHandler,org.pitest.mutationtest.engine.gregor.mutators.RemoveConditionalMutator_EQUAL_IF,applyAutomaticMappings,511,NO_COVERAGE,none
DefaultResultSetHandler.java,org.apache.ibatis.executor.resultset.DefaultResultSetHandler,org.pitest.mutationtest.engine.gregor.mutators.RemoveConditionalMutator_EQUAL_IF,applyAutomaticMappings,511,NO_COVERAGE,none
DefaultResultSetHandler.java,org.apache.ibatis.executor.resultset.DefaultResultSetHandler,org.pitest.mutationtest.engine.gregor.mutators.RemoveConditionalMutator_EQUAL_IF,applyAutomaticMappings,511,NO_COVERAGE,none
DefaultResultSetHandler.java,org.apache.ibatis.executor.resultset.DefaultResultSetHandler,org.pitest.mutationtest.engine.gregor.mutators.ReturnValsMutator,applyAutomaticMappings,517,KILLED,org.apache.ibatis.submitted.extend.ExtendTest.org.apache.ibatis.submitted.extend.ExtendTest
DefaultResultSetHandler.java,org.apache.ibatis.executor.resultset.DefaultResultSetHandler,org.pitest.mutationtest.engine.gregor.mutators.VoidMethodCallMutator,applyAutomaticMappings,513,NO_COVERAGE,none
DefaultResultSetHandler.java,org.apache.ibatis.executor.resultset.DefaultResultSetHandler,org.pitest.mutationtest.engine.gregor.mutators.ArgumentPropagationMutator,applyNestedResultMappings,897,NO_COVERAGE,none
DefaultResultSetHandler.java,org.apache.ibatis.executor.resultset.DefaultResultSetHandler,org.pitest.mutationtest.engine.gregor.mutators.ArgumentPropagationMutator,applyNestedResultMappings,902,NO_COVERAGE,none
DefaultResultSetHandler.java,org.apache.ibatis.executor.resultset.DefaultResultSetHandler,org.pitest.mutationtest.engine.gregor.mutators.ArgumentPropagationMutator,applyNestedResultMappings,911,NO_COVERAGE,none
DefaultResultSetHandler.java,org.apache.ibatis.executor.resultset.DefaultResultSetHandler,org.pitest.mutationtest.engine.gregor.mutators.ArgumentPropagationMutator,applyNestedResultMappings,912,NO_COVERAGE,none
DefaultResultSetHandler.java,org.apache.ibatis.executor.resultset.DefaultResultSetHandler,org.pitest.mutationtest.engine.gregor.mutators.ArgumentPropagationMutator,applyNestedResultMappings,916,NO_COVERAGE,none
DefaultResultSetHandler.java,org.apache.ibatis.executor.resultset.DefaultResultSetHandler,org.pitest.mutationtest.engine.gregor.mutators.ConstructorCallMutator,applyNestedResultMappings,923,NO_COVERAGE,none
DefaultResultSetHandler.java,org.apache.ibatis.executor.resultset.DefaultResultSetHandler,org.pitest.mutationtest.engine.gregor.mutators.ConstructorCallMutator,applyNestedResultMappings,923,NO_COVERAGE,none
DefaultResultSetHandler.java,org.apache.ibatis.executor.resultset.DefaultResultSetHandler,org.pitest.mutationtest.engine.gregor.mutators.InlineConstantMutator,applyNestedResultMappings,892,NO_COVERAGE,none
DefaultResultSetHandler.java,org.apache.ibatis.executor.resultset.DefaultResultSetHandler,org.pitest.mutationtest.engine.gregor.mutators.InlineConstantMutator,applyNestedResultMappings,913,NO_COVERAGE,none
DefaultResultSetHandler.java,org.apache.ibatis.executor.resultset.DefaultResultSetHandler,org.pitest.mutationtest.engine.gregor.mutators.InlineConstantMutator,applyNestedResultMappings,913,NO_COVERAGE,none
DefaultResultSetHandler.java,org.apache.ibatis.executor.resultset.DefaultResultSetHandler,org.pitest.mutationtest.engine.gregor.mutators.InlineConstantMutator,applyNestedResultMappings,919,NO_COVERAGE,none
DefaultResultSetHandler.java,org.apache.ibatis.executor.resultset.DefaultResultSetHandler,org.pitest.mutationtest.engine.gregor.mutators.NegateConditionalsMutator,applyNestedResultMappings,893,NO_COVERAGE,none
DefaultResultSetHandler.java,org.apache.ibatis.executor.resultset.DefaultResultSetHandler,org.pitest.mutationtest.engine.gregor.mutators.NegateConditionalsMutator,applyNestedResultMappings,895,NO_COVERAGE,none
DefaultResultSetHandler.java,org.apache.ibatis.executor.resultset.DefaultResultSetHandler,org.pitest.mutationtest.engine.gregor.mutators.NegateConditionalsMutator,applyNestedResultMappings,895,NO_COVERAGE,none
DefaultResultSetHandler.java,org.apache.ibatis.executor.resultset.DefaultResultSetHandler,org.pitest.mutationtest.engine.gregor.mutators.NegateConditionalsMutator,applyNestedResultMappings,903,NO_COVERAGE,none
DefaultResultSetHandler.java,org.apache.ibatis.executor.resultset.DefaultResultSetHandler,org.pitest.mutationtest.engine.gregor.mutators.NegateConditionalsMutator,applyNestedResultMappings,904,NO_COVERAGE,none
DefaultResultSetHandler.java,org.apache.ibatis.executor.resultset.DefaultResultSetHandler,org.pitest.mutationtest.engine.gregor.mutators.NegateConditionalsMutator,applyNestedResultMappings,913,NO_COVERAGE,none
DefaultResultSetHandler.java,org.apache.ibatis.executor.resultset.DefaultResultSetHandler,org.pitest.mutationtest.engine.gregor.mutators.NegateConditionalsMutator,applyNestedResultMappings,915,NO_COVERAGE,none
DefaultResultSetHandler.java,org.apache.ibatis.executor.resultset.DefaultResultSetHandler,org.pitest.mutationtest.engine.gregor.mutators.NegateConditionalsMutator,applyNestedResultMappings,917,NO_COVERAGE,none
DefaultResultSetHandler.java,org.apache.ibatis.executor.resultset.DefaultResultSetHandler,org.pitest.mutationtest.engine.gregor.mutators.NegateConditionalsMutator,applyNestedResultMappings,917,NO_COVERAGE,none
DefaultResultSetHandler.java,org.apache.ibatis.executor.resultset.DefaultResultSetHandler,org.pitest.mutationtest.engine.gregor.mutators.NonVoidMethodCallMutator,applyNestedResultMappings,893,NO_COVERAGE,none
DefaultResultSetHandler.java,org.apache.ibatis.executor.resultset.DefaultResultSetHandler,org.pitest.mutationtest.engine.gregor.mutators.NonVoidMethodCallMutator,applyNestedResultMappings,893,NO_COVERAGE,none
DefaultResultSetHandler.java,org.apache.ibatis.executor.resultset.DefaultResultSetHandler,org.pitest.mutationtest.engine.gregor.mutators.NonVoidMethodCallMutator,applyNestedResultMappings,893,NO_COVERAGE,none
DefaultResultSetHandler.java,org.apache.ibatis.executor.resultset.DefaultResultSetHandler,org.pitest.mutationtest.engine.gregor.mutators.NonVoidMethodCallMutator,applyNestedResultMappings,893,NO_COVERAGE,none
DefaultResultSetHandler.java,org.apache.ibatis.executor.resultset.DefaultResultSetHandler,org.pitest.mutationtest.engine.gregor.mutators.NonVoidMethodCallMutator,applyNestedResultMappings,894,NO_COVERAGE,none
DefaultResultSetHandler.java,org.apache.ibatis.executor.resultset.DefaultResultSetHandler,org.pitest.mutationtest.engine.gregor.mutators.NonVoidMethodCallMutator,applyNestedResultMappings,895,NO_COVERAGE,none
DefaultResultSetHandler.java,org.apache.ibatis.executor.resultset.DefaultResultSetHandler,org.pitest.mutationtest.engine.gregor.mutators.NonVoidMethodCallMutator,applyNestedResultMappings,897,NO_COVERAGE,none
DefaultResultSetHandler.java,org.apache.ibatis.executor.resultset.DefaultResultSetHandler,org.pitest.mutationtest.engine.gregor.mutators.NonVoidMethodCallMutator,applyNestedResultMappings,898,NO_COVERAGE,none
DefaultResultSetHandler.java,org.apache.ibatis.executor.resultset.DefaultResultSetHandler,org.pitest.mutationtest.engine.gregor.mutators.NonVoidMethodCallMutator,applyNestedResultMappings,898,NO_COVERAGE,none
DefaultResultSetHandler.java,org.apache.ibatis.executor.resultset.DefaultResultSetHandler,org.pitest.mutationtest.engine.gregor.mutators.NonVoidMethodCallMutator,applyNestedResultMappings,899,NO_COVERAGE,none
DefaultResultSetHandler.java,org.apache.ibatis.executor.resultset.DefaultResultSetHandler,org.pitest.mutationtest.engine.gregor.mutators.NonVoidMethodCallMutator,applyNestedResultMappings,910,NO_COVERAGE,none
DefaultResultSetHandler.java,org.apache.ibatis.executor.resultset.DefaultResultSetHandler,org.pitest.mutationtest.engine.gregor.mutators.NonVoidMethodCallMutator,applyNestedResultMappings,911,NO_COVERAGE,none
DefaultResultSetHandler.java,org.apache.ibatis.executor.resultset.DefaultResultSetHandler,org.pitest.mutationtest.engine.gregor.mutators.NonVoidMethodCallMutator,applyNestedResultMappings,912,NO_COVERAGE,none
DefaultResultSetHandler.java,org.apache.ibatis.executor.resultset.DefaultResultSetHandler,org.pitest.mutationtest.engine.gregor.mutators.NonVoidMethodCallMutator,applyNestedResultMappings,914,NO_COVERAGE,none
DefaultResultSetHandler.java,org.apache.ibatis.executor.resultset.DefaultResultSetHandler,org.pitest.mutationtest.engine.gregor.mutators.NonVoidMethodCallMutator,applyNestedResultMappings,915,NO_COVERAGE,none
DefaultResultSetHandler.java,org.apache.ibatis.executor.resultset.DefaultResultSetHandler,org.pitest.mutationtest.engine.gregor.mutators.NonVoidMethodCallMutator,applyNestedResultMappings,916,NO_COVERAGE,none
DefaultResultSetHandler.java,org.apache.ibatis.executor.resultset.DefaultResultSetHandler,org.pitest.mutationtest.engine.gregor.mutators.NonVoidMethodCallMutator,applyNestedResultMappings,923,NO_COVERAGE,none
DefaultResultSetHandler.java,org.apache.ibatis.executor.resultset.DefaultResultSetHandler,org.pitest.mutationtest.engine.gregor.mutators.NonVoidMethodCallMutator,applyNestedResultMappings,923,NO_COVERAGE,none
DefaultResultSetHandler.java,org.apache.ibatis.executor.resultset.DefaultResultSetHandler,org.pitest.mutationtest.engine.gregor.mutators.NonVoidMethodCallMutator,applyNestedResultMappings,923,NO_COVERAGE,none
DefaultResultSetHandler.java,org.apache.ibatis.executor.resultset.DefaultResultSetHandler,org.pitest.mutationtest.engine.gregor.mutators.NonVoidMethodCallMutator,applyNestedResultMappings,923,NO_COVERAGE,none
DefaultResultSetHandler.java,org.apache.ibatis.executor.resultset.DefaultResultSetHandler,org.pitest.mutationtest.engine.gregor.mutators.NonVoidMethodCallMutator,applyNestedResultMappings,923,NO_COVERAGE,none
DefaultResultSetHandler.java,org.apache.ibatis.executor.resultset.DefaultResultSetHandler,org.pitest.mutationtest.engine.gregor.mutators.NonVoidMethodCallMutator,applyNestedResultMappings,923,NO_COVERAGE,none
DefaultResultSetHandler.java,org.apache.ibatis.executor.resultset.DefaultResultSetHandler,org.pitest.mutationtest.engine.gregor.mutators.RemoveConditionalMutator_EQUAL_ELSE,applyNestedResultMappings,893,NO_COVERAGE,none
DefaultResultSetHandler.java,org.apache.ibatis.executor.resultset.DefaultResultSetHandler,org.pitest.mutationtest.engine.gregor.mutators.RemoveConditionalMutator_EQUAL_ELSE,applyNestedResultMappings,895,NO_COVERAGE,none
DefaultResultSetHandler.java,org.apache.ibatis.executor.resultset.DefaultResultSetHandler,org.pitest.mutationtest.engine.gregor.mutators.RemoveConditionalMutator_EQUAL_ELSE,applyNestedResultMappings,895,NO_COVERAGE,none
DefaultResultSetHandler.java,org.apache.ibatis.executor.resultset.DefaultResultSetHandler,org.pitest.mutationtest.engine.gregor.mutators.RemoveConditionalMutator_EQUAL_ELSE,applyNestedResultMappings,904,NO_COVERAGE,none
DefaultResultSetHandler.java,org.apache.ibatis.executor.resultset.DefaultResultSetHandler,org.pitest.mutationtest.engine.gregor.mutators.RemoveConditionalMutator_EQUAL_ELSE,applyNestedResultMappings,913,NO_COVERAGE,none
DefaultResultSetHandler.java,org.apache.ibatis.executor.resultset.DefaultResultSetHandler,org.pitest.mutationtest.engine.gregor.mutators.RemoveConditionalMutator_EQUAL_ELSE,applyNestedResultMappings,915,NO_COVERAGE,none
DefaultResultSetHandler.java,org.apache.ibatis.executor.resultset.DefaultResultSetHandler,org.pitest.mutationtest.engine.gregor.mutators.RemoveConditionalMutator_EQUAL_ELSE,applyNestedResultMappings,917,NO_COVERAGE,none
DefaultResultSetHandler.java,org.apache.ibatis.executor.resultset.DefaultResultSetHandler,org.pitest.mutationtest.engine.gregor.mutators.RemoveConditionalMutator_EQUAL_ELSE,applyNestedResultMappings,917,NO_COVERAGE,none
DefaultResultSetHandler.java,org.apache.ibatis.executor.resultset.DefaultResultSetHandler,org.pitest.mutationtest.engine.gregor.mutators.RemoveConditionalMutator_EQUAL_IF,applyNestedResultMappings,893,NO_COVERAGE,none
DefaultResultSetHandler.java,org.apache.ibatis.executor.resultset.DefaultResultSetHandler,org.pitest.mutationtest.engine.gregor.mutators.RemoveConditionalMutator_EQUAL_IF,applyNestedResultMappings,895,NO_COVERAGE,none
DefaultResultSetHandler.java,org.apache.ibatis.executor.resultset.DefaultResultSetHandler,org.pitest.mutationtest.engine.gregor.mutators.RemoveConditionalMutator_EQUAL_IF,applyNestedResultMappings,895,NO_COVERAGE,none
DefaultResultSetHandler.java,org.apache.ibatis.executor.resultset.DefaultResultSetHandler,org.pitest.mutationtest.engine.gregor.mutators.RemoveConditionalMutator_EQUAL_IF,applyNestedResultMappings,899,NO_COVERAGE,none
DefaultResultSetHandler.java,org.apache.ibatis.executor.resultset.DefaultResultSetHandler,org.pitest.mutationtest.engine.gregor.mutators.RemoveConditionalMutator_EQUAL_IF,applyNestedResultMappings,903,NO_COVERAGE,none
DefaultResultSetHandler.java,org.apache.ibatis.executor.resultset.DefaultResultSetHandler,org.pitest.mutationtest.engine.gregor.mutators.RemoveConditionalMutator_EQUAL_IF,applyNestedResultMappings,904,NO_COVERAGE,none
DefaultResultSetHandler.java,org.apache.ibatis.executor.resultset.DefaultResultSetHandler,org.pitest.mutationtest.engine.gregor.mutators.RemoveConditionalMutator_EQUAL_IF,applyNestedResultMappings,913,NO_COVERAGE,none
DefaultResultSetHandler.java,org.apache.ibatis.executor.resultset.DefaultResultSetHandler,org.pitest.mutationtest.engine.gregor.mutators.RemoveConditionalMutator_EQUAL_IF,applyNestedResultMappings,915,NO_COVERAGE,none
DefaultResultSetHandler.java,org.apache.ibatis.executor.resultset.DefaultResultSetHandler,org.pitest.mutationtest.engine.gregor.mutators.RemoveConditionalMutator_EQUAL_IF,applyNestedResultMappings,917,NO_COVERAGE,none
DefaultResultSetHandler.java,org.apache.ibatis.executor.resultset.DefaultResultSetHandler,org.pitest.mutationtest.engine.gregor.mutators.RemoveConditionalMutator_EQUAL_IF,applyNestedResultMappings,917,NO_COVERAGE,none
DefaultResultSetHandler.java,org.apache.ibatis.executor.resultset.DefaultResultSetHandler,org.pitest.mutationtest.engine.gregor.mutators.ReturnValsMutator,applyNestedResultMappings,927,NO_COVERAGE,none
DefaultResultSetHandler.java,org.apache.ibatis.executor.resultset.DefaultResultSetHandler,org.pitest.mutationtest.engine.gregor.mutators.VoidMethodCallMutator,applyNestedResultMappings,905,NO_COVERAGE,none
DefaultResultSetHandler.java,org.apache.ibatis.executor.resultset.DefaultResultSetHandler,org.pitest.mutationtest.engine.gregor.mutators.VoidMethodCallMutator,applyNestedResultMappings,918,NO_COVERAGE,none
DefaultResultSetHandler.java,org.apache.ibatis.executor.resultset.DefaultResultSetHandler,org.pitest.mutationtest.engine.gregor.mutators.InlineConstantMutator,applyPropertyMappings,437,KILLED,org.apache.ibatis.submitted.extend.ExtendTest.org.apache.ibatis.submitted.extend.ExtendTest
DefaultResultSetHandler.java,org.apache.ibatis.executor.resultset.DefaultResultSetHandler,org.pitest.mutationtest.engine.gregor.mutators.NegateConditionalsMutator,applyPropertyMappings,426,NO_COVERAGE,none
DefaultResultSetHandler.java,org.apache.ibatis.executor.resultset.DefaultResultSetHandler,org.pitest.mutationtest.engine.gregor.mutators.NegateConditionalsMutator,applyPropertyMappings,436,KILLED,org.apache.ibatis.submitted.extend.ExtendTest.org.apache.ibatis.submitted.extend.ExtendTest
DefaultResultSetHandler.java,org.apache.ibatis.executor.resultset.DefaultResultSetHandler,org.pitest.mutationtest.engine.gregor.mutators.NonVoidMethodCallMutator,applyPropertyMappings,426,NO_COVERAGE,none
DefaultResultSetHandler.java,org.apache.ibatis.executor.resultset.DefaultResultSetHandler,org.pitest.mutationtest.engine.gregor.mutators.RemoveConditionalMutator_EQUAL_ELSE,applyPropertyMappings,426,NO_COVERAGE,none
DefaultResultSetHandler.java,org.apache.ibatis.executor.resultset.DefaultResultSetHandler,org.pitest.mutationtest.engine.gregor.mutators.RemoveConditionalMutator_EQUAL_ELSE,applyPropertyMappings,436,KILLED,org.apache.ibatis.submitted.extend.ExtendTest.org.apache.ibatis.submitted.extend.ExtendTest
DefaultResultSetHandler.java,org.apache.ibatis.executor.resultset.DefaultResultSetHandler,org.pitest.mutationtest.engine.gregor.mutators.RemoveConditionalMutator_EQUAL_ELSE,applyPropertyMappings,439,KILLED,org.apache.ibatis.submitted.extend.ExtendTest.org.apache.ibatis.submitted.extend.ExtendTest
DefaultResultSetHandler.java,org.apache.ibatis.executor.resultset.DefaultResultSetHandler,org.pitest.mutationtest.engine.gregor.mutators.RemoveConditionalMutator_EQUAL_IF,applyPropertyMappings,426,NO_COVERAGE,none
DefaultResultSetHandler.java,org.apache.ibatis.executor.resultset.DefaultResultSetHandler,org.pitest.mutationtest.engine.gregor.mutators.ConstructorCallMutator,checkResultHandler,330,NO_COVERAGE,none
DefaultResultSetHandler.java,org.apache.ibatis.executor.resultset.DefaultResultSetHandler,org.pitest.mutationtest.engine.gregor.mutators.NegateConditionalsMutator,checkResultHandler,329,NO_COVERAGE,none
DefaultResultSetHandler.java,org.apache.ibatis.executor.resultset.DefaultResultSetHandler,org.pitest.mutationtest.engine.gregor.mutators.NegateConditionalsMutator,checkResultHandler,329,NO_COVERAGE,none
DefaultResultSetHandler.java,org.apache.ibatis.executor.resultset.DefaultResultSetHandler,org.pitest.mutationtest.engine.gregor.mutators.NegateConditionalsMutator,checkResultHandler,329,NO_COVERAGE,none
DefaultResultSetHandler.java,org.apache.ibatis.executor.resultset.DefaultResultSetHandler,org.pitest.mutationtest.engine.gregor.mutators.NonVoidMethodCallMutator,checkResultHandler,329,NO_COVERAGE,none
DefaultResultSetHandler.java,org.apache.ibatis.executor.resultset.DefaultResultSetHandler,org.pitest.mutationtest.engine.gregor.mutators.NonVoidMethodCallMutator,checkResultHandler,329,NO_COVERAGE,none
DefaultResultSetHandler.java,org.apache.ibatis.executor.resultset.DefaultResultSetHandler,org.pitest.mutationtest.engine.gregor.mutators.RemoveConditionalMutator_EQUAL_ELSE,checkResultHandler,329,NO_COVERAGE,none
DefaultResultSetHandler.java,org.apache.ibatis.executor.resultset.DefaultResultSetHandler,org.pitest.mutationtest.engine.gregor.mutators.RemoveConditionalMutator_EQUAL_ELSE,checkResultHandler,329,NO_COVERAGE,none
DefaultResultSetHandler.java,org.apache.ibatis.executor.resultset.DefaultResultSetHandler,org.pitest.mutationtest.engine.gregor.mutators.RemoveConditionalMutator_EQUAL_ELSE,checkResultHandler,329,NO_COVERAGE,none
DefaultResultSetHandler.java,org.apache.ibatis.executor.resultset.DefaultResultSetHandler,org.pitest.mutationtest.engine.gregor.mutators.RemoveConditionalMutator_EQUAL_IF,checkResultHandler,329,NO_COVERAGE,none
DefaultResultSetHandler.java,org.apache.ibatis.executor.resultset.DefaultResultSetHandler,org.pitest.mutationtest.engine.gregor.mutators.RemoveConditionalMutator_EQUAL_IF,checkResultHandler,329,NO_COVERAGE,none
DefaultResultSetHandler.java,org.apache.ibatis.executor.resultset.DefaultResultSetHandler,org.pitest.mutationtest.engine.gregor.mutators.RemoveConditionalMutator_EQUAL_IF,checkResultHandler,329,NO_COVERAGE,none
DefaultResultSetHandler.java,org.apache.ibatis.executor.resultset.DefaultResultSetHandler,org.pitest.mutationtest.engine.gregor.mutators.RemoveConditionalMutator_EQUAL_IF,collapseSingleResultList,304,KILLED,org.apache.ibatis.submitted.extend.ExtendTest.org.apache.ibatis.submitted.extend.ExtendTest
DefaultResultSetHandler.java,org.apache.ibatis.executor.resultset.DefaultResultSetHandler,org.pitest.mutationtest.engine.gregor.mutators.ConditionalsBoundaryMutator,combineKeys,992,NO_COVERAGE,none
DefaultResultSetHandler.java,org.apache.ibatis.executor.resultset.DefaultResultSetHandler,org.pitest.mutationtest.engine.gregor.mutators.ConditionalsBoundaryMutator,combineKeys,992,NO_COVERAGE,none
DefaultResultSetHandler.java,org.apache.ibatis.executor.resultset.DefaultResultSetHandler,org.pitest.mutationtest.engine.gregor.mutators.ConstructorCallMutator,combineKeys,997,NO_COVERAGE,none
DefaultResultSetHandler.java,org.apache.ibatis.executor.resultset.DefaultResultSetHandler,org.pitest.mutationtest.engine.gregor.mutators.ConstructorCallMutator,combineKeys,997,NO_COVERAGE,none
DefaultResultSetHandler.java,org.apache.ibatis.executor.resultset.DefaultResultSetHandler,org.pitest.mutationtest.engine.gregor.mutators.InlineConstantMutator,combineKeys,992,NO_COVERAGE,none
DefaultResultSetHandler.java,org.apache.ibatis.executor.resultset.DefaultResultSetHandler,org.pitest.mutationtest.engine.gregor.mutators.InlineConstantMutator,combineKeys,992,NO_COVERAGE,none
DefaultResultSetHandler.java,org.apache.ibatis.executor.resultset.DefaultResultSetHandler,org.pitest.mutationtest.engine.gregor.mutators.NegateConditionalsMutator,combineKeys,992,NO_COVERAGE,none
DefaultResultSetHandler.java,org.apache.ibatis.executor.resultset.DefaultResultSetHandler,org.pitest.mutationtest.engine.gregor.mutators.NegateConditionalsMutator,combineKeys,992,NO_COVERAGE,none
DefaultResultSetHandler.java,org.apache.ibatis.executor.resultset.DefaultResultSetHandler,org.pitest.mutationtest.engine.gregor.mutators.NonVoidMethodCallMutator,combineKeys,992,NO_COVERAGE,none
DefaultResultSetHandler.java,org.apache.ibatis.executor.resultset.DefaultResultSetHandler,org.pitest.mutationtest.engine.gregor.mutators.NonVoidMethodCallMutator,combineKeys,992,NO_COVERAGE,none
DefaultResultSetHandler.java,org.apache.ibatis.executor.resultset.DefaultResultSetHandler,org.pitest.mutationtest.engine.gregor.mutators.NonVoidMethodCallMutator,combineKeys,995,NO_COVERAGE,none
DefaultResultSetHandler.java,org.apache.ibatis.executor.resultset.DefaultResultSetHandler,org.pitest.mutationtest.engine.gregor.mutators.NonVoidMethodCallMutator,combineKeys,997,NO_COVERAGE,none
DefaultResultSetHandler.java,org.apache.ibatis.executor.resultset.DefaultResultSetHandler,org.pitest.mutationtest.engine.gregor.mutators.NonVoidMethodCallMutator,combineKeys,997,NO_COVERAGE,none
DefaultResultSetHandler.java,org.apache.ibatis.executor.resultset.DefaultResultSetHandler,org.pitest.mutationtest.engine.gregor.mutators.NonVoidMethodCallMutator,combineKeys,997,NO_COVERAGE,none
DefaultResultSetHandler.java,org.apache.ibatis.executor.resultset.DefaultResultSetHandler,org.pitest.mutationtest.engine.gregor.mutators.RemoveConditionalMutator_ORDER_ELSE,combineKeys,992,NO_COVERAGE,none
DefaultResultSetHandler.java,org.apache.ibatis.executor.resultset.DefaultResultSetHandler,org.pitest.mutationtest.engine.gregor.mutators.RemoveConditionalMutator_ORDER_ELSE,combineKeys,992,NO_COVERAGE,none
DefaultResultSetHandler.java,org.apache.ibatis.executor.resultset.DefaultResultSetHandler,org.pitest.mutationtest.engine.gregor.mutators.RemoveConditionalMutator_ORDER_IF,combineKeys,992,NO_COVERAGE,none
DefaultResultSetHandler.java,org.apache.ibatis.executor.resultset.DefaultResultSetHandler,org.pitest.mutationtest.engine.gregor.mutators.RemoveConditionalMutator_ORDER_IF,combineKeys,992,NO_COVERAGE,none
DefaultResultSetHandler.java,org.apache.ibatis.executor.resultset.DefaultResultSetHandler,org.pitest.mutationtest.engine.gregor.mutators.ReturnValsMutator,combineKeys,1000,NO_COVERAGE,none
DefaultResultSetHandler.java,org.apache.ibatis.executor.resultset.DefaultResultSetHandler,org.pitest.mutationtest.engine.gregor.mutators.ReturnValsMutator,combineKeys,1002,NO_COVERAGE,none
DefaultResultSetHandler.java,org.apache.ibatis.executor.resultset.DefaultResultSetHandler,org.pitest.mutationtest.engine.gregor.mutators.VoidMethodCallMutator,combineKeys,999,NO_COVERAGE,none
DefaultResultSetHandler.java,org.apache.ibatis.executor.resultset.DefaultResultSetHandler,org.pitest.mutationtest.engine.gregor.mutators.ArgumentPropagationMutator,createAutomaticMappings,479,KILLED,org.apache.ibatis.submitted.extend.ExtendTest.org.apache.ibatis.submitted.extend.ExtendTest
DefaultResultSetHandler.java,org.apache.ibatis.executor.resultset.DefaultResultSetHandler,org.pitest.mutationtest.engine.gregor.mutators.ConstructorCallMutator,createAutomaticMappings,487,NO_COVERAGE,none
DefaultResultSetHandler.java,org.apache.ibatis.executor.resultset.DefaultResultSetHandler,org.pitest.mutationtest.engine.gregor.mutators.NegateConditionalsMutator,createAutomaticMappings,470,KILLED,org.apache.ibatis.submitted.extend.ExtendTest.org.apache.ibatis.submitted.extend.ExtendTest
DefaultResultSetHandler.java,org.apache.ibatis.executor.resultset.DefaultResultSetHandler,org.pitest.mutationtest.engine.gregor.mutators.NegateConditionalsMutator,createAutomaticMappings,473,NO_COVERAGE,none
DefaultResultSetHandler.java,org.apache.ibatis.executor.resultset.DefaultResultSetHandler,org.pitest.mutationtest.engine.gregor.mutators.NegateConditionalsMutator,createAutomaticMappings,481,NO_COVERAGE,none
DefaultResultSetHandler.java,org.apache.ibatis.executor.resultset.DefaultResultSetHandler,org.pitest.mutationtest.engine.gregor.mutators.NegateConditionalsMutator,createAutomaticMappings,485,NO_COVERAGE,none
DefaultResultSetHandler.java,org.apache.ibatis.executor.resultset.DefaultResultSetHandler,org.pitest.mutationtest.engine.gregor.mutators.NonVoidMethodCallMutator,createAutomaticMappings,463,KILLED,org.apache.ibatis.submitted.extend.ExtendTest.org.apache.ibatis.submitted.extend.ExtendTest
DefaultResultSetHandler.java,org.apache.ibatis.executor.resultset.DefaultResultSetHandler,org.pitest.mutationtest.engine.gregor.mutators.NonVoidMethodCallMutator,createAutomaticMappings,473,NO_COVERAGE,none
DefaultResultSetHandler.java,org.apache.ibatis.executor.resultset.DefaultResultSetHandler,org.pitest.mutationtest.engine.gregor.mutators.NonVoidMethodCallMutator,createAutomaticMappings,473,NO_COVERAGE,none
DefaultResultSetHandler.java,org.apache.ibatis.executor.resultset.DefaultResultSetHandler,org.pitest.mutationtest.engine.gregor.mutators.NonVoidMethodCallMutator,createAutomaticMappings,474,NO_COVERAGE,none
DefaultResultSetHandler.java,org.apache.ibatis.executor.resultset.DefaultResultSetHandler,org.pitest.mutationtest.engine.gregor.mutators.NonVoidMethodCallMutator,createAutomaticMappings,474,NO_COVERAGE,none
DefaultResultSetHandler.java,org.apache.ibatis.executor.resultset.DefaultResultSetHandler,org.pitest.mutationtest.engine.gregor.mutators.NonVoidMethodCallMutator,createAutomaticMappings,479,KILLED,org.apache.ibatis.submitted.extend.ExtendTest.org.apache.ibatis.submitted.extend.ExtendTest
DefaultResultSetHandler.java,org.apache.ibatis.executor.resultset.DefaultResultSetHandler,org.pitest.mutationtest.engine.gregor.mutators.NonVoidMethodCallMutator,createAutomaticMappings,479,KILLED,org.apache.ibatis.submitted.extend.ExtendTest.org.apache.ibatis.submitted.extend.ExtendTest
DefaultResultSetHandler.java,org.apache.ibatis.executor.resultset.DefaultResultSetHandler,org.pitest.mutationtest.engine.gregor.mutators.NonVoidMethodCallMutator,createAutomaticMappings,480,KILLED,org.apache.ibatis.submitted.extend.ExtendTest.org.apache.ibatis.submitted.extend.ExtendTest
DefaultResultSetHandler.java,org.apache.ibatis.executor.resultset.DefaultResultSetHandler,org.pitest.mutationtest.engine.gregor.mutators.NonVoidMethodCallMutator,createAutomaticMappings,481,NO_COVERAGE,none
DefaultResultSetHandler.java,org.apache.ibatis.executor.resultset.DefaultResultSetHandler,org.pitest.mutationtest.engine.gregor.mutators.NonVoidMethodCallMutator,createAutomaticMappings,481,NO_COVERAGE,none
DefaultResultSetHandler.java,org.apache.ibatis.executor.resultset.DefaultResultSetHandler,org.pitest.mutationtest.engine.gregor.mutators.NonVoidMethodCallMutator,createAutomaticMappings,484,NO_COVERAGE,none
DefaultResultSetHandler.java,org.apache.ibatis.executor.resultset.DefaultResultSetHandler,org.pitest.mutationtest.engine.gregor.mutators.NonVoidMethodCallMutator,createAutomaticMappings,485,NO_COVERAGE,none
DefaultResultSetHandler.java,org.apache.ibatis.executor.resultset.DefaultResultSetHandler,org.pitest.mutationtest.engine.gregor.mutators.NonVoidMethodCallMutator,createAutomaticMappings,485,NO_COVERAGE,none
DefaultResultSetHandler.java,org.apache.ibatis.executor.resultset.DefaultResultSetHandler,org.pitest.mutationtest.engine.gregor.mutators.NonVoidMethodCallMutator,createAutomaticMappings,486,NO_COVERAGE,none
DefaultResultSetHandler.java,org.apache.ibatis.executor.resultset.DefaultResultSetHandler,org.pitest.mutationtest.engine.gregor.mutators.NonVoidMethodCallMutator,createAutomaticMappings,487,NO_COVERAGE,none
DefaultResultSetHandler.java,org.apache.ibatis.executor.resultset.DefaultResultSetHandler,org.pitest.mutationtest.engine.gregor.mutators.NonVoidMethodCallMutator,createAutomaticMappings,487,NO_COVERAGE,none
DefaultResultSetHandler.java,org.apache.ibatis.executor.resultset.DefaultResultSetHandler,org.pitest.mutationtest.engine.gregor.mutators.NonVoidMethodCallMutator,createAutomaticMappings,489,NO_COVERAGE,none
DefaultResultSetHandler.java,org.apache.ibatis.executor.resultset.DefaultResultSetHandler,org.pitest.mutationtest.engine.gregor.mutators.NonVoidMethodCallMutator,createAutomaticMappings,493,KILLED,org.apache.ibatis.submitted.extend.ExtendTest.org.apache.ibatis.submitted.extend.ExtendTest
DefaultResultSetHandler.java,org.apache.ibatis.executor.resultset.DefaultResultSetHandler,org.pitest.mutationtest.engine.gregor.mutators.RemoveConditionalMutator_EQUAL_ELSE,createAutomaticMappings,470,KILLED,org.apache.ibatis.submitted.extend.ExtendTest.org.apache.ibatis.submitted.extend.ExtendTest
DefaultResultSetHandler.java,org.apache.ibatis.executor.resultset.DefaultResultSetHandler,org.pitest.mutationtest.engine.gregor.mutators.RemoveConditionalMutator_EQUAL_ELSE,createAutomaticMappings,470,KILLED,org.apache.ibatis.submitted.extend.ExtendTest.org.apache.ibatis.submitted.extend.ExtendTest
DefaultResultSetHandler.java,org.apache.ibatis.executor.resultset.DefaultResultSetHandler,org.pitest.mutationtest.engine.gregor.mutators.RemoveConditionalMutator_EQUAL_ELSE,createAutomaticMappings,473,NO_COVERAGE,none
DefaultResultSetHandler.java,org.apache.ibatis.executor.resultset.DefaultResultSetHandler,org.pitest.mutationtest.engine.gregor.mutators.RemoveConditionalMutator_EQUAL_ELSE,createAutomaticMappings,481,NO_COVERAGE,none
DefaultResultSetHandler.java,org.apache.ibatis.executor.resultset.DefaultResultSetHandler,org.pitest.mutationtest.engine.gregor.mutators.RemoveConditionalMutator_EQUAL_ELSE,createAutomaticMappings,485,NO_COVERAGE,none
DefaultResultSetHandler.java,org.apache.ibatis.executor.resultset.DefaultResultSetHandler,org.pitest.mutationtest.engine.gregor.mutators.RemoveConditionalMutator_EQUAL_ELSE,createAutomaticMappings,493,KILLED,org.apache.ibatis.submitted.extend.ExtendTest.org.apache.ibatis.submitted.extend.ExtendTest
DefaultResultSetHandler.java,org.apache.ibatis.executor.resultset.DefaultResultSetHandler,org.pitest.mutationtest.engine.gregor.mutators.RemoveConditionalMutator_EQUAL_IF,createAutomaticMappings,473,NO_COVERAGE,none
DefaultResultSetHandler.java,org.apache.ibatis.executor.resultset.DefaultResultSetHandler,org.pitest.mutationtest.engine.gregor.mutators.RemoveConditionalMutator_EQUAL_IF,createAutomaticMappings,480,KILLED,org.apache.ibatis.submitted.extend.ExtendTest.org.apache.ibatis.submitted.extend.ExtendTest
DefaultResultSetHandler.java,org.apache.ibatis.executor.resultset.DefaultResultSetHandler,org.pitest.mutationtest.engine.gregor.mutators.RemoveConditionalMutator_EQUAL_IF,createAutomaticMappings,481,NO_COVERAGE,none
DefaultResultSetHandler.java,org.apache.ibatis.executor.resultset.DefaultResultSetHandler,org.pitest.mutationtest.engine.gregor.mutators.RemoveConditionalMutator_EQUAL_IF,createAutomaticMappings,485,NO_COVERAGE,none
DefaultResultSetHandler.java,org.apache.ibatis.executor.resultset.DefaultResultSetHandler,org.pitest.mutationtest.engine.gregor.mutators.RemoveConditionalMutator_EQUAL_IF,createAutomaticMappings,493,KILLED,org.apache.ibatis.submitted.extend.ExtendTest.org.apache.ibatis.submitted.extend.ExtendTest
DefaultResultSetHandler.java,org.apache.ibatis.executor.resultset.DefaultResultSetHandler,org.pitest.mutationtest.engine.gregor.mutators.VoidMethodCallMutator,createAutomaticMappings,490,NO_COVERAGE,none
DefaultResultSetHandler.java,org.apache.ibatis.executor.resultset.DefaultResultSetHandler,org.pitest.mutationtest.engine.gregor.mutators.ArgumentPropagationMutator,createByConstructorSignature,651,NO_COVERAGE,none
DefaultResultSetHandler.java,org.apache.ibatis.executor.resultset.DefaultResultSetHandler,org.pitest.mutationtest.engine.gregor.mutators.ConditionalsBoundaryMutator,createByConstructorSignature,644,NO_COVERAGE,none
DefaultResultSetHandler.java,org.apache.ibatis.executor.resultset.DefaultResultSetHandler,org.pitest.mutationtest.engine.gregor.mutators.ConditionalsBoundaryMutator,createByConstructorSignature,647,NO_COVERAGE,none
DefaultResultSetHandler.java,org.apache.ibatis.executor.resultset.DefaultResultSetHandler,org.pitest.mutationtest.engine.gregor.mutators.ConstructorCallMutator,createByConstructorSignature,659,NO_COVERAGE,none
DefaultResultSetHandler.java,org.apache.ibatis.executor.resultset.DefaultResultSetHandler,org.pitest.mutationtest.engine.gregor.mutators.ConstructorCallMutator,createByConstructorSignature,659,NO_COVERAGE,none
DefaultResultSetHandler.java,org.apache.ibatis.executor.resultset.DefaultResultSetHandler,org.pitest.mutationtest.engine.gregor.mutators.IncrementsMutator,createByConstructorSignature,647,NO_COVERAGE,none
DefaultResultSetHandler.java,org.apache.ibatis.executor.resultset.DefaultResultSetHandler,org.pitest.mutationtest.engine.gregor.mutators.IncrementsMutator,createByConstructorSignature,644,NO_COVERAGE,none
DefaultResultSetHandler.java,org.apache.ibatis.executor.resultset.DefaultResultSetHandler,org.pitest.mutationtest.engine.gregor.mutators.InlineConstantMutator,createByConstructorSignature,644,NO_COVERAGE,none
DefaultResultSetHandler.java,org.apache.ibatis.executor.resultset.DefaultResultSetHandler,org.pitest.mutationtest.engine.gregor.mutators.InlineConstantMutator,createByConstructorSignature,646,NO_COVERAGE,none
DefaultResultSetHandler.java,org.apache.ibatis.executor.resultset.DefaultResultSetHandler,org.pitest.mutationtest.engine.gregor.mutators.InlineConstantMutator,createByConstructorSignature,647,NO_COVERAGE,none
DefaultResultSetHandler.java,org.apache.ibatis.executor.resultset.DefaultResultSetHandler,org.pitest.mutationtest.engine.gregor.mutators.InlineConstantMutator,createByConstructorSignature,654,NO_COVERAGE,none
DefaultResultSetHandler.java,org.apache.ibatis.executor.resultset.DefaultResultSetHandler,org.pitest.mutationtest.engine.gregor.mutators.InlineConstantMutator,createByConstructorSignature,654,NO_COVERAGE,none
DefaultResultSetHandler.java,org.apache.ibatis.executor.resultset.DefaultResultSetHandler,org.pitest.mutationtest.engine.gregor.mutators.NegateConditionalsMutator,createByConstructorSignature,644,NO_COVERAGE,none
DefaultResultSetHandler.java,org.apache.ibatis.executor.resultset.DefaultResultSetHandler,org.pitest.mutationtest.engine.gregor.mutators.NegateConditionalsMutator,createByConstructorSignature,645,NO_COVERAGE,none
DefaultResultSetHandler.java,org.apache.ibatis.executor.resultset.DefaultResultSetHandler,org.pitest.mutationtest.engine.gregor.mutators.NegateConditionalsMutator,createByConstructorSignature,647,NO_COVERAGE,none
DefaultResultSetHandler.java,org.apache.ibatis.executor.resultset.DefaultResultSetHandler,org.pitest.mutationtest.engine.gregor.mutators.NegateConditionalsMutator,createByConstructorSignature,654,NO_COVERAGE,none
DefaultResultSetHandler.java,org.apache.ibatis.executor.resultset.DefaultResultSetHandler,org.pitest.mutationtest.engine.gregor.mutators.NegateConditionalsMutator,createByConstructorSignature,654,NO_COVERAGE,none
DefaultResultSetHandler.java,org.apache.ibatis.executor.resultset.DefaultResultSetHandler,org.pitest.mutationtest.engine.gregor.mutators.NegateConditionalsMutator,createByConstructorSignature,656,NO_COVERAGE,none
DefaultResultSetHandler.java,org.apache.ibatis.executor.resultset.DefaultResultSetHandler,org.pitest.mutationtest.engine.gregor.mutators.NonVoidMethodCallMutator,createByConstructorSignature,644,NO_COVERAGE,none
DefaultResultSetHandler.java,org.apache.ibatis.executor.resultset.DefaultResultSetHandler,org.pitest.mutationtest.engine.gregor.mutators.NonVoidMethodCallMutator,createByConstructorSignature,645,NO_COVERAGE,none
DefaultResultSetHandler.java,org.apache.ibatis.executor.resultset.DefaultResultSetHandler,org.pitest.mutationtest.engine.gregor.mutators.NonVoidMethodCallMutator,createByConstructorSignature,645,NO_COVERAGE,none
DefaultResultSetHandler.java,org.apache.ibatis.executor.resultset.DefaultResultSetHandler,org.pitest.mutationtest.engine.gregor.mutators.NonVoidMethodCallMutator,createByConstructorSignature,645,NO_COVERAGE,none
DefaultResultSetHandler.java,org.apache.ibatis.executor.resultset.DefaultResultSetHandler,org.pitest.mutationtest.engine.gregor.mutators.NonVoidMethodCallMutator,createByConstructorSignature,645,NO_COVERAGE,none
DefaultResultSetHandler.java,org.apache.ibatis.executor.resultset.DefaultResultSetHandler,org.pitest.mutationtest.engine.gregor.mutators.NonVoidMethodCallMutator,createByConstructorSignature,647,NO_COVERAGE,none
DefaultResultSetHandler.java,org.apache.ibatis.executor.resultset.DefaultResultSetHandler,org.pitest.mutationtest.engine.gregor.mutators.NonVoidMethodCallMutator,createByConstructorSignature,648,NO_COVERAGE,none
DefaultResultSetHandler.java,org.apache.ibatis.executor.resultset.DefaultResultSetHandler,org.pitest.mutationtest.engine.gregor.mutators.NonVoidMethodCallMutator,createByConstructorSignature,649,NO_COVERAGE,none
DefaultResultSetHandler.java,org.apache.ibatis.executor.resultset.DefaultResultSetHandler,org.pitest.mutationtest.engine.gregor.mutators.NonVoidMethodCallMutator,createByConstructorSignature,649,NO_COVERAGE,none
DefaultResultSetHandler.java,org.apache.ibatis.executor.resultset.DefaultResultSetHandler,org.pitest.mutationtest.engine.gregor.mutators.NonVoidMethodCallMutator,createByConstructorSignature,650,NO_COVERAGE,none
DefaultResultSetHandler.java,org.apache.ibatis.executor.resultset.DefaultResultSetHandler,org.pitest.mutationtest.engine.gregor.mutators.NonVoidMethodCallMutator,createByConstructorSignature,651,NO_COVERAGE,none
DefaultResultSetHandler.java,org.apache.ibatis.executor.resultset.DefaultResultSetHandler,org.pitest.mutationtest.engine.gregor.mutators.NonVoidMethodCallMutator,createByConstructorSignature,651,NO_COVERAGE,none
DefaultResultSetHandler.java,org.apache.ibatis.executor.resultset.DefaultResultSetHandler,org.pitest.mutationtest.engine.gregor.mutators.NonVoidMethodCallMutator,createByConstructorSignature,651,NO_COVERAGE,none
DefaultResultSetHandler.java,org.apache.ibatis.executor.resultset.DefaultResultSetHandler,org.pitest.mutationtest.engine.gregor.mutators.NonVoidMethodCallMutator,createByConstructorSignature,652,NO_COVERAGE,none
DefaultResultSetHandler.java,org.apache.ibatis.executor.resultset.DefaultResultSetHandler,org.pitest.mutationtest.engine.gregor.mutators.NonVoidMethodCallMutator,createByConstructorSignature,653,NO_COVERAGE,none
DefaultResultSetHandler.java,org.apache.ibatis.executor.resultset.DefaultResultSetHandler,org.pitest.mutationtest.engine.gregor.mutators.NonVoidMethodCallMutator,createByConstructorSignature,656,NO_COVERAGE,none
DefaultResultSetHandler.java,org.apache.ibatis.executor.resultset.DefaultResultSetHandler,org.pitest.mutationtest.engine.gregor.mutators.NonVoidMethodCallMutator,createByConstructorSignature,659,NO_COVERAGE,none
DefaultResultSetHandler.java,org.apache.ibatis.executor.resultset.DefaultResultSetHandler,org.pitest.mutationtest.engine.gregor.mutators.NonVoidMethodCallMutator,createByConstructorSignature,659,NO_COVERAGE,none
DefaultResultSetHandler.java,org.apache.ibatis.executor.resultset.DefaultResultSetHandler,org.pitest.mutationtest.engine.gregor.mutators.NonVoidMethodCallMutator,createByConstructorSignature,659,NO_COVERAGE,none
DefaultResultSetHandler.java,org.apache.ibatis.executor.resultset.DefaultResultSetHandler,org.pitest.mutationtest.engine.gregor.mutators.NonVoidMethodCallMutator,createByConstructorSignature,659,NO_COVERAGE,none
DefaultResultSetHandler.java,org.apache.ibatis.executor.resultset.DefaultResultSetHandler,org.pitest.mutationtest.engine.gregor.mutators.NonVoidMethodCallMutator,createByConstructorSignature,659,NO_COVERAGE,none
DefaultResultSetHandler.java,org.apache.ibatis.executor.resultset.DefaultResultSetHandler,org.pitest.mutationtest.engine.gregor.mutators.NonVoidMethodCallMutator,createByConstructorSignature,659,NO_COVERAGE,none
DefaultResultSetHandler.java,org.apache.ibatis.executor.resultset.DefaultResultSetHandler,org.pitest.mutationtest.engine.gregor.mutators.NonVoidMethodCallMutator,createByConstructorSignature,659,NO_COVERAGE,none
DefaultResultSetHandler.java,org.apache.ibatis.executor.resultset.DefaultResultSetHandler,org.pitest.mutationtest.engine.gregor.mutators.RemoveConditionalMutator_EQUAL_ELSE,createByConstructorSignature,645,NO_COVERAGE,none
DefaultResultSetHandler.java,org.apache.ibatis.executor.resultset.DefaultResultSetHandler,org.pitest.mutationtest.engine.gregor.mutators.RemoveConditionalMutator_EQUAL_ELSE,createByConstructorSignature,654,NO_COVERAGE,none
DefaultResultSetHandler.java,org.apache.ibatis.executor.resultset.DefaultResultSetHandler,org.pitest.mutationtest.engine.gregor.mutators.RemoveConditionalMutator_EQUAL_ELSE,createByConstructorSignature,654,NO_COVERAGE,none
DefaultResultSetHandler.java,org.apache.ibatis.executor.resultset.DefaultResultSetHandler,org.pitest.mutationtest.engine.gregor.mutators.RemoveConditionalMutator_EQUAL_ELSE,createByConstructorSignature,656,NO_COVERAGE,none
DefaultResultSetHandler.java,org.apache.ibatis.executor.resultset.DefaultResultSetHandler,org.pitest.mutationtest.engine.gregor.mutators.RemoveConditionalMutator_EQUAL_IF,createByConstructorSignature,645,NO_COVERAGE,none
DefaultResultSetHandler.java,org.apache.ibatis.executor.resultset.DefaultResultSetHandler,org.pitest.mutationtest.engine.gregor.mutators.RemoveConditionalMutator_EQUAL_IF,createByConstructorSignature,654,NO_COVERAGE,none
DefaultResultSetHandler.java,org.apache.ibatis.executor.resultset.DefaultResultSetHandler,org.pitest.mutationtest.engine.gregor.mutators.RemoveConditionalMutator_EQUAL_IF,createByConstructorSignature,654,NO_COVERAGE,none
DefaultResultSetHandler.java,org.apache.ibatis.executor.resultset.DefaultResultSetHandler,org.pitest.mutationtest.engine.gregor.mutators.RemoveConditionalMutator_EQUAL_IF,createByConstructorSignature,656,NO_COVERAGE,none
DefaultResultSetHandler.java,org.apache.ibatis.executor.resultset.DefaultResultSetHandler,org.pitest.mutationtest.engine.gregor.mutators.RemoveConditionalMutator_ORDER_ELSE,createByConstructorSignature,644,NO_COVERAGE,none
DefaultResultSetHandler.java,org.apache.ibatis.executor.resultset.DefaultResultSetHandler,org.pitest.mutationtest.engine.gregor.mutators.RemoveConditionalMutator_ORDER_ELSE,createByConstructorSignature,647,NO_COVERAGE,none
DefaultResultSetHandler.java,org.apache.ibatis.executor.resultset.DefaultResultSetHandler,org.pitest.mutationtest.engine.gregor.mutators.RemoveConditionalMutator_ORDER_IF,createByConstructorSignature,644,NO_COVERAGE,none
DefaultResultSetHandler.java,org.apache.ibatis.executor.resultset.DefaultResultSetHandler,org.pitest.mutationtest.engine.gregor.mutators.RemoveConditionalMutator_ORDER_IF,createByConstructorSignature,647,NO_COVERAGE,none
DefaultResultSetHandler.java,org.apache.ibatis.executor.resultset.DefaultResultSetHandler,org.pitest.mutationtest.engine.gregor.mutators.ReturnValsMutator,createByConstructorSignature,656,NO_COVERAGE,none
DefaultResultSetHandler.java,org.apache.ibatis.executor.resultset.DefaultResultSetHandler,org.pitest.mutationtest.engine.gregor.mutators.ArgumentPropagationMutator,createKeyForMultipleResults,563,NO_COVERAGE,none
DefaultResultSetHandler.java,org.apache.ibatis.executor.resultset.DefaultResultSetHandler,org.pitest.mutationtest.engine.gregor.mutators.ConditionalsBoundaryMutator,createKeyForMultipleResults,562,NO_COVERAGE,none
DefaultResultSetHandler.java,org.apache.ibatis.executor.resultset.DefaultResultSetHandler,org.pitest.mutationtest.engine.gregor.mutators.ConstructorCallMutator,createKeyForMultipleResults,557,NO_COVERAGE,none
DefaultResultSetHandler.java,org.apache.ibatis.executor.resultset.DefaultResultSetHandler,org.pitest.mutationtest.engine.gregor.mutators.IncrementsMutator,createKeyForMultipleResults,562,NO_COVERAGE,none
DefaultResultSetHandler.java,org.apache.ibatis.executor.resultset.DefaultResultSetHandler,org.pitest.mutationtest.engine.gregor.mutators.InlineConstantMutator,createKeyForMultipleResults,562,NO_COVERAGE,none
DefaultResultSetHandler.java,org.apache.ibatis.executor.resultset.DefaultResultSetHandler,org.pitest.mutationtest.engine.gregor.mutators.NegateConditionalsMutator,createKeyForMultipleResults,559,NO_COVERAGE,none
DefaultResultSetHandler.java,org.apache.ibatis.executor.resultset.DefaultResultSetHandler,org.pitest.mutationtest.engine.gregor.mutators.NegateConditionalsMutator,createKeyForMultipleResults,559,NO_COVERAGE,none
DefaultResultSetHandler.java,org.apache.ibatis.executor.resultset.DefaultResultSetHandler,org.pitest.mutationtest.engine.gregor.mutators.NegateConditionalsMutator,createKeyForMultipleResults,562,NO_COVERAGE,none
DefaultResultSetHandler.java,org.apache.ibatis.executor.resultset.DefaultResultSetHandler,org.pitest.mutationtest.engine.gregor.mutators.NegateConditionalsMutator,createKeyForMultipleResults,564,NO_COVERAGE,none
DefaultResultSetHandler.java,org.apache.ibatis.executor.resultset.DefaultResultSetHandler,org.pitest.mutationtest.engine.gregor.mutators.NonVoidMethodCallMutator,createKeyForMultipleResults,560,NO_COVERAGE,none
DefaultResultSetHandler.java,org.apache.ibatis.executor.resultset.DefaultResultSetHandler,org.pitest.mutationtest.engine.gregor.mutators.NonVoidMethodCallMutator,createKeyForMultipleResults,561,NO_COVERAGE,none
DefaultResultSetHandler.java,org.apache.ibatis.executor.resultset.DefaultResultSetHandler,org.pitest.mutationtest.engine.gregor.mutators.NonVoidMethodCallMutator,createKeyForMultipleResults,563,NO_COVERAGE,none
DefaultResultSetHandler.java,org.apache.ibatis.executor.resultset.DefaultResultSetHandler,org.pitest.mutationtest.engine.gregor.mutators.RemoveConditionalMutator_EQUAL_ELSE,createKeyForMultipleResults,559,NO_COVERAGE,none
DefaultResultSetHandler.java,org.apache.ibatis.executor.resultset.DefaultResultSetHandler,org.pitest.mutationtest.engine.gregor.mutators.RemoveConditionalMutator_EQUAL_ELSE,createKeyForMultipleResults,559,NO_COVERAGE,none
DefaultResultSetHandler.java,org.apache.ibatis.executor.resultset.DefaultResultSetHandler,org.pitest.mutationtest.engine.gregor.mutators.RemoveConditionalMutator_EQUAL_ELSE,createKeyForMultipleResults,564,NO_COVERAGE,none
DefaultResultSetHandler.java,org.apache.ibatis.executor.resultset.DefaultResultSetHandler,org.pitest.mutationtest.engine.gregor.mutators.RemoveConditionalMutator_EQUAL_IF,createKeyForMultipleResults,559,NO_COVERAGE,none
DefaultResultSetHandler.java,org.apache.ibatis.executor.resultset.DefaultResultSetHandler,org.pitest.mutationtest.engine.gregor.mutators.RemoveConditionalMutator_EQUAL_IF,createKeyForMultipleResults,559,NO_COVERAGE,none
DefaultResultSetHandler.java,org.apache.ibatis.executor.resultset.DefaultResultSetHandler,org.pitest.mutationtest.engine.gregor.mutators.RemoveConditionalMutator_EQUAL_IF,createKeyForMultipleResults,564,NO_COVERAGE,none
DefaultResultSetHandler.java,org.apache.ibatis.executor.resultset.DefaultResultSetHandler,org.pitest.mutationtest.engine.gregor.mutators.RemoveConditionalMutator_ORDER_ELSE,createKeyForMultipleResults,562,NO_COVERAGE,none
DefaultResultSetHandler.java,org.apache.ibatis.executor.resultset.DefaultResultSetHandler,org.pitest.mutationtest.engine.gregor.mutators.RemoveConditionalMutator_ORDER_IF,createKeyForMultipleResults,562,NO_COVERAGE,none
DefaultResultSetHandler.java,org.apache.ibatis.executor.resultset.DefaultResultSetHandler,org.pitest.mutationtest.engine.gregor.mutators.ReturnValsMutator,createKeyForMultipleResults,570,NO_COVERAGE,none
DefaultResultSetHandler.java,org.apache.ibatis.executor.resultset.DefaultResultSetHandler,org.pitest.mutationtest.engine.gregor.mutators.VoidMethodCallMutator,createKeyForMultipleResults,558,NO_COVERAGE,none
DefaultResultSetHandler.java,org.apache.ibatis.executor.resultset.DefaultResultSetHandler,org.pitest.mutationtest.engine.gregor.mutators.VoidMethodCallMutator,createKeyForMultipleResults,565,NO_COVERAGE,none
DefaultResultSetHandler.java,org.apache.ibatis.executor.resultset.DefaultResultSetHandler,org.pitest.mutationtest.engine.gregor.mutators.VoidMethodCallMutator,createKeyForMultipleResults,566,NO_COVERAGE,none
DefaultResultSetHandler.java,org.apache.ibatis.executor.resultset.DefaultResultSetHandler,org.pitest.mutationtest.engine.gregor.mutators.ArgumentPropagationMutator,createParameterizedResultObject,628,NO_COVERAGE,none
DefaultResultSetHandler.java,org.apache.ibatis.executor.resultset.DefaultResultSetHandler,org.pitest.mutationtest.engine.gregor.mutators.ConstructorCallMutator,createParameterizedResultObject,631,NO_COVERAGE,none
DefaultResultSetHandler.java,org.apache.ibatis.executor.resultset.DefaultResultSetHandler,org.pitest.mutationtest.engine.gregor.mutators.ConstructorCallMutator,createParameterizedResultObject,631,NO_COVERAGE,none
DefaultResultSetHandler.java,org.apache.ibatis.executor.resultset.DefaultResultSetHandler,org.pitest.mutationtest.engine.gregor.mutators.ConstructorCallMutator,createParameterizedResultObject,633,NO_COVERAGE,none
DefaultResultSetHandler.java,org.apache.ibatis.executor.resultset.DefaultResultSetHandler,org.pitest.mutationtest.engine.gregor.mutators.ConstructorCallMutator,createParameterizedResultObject,633,NO_COVERAGE,none
DefaultResultSetHandler.java,org.apache.ibatis.executor.resultset.DefaultResultSetHandler,org.pitest.mutationtest.engine.gregor.mutators.InlineConstantMutator,createParameterizedResultObject,615,NO_COVERAGE,none
DefaultResultSetHandler.java,org.apache.ibatis.executor.resultset.DefaultResultSetHandler,org.pitest.mutationtest.engine.gregor.mutators.InlineConstantMutator,createParameterizedResultObject,637,NO_COVERAGE,none
DefaultResultSetHandler.java,org.apache.ibatis.executor.resultset.DefaultResultSetHandler,org.pitest.mutationtest.engine.gregor.mutators.InlineConstantMutator,createParameterizedResultObject,637,NO_COVERAGE,none
DefaultResultSetHandler.java,org.apache.ibatis.executor.resultset.DefaultResultSetHandler,org.pitest.mutationtest.engine.gregor.mutators.NegateConditionalsMutator,createParameterizedResultObject,616,NO_COVERAGE,none
DefaultResultSetHandler.java,org.apache.ibatis.executor.resultset.DefaultResultSetHandler,org.pitest.mutationtest.engine.gregor.mutators.NegateConditionalsMutator,createParameterizedResultObject,621,NO_COVERAGE,none
DefaultResultSetHandler.java,org.apache.ibatis.executor.resultset.DefaultResultSetHandler,org.pitest.mutationtest.engine.gregor.mutators.NegateConditionalsMutator,createParameterizedResultObject,623,NO_COVERAGE,none
DefaultResultSetHandler.java,org.apache.ibatis.executor.resultset.DefaultResultSetHandler,org.pitest.mutationtest.engine.gregor.mutators.NegateConditionalsMutator,createParameterizedResultObject,637,NO_COVERAGE,none
DefaultResultSetHandler.java,org.apache.ibatis.executor.resultset.DefaultResultSetHandler,org.pitest.mutationtest.engine.gregor.mutators.NegateConditionalsMutator,createParameterizedResultObject,637,NO_COVERAGE,none
DefaultResultSetHandler.java,org.apache.ibatis.executor.resultset.DefaultResultSetHandler,org.pitest.mutationtest.engine.gregor.mutators.NegateConditionalsMutator,createParameterizedResultObject,639,NO_COVERAGE,none
DefaultResultSetHandler.java,org.apache.ibatis.executor.resultset.DefaultResultSetHandler,org.pitest.mutationtest.engine.gregor.mutators.NonVoidMethodCallMutator,createParameterizedResultObject,616,NO_COVERAGE,none
DefaultResultSetHandler.java,org.apache.ibatis.executor.resultset.DefaultResultSetHandler,org.pitest.mutationtest.engine.gregor.mutators.NonVoidMethodCallMutator,createParameterizedResultObject,616,NO_COVERAGE,none
DefaultResultSetHandler.java,org.apache.ibatis.executor.resultset.DefaultResultSetHandler,org.pitest.mutationtest.engine.gregor.mutators.NonVoidMethodCallMutator,createParameterizedResultObject,616,NO_COVERAGE,none
DefaultResultSetHandler.java,org.apache.ibatis.executor.resultset.DefaultResultSetHandler,org.pitest.mutationtest.engine.gregor.mutators.NonVoidMethodCallMutator,createParameterizedResultObject,617,NO_COVERAGE,none
DefaultResultSetHandler.java,org.apache.ibatis.executor.resultset.DefaultResultSetHandler,org.pitest.mutationtest.engine.gregor.mutators.NonVoidMethodCallMutator,createParameterizedResultObject,618,NO_COVERAGE,none
DefaultResultSetHandler.java,org.apache.ibatis.executor.resultset.DefaultResultSetHandler,org.pitest.mutationtest.engine.gregor.mutators.NonVoidMethodCallMutator,createParameterizedResultObject,621,NO_COVERAGE,none
DefaultResultSetHandler.java,org.apache.ibatis.executor.resultset.DefaultResultSetHandler,org.pitest.mutationtest.engine.gregor.mutators.NonVoidMethodCallMutator,createParameterizedResultObject,622,NO_COVERAGE,none
DefaultResultSetHandler.java,org.apache.ibatis.executor.resultset.DefaultResultSetHandler,org.pitest.mutationtest.engine.gregor.mutators.NonVoidMethodCallMutator,createParameterizedResultObject,622,NO_COVERAGE,none
DefaultResultSetHandler.java,org.apache.ibatis.executor.resultset.DefaultResultSetHandler,org.pitest.mutationtest.engine.gregor.mutators.NonVoidMethodCallMutator,createParameterizedResultObject,623,NO_COVERAGE,none
DefaultResultSetHandler.java,org.apache.ibatis.executor.resultset.DefaultResultSetHandler,org.pitest.mutationtest.engine.gregor.mutators.NonVoidMethodCallMutator,createParameterizedResultObject,624,NO_COVERAGE,none
DefaultResultSetHandler.java,org.apache.ibatis.executor.resultset.DefaultResultSetHandler,org.pitest.mutationtest.engine.gregor.mutators.NonVoidMethodCallMutator,createParameterizedResultObject,624,NO_COVERAGE,none
DefaultResultSetHandler.java,org.apache.ibatis.executor.resultset.DefaultResultSetHandler,org.pitest.mutationtest.engine.gregor.mutators.NonVoidMethodCallMutator,createParameterizedResultObject,625,NO_COVERAGE,none
DefaultResultSetHandler.java,org.apache.ibatis.executor.resultset.DefaultResultSetHandler,org.pitest.mutationtest.engine.gregor.mutators.NonVoidMethodCallMutator,createParameterizedResultObject,627,NO_COVERAGE,none
DefaultResultSetHandler.java,org.apache.ibatis.executor.resultset.DefaultResultSetHandler,org.pitest.mutationtest.engine.gregor.mutators.NonVoidMethodCallMutator,createParameterizedResultObject,628,NO_COVERAGE,none
DefaultResultSetHandler.java,org.apache.ibatis.executor.resultset.DefaultResultSetHandler,org.pitest.mutationtest.engine.gregor.mutators.NonVoidMethodCallMutator,createParameterizedResultObject,628,NO_COVERAGE,none
DefaultResultSetHandler.java,org.apache.ibatis.executor.resultset.DefaultResultSetHandler,org.pitest.mutationtest.engine.gregor.mutators.NonVoidMethodCallMutator,createParameterizedResultObject,628,NO_COVERAGE,none
DefaultResultSetHandler.java,org.apache.ibatis.executor.resultset.DefaultResultSetHandler,org.pitest.mutationtest.engine.gregor.mutators.NonVoidMethodCallMutator,createParameterizedResultObject,631,NO_COVERAGE,none
DefaultResultSetHandler.java,org.apache.ibatis.executor.resultset.DefaultResultSetHandler,org.pitest.mutationtest.engine.gregor.mutators.NonVoidMethodCallMutator,createParameterizedResultObject,631,NO_COVERAGE,none
DefaultResultSetHandler.java,org.apache.ibatis.executor.resultset.DefaultResultSetHandler,org.pitest.mutationtest.engine.gregor.mutators.NonVoidMethodCallMutator,createParameterizedResultObject,631,NO_COVERAGE,none
DefaultResultSetHandler.java,org.apache.ibatis.executor.resultset.DefaultResultSetHandler,org.pitest.mutationtest.engine.gregor.mutators.NonVoidMethodCallMutator,createParameterizedResultObject,633,NO_COVERAGE,none
DefaultResultSetHandler.java,org.apache.ibatis.executor.resultset.DefaultResultSetHandler,org.pitest.mutationtest.engine.gregor.mutators.NonVoidMethodCallMutator,createParameterizedResultObject,633,NO_COVERAGE,none
DefaultResultSetHandler.java,org.apache.ibatis.executor.resultset.DefaultResultSetHandler,org.pitest.mutationtest.engine.gregor.mutators.NonVoidMethodCallMutator,createParameterizedResultObject,633,NO_COVERAGE,none
DefaultResultSetHandler.java,org.apache.ibatis.executor.resultset.DefaultResultSetHandler,org.pitest.mutationtest.engine.gregor.mutators.NonVoidMethodCallMutator,createParameterizedResultObject,635,NO_COVERAGE,none
DefaultResultSetHandler.java,org.apache.ibatis.executor.resultset.DefaultResultSetHandler,org.pitest.mutationtest.engine.gregor.mutators.NonVoidMethodCallMutator,createParameterizedResultObject,636,NO_COVERAGE,none
DefaultResultSetHandler.java,org.apache.ibatis.executor.resultset.DefaultResultSetHandler,org.pitest.mutationtest.engine.gregor.mutators.NonVoidMethodCallMutator,createParameterizedResultObject,639,NO_COVERAGE,none
DefaultResultSetHandler.java,org.apache.ibatis.executor.resultset.DefaultResultSetHandler,org.pitest.mutationtest.engine.gregor.mutators.RemoveConditionalMutator_EQUAL_ELSE,createParameterizedResultObject,616,NO_COVERAGE,none
DefaultResultSetHandler.java,org.apache.ibatis.executor.resultset.DefaultResultSetHandler,org.pitest.mutationtest.engine.gregor.mutators.RemoveConditionalMutator_EQUAL_ELSE,createParameterizedResultObject,621,NO_COVERAGE,none
DefaultResultSetHandler.java,org.apache.ibatis.executor.resultset.DefaultResultSetHandler,org.pitest.mutationtest.engine.gregor.mutators.RemoveConditionalMutator_EQUAL_ELSE,createParameterizedResultObject,623,NO_COVERAGE,none
DefaultResultSetHandler.java,org.apache.ibatis.executor.resultset.DefaultResultSetHandler,org.pitest.mutationtest.engine.gregor.mutators.RemoveConditionalMutator_EQUAL_ELSE,createParameterizedResultObject,637,NO_COVERAGE,none
DefaultResultSetHandler.java,org.apache.ibatis.executor.resultset.DefaultResultSetHandler,org.pitest.mutationtest.engine.gregor.mutators.RemoveConditionalMutator_EQUAL_ELSE,createParameterizedResultObject,637,NO_COVERAGE,none
DefaultResultSetHandler.java,org.apache.ibatis.executor.resultset.DefaultResultSetHandler,org.pitest.mutationtest.engine.gregor.mutators.RemoveConditionalMutator_EQUAL_ELSE,createParameterizedResultObject,639,NO_COVERAGE,none
DefaultResultSetHandler.java,org.apache.ibatis.executor.resultset.DefaultResultSetHandler,org.pitest.mutationtest.engine.gregor.mutators.RemoveConditionalMutator_EQUAL_IF,createParameterizedResultObject,616,NO_COVERAGE,none
DefaultResultSetHandler.java,org.apache.ibatis.executor.resultset.DefaultResultSetHandler,org.pitest.mutationtest.engine.gregor.mutators.RemoveConditionalMutator_EQUAL_IF,createParameterizedResultObject,621,NO_COVERAGE,none
DefaultResultSetHandler.java,org.apache.ibatis.executor.resultset.DefaultResultSetHandler,org.pitest.mutationtest.engine.gregor.mutators.RemoveConditionalMutator_EQUAL_IF,createParameterizedResultObject,623,NO_COVERAGE,none
DefaultResultSetHandler.java,org.apache.ibatis.executor.resultset.DefaultResultSetHandler,org.pitest.mutationtest.engine.gregor.mutators.RemoveConditionalMutator_EQUAL_IF,createParameterizedResultObject,637,NO_COVERAGE,none
DefaultResultSetHandler.java,org.apache.ibatis.executor.resultset.DefaultResultSetHandler,org.pitest.mutationtest.engine.gregor.mutators.RemoveConditionalMutator_EQUAL_IF,createParameterizedResultObject,637,NO_COVERAGE,none
DefaultResultSetHandler.java,org.apache.ibatis.executor.resultset.DefaultResultSetHandler,org.pitest.mutationtest.engine.gregor.mutators.RemoveConditionalMutator_EQUAL_IF,createParameterizedResultObject,639,NO_COVERAGE,none
DefaultResultSetHandler.java,org.apache.ibatis.executor.resultset.DefaultResultSetHandler,org.pitest.mutationtest.engine.gregor.mutators.ReturnValsMutator,createParameterizedResultObject,639,NO_COVERAGE,none
DefaultResultSetHandler.java,org.apache.ibatis.executor.resultset.DefaultResultSetHandler,org.pitest.mutationtest.engine.gregor.mutators.ArgumentPropagationMutator,createPrimitiveResultObject,676,NO_COVERAGE,none
DefaultResultSetHandler.java,org.apache.ibatis.executor.resultset.DefaultResultSetHandler,org.pitest.mutationtest.engine.gregor.mutators.InlineConstantMutator,createPrimitiveResultObject,675,NO_COVERAGE,none
DefaultResultSetHandler.java,org.apache.ibatis.executor.resultset.DefaultResultSetHandler,org.pitest.mutationtest.engine.gregor.mutators.InlineConstantMutator,createPrimitiveResultObject,678,NO_COVERAGE,none
DefaultResultSetHandler.java,org.apache.ibatis.executor.resultset.DefaultResultSetHandler,org.pitest.mutationtest.engine.gregor.mutators.NegateConditionalsMutator,createPrimitiveResultObject,673,NO_COVERAGE,none
DefaultResultSetHandler.java,org.apache.ibatis.executor.resultset.DefaultResultSetHandler,org.pitest.mutationtest.engine.gregor.mutators.NonVoidMethodCallMutator,createPrimitiveResultObject,671,NO_COVERAGE,none
DefaultResultSetHandler.java,org.apache.ibatis.executor.resultset.DefaultResultSetHandler,org.pitest.mutationtest.engine.gregor.mutators.NonVoidMethodCallMutator,createPrimitiveResultObject,673,NO_COVERAGE,none
DefaultResultSetHandler.java,org.apache.ibatis.executor.resultset.DefaultResultSetHandler,org.pitest.mutationtest.engine.gregor.mutators.NonVoidMethodCallMutator,createPrimitiveResultObject,673,NO_COVERAGE,none
DefaultResultSetHandler.java,org.apache.ibatis.executor.resultset.DefaultResultSetHandler,org.pitest.mutationtest.engine.gregor.mutators.NonVoidMethodCallMutator,createPrimitiveResultObject,674,NO_COVERAGE,none
DefaultResultSetHandler.java,org.apache.ibatis.executor.resultset.DefaultResultSetHandler,org.pitest.mutationtest.engine.gregor.mutators.NonVoidMethodCallMutator,createPrimitiveResultObject,675,NO_COVERAGE,none
DefaultResultSetHandler.java,org.apache.ibatis.executor.resultset.DefaultResultSetHandler,org.pitest.mutationtest.engine.gregor.mutators.NonVoidMethodCallMutator,createPrimitiveResultObject,676,NO_COVERAGE,none
DefaultResultSetHandler.java,org.apache.ibatis.executor.resultset.DefaultResultSetHandler,org.pitest.mutationtest.engine.gregor.mutators.NonVoidMethodCallMutator,createPrimitiveResultObject,676,NO_COVERAGE,none
DefaultResultSetHandler.java,org.apache.ibatis.executor.resultset.DefaultResultSetHandler,org.pitest.mutationtest.engine.gregor.mutators.NonVoidMethodCallMutator,createPrimitiveResultObject,678,NO_COVERAGE,none
DefaultResultSetHandler.java,org.apache.ibatis.executor.resultset.DefaultResultSetHandler,org.pitest.mutationtest.engine.gregor.mutators.NonVoidMethodCallMutator,createPrimitiveResultObject,678,NO_COVERAGE,none
DefaultResultSetHandler.java,org.apache.ibatis.executor.resultset.DefaultResultSetHandler,org.pitest.mutationtest.engine.gregor.mutators.NonVoidMethodCallMutator,createPrimitiveResultObject,680,NO_COVERAGE,none
DefaultResultSetHandler.java,org.apache.ibatis.executor.resultset.DefaultResultSetHandler,org.pitest.mutationtest.engine.gregor.mutators.NonVoidMethodCallMutator,createPrimitiveResultObject,681,NO_COVERAGE,none
DefaultResultSetHandler.java,org.apache.ibatis.executor.resultset.DefaultResultSetHandler,org.pitest.mutationtest.engine.gregor.mutators.NonVoidMethodCallMutator,createPrimitiveResultObject,681,NO_COVERAGE,none
DefaultResultSetHandler.java,org.apache.ibatis.executor.resultset.DefaultResultSetHandler,org.pitest.mutationtest.engine.gregor.mutators.RemoveConditionalMutator_EQUAL_ELSE,createPrimitiveResultObject,673,NO_COVERAGE,none
DefaultResultSetHandler.java,org.apache.ibatis.executor.resultset.DefaultResultSetHandler,org.pitest.mutationtest.engine.gregor.mutators.RemoveConditionalMutator_EQUAL_IF,createPrimitiveResultObject,673,NO_COVERAGE,none
DefaultResultSetHandler.java,org.apache.ibatis.executor.resultset.DefaultResultSetHandler,org.pitest.mutationtest.engine.gregor.mutators.ReturnValsMutator,createPrimitiveResultObject,681,NO_COVERAGE,none
DefaultResultSetHandler.java,org.apache.ibatis.executor.resultset.DefaultResultSetHandler,org.pitest.mutationtest.engine.gregor.mutators.ArgumentPropagationMutator,createResultObject,607,NO_COVERAGE,none
DefaultResultSetHandler.java,org.apache.ibatis.executor.resultset.DefaultResultSetHandler,org.pitest.mutationtest.engine.gregor.mutators.ConstructorCallMutator,createResultObject,610,NO_COVERAGE,none
DefaultResultSetHandler.java,org.apache.ibatis.executor.resultset.DefaultResultSetHandler,org.pitest.mutationtest.engine.gregor.mutators.ConstructorCallMutator,createResultObject,610,NO_COVERAGE,none
DefaultResultSetHandler.java,org.apache.ibatis.executor.resultset.DefaultResultSetHandler,org.pitest.mutationtest.engine.gregor.mutators.InlineConstantMutator,createResultObject,607,NO_COVERAGE,none
DefaultResultSetHandler.java,org.apache.ibatis.executor.resultset.DefaultResultSetHandler,org.pitest.mutationtest.engine.gregor.mutators.NegateConditionalsMutator,createResultObject,607,NO_COVERAGE,none
DefaultResultSetHandler.java,org.apache.ibatis.executor.resultset.DefaultResultSetHandler,org.pitest.mutationtest.engine.gregor.mutators.NonVoidMethodCallMutator,createResultObject,602,NO_COVERAGE,none
DefaultResultSetHandler.java,org.apache.ibatis.executor.resultset.DefaultResultSetHandler,org.pitest.mutationtest.engine.gregor.mutators.NonVoidMethodCallMutator,createResultObject,604,NO_COVERAGE,none
DefaultResultSetHandler.java,org.apache.ibatis.executor.resultset.DefaultResultSetHandler,org.pitest.mutationtest.engine.gregor.mutators.NonVoidMethodCallMutator,createResultObject,607,NO_COVERAGE,none
DefaultResultSetHandler.java,org.apache.ibatis.executor.resultset.DefaultResultSetHandler,org.pitest.mutationtest.engine.gregor.mutators.NonVoidMethodCallMutator,createResultObject,608,NO_COVERAGE,none
DefaultResultSetHandler.java,org.apache.ibatis.executor.resultset.DefaultResultSetHandler,org.pitest.mutationtest.engine.gregor.mutators.NonVoidMethodCallMutator,createResultObject,610,NO_COVERAGE,none
DefaultResultSetHandler.java,org.apache.ibatis.executor.resultset.DefaultResultSetHandler,org.pitest.mutationtest.engine.gregor.mutators.NonVoidMethodCallMutator,createResultObject,610,NO_COVERAGE,none
DefaultResultSetHandler.java,org.apache.ibatis.executor.resultset.DefaultResultSetHandler,org.pitest.mutationtest.engine.gregor.mutators.NonVoidMethodCallMutator,createResultObject,610,NO_COVERAGE,none
DefaultResultSetHandler.java,org.apache.ibatis.executor.resultset.DefaultResultSetHandler,org.pitest.mutationtest.engine.gregor.mutators.RemoveConditionalMutator_EQUAL_ELSE,createResultObject,607,NO_COVERAGE,none
DefaultResultSetHandler.java,org.apache.ibatis.executor.resultset.DefaultResultSetHandler,org.pitest.mutationtest.engine.gregor.mutators.RemoveConditionalMutator_EQUAL_IF,createResultObject,607,NO_COVERAGE,none
DefaultResultSetHandler.java,org.apache.ibatis.executor.resultset.DefaultResultSetHandler,org.pitest.mutationtest.engine.gregor.mutators.ReturnValsMutator,createResultObject,602,NO_COVERAGE,none
DefaultResultSetHandler.java,org.apache.ibatis.executor.resultset.DefaultResultSetHandler,org.pitest.mutationtest.engine.gregor.mutators.ReturnValsMutator,createResultObject,604,NO_COVERAGE,none
DefaultResultSetHandler.java,org.apache.ibatis.executor.resultset.DefaultResultSetHandler,org.pitest.mutationtest.engine.gregor.mutators.ReturnValsMutator,createResultObject,608,NO_COVERAGE,none
DefaultResultSetHandler.java,org.apache.ibatis.executor.resultset.DefaultResultSetHandler,org.pitest.mutationtest.engine.gregor.mutators.NegateConditionalsMutator,createResultObject,582,KILLED,org.apache.ibatis.submitted.extend.ExtendTest.org.apache.ibatis.submitted.extend.ExtendTest
DefaultResultSetHandler.java,org.apache.ibatis.executor.resultset.DefaultResultSetHandler,org.pitest.mutationtest.engine.gregor.mutators.NonVoidMethodCallMutator,createResultObject,582,KILLED,org.apache.ibatis.submitted.extend.ExtendTest.org.apache.ibatis.submitted.extend.ExtendTest
DefaultResultSetHandler.java,org.apache.ibatis.executor.resultset.DefaultResultSetHandler,org.pitest.mutationtest.engine.gregor.mutators.NonVoidMethodCallMutator,createResultObject,586,KILLED,org.apache.ibatis.submitted.extend.ExtendTest.org.apache.ibatis.submitted.extend.ExtendTest
DefaultResultSetHandler.java,org.apache.ibatis.executor.resultset.DefaultResultSetHandler,org.pitest.mutationtest.engine.gregor.mutators.RemoveConditionalMutator_EQUAL_IF,createResultObject,592,KILLED,org.apache.ibatis.submitted.extend.ExtendTest.org.apache.ibatis.submitted.extend.ExtendTest
DefaultResultSetHandler.java,org.apache.ibatis.executor.resultset.DefaultResultSetHandler,org.pitest.mutationtest.engine.gregor.mutators.experimental.MemberVariableMutator,createResultObject,592,KILLED,org.apache.ibatis.submitted.extend.ExtendTest.org.apache.ibatis.submitted.extend.ExtendTest
DefaultResultSetHandler.java,org.apache.ibatis.executor.resultset.DefaultResultSetHandler,org.pitest.mutationtest.engine.gregor.mutators.ConditionalsBoundaryMutator,createRowKey,985,NO_COVERAGE,none
DefaultResultSetHandler.java,org.apache.ibatis.executor.resultset.DefaultResultSetHandler,org.pitest.mutationtest.engine.gregor.mutators.ConstructorCallMutator,createRowKey,973,NO_COVERAGE,none
DefaultResultSetHandler.java,org.apache.ibatis.executor.resultset.DefaultResultSetHandler,org.pitest.mutationtest.engine.gregor.mutators.InlineConstantMutator,createRowKey,985,NO_COVERAGE,none
DefaultResultSetHandler.java,org.apache.ibatis.executor.resultset.DefaultResultSetHandler,org.pitest.mutationtest.engine.gregor.mutators.NegateConditionalsMutator,createRowKey,976,NO_COVERAGE,none
DefaultResultSetHandler.java,org.apache.ibatis.executor.resultset.DefaultResultSetHandler,org.pitest.mutationtest.engine.gregor.mutators.NegateConditionalsMutator,createRowKey,977,NO_COVERAGE,none
DefaultResultSetHandler.java,org.apache.ibatis.executor.resultset.DefaultResultSetHandler,org.pitest.mutationtest.engine.gregor.mutators.NegateConditionalsMutator,createRowKey,985,NO_COVERAGE,none
DefaultResultSetHandler.java,org.apache.ibatis.executor.resultset.DefaultResultSetHandler,org.pitest.mutationtest.engine.gregor.mutators.NonVoidMethodCallMutator,createRowKey,974,NO_COVERAGE,none
DefaultResultSetHandler.java,org.apache.ibatis.executor.resultset.DefaultResultSetHandler,org.pitest.mutationtest.engine.gregor.mutators.NonVoidMethodCallMutator,createRowKey,975,NO_COVERAGE,none
DefaultResultSetHandler.java,org.apache.ibatis.executor.resultset.DefaultResultSetHandler,org.pitest.mutationtest.engine.gregor.mutators.NonVoidMethodCallMutator,createRowKey,976,NO_COVERAGE,none
DefaultResultSetHandler.java,org.apache.ibatis.executor.resultset.DefaultResultSetHandler,org.pitest.mutationtest.engine.gregor.mutators.NonVoidMethodCallMutator,createRowKey,977,NO_COVERAGE,none
DefaultResultSetHandler.java,org.apache.ibatis.executor.resultset.DefaultResultSetHandler,org.pitest.mutationtest.engine.gregor.mutators.NonVoidMethodCallMutator,createRowKey,977,NO_COVERAGE,none
DefaultResultSetHandler.java,org.apache.ibatis.executor.resultset.DefaultResultSetHandler,org.pitest.mutationtest.engine.gregor.mutators.NonVoidMethodCallMutator,createRowKey,985,NO_COVERAGE,none
DefaultResultSetHandler.java,org.apache.ibatis.executor.resultset.DefaultResultSetHandler,org.pitest.mutationtest.engine.gregor.mutators.RemoveConditionalMutator_EQUAL_ELSE,createRowKey,976,NO_COVERAGE,none
DefaultResultSetHandler.java,org.apache.ibatis.executor.resultset.DefaultResultSetHandler,org.pitest.mutationtest.engine.gregor.mutators.RemoveConditionalMutator_EQUAL_ELSE,createRowKey,977,NO_COVERAGE,none
DefaultResultSetHandler.java,org.apache.ibatis.executor.resultset.DefaultResultSetHandler,org.pitest.mutationtest.engine.gregor.mutators.RemoveConditionalMutator_EQUAL_IF,createRowKey,976,NO_COVERAGE,none
DefaultResultSetHandler.java,org.apache.ibatis.executor.resultset.DefaultResultSetHandler,org.pitest.mutationtest.engine.gregor.mutators.RemoveConditionalMutator_EQUAL_IF,createRowKey,977,NO_COVERAGE,none
DefaultResultSetHandler.java,org.apache.ibatis.executor.resultset.DefaultResultSetHandler,org.pitest.mutationtest.engine.gregor.mutators.RemoveConditionalMutator_ORDER_ELSE,createRowKey,985,NO_COVERAGE,none
DefaultResultSetHandler.java,org.apache.ibatis.executor.resultset.DefaultResultSetHandler,org.pitest.mutationtest.engine.gregor.mutators.RemoveConditionalMutator_ORDER_IF,createRowKey,985,NO_COVERAGE,none
DefaultResultSetHandler.java,org.apache.ibatis.executor.resultset.DefaultResultSetHandler,org.pitest.mutationtest.engine.gregor.mutators.ReturnValsMutator,createRowKey,986,NO_COVERAGE,none
DefaultResultSetHandler.java,org.apache.ibatis.executor.resultset.DefaultResultSetHandler,org.pitest.mutationtest.engine.gregor.mutators.ReturnValsMutator,createRowKey,988,NO_COVERAGE,none
DefaultResultSetHandler.java,org.apache.ibatis.executor.resultset.DefaultResultSetHandler,org.pitest.mutationtest.engine.gregor.mutators.VoidMethodCallMutator,createRowKey,974,NO_COVERAGE,none
DefaultResultSetHandler.java,org.apache.ibatis.executor.resultset.DefaultResultSetHandler,org.pitest.mutationtest.engine.gregor.mutators.VoidMethodCallMutator,createRowKey,978,NO_COVERAGE,none
DefaultResultSetHandler.java,org.apache.ibatis.executor.resultset.DefaultResultSetHandler,org.pitest.mutationtest.engine.gregor.mutators.VoidMethodCallMutator,createRowKey,980,NO_COVERAGE,none
DefaultResultSetHandler.java,org.apache.ibatis.executor.resultset.DefaultResultSetHandler,org.pitest.mutationtest.engine.gregor.mutators.VoidMethodCallMutator,createRowKey,983,NO_COVERAGE,none
DefaultResultSetHandler.java,org.apache.ibatis.executor.resultset.DefaultResultSetHandler,org.pitest.mutationtest.engine.gregor.mutators.ArgumentPropagationMutator,createRowKeyForMap,1062,NO_COVERAGE,none
DefaultResultSetHandler.java,org.apache.ibatis.executor.resultset.DefaultResultSetHandler,org.pitest.mutationtest.engine.gregor.mutators.NegateConditionalsMutator,createRowKeyForMap,1061,NO_COVERAGE,none
DefaultResultSetHandler.java,org.apache.ibatis.executor.resultset.DefaultResultSetHandler,org.pitest.mutationtest.engine.gregor.mutators.NegateConditionalsMutator,createRowKeyForMap,1063,NO_COVERAGE,none
DefaultResultSetHandler.java,org.apache.ibatis.executor.resultset.DefaultResultSetHandler,org.pitest.mutationtest.engine.gregor.mutators.NonVoidMethodCallMutator,createRowKeyForMap,1060,NO_COVERAGE,none
DefaultResultSetHandler.java,org.apache.ibatis.executor.resultset.DefaultResultSetHandler,org.pitest.mutationtest.engine.gregor.mutators.NonVoidMethodCallMutator,createRowKeyForMap,1061,NO_COVERAGE,none
DefaultResultSetHandler.java,org.apache.ibatis.executor.resultset.DefaultResultSetHandler,org.pitest.mutationtest.engine.gregor.mutators.NonVoidMethodCallMutator,createRowKeyForMap,1061,NO_COVERAGE,none
DefaultResultSetHandler.java,org.apache.ibatis.executor.resultset.DefaultResultSetHandler,org.pitest.mutationtest.engine.gregor.mutators.NonVoidMethodCallMutator,createRowKeyForMap,1061,NO_COVERAGE,none
DefaultResultSetHandler.java,org.apache.ibatis.executor.resultset.DefaultResultSetHandler,org.pitest.mutationtest.engine.gregor.mutators.NonVoidMethodCallMutator,createRowKeyForMap,1062,NO_COVERAGE,none
DefaultResultSetHandler.java,org.apache.ibatis.executor.resultset.DefaultResultSetHandler,org.pitest.mutationtest.engine.gregor.mutators.NonVoidMethodCallMutator,createRowKeyForMap,1062,NO_COVERAGE,none
DefaultResultSetHandler.java,org.apache.ibatis.executor.resultset.DefaultResultSetHandler,org.pitest.mutationtest.engine.gregor.mutators.RemoveConditionalMutator_EQUAL_ELSE,createRowKeyForMap,1061,NO_COVERAGE,none
DefaultResultSetHandler.java,org.apache.ibatis.executor.resultset.DefaultResultSetHandler,org.pitest.mutationtest.engine.gregor.mutators.RemoveConditionalMutator_EQUAL_ELSE,createRowKeyForMap,1063,NO_COVERAGE,none
DefaultResultSetHandler.java,org.apache.ibatis.executor.resultset.DefaultResultSetHandler,org.pitest.mutationtest.engine.gregor.mutators.RemoveConditionalMutator_EQUAL_IF,createRowKeyForMap,1061,NO_COVERAGE,none
DefaultResultSetHandler.java,org.apache.ibatis.executor.resultset.DefaultResultSetHandler,org.pitest.mutationtest.engine.gregor.mutators.RemoveConditionalMutator_EQUAL_IF,createRowKeyForMap,1063,NO_COVERAGE,none
DefaultResultSetHandler.java,org.apache.ibatis.executor.resultset.DefaultResultSetHandler,org.pitest.mutationtest.engine.gregor.mutators.VoidMethodCallMutator,createRowKeyForMap,1064,NO_COVERAGE,none
DefaultResultSetHandler.java,org.apache.ibatis.executor.resultset.DefaultResultSetHandler,org.pitest.mutationtest.engine.gregor.mutators.VoidMethodCallMutator,createRowKeyForMap,1065,NO_COVERAGE,none
DefaultResultSetHandler.java,org.apache.ibatis.executor.resultset.DefaultResultSetHandler,org.pitest.mutationtest.engine.gregor.mutators.ArgumentPropagationMutator,createRowKeyForMappedProperties,1019,NO_COVERAGE,none
DefaultResultSetHandler.java,org.apache.ibatis.executor.resultset.DefaultResultSetHandler,org.pitest.mutationtest.engine.gregor.mutators.ArgumentPropagationMutator,createRowKeyForMappedProperties,1021,NO_COVERAGE,none
DefaultResultSetHandler.java,org.apache.ibatis.executor.resultset.DefaultResultSetHandler,org.pitest.mutationtest.engine.gregor.mutators.NegateConditionalsMutator,createRowKeyForMappedProperties,1014,NO_COVERAGE,none
DefaultResultSetHandler.java,org.apache.ibatis.executor.resultset.DefaultResultSetHandler,org.pitest.mutationtest.engine.gregor.mutators.NegateConditionalsMutator,createRowKeyForMappedProperties,1015,NO_COVERAGE,none
DefaultResultSetHandler.java,org.apache.ibatis.executor.resultset.DefaultResultSetHandler,org.pitest.mutationtest.engine.gregor.mutators.NegateConditionalsMutator,createRowKeyForMappedProperties,1015,NO_COVERAGE,none
DefaultResultSetHandler.java,org.apache.ibatis.executor.resultset.DefaultResultSetHandler,org.pitest.mutationtest.engine.gregor.mutators.NegateConditionalsMutator,createRowKeyForMappedProperties,1020,NO_COVERAGE,none
DefaultResultSetHandler.java,org.apache.ibatis.executor.resultset.DefaultResultSetHandler,org.pitest.mutationtest.engine.gregor.mutators.NegateConditionalsMutator,createRowKeyForMappedProperties,1025,NO_COVERAGE,none
DefaultResultSetHandler.java,org.apache.ibatis.executor.resultset.DefaultResultSetHandler,org.pitest.mutationtest.engine.gregor.mutators.NegateConditionalsMutator,createRowKeyForMappedProperties,1025,NO_COVERAGE,none
DefaultResultSetHandler.java,org.apache.ibatis.executor.resultset.DefaultResultSetHandler,org.pitest.mutationtest.engine.gregor.mutators.NegateConditionalsMutator,createRowKeyForMappedProperties,1027,NO_COVERAGE,none
DefaultResultSetHandler.java,org.apache.ibatis.executor.resultset.DefaultResultSetHandler,org.pitest.mutationtest.engine.gregor.mutators.NegateConditionalsMutator,createRowKeyForMappedProperties,1027,NO_COVERAGE,none
DefaultResultSetHandler.java,org.apache.ibatis.executor.resultset.DefaultResultSetHandler,org.pitest.mutationtest.engine.gregor.mutators.NonVoidMethodCallMutator,createRowKeyForMappedProperties,1014,NO_COVERAGE,none
DefaultResultSetHandler.java,org.apache.ibatis.executor.resultset.DefaultResultSetHandler,org.pitest.mutationtest.engine.gregor.mutators.NonVoidMethodCallMutator,createRowKeyForMappedProperties,1014,NO_COVERAGE,none
DefaultResultSetHandler.java,org.apache.ibatis.executor.resultset.DefaultResultSetHandler,org.pitest.mutationtest.engine.gregor.mutators.NonVoidMethodCallMutator,createRowKeyForMappedProperties,1014,NO_COVERAGE,none
DefaultResultSetHandler.java,org.apache.ibatis.executor.resultset.DefaultResultSetHandler,org.pitest.mutationtest.engine.gregor.mutators.NonVoidMethodCallMutator,createRowKeyForMappedProperties,1015,NO_COVERAGE,none
DefaultResultSetHandler.java,org.apache.ibatis.executor.resultset.DefaultResultSetHandler,org.pitest.mutationtest.engine.gregor.mutators.NonVoidMethodCallMutator,createRowKeyForMappedProperties,1015,NO_COVERAGE,none
DefaultResultSetHandler.java,org.apache.ibatis.executor.resultset.DefaultResultSetHandler,org.pitest.mutationtest.engine.gregor.mutators.NonVoidMethodCallMutator,createRowKeyForMappedProperties,1017,NO_COVERAGE,none
DefaultResultSetHandler.java,org.apache.ibatis.executor.resultset.DefaultResultSetHandler,org.pitest.mutationtest.engine.gregor.mutators.NonVoidMethodCallMutator,createRowKeyForMappedProperties,1017,NO_COVERAGE,none
DefaultResultSetHandler.java,org.apache.ibatis.executor.resultset.DefaultResultSetHandler,org.pitest.mutationtest.engine.gregor.mutators.NonVoidMethodCallMutator,createRowKeyForMappedProperties,1018,NO_COVERAGE,none
DefaultResultSetHandler.java,org.apache.ibatis.executor.resultset.DefaultResultSetHandler,org.pitest.mutationtest.engine.gregor.mutators.NonVoidMethodCallMutator,createRowKeyForMappedProperties,1019,NO_COVERAGE,none
DefaultResultSetHandler.java,org.apache.ibatis.executor.resultset.DefaultResultSetHandler,org.pitest.mutationtest.engine.gregor.mutators.NonVoidMethodCallMutator,createRowKeyForMappedProperties,1019,NO_COVERAGE,none
DefaultResultSetHandler.java,org.apache.ibatis.executor.resultset.DefaultResultSetHandler,org.pitest.mutationtest.engine.gregor.mutators.NonVoidMethodCallMutator,createRowKeyForMappedProperties,1020,NO_COVERAGE,none
DefaultResultSetHandler.java,org.apache.ibatis.executor.resultset.DefaultResultSetHandler,org.pitest.mutationtest.engine.gregor.mutators.NonVoidMethodCallMutator,createRowKeyForMappedProperties,1021,NO_COVERAGE,none
DefaultResultSetHandler.java,org.apache.ibatis.executor.resultset.DefaultResultSetHandler,org.pitest.mutationtest.engine.gregor.mutators.NonVoidMethodCallMutator,createRowKeyForMappedProperties,1021,NO_COVERAGE,none
DefaultResultSetHandler.java,org.apache.ibatis.executor.resultset.DefaultResultSetHandler,org.pitest.mutationtest.engine.gregor.mutators.NonVoidMethodCallMutator,createRowKeyForMappedProperties,1022,NO_COVERAGE,none
DefaultResultSetHandler.java,org.apache.ibatis.executor.resultset.DefaultResultSetHandler,org.pitest.mutationtest.engine.gregor.mutators.NonVoidMethodCallMutator,createRowKeyForMappedProperties,1023,NO_COVERAGE,none
DefaultResultSetHandler.java,org.apache.ibatis.executor.resultset.DefaultResultSetHandler,org.pitest.mutationtest.engine.gregor.mutators.NonVoidMethodCallMutator,createRowKeyForMappedProperties,1025,NO_COVERAGE,none
DefaultResultSetHandler.java,org.apache.ibatis.executor.resultset.DefaultResultSetHandler,org.pitest.mutationtest.engine.gregor.mutators.NonVoidMethodCallMutator,createRowKeyForMappedProperties,1026,NO_COVERAGE,none
DefaultResultSetHandler.java,org.apache.ibatis.executor.resultset.DefaultResultSetHandler,org.pitest.mutationtest.engine.gregor.mutators.NonVoidMethodCallMutator,createRowKeyForMappedProperties,1026,NO_COVERAGE,none
DefaultResultSetHandler.java,org.apache.ibatis.executor.resultset.DefaultResultSetHandler,org.pitest.mutationtest.engine.gregor.mutators.NonVoidMethodCallMutator,createRowKeyForMappedProperties,1027,NO_COVERAGE,none
DefaultResultSetHandler.java,org.apache.ibatis.executor.resultset.DefaultResultSetHandler,org.pitest.mutationtest.engine.gregor.mutators.RemoveConditionalMutator_EQUAL_ELSE,createRowKeyForMappedProperties,1014,NO_COVERAGE,none
DefaultResultSetHandler.java,org.apache.ibatis.executor.resultset.DefaultResultSetHandler,org.pitest.mutationtest.engine.gregor.mutators.RemoveConditionalMutator_EQUAL_ELSE,createRowKeyForMappedProperties,1015,NO_COVERAGE,none
DefaultResultSetHandler.java,org.apache.ibatis.executor.resultset.DefaultResultSetHandler,org.pitest.mutationtest.engine.gregor.mutators.RemoveConditionalMutator_EQUAL_ELSE,createRowKeyForMappedProperties,1015,NO_COVERAGE,none
DefaultResultSetHandler.java,org.apache.ibatis.executor.resultset.DefaultResultSetHandler,org.pitest.mutationtest.engine.gregor.mutators.RemoveConditionalMutator_EQUAL_ELSE,createRowKeyForMappedProperties,1020,NO_COVERAGE,none
DefaultResultSetHandler.java,org.apache.ibatis.executor.resultset.DefaultResultSetHandler,org.pitest.mutationtest.engine.gregor.mutators.RemoveConditionalMutator_EQUAL_ELSE,createRowKeyForMappedProperties,1025,NO_COVERAGE,none
DefaultResultSetHandler.java,org.apache.ibatis.executor.resultset.DefaultResultSetHandler,org.pitest.mutationtest.engine.gregor.mutators.RemoveConditionalMutator_EQUAL_ELSE,createRowKeyForMappedProperties,1025,NO_COVERAGE,none
DefaultResultSetHandler.java,org.apache.ibatis.executor.resultset.DefaultResultSetHandler,org.pitest.mutationtest.engine.gregor.mutators.RemoveConditionalMutator_EQUAL_ELSE,createRowKeyForMappedProperties,1027,NO_COVERAGE,none
DefaultResultSetHandler.java,org.apache.ibatis.executor.resultset.DefaultResultSetHandler,org.pitest.mutationtest.engine.gregor.mutators.RemoveConditionalMutator_EQUAL_ELSE,createRowKeyForMappedProperties,1027,NO_COVERAGE,none
DefaultResultSetHandler.java,org.apache.ibatis.executor.resultset.DefaultResultSetHandler,org.pitest.mutationtest.engine.gregor.mutators.RemoveConditionalMutator_EQUAL_IF,createRowKeyForMappedProperties,1014,NO_COVERAGE,none
DefaultResultSetHandler.java,org.apache.ibatis.executor.resultset.DefaultResultSetHandler,org.pitest.mutationtest.engine.gregor.mutators.RemoveConditionalMutator_EQUAL_IF,createRowKeyForMappedProperties,1015,NO_COVERAGE,none
DefaultResultSetHandler.java,org.apache.ibatis.executor.resultset.DefaultResultSetHandler,org.pitest.mutationtest.engine.gregor.mutators.RemoveConditionalMutator_EQUAL_IF,createRowKeyForMappedProperties,1015,NO_COVERAGE,none
DefaultResultSetHandler.java,org.apache.ibatis.executor.resultset.DefaultResultSetHandler,org.pitest.mutationtest.engine.gregor.mutators.RemoveConditionalMutator_EQUAL_IF,createRowKeyForMappedProperties,1020,NO_COVERAGE,none
DefaultResultSetHandler.java,org.apache.ibatis.executor.resultset.DefaultResultSetHandler,org.pitest.mutationtest.engine.gregor.mutators.RemoveConditionalMutator_EQUAL_IF,createRowKeyForMappedProperties,1025,NO_COVERAGE,none
DefaultResultSetHandler.java,org.apache.ibatis.executor.resultset.DefaultResultSetHandler,org.pitest.mutationtest.engine.gregor.mutators.RemoveConditionalMutator_EQUAL_IF,createRowKeyForMappedProperties,1025,NO_COVERAGE,none
DefaultResultSetHandler.java,org.apache.ibatis.executor.resultset.DefaultResultSetHandler,org.pitest.mutationtest.engine.gregor.mutators.RemoveConditionalMutator_EQUAL_IF,createRowKeyForMappedProperties,1027,NO_COVERAGE,none
DefaultResultSetHandler.java,org.apache.ibatis.executor.resultset.DefaultResultSetHandler,org.pitest.mutationtest.engine.gregor.mutators.RemoveConditionalMutator_EQUAL_IF,createRowKeyForMappedProperties,1027,NO_COVERAGE,none
DefaultResultSetHandler.java,org.apache.ibatis.executor.resultset.DefaultResultSetHandler,org.pitest.mutationtest.engine.gregor.mutators.VoidMethodCallMutator,createRowKeyForMappedProperties,1018,NO_COVERAGE,none
DefaultResultSetHandler.java,org.apache.ibatis.executor.resultset.DefaultResultSetHandler,org.pitest.mutationtest.engine.gregor.mutators.VoidMethodCallMutator,createRowKeyForMappedProperties,1028,NO_COVERAGE,none
DefaultResultSetHandler.java,org.apache.ibatis.executor.resultset.DefaultResultSetHandler,org.pitest.mutationtest.engine.gregor.mutators.VoidMethodCallMutator,createRowKeyForMappedProperties,1029,NO_COVERAGE,none
DefaultResultSetHandler.java,org.apache.ibatis.executor.resultset.DefaultResultSetHandler,org.pitest.mutationtest.engine.gregor.mutators.ArgumentPropagationMutator,createRowKeyForUnmappedProperties,1049,NO_COVERAGE,none
DefaultResultSetHandler.java,org.apache.ibatis.executor.resultset.DefaultResultSetHandler,org.pitest.mutationtest.engine.gregor.mutators.ArgumentPropagationMutator,createRowKeyForUnmappedProperties,1050,NO_COVERAGE,none
DefaultResultSetHandler.java,org.apache.ibatis.executor.resultset.DefaultResultSetHandler,org.pitest.mutationtest.engine.gregor.mutators.NegateConditionalsMutator,createRowKeyForUnmappedProperties,1039,NO_COVERAGE,none
DefaultResultSetHandler.java,org.apache.ibatis.executor.resultset.DefaultResultSetHandler,org.pitest.mutationtest.engine.gregor.mutators.NegateConditionalsMutator,createRowKeyForUnmappedProperties,1041,NO_COVERAGE,none
DefaultResultSetHandler.java,org.apache.ibatis.executor.resultset.DefaultResultSetHandler,org.pitest.mutationtest.engine.gregor.mutators.NegateConditionalsMutator,createRowKeyForUnmappedProperties,1041,NO_COVERAGE,none
DefaultResultSetHandler.java,org.apache.ibatis.executor.resultset.DefaultResultSetHandler,org.pitest.mutationtest.engine.gregor.mutators.NegateConditionalsMutator,createRowKeyForUnmappedProperties,1043,NO_COVERAGE,none
DefaultResultSetHandler.java,org.apache.ibatis.executor.resultset.DefaultResultSetHandler,org.pitest.mutationtest.engine.gregor.mutators.NegateConditionalsMutator,createRowKeyForUnmappedProperties,1049,NO_COVERAGE,none
DefaultResultSetHandler.java,org.apache.ibatis.executor.resultset.DefaultResultSetHandler,org.pitest.mutationtest.engine.gregor.mutators.NegateConditionalsMutator,createRowKeyForUnmappedProperties,1051,NO_COVERAGE,none
DefaultResultSetHandler.java,org.apache.ibatis.executor.resultset.DefaultResultSetHandler,org.pitest.mutationtest.engine.gregor.mutators.NonVoidMethodCallMutator,createRowKeyForUnmappedProperties,1037,NO_COVERAGE,none
DefaultResultSetHandler.java,org.apache.ibatis.executor.resultset.DefaultResultSetHandler,org.pitest.mutationtest.engine.gregor.mutators.NonVoidMethodCallMutator,createRowKeyForUnmappedProperties,1037,NO_COVERAGE,none
DefaultResultSetHandler.java,org.apache.ibatis.executor.resultset.DefaultResultSetHandler,org.pitest.mutationtest.engine.gregor.mutators.NonVoidMethodCallMutator,createRowKeyForUnmappedProperties,1038,NO_COVERAGE,none
DefaultResultSetHandler.java,org.apache.ibatis.executor.resultset.DefaultResultSetHandler,org.pitest.mutationtest.engine.gregor.mutators.NonVoidMethodCallMutator,createRowKeyForUnmappedProperties,1039,NO_COVERAGE,none
DefaultResultSetHandler.java,org.apache.ibatis.executor.resultset.DefaultResultSetHandler,org.pitest.mutationtest.engine.gregor.mutators.NonVoidMethodCallMutator,createRowKeyForUnmappedProperties,1039,NO_COVERAGE,none
DefaultResultSetHandler.java,org.apache.ibatis.executor.resultset.DefaultResultSetHandler,org.pitest.mutationtest.engine.gregor.mutators.NonVoidMethodCallMutator,createRowKeyForUnmappedProperties,1039,NO_COVERAGE,none
DefaultResultSetHandler.java,org.apache.ibatis.executor.resultset.DefaultResultSetHandler,org.pitest.mutationtest.engine.gregor.mutators.NonVoidMethodCallMutator,createRowKeyForUnmappedProperties,1041,NO_COVERAGE,none
DefaultResultSetHandler.java,org.apache.ibatis.executor.resultset.DefaultResultSetHandler,org.pitest.mutationtest.engine.gregor.mutators.NonVoidMethodCallMutator,createRowKeyForUnmappedProperties,1043,NO_COVERAGE,none
DefaultResultSetHandler.java,org.apache.ibatis.executor.resultset.DefaultResultSetHandler,org.pitest.mutationtest.engine.gregor.mutators.NonVoidMethodCallMutator,createRowKeyForUnmappedProperties,1043,NO_COVERAGE,none
DefaultResultSetHandler.java,org.apache.ibatis.executor.resultset.DefaultResultSetHandler,org.pitest.mutationtest.engine.gregor.mutators.NonVoidMethodCallMutator,createRowKeyForUnmappedProperties,1044,NO_COVERAGE,none
DefaultResultSetHandler.java,org.apache.ibatis.executor.resultset.DefaultResultSetHandler,org.pitest.mutationtest.engine.gregor.mutators.NonVoidMethodCallMutator,createRowKeyForUnmappedProperties,1044,NO_COVERAGE,none
DefaultResultSetHandler.java,org.apache.ibatis.executor.resultset.DefaultResultSetHandler,org.pitest.mutationtest.engine.gregor.mutators.NonVoidMethodCallMutator,createRowKeyForUnmappedProperties,1049,NO_COVERAGE,none
DefaultResultSetHandler.java,org.apache.ibatis.executor.resultset.DefaultResultSetHandler,org.pitest.mutationtest.engine.gregor.mutators.NonVoidMethodCallMutator,createRowKeyForUnmappedProperties,1049,NO_COVERAGE,none
DefaultResultSetHandler.java,org.apache.ibatis.executor.resultset.DefaultResultSetHandler,org.pitest.mutationtest.engine.gregor.mutators.NonVoidMethodCallMutator,createRowKeyForUnmappedProperties,1050,NO_COVERAGE,none
DefaultResultSetHandler.java,org.apache.ibatis.executor.resultset.DefaultResultSetHandler,org.pitest.mutationtest.engine.gregor.mutators.NonVoidMethodCallMutator,createRowKeyForUnmappedProperties,1050,NO_COVERAGE,none
DefaultResultSetHandler.java,org.apache.ibatis.executor.resultset.DefaultResultSetHandler,org.pitest.mutationtest.engine.gregor.mutators.RemoveConditionalMutator_EQUAL_ELSE,createRowKeyForUnmappedProperties,1039,NO_COVERAGE,none
DefaultResultSetHandler.java,org.apache.ibatis.executor.resultset.DefaultResultSetHandler,org.pitest.mutationtest.engine.gregor.mutators.RemoveConditionalMutator_EQUAL_ELSE,createRowKeyForUnmappedProperties,1041,NO_COVERAGE,none
DefaultResultSetHandler.java,org.apache.ibatis.executor.resultset.DefaultResultSetHandler,org.pitest.mutationtest.engine.gregor.mutators.RemoveConditionalMutator_EQUAL_ELSE,createRowKeyForUnmappedProperties,1041,NO_COVERAGE,none
DefaultResultSetHandler.java,org.apache.ibatis.executor.resultset.DefaultResultSetHandler,org.pitest.mutationtest.engine.gregor.mutators.RemoveConditionalMutator_EQUAL_ELSE,createRowKeyForUnmappedProperties,1043,NO_COVERAGE,none
DefaultResultSetHandler.java,org.apache.ibatis.executor.resultset.DefaultResultSetHandler,org.pitest.mutationtest.engine.gregor.mutators.RemoveConditionalMutator_EQUAL_ELSE,createRowKeyForUnmappedProperties,1049,NO_COVERAGE,none
DefaultResultSetHandler.java,org.apache.ibatis.executor.resultset.DefaultResultSetHandler,org.pitest.mutationtest.engine.gregor.mutators.RemoveConditionalMutator_EQUAL_ELSE,createRowKeyForUnmappedProperties,1051,NO_COVERAGE,none
DefaultResultSetHandler.java,org.apache.ibatis.executor.resultset.DefaultResultSetHandler,org.pitest.mutationtest.engine.gregor.mutators.RemoveConditionalMutator_EQUAL_IF,createRowKeyForUnmappedProperties,1039,NO_COVERAGE,none
DefaultResultSetHandler.java,org.apache.ibatis.executor.resultset.DefaultResultSetHandler,org.pitest.mutationtest.engine.gregor.mutators.RemoveConditionalMutator_EQUAL_IF,createRowKeyForUnmappedProperties,1041,NO_COVERAGE,none
DefaultResultSetHandler.java,org.apache.ibatis.executor.resultset.DefaultResultSetHandler,org.pitest.mutationtest.engine.gregor.mutators.RemoveConditionalMutator_EQUAL_IF,createRowKeyForUnmappedProperties,1041,NO_COVERAGE,none
DefaultResultSetHandler.java,org.apache.ibatis.executor.resultset.DefaultResultSetHandler,org.pitest.mutationtest.engine.gregor.mutators.RemoveConditionalMutator_EQUAL_IF,createRowKeyForUnmappedProperties,1043,NO_COVERAGE,none
DefaultResultSetHandler.java,org.apache.ibatis.executor.resultset.DefaultResultSetHandler,org.pitest.mutationtest.engine.gregor.mutators.RemoveConditionalMutator_EQUAL_IF,createRowKeyForUnmappedProperties,1049,NO_COVERAGE,none
DefaultResultSetHandler.java,org.apache.ibatis.executor.resultset.DefaultResultSetHandler,org.pitest.mutationtest.engine.gregor.mutators.RemoveConditionalMutator_EQUAL_IF,createRowKeyForUnmappedProperties,1051,NO_COVERAGE,none
DefaultResultSetHandler.java,org.apache.ibatis.executor.resultset.DefaultResultSetHandler,org.pitest.mutationtest.engine.gregor.mutators.VoidMethodCallMutator,createRowKeyForUnmappedProperties,1052,NO_COVERAGE,none
DefaultResultSetHandler.java,org.apache.ibatis.executor.resultset.DefaultResultSetHandler,org.pitest.mutationtest.engine.gregor.mutators.VoidMethodCallMutator,createRowKeyForUnmappedProperties,1053,NO_COVERAGE,none
DefaultResultSetHandler.java,org.apache.ibatis.executor.resultset.DefaultResultSetHandler,org.pitest.mutationtest.engine.gregor.mutators.ConditionalsBoundaryMutator,ensureNoRowBounds,322,NO_COVERAGE,none
DefaultResultSetHandler.java,org.apache.ibatis.executor.resultset.DefaultResultSetHandler,org.pitest.mutationtest.engine.gregor.mutators.ConditionalsBoundaryMutator,ensureNoRowBounds,322,NO_COVERAGE,none
DefaultResultSetHandler.java,org.apache.ibatis.executor.resultset.DefaultResultSetHandler,org.pitest.mutationtest.engine.gregor.mutators.ConstructorCallMutator,ensureNoRowBounds,323,NO_COVERAGE,none
DefaultResultSetHandler.java,org.apache.ibatis.executor.resultset.DefaultResultSetHandler,org.pitest.mutationtest.engine.gregor.mutators.InlineConstantMutator,ensureNoRowBounds,322,NO_COVERAGE,none
DefaultResultSetHandler.java,org.apache.ibatis.executor.resultset.DefaultResultSetHandler,org.pitest.mutationtest.engine.gregor.mutators.NegateConditionalsMutator,ensureNoRowBounds,322,NO_COVERAGE,none
DefaultResultSetHandler.java,org.apache.ibatis.executor.resultset.DefaultResultSetHandler,org.pitest.mutationtest.engine.gregor.mutators.NegateConditionalsMutator,ensureNoRowBounds,322,NO_COVERAGE,none
DefaultResultSetHandler.java,org.apache.ibatis.executor.resultset.DefaultResultSetHandler,org.pitest.mutationtest.engine.gregor.mutators.NegateConditionalsMutator,ensureNoRowBounds,322,NO_COVERAGE,none
DefaultResultSetHandler.java,org.apache.ibatis.executor.resultset.DefaultResultSetHandler,org.pitest.mutationtest.engine.gregor.mutators.NegateConditionalsMutator,ensureNoRowBounds,322,NO_COVERAGE,none
DefaultResultSetHandler.java,org.apache.ibatis.executor.resultset.DefaultResultSetHandler,org.pitest.mutationtest.engine.gregor.mutators.NonVoidMethodCallMutator,ensureNoRowBounds,322,NO_COVERAGE,none
DefaultResultSetHandler.java,org.apache.ibatis.executor.resultset.DefaultResultSetHandler,org.pitest.mutationtest.engine.gregor.mutators.NonVoidMethodCallMutator,ensureNoRowBounds,322,NO_COVERAGE,none
DefaultResultSetHandler.java,org.apache.ibatis.executor.resultset.DefaultResultSetHandler,org.pitest.mutationtest.engine.gregor.mutators.NonVoidMethodCallMutator,ensureNoRowBounds,322,NO_COVERAGE,none
DefaultResultSetHandler.java,org.apache.ibatis.executor.resultset.DefaultResultSetHandler,org.pitest.mutationtest.engine.gregor.mutators.RemoveConditionalMutator_EQUAL_ELSE,ensureNoRowBounds,322,NO_COVERAGE,none
DefaultResultSetHandler.java,org.apache.ibatis.executor.resultset.DefaultResultSetHandler,org.pitest.mutationtest.engine.gregor.mutators.RemoveConditionalMutator_EQUAL_ELSE,ensureNoRowBounds,322,NO_COVERAGE,none
DefaultResultSetHandler.java,org.apache.ibatis.executor.resultset.DefaultResultSetHandler,org.pitest.mutationtest.engine.gregor.mutators.RemoveConditionalMutator_EQUAL_IF,ensureNoRowBounds,322,NO_COVERAGE,none
DefaultResultSetHandler.java,org.apache.ibatis.executor.resultset.DefaultResultSetHandler,org.pitest.mutationtest.engine.gregor.mutators.RemoveConditionalMutator_EQUAL_IF,ensureNoRowBounds,322,NO_COVERAGE,none
DefaultResultSetHandler.java,org.apache.ibatis.executor.resultset.DefaultResultSetHandler,org.pitest.mutationtest.engine.gregor.mutators.RemoveConditionalMutator_ORDER_ELSE,ensureNoRowBounds,322,NO_COVERAGE,none
DefaultResultSetHandler.java,org.apache.ibatis.executor.resultset.DefaultResultSetHandler,org.pitest.mutationtest.engine.gregor.mutators.RemoveConditionalMutator_ORDER_ELSE,ensureNoRowBounds,322,NO_COVERAGE,none
DefaultResultSetHandler.java,org.apache.ibatis.executor.resultset.DefaultResultSetHandler,org.pitest.mutationtest.engine.gregor.mutators.RemoveConditionalMutator_ORDER_IF,ensureNoRowBounds,322,NO_COVERAGE,none
DefaultResultSetHandler.java,org.apache.ibatis.executor.resultset.DefaultResultSetHandler,org.pitest.mutationtest.engine.gregor.mutators.RemoveConditionalMutator_ORDER_IF,ensureNoRowBounds,322,NO_COVERAGE,none
DefaultResultSetHandler.java,org.apache.ibatis.executor.resultset.DefaultResultSetHandler,org.pitest.mutationtest.engine.gregor.mutators.ConstructorCallMutator,getColumnPrefix,931,NO_COVERAGE,none
DefaultResultSetHandler.java,org.apache.ibatis.executor.resultset.DefaultResultSetHandler,org.pitest.mutationtest.engine.gregor.mutators.NegateConditionalsMutator,getColumnPrefix,932,NO_COVERAGE,none
DefaultResultSetHandler.java,org.apache.ibatis.executor.resultset.DefaultResultSetHandler,org.pitest.mutationtest.engine.gregor.mutators.NegateConditionalsMutator,getColumnPrefix,935,NO_COVERAGE,none
DefaultResultSetHandler.java,org.apache.ibatis.executor.resultset.DefaultResultSetHandler,org.pitest.mutationtest.engine.gregor.mutators.NegateConditionalsMutator,getColumnPrefix,938,NO_COVERAGE,none
DefaultResultSetHandler.java,org.apache.ibatis.executor.resultset.DefaultResultSetHandler,org.pitest.mutationtest.engine.gregor.mutators.NonVoidMethodCallMutator,getColumnPrefix,933,NO_COVERAGE,none
DefaultResultSetHandler.java,org.apache.ibatis.executor.resultset.DefaultResultSetHandler,org.pitest.mutationtest.engine.gregor.mutators.NonVoidMethodCallMutator,getColumnPrefix,935,NO_COVERAGE,none
DefaultResultSetHandler.java,org.apache.ibatis.executor.resultset.DefaultResultSetHandler,org.pitest.mutationtest.engine.gregor.mutators.NonVoidMethodCallMutator,getColumnPrefix,936,NO_COVERAGE,none
DefaultResultSetHandler.java,org.apache.ibatis.executor.resultset.DefaultResultSetHandler,org.pitest.mutationtest.engine.gregor.mutators.NonVoidMethodCallMutator,getColumnPrefix,936,NO_COVERAGE,none
DefaultResultSetHandler.java,org.apache.ibatis.executor.resultset.DefaultResultSetHandler,org.pitest.mutationtest.engine.gregor.mutators.NonVoidMethodCallMutator,getColumnPrefix,938,NO_COVERAGE,none
DefaultResultSetHandler.java,org.apache.ibatis.executor.resultset.DefaultResultSetHandler,org.pitest.mutationtest.engine.gregor.mutators.NonVoidMethodCallMutator,getColumnPrefix,938,NO_COVERAGE,none
DefaultResultSetHandler.java,org.apache.ibatis.executor.resultset.DefaultResultSetHandler,org.pitest.mutationtest.engine.gregor.mutators.NonVoidMethodCallMutator,getColumnPrefix,938,NO_COVERAGE,none
DefaultResultSetHandler.java,org.apache.ibatis.executor.resultset.DefaultResultSetHandler,org.pitest.mutationtest.engine.gregor.mutators.RemoveConditionalMutator_EQUAL_ELSE,getColumnPrefix,932,NO_COVERAGE,none
DefaultResultSetHandler.java,org.apache.ibatis.executor.resultset.DefaultResultSetHandler,org.pitest.mutationtest.engine.gregor.mutators.RemoveConditionalMutator_EQUAL_ELSE,getColumnPrefix,935,NO_COVERAGE,none
DefaultResultSetHandler.java,org.apache.ibatis.executor.resultset.DefaultResultSetHandler,org.pitest.mutationtest.engine.gregor.mutators.RemoveConditionalMutator_EQUAL_ELSE,getColumnPrefix,938,NO_COVERAGE,none
DefaultResultSetHandler.java,org.apache.ibatis.executor.resultset.DefaultResultSetHandler,org.pitest.mutationtest.engine.gregor.mutators.RemoveConditionalMutator_EQUAL_IF,getColumnPrefix,932,NO_COVERAGE,none
DefaultResultSetHandler.java,org.apache.ibatis.executor.resultset.DefaultResultSetHandler,org.pitest.mutationtest.engine.gregor.mutators.RemoveConditionalMutator_EQUAL_IF,getColumnPrefix,935,NO_COVERAGE,none
DefaultResultSetHandler.java,org.apache.ibatis.executor.resultset.DefaultResultSetHandler,org.pitest.mutationtest.engine.gregor.mutators.RemoveConditionalMutator_EQUAL_IF,getColumnPrefix,938,NO_COVERAGE,none
DefaultResultSetHandler.java,org.apache.ibatis.executor.resultset.DefaultResultSetHandler,org.pitest.mutationtest.engine.gregor.mutators.ReturnValsMutator,getColumnPrefix,938,NO_COVERAGE,none
DefaultResultSetHandler.java,org.apache.ibatis.executor.resultset.DefaultResultSetHandler,org.pitest.mutationtest.engine.gregor.mutators.ArgumentPropagationMutator,getDiscriminatorValue,804,NO_COVERAGE,none
DefaultResultSetHandler.java,org.apache.ibatis.executor.resultset.DefaultResultSetHandler,org.pitest.mutationtest.engine.gregor.mutators.NonVoidMethodCallMutator,getDiscriminatorValue,802,NO_COVERAGE,none
DefaultResultSetHandler.java,org.apache.ibatis.executor.resultset.DefaultResultSetHandler,org.pitest.mutationtest.engine.gregor.mutators.NonVoidMethodCallMutator,getDiscriminatorValue,803,NO_COVERAGE,none
DefaultResultSetHandler.java,org.apache.ibatis.executor.resultset.DefaultResultSetHandler,org.pitest.mutationtest.engine.gregor.mutators.NonVoidMethodCallMutator,getDiscriminatorValue,804,NO_COVERAGE,none
DefaultResultSetHandler.java,org.apache.ibatis.executor.resultset.DefaultResultSetHandler,org.pitest.mutationtest.engine.gregor.mutators.NonVoidMethodCallMutator,getDiscriminatorValue,804,NO_COVERAGE,none
DefaultResultSetHandler.java,org.apache.ibatis.executor.resultset.DefaultResultSetHandler,org.pitest.mutationtest.engine.gregor.mutators.NonVoidMethodCallMutator,getDiscriminatorValue,804,NO_COVERAGE,none
DefaultResultSetHandler.java,org.apache.ibatis.executor.resultset.DefaultResultSetHandler,org.pitest.mutationtest.engine.gregor.mutators.ReturnValsMutator,getDiscriminatorValue,804,NO_COVERAGE,none
DefaultResultSetHandler.java,org.apache.ibatis.executor.resultset.DefaultResultSetHandler,org.pitest.mutationtest.engine.gregor.mutators.NonVoidMethodCallMutator,getFirstResultSet,235,NO_COVERAGE,none
DefaultResultSetHandler.java,org.apache.ibatis.executor.resultset.DefaultResultSetHandler,org.pitest.mutationtest.engine.gregor.mutators.RemoveConditionalMutator_EQUAL_ELSE,getFirstResultSet,234,NO_COVERAGE,none
DefaultResultSetHandler.java,org.apache.ibatis.executor.resultset.DefaultResultSetHandler,org.pitest.mutationtest.engine.gregor.mutators.RemoveConditionalMutator_EQUAL_IF,getFirstResultSet,237,NO_COVERAGE,none
DefaultResultSetHandler.java,org.apache.ibatis.executor.resultset.DefaultResultSetHandler,org.pitest.mutationtest.engine.gregor.mutators.ConstructorCallMutator,getNestedQueryConstructorValue,698,NO_COVERAGE,none
DefaultResultSetHandler.java,org.apache.ibatis.executor.resultset.DefaultResultSetHandler,org.pitest.mutationtest.engine.gregor.mutators.NegateConditionalsMutator,getNestedQueryConstructorValue,694,NO_COVERAGE,none
DefaultResultSetHandler.java,org.apache.ibatis.executor.resultset.DefaultResultSetHandler,org.pitest.mutationtest.engine.gregor.mutators.NonVoidMethodCallMutator,getNestedQueryConstructorValue,689,NO_COVERAGE,none
DefaultResultSetHandler.java,org.apache.ibatis.executor.resultset.DefaultResultSetHandler,org.pitest.mutationtest.engine.gregor.mutators.NonVoidMethodCallMutator,getNestedQueryConstructorValue,690,NO_COVERAGE,none
DefaultResultSetHandler.java,org.apache.ibatis.executor.resultset.DefaultResultSetHandler,org.pitest.mutationtest.engine.gregor.mutators.NonVoidMethodCallMutator,getNestedQueryConstructorValue,691,NO_COVERAGE,none
DefaultResultSetHandler.java,org.apache.ibatis.executor.resultset.DefaultResultSetHandler,org.pitest.mutationtest.engine.gregor.mutators.NonVoidMethodCallMutator,getNestedQueryConstructorValue,691,NO_COVERAGE,none
DefaultResultSetHandler.java,org.apache.ibatis.executor.resultset.DefaultResultSetHandler,org.pitest.mutationtest.engine.gregor.mutators.NonVoidMethodCallMutator,getNestedQueryConstructorValue,692,NO_COVERAGE,none
DefaultResultSetHandler.java,org.apache.ibatis.executor.resultset.DefaultResultSetHandler,org.pitest.mutationtest.engine.gregor.mutators.NonVoidMethodCallMutator,getNestedQueryConstructorValue,695,NO_COVERAGE,none
DefaultResultSetHandler.java,org.apache.ibatis.executor.resultset.DefaultResultSetHandler,org.pitest.mutationtest.engine.gregor.mutators.NonVoidMethodCallMutator,getNestedQueryConstructorValue,696,NO_COVERAGE,none
DefaultResultSetHandler.java,org.apache.ibatis.executor.resultset.DefaultResultSetHandler,org.pitest.mutationtest.engine.gregor.mutators.NonVoidMethodCallMutator,getNestedQueryConstructorValue,697,NO_COVERAGE,none
DefaultResultSetHandler.java,org.apache.ibatis.executor.resultset.DefaultResultSetHandler,org.pitest.mutationtest.engine.gregor.mutators.NonVoidMethodCallMutator,getNestedQueryConstructorValue,699,NO_COVERAGE,none
DefaultResultSetHandler.java,org.apache.ibatis.executor.resultset.DefaultResultSetHandler,org.pitest.mutationtest.engine.gregor.mutators.RemoveConditionalMutator_EQUAL_ELSE,getNestedQueryConstructorValue,694,NO_COVERAGE,none
DefaultResultSetHandler.java,org.apache.ibatis.executor.resultset.DefaultResultSetHandler,org.pitest.mutationtest.engine.gregor.mutators.RemoveConditionalMutator_EQUAL_IF,getNestedQueryConstructorValue,694,NO_COVERAGE,none
DefaultResultSetHandler.java,org.apache.ibatis.executor.resultset.DefaultResultSetHandler,org.pitest.mutationtest.engine.gregor.mutators.ReturnValsMutator,getNestedQueryConstructorValue,701,NO_COVERAGE,none
DefaultResultSetHandler.java,org.apache.ibatis.executor.resultset.DefaultResultSetHandler,org.pitest.mutationtest.engine.gregor.mutators.NegateConditionalsMutator,getNestedQueryMappingValue,712,NO_COVERAGE,none
DefaultResultSetHandler.java,org.apache.ibatis.executor.resultset.DefaultResultSetHandler,org.pitest.mutationtest.engine.gregor.mutators.RemoveConditionalMutator_EQUAL_IF,getNestedQueryMappingValue,721,NO_COVERAGE,none
DefaultResultSetHandler.java,org.apache.ibatis.executor.resultset.DefaultResultSetHandler,org.pitest.mutationtest.engine.gregor.mutators.VoidMethodCallMutator,getNestedQueryMappingValue,717,NO_COVERAGE,none
DefaultResultSetHandler.java,org.apache.ibatis.executor.resultset.DefaultResultSetHandler,org.pitest.mutationtest.engine.gregor.mutators.VoidMethodCallMutator,getNestedQueryMappingValue,722,NO_COVERAGE,none
DefaultResultSetHandler.java,org.apache.ibatis.executor.resultset.DefaultResultSetHandler,org.pitest.mutationtest.engine.gregor.mutators.ArgumentPropagationMutator,getNestedResultMap,965,NO_COVERAGE,none
DefaultResultSetHandler.java,org.apache.ibatis.executor.resultset.DefaultResultSetHandler,org.pitest.mutationtest.engine.gregor.mutators.NonVoidMethodCallMutator,getNestedResultMap,964,NO_COVERAGE,none
DefaultResultSetHandler.java,org.apache.ibatis.executor.resultset.DefaultResultSetHandler,org.pitest.mutationtest.engine.gregor.mutators.NonVoidMethodCallMutator,getNestedResultMap,965,NO_COVERAGE,none
DefaultResultSetHandler.java,org.apache.ibatis.executor.resultset.DefaultResultSetHandler,org.pitest.mutationtest.engine.gregor.mutators.ReturnValsMutator,getNestedResultMap,965,NO_COVERAGE,none
DefaultResultSetHandler.java,org.apache.ibatis.executor.resultset.DefaultResultSetHandler,org.pitest.mutationtest.engine.gregor.mutators.ConstructorCallMutator,getNextResultSet,253,NO_COVERAGE,none
DefaultResultSetHandler.java,org.apache.ibatis.executor.resultset.DefaultResultSetHandler,org.pitest.mutationtest.engine.gregor.mutators.NegateConditionalsMutator,getNextResultSet,249,KILLED,org.apache.ibatis.submitted.extend.ExtendTest.org.apache.ibatis.submitted.extend.ExtendTest
DefaultResultSetHandler.java,org.apache.ibatis.executor.resultset.DefaultResultSetHandler,org.pitest.mutationtest.engine.gregor.mutators.NegateConditionalsMutator,getNextResultSet,253,NO_COVERAGE,none
DefaultResultSetHandler.java,org.apache.ibatis.executor.resultset.DefaultResultSetHandler,org.pitest.mutationtest.engine.gregor.mutators.NonVoidMethodCallMutator,getNextResultSet,251,KILLED,org.apache.ibatis.submitted.extend.ExtendTest.org.apache.ibatis.submitted.extend.ExtendTest
DefaultResultSetHandler.java,org.apache.ibatis.executor.resultset.DefaultResultSetHandler,org.pitest.mutationtest.engine.gregor.mutators.NonVoidMethodCallMutator,getNextResultSet,252,NO_COVERAGE,none
DefaultResultSetHandler.java,org.apache.ibatis.executor.resultset.DefaultResultSetHandler,org.pitest.mutationtest.engine.gregor.mutators.RemoveConditionalMutator_EQUAL_ELSE,getNextResultSet,253,NO_COVERAGE,none
DefaultResultSetHandler.java,org.apache.ibatis.executor.resultset.DefaultResultSetHandler,org.pitest.mutationtest.engine.gregor.mutators.RemoveConditionalMutator_EQUAL_IF,getNextResultSet,251,KILLED,org.apache.ibatis.submitted.extend.ExtendTest.org.apache.ibatis.submitted.extend.ExtendTest
DefaultResultSetHandler.java,org.apache.ibatis.executor.resultset.DefaultResultSetHandler,org.pitest.mutationtest.engine.gregor.mutators.RemoveConditionalMutator_EQUAL_IF,getNextResultSet,253,NO_COVERAGE,none
DefaultResultSetHandler.java,org.apache.ibatis.executor.resultset.DefaultResultSetHandler,org.pitest.mutationtest.engine.gregor.mutators.ReturnValsMutator,getNextResultSet,253,NO_COVERAGE,none
DefaultResultSetHandler.java,org.apache.ibatis.executor.resultset.DefaultResultSetHandler,org.pitest.mutationtest.engine.gregor.mutators.NegateConditionalsMutator,getPropertyMappingValue,452,KILLED,org.apache.ibatis.submitted.extend.ExtendTest.org.apache.ibatis.submitted.extend.ExtendTest
DefaultResultSetHandler.java,org.apache.ibatis.executor.resultset.DefaultResultSetHandler,org.pitest.mutationtest.engine.gregor.mutators.NonVoidMethodCallMutator,getPropertyMappingValue,451,NO_COVERAGE,none
DefaultResultSetHandler.java,org.apache.ibatis.executor.resultset.DefaultResultSetHandler,org.pitest.mutationtest.engine.gregor.mutators.ReturnValsMutator,getPropertyMappingValue,454,NO_COVERAGE,none
DefaultResultSetHandler.java,org.apache.ibatis.executor.resultset.DefaultResultSetHandler,org.pitest.mutationtest.engine.gregor.mutators.VoidMethodCallMutator,getPropertyMappingValue,453,NO_COVERAGE,none
DefaultResultSetHandler.java,org.apache.ibatis.executor.resultset.DefaultResultSetHandler,org.pitest.mutationtest.engine.gregor.mutators.NegateConditionalsMutator,getResultMappingsForRowKey,1007,NO_COVERAGE,none
DefaultResultSetHandler.java,org.apache.ibatis.executor.resultset.DefaultResultSetHandler,org.pitest.mutationtest.engine.gregor.mutators.NonVoidMethodCallMutator,getResultMappingsForRowKey,1006,NO_COVERAGE,none
DefaultResultSetHandler.java,org.apache.ibatis.executor.resultset.DefaultResultSetHandler,org.pitest.mutationtest.engine.gregor.mutators.NonVoidMethodCallMutator,getResultMappingsForRowKey,1007,NO_COVERAGE,none
DefaultResultSetHandler.java,org.apache.ibatis.executor.resultset.DefaultResultSetHandler,org.pitest.mutationtest.engine.gregor.mutators.NonVoidMethodCallMutator,getResultMappingsForRowKey,1008,NO_COVERAGE,none
DefaultResultSetHandler.java,org.apache.ibatis.executor.resultset.DefaultResultSetHandler,org.pitest.mutationtest.engine.gregor.mutators.RemoveConditionalMutator_EQUAL_ELSE,getResultMappingsForRowKey,1007,NO_COVERAGE,none
DefaultResultSetHandler.java,org.apache.ibatis.executor.resultset.DefaultResultSetHandler,org.pitest.mutationtest.engine.gregor.mutators.RemoveConditionalMutator_EQUAL_IF,getResultMappingsForRowKey,1007,NO_COVERAGE,none
DefaultResultSetHandler.java,org.apache.ibatis.executor.resultset.DefaultResultSetHandler,org.pitest.mutationtest.engine.gregor.mutators.ReturnValsMutator,getResultMappingsForRowKey,1010,NO_COVERAGE,none
DefaultResultSetHandler.java,org.apache.ibatis.executor.resultset.DefaultResultSetHandler,org.pitest.mutationtest.engine.gregor.mutators.ConditionalsBoundaryMutator,getRowValue,391,KILLED,org.apache.ibatis.submitted.extend.ExtendTest.org.apache.ibatis.submitted.extend.ExtendTest
DefaultResultSetHandler.java,org.apache.ibatis.executor.resultset.DefaultResultSetHandler,org.pitest.mutationtest.engine.gregor.mutators.NegateConditionalsMutator,getRowValue,391,KILLED,org.apache.ibatis.submitted.extend.ExtendTest.org.apache.ibatis.submitted.extend.ExtendTest
DefaultResultSetHandler.java,org.apache.ibatis.executor.resultset.DefaultResultSetHandler,org.pitest.mutationtest.engine.gregor.mutators.NonVoidMethodCallMutator,getRowValue,384,KILLED,org.apache.ibatis.submitted.extend.ExtendTest.org.apache.ibatis.submitted.extend.ExtendTest
DefaultResultSetHandler.java,org.apache.ibatis.executor.resultset.DefaultResultSetHandler,org.pitest.mutationtest.engine.gregor.mutators.RemoveConditionalMutator_EQUAL_ELSE,getRowValue,387,KILLED,org.apache.ibatis.submitted.extend.ExtendTest.org.apache.ibatis.submitted.extend.ExtendTest
DefaultResultSetHandler.java,org.apache.ibatis.executor.resultset.DefaultResultSetHandler,org.pitest.mutationtest.engine.gregor.mutators.RemoveConditionalMutator_EQUAL_ELSE,getRowValue,388,SURVIVED,none
DefaultResultSetHandler.java,org.apache.ibatis.executor.resultset.DefaultResultSetHandler,org.pitest.mutationtest.engine.gregor.mutators.RemoveConditionalMutator_ORDER_ELSE,getRowValue,391,KILLED,org.apache.ibatis.submitted.extend.ExtendTest.org.apache.ibatis.submitted.extend.ExtendTest
DefaultResultSetHandler.java,org.apache.ibatis.executor.resultset.DefaultResultSetHandler,org.pitest.mutationtest.engine.gregor.mutators.RemoveConditionalMutator_ORDER_IF,getRowValue,391,KILLED,org.apache.ibatis.submitted.extend.ExtendTest.org.apache.ibatis.submitted.extend.ExtendTest
DefaultResultSetHandler.java,org.apache.ibatis.executor.resultset.DefaultResultSetHandler,org.pitest.mutationtest.engine.gregor.mutators.ArgumentPropagationMutator,getRowValue,858,NO_COVERAGE,none
DefaultResultSetHandler.java,org.apache.ibatis.executor.resultset.DefaultResultSetHandler,org.pitest.mutationtest.engine.gregor.mutators.ArgumentPropagationMutator,getRowValue,859,NO_COVERAGE,none
DefaultResultSetHandler.java,org.apache.ibatis.executor.resultset.DefaultResultSetHandler,org.pitest.mutationtest.engine.gregor.mutators.ArgumentPropagationMutator,getRowValue,866,NO_COVERAGE,none
DefaultResultSetHandler.java,org.apache.ibatis.executor.resultset.DefaultResultSetHandler,org.pitest.mutationtest.engine.gregor.mutators.ArgumentPropagationMutator,getRowValue,871,NO_COVERAGE,none
DefaultResultSetHandler.java,org.apache.ibatis.executor.resultset.DefaultResultSetHandler,org.pitest.mutationtest.engine.gregor.mutators.ArgumentPropagationMutator,getRowValue,872,NO_COVERAGE,none
DefaultResultSetHandler.java,org.apache.ibatis.executor.resultset.DefaultResultSetHandler,org.pitest.mutationtest.engine.gregor.mutators.ArgumentPropagationMutator,getRowValue,877,NO_COVERAGE,none
DefaultResultSetHandler.java,org.apache.ibatis.executor.resultset.DefaultResultSetHandler,org.pitest.mutationtest.engine.gregor.mutators.ConditionalsBoundaryMutator,getRowValue,873,NO_COVERAGE,none
DefaultResultSetHandler.java,org.apache.ibatis.executor.resultset.DefaultResultSetHandler,org.pitest.mutationtest.engine.gregor.mutators.ConstructorCallMutator,getRowValue,861,NO_COVERAGE,none
DefaultResultSetHandler.java,org.apache.ibatis.executor.resultset.DefaultResultSetHandler,org.pitest.mutationtest.engine.gregor.mutators.InlineConstantMutator,getRowValue,858,NO_COVERAGE,none
DefaultResultSetHandler.java,org.apache.ibatis.executor.resultset.DefaultResultSetHandler,org.pitest.mutationtest.engine.gregor.mutators.InlineConstantMutator,getRowValue,866,NO_COVERAGE,none
DefaultResultSetHandler.java,org.apache.ibatis.executor.resultset.DefaultResultSetHandler,org.pitest.mutationtest.engine.gregor.mutators.InlineConstantMutator,getRowValue,867,NO_COVERAGE,none
DefaultResultSetHandler.java,org.apache.ibatis.executor.resultset.DefaultResultSetHandler,org.pitest.mutationtest.engine.gregor.mutators.InlineConstantMutator,getRowValue,867,NO_COVERAGE,none
DefaultResultSetHandler.java,org.apache.ibatis.executor.resultset.DefaultResultSetHandler,org.pitest.mutationtest.engine.gregor.mutators.InlineConstantMutator,getRowValue,869,NO_COVERAGE,none
DefaultResultSetHandler.java,org.apache.ibatis.executor.resultset.DefaultResultSetHandler,org.pitest.mutationtest.engine.gregor.mutators.InlineConstantMutator,getRowValue,869,NO_COVERAGE,none
DefaultResultSetHandler.java,org.apache.ibatis.executor.resultset.DefaultResultSetHandler,org.pitest.mutationtest.engine.gregor.mutators.InlineConstantMutator,getRowValue,871,NO_COVERAGE,none
DefaultResultSetHandler.java,org.apache.ibatis.executor.resultset.DefaultResultSetHandler,org.pitest.mutationtest.engine.gregor.mutators.InlineConstantMutator,getRowValue,871,NO_COVERAGE,none
DefaultResultSetHandler.java,org.apache.ibatis.executor.resultset.DefaultResultSetHandler,org.pitest.mutationtest.engine.gregor.mutators.InlineConstantMutator,getRowValue,871,NO_COVERAGE,none
DefaultResultSetHandler.java,org.apache.ibatis.executor.resultset.DefaultResultSetHandler,org.pitest.mutationtest.engine.gregor.mutators.InlineConstantMutator,getRowValue,873,NO_COVERAGE,none
DefaultResultSetHandler.java,org.apache.ibatis.executor.resultset.DefaultResultSetHandler,org.pitest.mutationtest.engine.gregor.mutators.InlineConstantMutator,getRowValue,873,NO_COVERAGE,none
DefaultResultSetHandler.java,org.apache.ibatis.executor.resultset.DefaultResultSetHandler,org.pitest.mutationtest.engine.gregor.mutators.NegateConditionalsMutator,getRowValue,855,NO_COVERAGE,none
DefaultResultSetHandler.java,org.apache.ibatis.executor.resultset.DefaultResultSetHandler,org.pitest.mutationtest.engine.gregor.mutators.NegateConditionalsMutator,getRowValue,863,NO_COVERAGE,none
DefaultResultSetHandler.java,org.apache.ibatis.executor.resultset.DefaultResultSetHandler,org.pitest.mutationtest.engine.gregor.mutators.NegateConditionalsMutator,getRowValue,863,NO_COVERAGE,none
DefaultResultSetHandler.java,org.apache.ibatis.executor.resultset.DefaultResultSetHandler,org.pitest.mutationtest.engine.gregor.mutators.NegateConditionalsMutator,getRowValue,866,NO_COVERAGE,none
DefaultResultSetHandler.java,org.apache.ibatis.executor.resultset.DefaultResultSetHandler,org.pitest.mutationtest.engine.gregor.mutators.NegateConditionalsMutator,getRowValue,867,NO_COVERAGE,none
DefaultResultSetHandler.java,org.apache.ibatis.executor.resultset.DefaultResultSetHandler,org.pitest.mutationtest.engine.gregor.mutators.NegateConditionalsMutator,getRowValue,867,NO_COVERAGE,none
DefaultResultSetHandler.java,org.apache.ibatis.executor.resultset.DefaultResultSetHandler,org.pitest.mutationtest.engine.gregor.mutators.NegateConditionalsMutator,getRowValue,869,NO_COVERAGE,none
DefaultResultSetHandler.java,org.apache.ibatis.executor.resultset.DefaultResultSetHandler,org.pitest.mutationtest.engine.gregor.mutators.NegateConditionalsMutator,getRowValue,869,NO_COVERAGE,none
DefaultResultSetHandler.java,org.apache.ibatis.executor.resultset.DefaultResultSetHandler,org.pitest.mutationtest.engine.gregor.mutators.NegateConditionalsMutator,getRowValue,871,NO_COVERAGE,none
DefaultResultSetHandler.java,org.apache.ibatis.executor.resultset.DefaultResultSetHandler,org.pitest.mutationtest.engine.gregor.mutators.NegateConditionalsMutator,getRowValue,871,NO_COVERAGE,none
DefaultResultSetHandler.java,org.apache.ibatis.executor.resultset.DefaultResultSetHandler,org.pitest.mutationtest.engine.gregor.mutators.NegateConditionalsMutator,getRowValue,873,NO_COVERAGE,none
DefaultResultSetHandler.java,org.apache.ibatis.executor.resultset.DefaultResultSetHandler,org.pitest.mutationtest.engine.gregor.mutators.NegateConditionalsMutator,getRowValue,873,NO_COVERAGE,none
DefaultResultSetHandler.java,org.apache.ibatis.executor.resultset.DefaultResultSetHandler,org.pitest.mutationtest.engine.gregor.mutators.NegateConditionalsMutator,getRowValue,874,NO_COVERAGE,none
DefaultResultSetHandler.java,org.apache.ibatis.executor.resultset.DefaultResultSetHandler,org.pitest.mutationtest.engine.gregor.mutators.NegateConditionalsMutator,getRowValue,874,NO_COVERAGE,none
DefaultResultSetHandler.java,org.apache.ibatis.executor.resultset.DefaultResultSetHandler,org.pitest.mutationtest.engine.gregor.mutators.NegateConditionalsMutator,getRowValue,876,NO_COVERAGE,none
DefaultResultSetHandler.java,org.apache.ibatis.executor.resultset.DefaultResultSetHandler,org.pitest.mutationtest.engine.gregor.mutators.NonVoidMethodCallMutator,getRowValue,856,NO_COVERAGE,none
DefaultResultSetHandler.java,org.apache.ibatis.executor.resultset.DefaultResultSetHandler,org.pitest.mutationtest.engine.gregor.mutators.NonVoidMethodCallMutator,getRowValue,858,NO_COVERAGE,none
DefaultResultSetHandler.java,org.apache.ibatis.executor.resultset.DefaultResultSetHandler,org.pitest.mutationtest.engine.gregor.mutators.NonVoidMethodCallMutator,getRowValue,859,NO_COVERAGE,none
DefaultResultSetHandler.java,org.apache.ibatis.executor.resultset.DefaultResultSetHandler,org.pitest.mutationtest.engine.gregor.mutators.NonVoidMethodCallMutator,getRowValue,862,NO_COVERAGE,none
DefaultResultSetHandler.java,org.apache.ibatis.executor.resultset.DefaultResultSetHandler,org.pitest.mutationtest.engine.gregor.mutators.NonVoidMethodCallMutator,getRowValue,863,NO_COVERAGE,none
DefaultResultSetHandler.java,org.apache.ibatis.executor.resultset.DefaultResultSetHandler,org.pitest.mutationtest.engine.gregor.mutators.NonVoidMethodCallMutator,getRowValue,863,NO_COVERAGE,none
DefaultResultSetHandler.java,org.apache.ibatis.executor.resultset.DefaultResultSetHandler,org.pitest.mutationtest.engine.gregor.mutators.NonVoidMethodCallMutator,getRowValue,864,NO_COVERAGE,none
DefaultResultSetHandler.java,org.apache.ibatis.executor.resultset.DefaultResultSetHandler,org.pitest.mutationtest.engine.gregor.mutators.NonVoidMethodCallMutator,getRowValue,866,NO_COVERAGE,none
DefaultResultSetHandler.java,org.apache.ibatis.executor.resultset.DefaultResultSetHandler,org.pitest.mutationtest.engine.gregor.mutators.NonVoidMethodCallMutator,getRowValue,867,NO_COVERAGE,none
DefaultResultSetHandler.java,org.apache.ibatis.executor.resultset.DefaultResultSetHandler,org.pitest.mutationtest.engine.gregor.mutators.NonVoidMethodCallMutator,getRowValue,869,NO_COVERAGE,none
DefaultResultSetHandler.java,org.apache.ibatis.executor.resultset.DefaultResultSetHandler,org.pitest.mutationtest.engine.gregor.mutators.NonVoidMethodCallMutator,getRowValue,871,NO_COVERAGE,none
DefaultResultSetHandler.java,org.apache.ibatis.executor.resultset.DefaultResultSetHandler,org.pitest.mutationtest.engine.gregor.mutators.NonVoidMethodCallMutator,getRowValue,872,NO_COVERAGE,none
DefaultResultSetHandler.java,org.apache.ibatis.executor.resultset.DefaultResultSetHandler,org.pitest.mutationtest.engine.gregor.mutators.NonVoidMethodCallMutator,getRowValue,873,NO_COVERAGE,none
DefaultResultSetHandler.java,org.apache.ibatis.executor.resultset.DefaultResultSetHandler,org.pitest.mutationtest.engine.gregor.mutators.NonVoidMethodCallMutator,getRowValue,874,NO_COVERAGE,none
DefaultResultSetHandler.java,org.apache.ibatis.executor.resultset.DefaultResultSetHandler,org.pitest.mutationtest.engine.gregor.mutators.NonVoidMethodCallMutator,getRowValue,877,NO_COVERAGE,none
DefaultResultSetHandler.java,org.apache.ibatis.executor.resultset.DefaultResultSetHandler,org.pitest.mutationtest.engine.gregor.mutators.RemoveConditionalMutator_EQUAL_ELSE,getRowValue,855,NO_COVERAGE,none
DefaultResultSetHandler.java,org.apache.ibatis.executor.resultset.DefaultResultSetHandler,org.pitest.mutationtest.engine.gregor.mutators.RemoveConditionalMutator_EQUAL_ELSE,getRowValue,863,NO_COVERAGE,none
DefaultResultSetHandler.java,org.apache.ibatis.executor.resultset.DefaultResultSetHandler,org.pitest.mutationtest.engine.gregor.mutators.RemoveConditionalMutator_EQUAL_ELSE,getRowValue,863,NO_COVERAGE,none
DefaultResultSetHandler.java,org.apache.ibatis.executor.resultset.DefaultResultSetHandler,org.pitest.mutationtest.engine.gregor.mutators.RemoveConditionalMutator_EQUAL_ELSE,getRowValue,866,NO_COVERAGE,none
DefaultResultSetHandler.java,org.apache.ibatis.executor.resultset.DefaultResultSetHandler,org.pitest.mutationtest.engine.gregor.mutators.RemoveConditionalMutator_EQUAL_ELSE,getRowValue,867,NO_COVERAGE,none
DefaultResultSetHandler.java,org.apache.ibatis.executor.resultset.DefaultResultSetHandler,org.pitest.mutationtest.engine.gregor.mutators.RemoveConditionalMutator_EQUAL_ELSE,getRowValue,867,NO_COVERAGE,none
DefaultResultSetHandler.java,org.apache.ibatis.executor.resultset.DefaultResultSetHandler,org.pitest.mutationtest.engine.gregor.mutators.RemoveConditionalMutator_EQUAL_ELSE,getRowValue,869,NO_COVERAGE,none
DefaultResultSetHandler.java,org.apache.ibatis.executor.resultset.DefaultResultSetHandler,org.pitest.mutationtest.engine.gregor.mutators.RemoveConditionalMutator_EQUAL_ELSE,getRowValue,869,NO_COVERAGE,none
DefaultResultSetHandler.java,org.apache.ibatis.executor.resultset.DefaultResultSetHandler,org.pitest.mutationtest.engine.gregor.mutators.RemoveConditionalMutator_EQUAL_ELSE,getRowValue,871,NO_COVERAGE,none
DefaultResultSetHandler.java,org.apache.ibatis.executor.resultset.DefaultResultSetHandler,org.pitest.mutationtest.engine.gregor.mutators.RemoveConditionalMutator_EQUAL_ELSE,getRowValue,871,NO_COVERAGE,none
DefaultResultSetHandler.java,org.apache.ibatis.executor.resultset.DefaultResultSetHandler,org.pitest.mutationtest.engine.gregor.mutators.RemoveConditionalMutator_EQUAL_ELSE,getRowValue,873,NO_COVERAGE,none
DefaultResultSetHandler.java,org.apache.ibatis.executor.resultset.DefaultResultSetHandler,org.pitest.mutationtest.engine.gregor.mutators.RemoveConditionalMutator_EQUAL_ELSE,getRowValue,874,NO_COVERAGE,none
DefaultResultSetHandler.java,org.apache.ibatis.executor.resultset.DefaultResultSetHandler,org.pitest.mutationtest.engine.gregor.mutators.RemoveConditionalMutator_EQUAL_ELSE,getRowValue,874,NO_COVERAGE,none
DefaultResultSetHandler.java,org.apache.ibatis.executor.resultset.DefaultResultSetHandler,org.pitest.mutationtest.engine.gregor.mutators.RemoveConditionalMutator_EQUAL_IF,getRowValue,855,NO_COVERAGE,none
DefaultResultSetHandler.java,org.apache.ibatis.executor.resultset.DefaultResultSetHandler,org.pitest.mutationtest.engine.gregor.mutators.RemoveConditionalMutator_EQUAL_IF,getRowValue,863,NO_COVERAGE,none
DefaultResultSetHandler.java,org.apache.ibatis.executor.resultset.DefaultResultSetHandler,org.pitest.mutationtest.engine.gregor.mutators.RemoveConditionalMutator_EQUAL_IF,getRowValue,863,NO_COVERAGE,none
DefaultResultSetHandler.java,org.apache.ibatis.executor.resultset.DefaultResultSetHandler,org.pitest.mutationtest.engine.gregor.mutators.RemoveConditionalMutator_EQUAL_IF,getRowValue,866,NO_COVERAGE,none
DefaultResultSetHandler.java,org.apache.ibatis.executor.resultset.DefaultResultSetHandler,org.pitest.mutationtest.engine.gregor.mutators.RemoveConditionalMutator_EQUAL_IF,getRowValue,867,NO_COVERAGE,none
DefaultResultSetHandler.java,org.apache.ibatis.executor.resultset.DefaultResultSetHandler,org.pitest.mutationtest.engine.gregor.mutators.RemoveConditionalMutator_EQUAL_IF,getRowValue,867,NO_COVERAGE,none
DefaultResultSetHandler.java,org.apache.ibatis.executor.resultset.DefaultResultSetHandler,org.pitest.mutationtest.engine.gregor.mutators.RemoveConditionalMutator_EQUAL_IF,getRowValue,869,NO_COVERAGE,none
DefaultResultSetHandler.java,org.apache.ibatis.executor.resultset.DefaultResultSetHandler,org.pitest.mutationtest.engine.gregor.mutators.RemoveConditionalMutator_EQUAL_IF,getRowValue,869,NO_COVERAGE,none
DefaultResultSetHandler.java,org.apache.ibatis.executor.resultset.DefaultResultSetHandler,org.pitest.mutationtest.engine.gregor.mutators.RemoveConditionalMutator_EQUAL_IF,getRowValue,871,NO_COVERAGE,none
DefaultResultSetHandler.java,org.apache.ibatis.executor.resultset.DefaultResultSetHandler,org.pitest.mutationtest.engine.gregor.mutators.RemoveConditionalMutator_EQUAL_IF,getRowValue,871,NO_COVERAGE,none
DefaultResultSetHandler.java,org.apache.ibatis.executor.resultset.DefaultResultSetHandler,org.pitest.mutationtest.engine.gregor.mutators.RemoveConditionalMutator_EQUAL_IF,getRowValue,873,NO_COVERAGE,none
DefaultResultSetHandler.java,org.apache.ibatis.executor.resultset.DefaultResultSetHandler,org.pitest.mutationtest.engine.gregor.mutators.RemoveConditionalMutator_EQUAL_IF,getRowValue,874,NO_COVERAGE,none
DefaultResultSetHandler.java,org.apache.ibatis.executor.resultset.DefaultResultSetHandler,org.pitest.mutationtest.engine.gregor.mutators.RemoveConditionalMutator_EQUAL_IF,getRowValue,874,NO_COVERAGE,none
DefaultResultSetHandler.java,org.apache.ibatis.executor.resultset.DefaultResultSetHandler,org.pitest.mutationtest.engine.gregor.mutators.RemoveConditionalMutator_EQUAL_IF,getRowValue,876,NO_COVERAGE,none
DefaultResultSetHandler.java,org.apache.ibatis.executor.resultset.DefaultResultSetHandler,org.pitest.mutationtest.engine.gregor.mutators.RemoveConditionalMutator_ORDER_ELSE,getRowValue,873,NO_COVERAGE,none
DefaultResultSetHandler.java,org.apache.ibatis.executor.resultset.DefaultResultSetHandler,org.pitest.mutationtest.engine.gregor.mutators.RemoveConditionalMutator_ORDER_IF,getRowValue,873,NO_COVERAGE,none
DefaultResultSetHandler.java,org.apache.ibatis.executor.resultset.DefaultResultSetHandler,org.pitest.mutationtest.engine.gregor.mutators.ReturnValsMutator,getRowValue,880,NO_COVERAGE,none
DefaultResultSetHandler.java,org.apache.ibatis.executor.resultset.DefaultResultSetHandler,org.pitest.mutationtest.engine.gregor.mutators.VoidMethodCallMutator,getRowValue,857,NO_COVERAGE,none
DefaultResultSetHandler.java,org.apache.ibatis.executor.resultset.DefaultResultSetHandler,org.pitest.mutationtest.engine.gregor.mutators.ConstructorCallMutator,handleCursorResultSets,222,NO_COVERAGE,none
DefaultResultSetHandler.java,org.apache.ibatis.executor.resultset.DefaultResultSetHandler,org.pitest.mutationtest.engine.gregor.mutators.ConstructorCallMutator,handleCursorResultSets,226,NO_COVERAGE,none
DefaultResultSetHandler.java,org.apache.ibatis.executor.resultset.DefaultResultSetHandler,org.pitest.mutationtest.engine.gregor.mutators.InlineConstantMutator,handleCursorResultSets,221,NO_COVERAGE,none
DefaultResultSetHandler.java,org.apache.ibatis.executor.resultset.DefaultResultSetHandler,org.pitest.mutationtest.engine.gregor.mutators.InlineConstantMutator,handleCursorResultSets,225,NO_COVERAGE,none
DefaultResultSetHandler.java,org.apache.ibatis.executor.resultset.DefaultResultSetHandler,org.pitest.mutationtest.engine.gregor.mutators.NegateConditionalsMutator,handleCursorResultSets,221,NO_COVERAGE,none
DefaultResultSetHandler.java,org.apache.ibatis.executor.resultset.DefaultResultSetHandler,org.pitest.mutationtest.engine.gregor.mutators.NonVoidMethodCallMutator,handleCursorResultSets,213,NO_COVERAGE,none
DefaultResultSetHandler.java,org.apache.ibatis.executor.resultset.DefaultResultSetHandler,org.pitest.mutationtest.engine.gregor.mutators.NonVoidMethodCallMutator,handleCursorResultSets,213,NO_COVERAGE,none
DefaultResultSetHandler.java,org.apache.ibatis.executor.resultset.DefaultResultSetHandler,org.pitest.mutationtest.engine.gregor.mutators.NonVoidMethodCallMutator,handleCursorResultSets,213,NO_COVERAGE,none
DefaultResultSetHandler.java,org.apache.ibatis.executor.resultset.DefaultResultSetHandler,org.pitest.mutationtest.engine.gregor.mutators.NonVoidMethodCallMutator,handleCursorResultSets,213,NO_COVERAGE,none
DefaultResultSetHandler.java,org.apache.ibatis.executor.resultset.DefaultResultSetHandler,org.pitest.mutationtest.engine.gregor.mutators.NonVoidMethodCallMutator,handleCursorResultSets,215,NO_COVERAGE,none
DefaultResultSetHandler.java,org.apache.ibatis.executor.resultset.DefaultResultSetHandler,org.pitest.mutationtest.engine.gregor.mutators.NonVoidMethodCallMutator,handleCursorResultSets,219,NO_COVERAGE,none
DefaultResultSetHandler.java,org.apache.ibatis.executor.resultset.DefaultResultSetHandler,org.pitest.mutationtest.engine.gregor.mutators.NonVoidMethodCallMutator,handleCursorResultSets,225,NO_COVERAGE,none
DefaultResultSetHandler.java,org.apache.ibatis.executor.resultset.DefaultResultSetHandler,org.pitest.mutationtest.engine.gregor.mutators.RemoveConditionalMutator_EQUAL_ELSE,handleCursorResultSets,221,NO_COVERAGE,none
DefaultResultSetHandler.java,org.apache.ibatis.executor.resultset.DefaultResultSetHandler,org.pitest.mutationtest.engine.gregor.mutators.RemoveConditionalMutator_EQUAL_IF,handleCursorResultSets,221,NO_COVERAGE,none
DefaultResultSetHandler.java,org.apache.ibatis.executor.resultset.DefaultResultSetHandler,org.pitest.mutationtest.engine.gregor.mutators.ReturnValsMutator,handleCursorResultSets,226,NO_COVERAGE,none
DefaultResultSetHandler.java,org.apache.ibatis.executor.resultset.DefaultResultSetHandler,org.pitest.mutationtest.engine.gregor.mutators.VoidMethodCallMutator,handleCursorResultSets,220,NO_COVERAGE,none
DefaultResultSetHandler.java,org.apache.ibatis.executor.resultset.DefaultResultSetHandler,org.pitest.mutationtest.engine.gregor.mutators.ConditionalsBoundaryMutator,handleOutputParameters,140,NO_COVERAGE,none
DefaultResultSetHandler.java,org.apache.ibatis.executor.resultset.DefaultResultSetHandler,org.pitest.mutationtest.engine.gregor.mutators.IncrementsMutator,handleOutputParameters,140,NO_COVERAGE,none
DefaultResultSetHandler.java,org.apache.ibatis.executor.resultset.DefaultResultSetHandler,org.pitest.mutationtest.engine.gregor.mutators.InlineConstantMutator,handleOutputParameters,140,NO_COVERAGE,none
DefaultResultSetHandler.java,org.apache.ibatis.executor.resultset.DefaultResultSetHandler,org.pitest.mutationtest.engine.gregor.mutators.InlineConstantMutator,handleOutputParameters,144,NO_COVERAGE,none
DefaultResultSetHandler.java,org.apache.ibatis.executor.resultset.DefaultResultSetHandler,org.pitest.mutationtest.engine.gregor.mutators.InlineConstantMutator,handleOutputParameters,147,NO_COVERAGE,none
DefaultResultSetHandler.java,org.apache.ibatis.executor.resultset.DefaultResultSetHandler,org.pitest.mutationtest.engine.gregor.mutators.MathMutator,handleOutputParameters,144,NO_COVERAGE,none
DefaultResultSetHandler.java,org.apache.ibatis.executor.resultset.DefaultResultSetHandler,org.pitest.mutationtest.engine.gregor.mutators.MathMutator,handleOutputParameters,147,NO_COVERAGE,none
DefaultResultSetHandler.java,org.apache.ibatis.executor.resultset.DefaultResultSetHandler,org.pitest.mutationtest.engine.gregor.mutators.NegateConditionalsMutator,handleOutputParameters,140,NO_COVERAGE,none
DefaultResultSetHandler.java,org.apache.ibatis.executor.resultset.DefaultResultSetHandler,org.pitest.mutationtest.engine.gregor.mutators.NegateConditionalsMutator,handleOutputParameters,142,NO_COVERAGE,none
DefaultResultSetHandler.java,org.apache.ibatis.executor.resultset.DefaultResultSetHandler,org.pitest.mutationtest.engine.gregor.mutators.NegateConditionalsMutator,handleOutputParameters,142,NO_COVERAGE,none
DefaultResultSetHandler.java,org.apache.ibatis.executor.resultset.DefaultResultSetHandler,org.pitest.mutationtest.engine.gregor.mutators.NegateConditionalsMutator,handleOutputParameters,143,NO_COVERAGE,none
DefaultResultSetHandler.java,org.apache.ibatis.executor.resultset.DefaultResultSetHandler,org.pitest.mutationtest.engine.gregor.mutators.NonVoidMethodCallMutator,handleOutputParameters,137,NO_COVERAGE,none
DefaultResultSetHandler.java,org.apache.ibatis.executor.resultset.DefaultResultSetHandler,org.pitest.mutationtest.engine.gregor.mutators.NonVoidMethodCallMutator,handleOutputParameters,138,NO_COVERAGE,none
DefaultResultSetHandler.java,org.apache.ibatis.executor.resultset.DefaultResultSetHandler,org.pitest.mutationtest.engine.gregor.mutators.NonVoidMethodCallMutator,handleOutputParameters,139,NO_COVERAGE,none
DefaultResultSetHandler.java,org.apache.ibatis.executor.resultset.DefaultResultSetHandler,org.pitest.mutationtest.engine.gregor.mutators.NonVoidMethodCallMutator,handleOutputParameters,140,NO_COVERAGE,none
DefaultResultSetHandler.java,org.apache.ibatis.executor.resultset.DefaultResultSetHandler,org.pitest.mutationtest.engine.gregor.mutators.NonVoidMethodCallMutator,handleOutputParameters,141,NO_COVERAGE,none
DefaultResultSetHandler.java,org.apache.ibatis.executor.resultset.DefaultResultSetHandler,org.pitest.mutationtest.engine.gregor.mutators.NonVoidMethodCallMutator,handleOutputParameters,142,NO_COVERAGE,none
DefaultResultSetHandler.java,org.apache.ibatis.executor.resultset.DefaultResultSetHandler,org.pitest.mutationtest.engine.gregor.mutators.NonVoidMethodCallMutator,handleOutputParameters,142,NO_COVERAGE,none
DefaultResultSetHandler.java,org.apache.ibatis.executor.resultset.DefaultResultSetHandler,org.pitest.mutationtest.engine.gregor.mutators.NonVoidMethodCallMutator,handleOutputParameters,143,NO_COVERAGE,none
DefaultResultSetHandler.java,org.apache.ibatis.executor.resultset.DefaultResultSetHandler,org.pitest.mutationtest.engine.gregor.mutators.NonVoidMethodCallMutator,handleOutputParameters,143,NO_COVERAGE,none
DefaultResultSetHandler.java,org.apache.ibatis.executor.resultset.DefaultResultSetHandler,org.pitest.mutationtest.engine.gregor.mutators.NonVoidMethodCallMutator,handleOutputParameters,144,NO_COVERAGE,none
DefaultResultSetHandler.java,org.apache.ibatis.executor.resultset.DefaultResultSetHandler,org.pitest.mutationtest.engine.gregor.mutators.NonVoidMethodCallMutator,handleOutputParameters,146,NO_COVERAGE,none
DefaultResultSetHandler.java,org.apache.ibatis.executor.resultset.DefaultResultSetHandler,org.pitest.mutationtest.engine.gregor.mutators.NonVoidMethodCallMutator,handleOutputParameters,147,NO_COVERAGE,none
DefaultResultSetHandler.java,org.apache.ibatis.executor.resultset.DefaultResultSetHandler,org.pitest.mutationtest.engine.gregor.mutators.NonVoidMethodCallMutator,handleOutputParameters,147,NO_COVERAGE,none
DefaultResultSetHandler.java,org.apache.ibatis.executor.resultset.DefaultResultSetHandler,org.pitest.mutationtest.engine.gregor.mutators.RemoveConditionalMutator_EQUAL_ELSE,handleOutputParameters,142,NO_COVERAGE,none
DefaultResultSetHandler.java,org.apache.ibatis.executor.resultset.DefaultResultSetHandler,org.pitest.mutationtest.engine.gregor.mutators.RemoveConditionalMutator_EQUAL_ELSE,handleOutputParameters,142,NO_COVERAGE,none
DefaultResultSetHandler.java,org.apache.ibatis.executor.resultset.DefaultResultSetHandler,org.pitest.mutationtest.engine.gregor.mutators.RemoveConditionalMutator_EQUAL_ELSE,handleOutputParameters,143,NO_COVERAGE,none
DefaultResultSetHandler.java,org.apache.ibatis.executor.resultset.DefaultResultSetHandler,org.pitest.mutationtest.engine.gregor.mutators.RemoveConditionalMutator_EQUAL_IF,handleOutputParameters,142,NO_COVERAGE,none
DefaultResultSetHandler.java,org.apache.ibatis.executor.resultset.DefaultResultSetHandler,org.pitest.mutationtest.engine.gregor.mutators.RemoveConditionalMutator_EQUAL_IF,handleOutputParameters,142,NO_COVERAGE,none
DefaultResultSetHandler.java,org.apache.ibatis.executor.resultset.DefaultResultSetHandler,org.pitest.mutationtest.engine.gregor.mutators.RemoveConditionalMutator_EQUAL_IF,handleOutputParameters,143,NO_COVERAGE,none
DefaultResultSetHandler.java,org.apache.ibatis.executor.resultset.DefaultResultSetHandler,org.pitest.mutationtest.engine.gregor.mutators.RemoveConditionalMutator_ORDER_ELSE,handleOutputParameters,140,NO_COVERAGE,none
DefaultResultSetHandler.java,org.apache.ibatis.executor.resultset.DefaultResultSetHandler,org.pitest.mutationtest.engine.gregor.mutators.RemoveConditionalMutator_ORDER_IF,handleOutputParameters,140,NO_COVERAGE,none
DefaultResultSetHandler.java,org.apache.ibatis.executor.resultset.DefaultResultSetHandler,org.pitest.mutationtest.engine.gregor.mutators.VoidMethodCallMutator,handleOutputParameters,144,NO_COVERAGE,none
DefaultResultSetHandler.java,org.apache.ibatis.executor.resultset.DefaultResultSetHandler,org.pitest.mutationtest.engine.gregor.mutators.VoidMethodCallMutator,handleOutputParameters,147,NO_COVERAGE,none
DefaultResultSetHandler.java,org.apache.ibatis.executor.resultset.DefaultResultSetHandler,org.pitest.mutationtest.engine.gregor.mutators.ConstructorCallMutator,handleRefCursorOutputParameter,160,NO_COVERAGE,none
DefaultResultSetHandler.java,org.apache.ibatis.executor.resultset.DefaultResultSetHandler,org.pitest.mutationtest.engine.gregor.mutators.ConstructorCallMutator,handleRefCursorOutputParameter,161,NO_COVERAGE,none
DefaultResultSetHandler.java,org.apache.ibatis.executor.resultset.DefaultResultSetHandler,org.pitest.mutationtest.engine.gregor.mutators.ConstructorCallMutator,handleRefCursorOutputParameter,162,NO_COVERAGE,none
DefaultResultSetHandler.java,org.apache.ibatis.executor.resultset.DefaultResultSetHandler,org.pitest.mutationtest.engine.gregor.mutators.NegateConditionalsMutator,handleRefCursorOutputParameter,154,NO_COVERAGE,none
DefaultResultSetHandler.java,org.apache.ibatis.executor.resultset.DefaultResultSetHandler,org.pitest.mutationtest.engine.gregor.mutators.NonVoidMethodCallMutator,handleRefCursorOutputParameter,158,NO_COVERAGE,none
DefaultResultSetHandler.java,org.apache.ibatis.executor.resultset.DefaultResultSetHandler,org.pitest.mutationtest.engine.gregor.mutators.NonVoidMethodCallMutator,handleRefCursorOutputParameter,159,NO_COVERAGE,none
DefaultResultSetHandler.java,org.apache.ibatis.executor.resultset.DefaultResultSetHandler,org.pitest.mutationtest.engine.gregor.mutators.NonVoidMethodCallMutator,handleRefCursorOutputParameter,163,NO_COVERAGE,none
DefaultResultSetHandler.java,org.apache.ibatis.executor.resultset.DefaultResultSetHandler,org.pitest.mutationtest.engine.gregor.mutators.NonVoidMethodCallMutator,handleRefCursorOutputParameter,163,NO_COVERAGE,none
DefaultResultSetHandler.java,org.apache.ibatis.executor.resultset.DefaultResultSetHandler,org.pitest.mutationtest.engine.gregor.mutators.RemoveConditionalMutator_EQUAL_ELSE,handleRefCursorOutputParameter,154,NO_COVERAGE,none
DefaultResultSetHandler.java,org.apache.ibatis.executor.resultset.DefaultResultSetHandler,org.pitest.mutationtest.engine.gregor.mutators.RemoveConditionalMutator_EQUAL_IF,handleRefCursorOutputParameter,154,NO_COVERAGE,none
DefaultResultSetHandler.java,org.apache.ibatis.executor.resultset.DefaultResultSetHandler,org.pitest.mutationtest.engine.gregor.mutators.VoidMethodCallMutator,handleRefCursorOutputParameter,162,NO_COVERAGE,none
DefaultResultSetHandler.java,org.apache.ibatis.executor.resultset.DefaultResultSetHandler,org.pitest.mutationtest.engine.gregor.mutators.VoidMethodCallMutator,handleRefCursorOutputParameter,163,NO_COVERAGE,none
DefaultResultSetHandler.java,org.apache.ibatis.executor.resultset.DefaultResultSetHandler,org.pitest.mutationtest.engine.gregor.mutators.VoidMethodCallMutator,handleRefCursorOutputParameter,166,NO_COVERAGE,none
DefaultResultSetHandler.java,org.apache.ibatis.executor.resultset.DefaultResultSetHandler,org.pitest.mutationtest.engine.gregor.mutators.NonVoidMethodCallMutator,handleResultSet,298,KILLED,org.apache.ibatis.submitted.extend.ExtendTest.org.apache.ibatis.submitted.extend.ExtendTest
DefaultResultSetHandler.java,org.apache.ibatis.executor.resultset.DefaultResultSetHandler,org.pitest.mutationtest.engine.gregor.mutators.RemoveConditionalMutator_EQUAL_IF,handleResultSet,288,KILLED,org.apache.ibatis.submitted.extend.ExtendTest.org.apache.ibatis.submitted.extend.ExtendTest
DefaultResultSetHandler.java,org.apache.ibatis.executor.resultset.DefaultResultSetHandler,org.pitest.mutationtest.engine.gregor.mutators.VoidMethodCallMutator,handleResultSet,286,NO_COVERAGE,none
DefaultResultSetHandler.java,org.apache.ibatis.executor.resultset.DefaultResultSetHandler,org.pitest.mutationtest.engine.gregor.mutators.VoidMethodCallMutator,handleResultSet,293,NO_COVERAGE,none
DefaultResultSetHandler.java,org.apache.ibatis.executor.resultset.DefaultResultSetHandler,org.pitest.mutationtest.engine.gregor.mutators.ArgumentPropagationMutator,handleResultSets,196,NO_COVERAGE,none
DefaultResultSetHandler.java,org.apache.ibatis.executor.resultset.DefaultResultSetHandler,org.pitest.mutationtest.engine.gregor.mutators.ConditionalsBoundaryMutator,handleResultSets,185,KILLED,org.apache.ibatis.submitted.extend.ExtendTest.org.apache.ibatis.submitted.extend.ExtendTest
DefaultResultSetHandler.java,org.apache.ibatis.executor.resultset.DefaultResultSetHandler,org.pitest.mutationtest.engine.gregor.mutators.ConditionalsBoundaryMutator,handleResultSets,195,NO_COVERAGE,none
DefaultResultSetHandler.java,org.apache.ibatis.executor.resultset.DefaultResultSetHandler,org.pitest.mutationtest.engine.gregor.mutators.IncrementsMutator,handleResultSets,190,KILLED,org.apache.ibatis.submitted.extend.ExtendTest.org.apache.ibatis.submitted.extend.ExtendTest
DefaultResultSetHandler.java,org.apache.ibatis.executor.resultset.DefaultResultSetHandler,org.pitest.mutationtest.engine.gregor.mutators.IncrementsMutator,handleResultSets,204,NO_COVERAGE,none
DefaultResultSetHandler.java,org.apache.ibatis.executor.resultset.DefaultResultSetHandler,org.pitest.mutationtest.engine.gregor.mutators.NegateConditionalsMutator,handleResultSets,194,KILLED,org.apache.ibatis.submitted.extend.ExtendTest.org.apache.ibatis.submitted.extend.ExtendTest
DefaultResultSetHandler.java,org.apache.ibatis.executor.resultset.DefaultResultSetHandler,org.pitest.mutationtest.engine.gregor.mutators.NegateConditionalsMutator,handleResultSets,195,NO_COVERAGE,none
DefaultResultSetHandler.java,org.apache.ibatis.executor.resultset.DefaultResultSetHandler,org.pitest.mutationtest.engine.gregor.mutators.NegateConditionalsMutator,handleResultSets,195,NO_COVERAGE,none
DefaultResultSetHandler.java,org.apache.ibatis.executor.resultset.DefaultResultSetHandler,org.pitest.mutationtest.engine.gregor.mutators.NegateConditionalsMutator,handleResultSets,197,NO_COVERAGE,none
DefaultResultSetHandler.java,org.apache.ibatis.executor.resultset.DefaultResultSetHandler,org.pitest.mutationtest.engine.gregor.mutators.NonVoidMethodCallMutator,handleResultSets,196,NO_COVERAGE,none
DefaultResultSetHandler.java,org.apache.ibatis.executor.resultset.DefaultResultSetHandler,org.pitest.mutationtest.engine.gregor.mutators.NonVoidMethodCallMutator,handleResultSets,198,NO_COVERAGE,none
DefaultResultSetHandler.java,org.apache.ibatis.executor.resultset.DefaultResultSetHandler,org.pitest.mutationtest.engine.gregor.mutators.NonVoidMethodCallMutator,handleResultSets,199,NO_COVERAGE,none
DefaultResultSetHandler.java,org.apache.ibatis.executor.resultset.DefaultResultSetHandler,org.pitest.mutationtest.engine.gregor.mutators.NonVoidMethodCallMutator,handleResultSets,202,NO_COVERAGE,none
DefaultResultSetHandler.java,org.apache.ibatis.executor.resultset.DefaultResultSetHandler,org.pitest.mutationtest.engine.gregor.mutators.RemoveConditionalMutator_EQUAL_ELSE,handleResultSets,194,KILLED,org.apache.ibatis.submitted.extend.ExtendTest.org.apache.ibatis.submitted.extend.ExtendTest
DefaultResultSetHandler.java,org.apache.ibatis.executor.resultset.DefaultResultSetHandler,org.pitest.mutationtest.engine.gregor.mutators.RemoveConditionalMutator_EQUAL_ELSE,handleResultSets,195,NO_COVERAGE,none
DefaultResultSetHandler.java,org.apache.ibatis.executor.resultset.DefaultResultSetHandler,org.pitest.mutationtest.engine.gregor.mutators.RemoveConditionalMutator_EQUAL_ELSE,handleResultSets,197,NO_COVERAGE,none
DefaultResultSetHandler.java,org.apache.ibatis.executor.resultset.DefaultResultSetHandler,org.pitest.mutationtest.engine.gregor.mutators.RemoveConditionalMutator_EQUAL_IF,handleResultSets,195,NO_COVERAGE,none
DefaultResultSetHandler.java,org.apache.ibatis.executor.resultset.DefaultResultSetHandler,org.pitest.mutationtest.engine.gregor.mutators.RemoveConditionalMutator_EQUAL_IF,handleResultSets,197,NO_COVERAGE,none
DefaultResultSetHandler.java,org.apache.ibatis.executor.resultset.DefaultResultSetHandler,org.pitest.mutationtest.engine.gregor.mutators.RemoveConditionalMutator_ORDER_ELSE,handleResultSets,195,NO_COVERAGE,none
DefaultResultSetHandler.java,org.apache.ibatis.executor.resultset.DefaultResultSetHandler,org.pitest.mutationtest.engine.gregor.mutators.RemoveConditionalMutator_ORDER_IF,handleResultSets,195,NO_COVERAGE,none
DefaultResultSetHandler.java,org.apache.ibatis.executor.resultset.DefaultResultSetHandler,org.pitest.mutationtest.engine.gregor.mutators.VoidMethodCallMutator,handleResultSets,200,NO_COVERAGE,none
DefaultResultSetHandler.java,org.apache.ibatis.executor.resultset.DefaultResultSetHandler,org.pitest.mutationtest.engine.gregor.mutators.VoidMethodCallMutator,handleResultSets,203,NO_COVERAGE,none
DefaultResultSetHandler.java,org.apache.ibatis.executor.resultset.DefaultResultSetHandler,org.pitest.mutationtest.engine.gregor.mutators.experimental.RemoveIncrementsMutator,handleResultSets,204,NO_COVERAGE,none
DefaultResultSetHandler.java,org.apache.ibatis.executor.resultset.DefaultResultSetHandler,org.pitest.mutationtest.engine.gregor.mutators.NonVoidMethodCallMutator,handleRowValues,312,KILLED,org.apache.ibatis.submitted.extend.ExtendTest.org.apache.ibatis.submitted.extend.ExtendTest
DefaultResultSetHandler.java,org.apache.ibatis.executor.resultset.DefaultResultSetHandler,org.pitest.mutationtest.engine.gregor.mutators.RemoveConditionalMutator_EQUAL_ELSE,handleRowValues,312,KILLED,org.apache.ibatis.submitted.extend.ExtendTest.org.apache.ibatis.submitted.extend.ExtendTest
DefaultResultSetHandler.java,org.apache.ibatis.executor.resultset.DefaultResultSetHandler,org.pitest.mutationtest.engine.gregor.mutators.VoidMethodCallMutator,handleRowValues,313,NO_COVERAGE,none
DefaultResultSetHandler.java,org.apache.ibatis.executor.resultset.DefaultResultSetHandler,org.pitest.mutationtest.engine.gregor.mutators.VoidMethodCallMutator,handleRowValues,314,NO_COVERAGE,none
DefaultResultSetHandler.java,org.apache.ibatis.executor.resultset.DefaultResultSetHandler,org.pitest.mutationtest.engine.gregor.mutators.VoidMethodCallMutator,handleRowValues,315,NO_COVERAGE,none
DefaultResultSetHandler.java,org.apache.ibatis.executor.resultset.DefaultResultSetHandler,org.pitest.mutationtest.engine.gregor.mutators.ArgumentPropagationMutator,handleRowValuesForNestedResultMap,823,NO_COVERAGE,none
DefaultResultSetHandler.java,org.apache.ibatis.executor.resultset.DefaultResultSetHandler,org.pitest.mutationtest.engine.gregor.mutators.ArgumentPropagationMutator,handleRowValuesForNestedResultMap,825,NO_COVERAGE,none
DefaultResultSetHandler.java,org.apache.ibatis.executor.resultset.DefaultResultSetHandler,org.pitest.mutationtest.engine.gregor.mutators.ArgumentPropagationMutator,handleRowValuesForNestedResultMap,832,NO_COVERAGE,none
DefaultResultSetHandler.java,org.apache.ibatis.executor.resultset.DefaultResultSetHandler,org.pitest.mutationtest.engine.gregor.mutators.ArgumentPropagationMutator,handleRowValuesForNestedResultMap,834,NO_COVERAGE,none
DefaultResultSetHandler.java,org.apache.ibatis.executor.resultset.DefaultResultSetHandler,org.pitest.mutationtest.engine.gregor.mutators.ConstructorCallMutator,handleRowValuesForNestedResultMap,819,NO_COVERAGE,none
DefaultResultSetHandler.java,org.apache.ibatis.executor.resultset.DefaultResultSetHandler,org.pitest.mutationtest.engine.gregor.mutators.NegateConditionalsMutator,handleRowValuesForNestedResultMap,822,NO_COVERAGE,none
DefaultResultSetHandler.java,org.apache.ibatis.executor.resultset.DefaultResultSetHandler,org.pitest.mutationtest.engine.gregor.mutators.NegateConditionalsMutator,handleRowValuesForNestedResultMap,822,NO_COVERAGE,none
DefaultResultSetHandler.java,org.apache.ibatis.executor.resultset.DefaultResultSetHandler,org.pitest.mutationtest.engine.gregor.mutators.NegateConditionalsMutator,handleRowValuesForNestedResultMap,827,NO_COVERAGE,none
DefaultResultSetHandler.java,org.apache.ibatis.executor.resultset.DefaultResultSetHandler,org.pitest.mutationtest.engine.gregor.mutators.NegateConditionalsMutator,handleRowValuesForNestedResultMap,828,NO_COVERAGE,none
DefaultResultSetHandler.java,org.apache.ibatis.executor.resultset.DefaultResultSetHandler,org.pitest.mutationtest.engine.gregor.mutators.NegateConditionalsMutator,handleRowValuesForNestedResultMap,828,NO_COVERAGE,none
DefaultResultSetHandler.java,org.apache.ibatis.executor.resultset.DefaultResultSetHandler,org.pitest.mutationtest.engine.gregor.mutators.NegateConditionalsMutator,handleRowValuesForNestedResultMap,835,NO_COVERAGE,none
DefaultResultSetHandler.java,org.apache.ibatis.executor.resultset.DefaultResultSetHandler,org.pitest.mutationtest.engine.gregor.mutators.NegateConditionalsMutator,handleRowValuesForNestedResultMap,840,NO_COVERAGE,none
DefaultResultSetHandler.java,org.apache.ibatis.executor.resultset.DefaultResultSetHandler,org.pitest.mutationtest.engine.gregor.mutators.NegateConditionalsMutator,handleRowValuesForNestedResultMap,840,NO_COVERAGE,none
DefaultResultSetHandler.java,org.apache.ibatis.executor.resultset.DefaultResultSetHandler,org.pitest.mutationtest.engine.gregor.mutators.NegateConditionalsMutator,handleRowValuesForNestedResultMap,840,NO_COVERAGE,none
DefaultResultSetHandler.java,org.apache.ibatis.executor.resultset.DefaultResultSetHandler,org.pitest.mutationtest.engine.gregor.mutators.NegateConditionalsMutator,handleRowValuesForNestedResultMap,843,NO_COVERAGE,none
DefaultResultSetHandler.java,org.apache.ibatis.executor.resultset.DefaultResultSetHandler,org.pitest.mutationtest.engine.gregor.mutators.NonVoidMethodCallMutator,handleRowValuesForNestedResultMap,820,NO_COVERAGE,none
DefaultResultSetHandler.java,org.apache.ibatis.executor.resultset.DefaultResultSetHandler,org.pitest.mutationtest.engine.gregor.mutators.NonVoidMethodCallMutator,handleRowValuesForNestedResultMap,822,NO_COVERAGE,none
DefaultResultSetHandler.java,org.apache.ibatis.executor.resultset.DefaultResultSetHandler,org.pitest.mutationtest.engine.gregor.mutators.NonVoidMethodCallMutator,handleRowValuesForNestedResultMap,822,NO_COVERAGE,none
DefaultResultSetHandler.java,org.apache.ibatis.executor.resultset.DefaultResultSetHandler,org.pitest.mutationtest.engine.gregor.mutators.NonVoidMethodCallMutator,handleRowValuesForNestedResultMap,822,NO_COVERAGE,none
DefaultResultSetHandler.java,org.apache.ibatis.executor.resultset.DefaultResultSetHandler,org.pitest.mutationtest.engine.gregor.mutators.NonVoidMethodCallMutator,handleRowValuesForNestedResultMap,823,NO_COVERAGE,none
DefaultResultSetHandler.java,org.apache.ibatis.executor.resultset.DefaultResultSetHandler,org.pitest.mutationtest.engine.gregor.mutators.NonVoidMethodCallMutator,handleRowValuesForNestedResultMap,823,NO_COVERAGE,none
DefaultResultSetHandler.java,org.apache.ibatis.executor.resultset.DefaultResultSetHandler,org.pitest.mutationtest.engine.gregor.mutators.NonVoidMethodCallMutator,handleRowValuesForNestedResultMap,824,NO_COVERAGE,none
DefaultResultSetHandler.java,org.apache.ibatis.executor.resultset.DefaultResultSetHandler,org.pitest.mutationtest.engine.gregor.mutators.NonVoidMethodCallMutator,handleRowValuesForNestedResultMap,825,NO_COVERAGE,none
DefaultResultSetHandler.java,org.apache.ibatis.executor.resultset.DefaultResultSetHandler,org.pitest.mutationtest.engine.gregor.mutators.NonVoidMethodCallMutator,handleRowValuesForNestedResultMap,827,NO_COVERAGE,none
DefaultResultSetHandler.java,org.apache.ibatis.executor.resultset.DefaultResultSetHandler,org.pitest.mutationtest.engine.gregor.mutators.NonVoidMethodCallMutator,handleRowValuesForNestedResultMap,830,NO_COVERAGE,none
DefaultResultSetHandler.java,org.apache.ibatis.executor.resultset.DefaultResultSetHandler,org.pitest.mutationtest.engine.gregor.mutators.NonVoidMethodCallMutator,handleRowValuesForNestedResultMap,832,NO_COVERAGE,none
DefaultResultSetHandler.java,org.apache.ibatis.executor.resultset.DefaultResultSetHandler,org.pitest.mutationtest.engine.gregor.mutators.NonVoidMethodCallMutator,handleRowValuesForNestedResultMap,834,NO_COVERAGE,none
DefaultResultSetHandler.java,org.apache.ibatis.executor.resultset.DefaultResultSetHandler,org.pitest.mutationtest.engine.gregor.mutators.NonVoidMethodCallMutator,handleRowValuesForNestedResultMap,836,NO_COVERAGE,none
DefaultResultSetHandler.java,org.apache.ibatis.executor.resultset.DefaultResultSetHandler,org.pitest.mutationtest.engine.gregor.mutators.NonVoidMethodCallMutator,handleRowValuesForNestedResultMap,840,NO_COVERAGE,none
DefaultResultSetHandler.java,org.apache.ibatis.executor.resultset.DefaultResultSetHandler,org.pitest.mutationtest.engine.gregor.mutators.NonVoidMethodCallMutator,handleRowValuesForNestedResultMap,840,NO_COVERAGE,none
DefaultResultSetHandler.java,org.apache.ibatis.executor.resultset.DefaultResultSetHandler,org.pitest.mutationtest.engine.gregor.mutators.NonVoidMethodCallMutator,handleRowValuesForNestedResultMap,841,NO_COVERAGE,none
DefaultResultSetHandler.java,org.apache.ibatis.executor.resultset.DefaultResultSetHandler,org.pitest.mutationtest.engine.gregor.mutators.RemoveConditionalMutator_EQUAL_ELSE,handleRowValuesForNestedResultMap,822,NO_COVERAGE,none
DefaultResultSetHandler.java,org.apache.ibatis.executor.resultset.DefaultResultSetHandler,org.pitest.mutationtest.engine.gregor.mutators.RemoveConditionalMutator_EQUAL_ELSE,handleRowValuesForNestedResultMap,822,NO_COVERAGE,none
DefaultResultSetHandler.java,org.apache.ibatis.executor.resultset.DefaultResultSetHandler,org.pitest.mutationtest.engine.gregor.mutators.RemoveConditionalMutator_EQUAL_ELSE,handleRowValuesForNestedResultMap,827,NO_COVERAGE,none
DefaultResultSetHandler.java,org.apache.ibatis.executor.resultset.DefaultResultSetHandler,org.pitest.mutationtest.engine.gregor.mutators.RemoveConditionalMutator_EQUAL_ELSE,handleRowValuesForNestedResultMap,828,NO_COVERAGE,none
DefaultResultSetHandler.java,org.apache.ibatis.executor.resultset.DefaultResultSetHandler,org.pitest.mutationtest.engine.gregor.mutators.RemoveConditionalMutator_EQUAL_ELSE,handleRowValuesForNestedResultMap,828,NO_COVERAGE,none
DefaultResultSetHandler.java,org.apache.ibatis.executor.resultset.DefaultResultSetHandler,org.pitest.mutationtest.engine.gregor.mutators.RemoveConditionalMutator_EQUAL_ELSE,handleRowValuesForNestedResultMap,835,NO_COVERAGE,none
DefaultResultSetHandler.java,org.apache.ibatis.executor.resultset.DefaultResultSetHandler,org.pitest.mutationtest.engine.gregor.mutators.RemoveConditionalMutator_EQUAL_ELSE,handleRowValuesForNestedResultMap,840,NO_COVERAGE,none
DefaultResultSetHandler.java,org.apache.ibatis.executor.resultset.DefaultResultSetHandler,org.pitest.mutationtest.engine.gregor.mutators.RemoveConditionalMutator_EQUAL_ELSE,handleRowValuesForNestedResultMap,840,NO_COVERAGE,none
DefaultResultSetHandler.java,org.apache.ibatis.executor.resultset.DefaultResultSetHandler,org.pitest.mutationtest.engine.gregor.mutators.RemoveConditionalMutator_EQUAL_ELSE,handleRowValuesForNestedResultMap,840,NO_COVERAGE,none
DefaultResultSetHandler.java,org.apache.ibatis.executor.resultset.DefaultResultSetHandler,org.pitest.mutationtest.engine.gregor.mutators.RemoveConditionalMutator_EQUAL_ELSE,handleRowValuesForNestedResultMap,843,NO_COVERAGE,none
DefaultResultSetHandler.java,org.apache.ibatis.executor.resultset.DefaultResultSetHandler,org.pitest.mutationtest.engine.gregor.mutators.RemoveConditionalMutator_EQUAL_IF,handleRowValuesForNestedResultMap,822,NO_COVERAGE,none
DefaultResultSetHandler.java,org.apache.ibatis.executor.resultset.DefaultResultSetHandler,org.pitest.mutationtest.engine.gregor.mutators.RemoveConditionalMutator_EQUAL_IF,handleRowValuesForNestedResultMap,822,NO_COVERAGE,none
DefaultResultSetHandler.java,org.apache.ibatis.executor.resultset.DefaultResultSetHandler,org.pitest.mutationtest.engine.gregor.mutators.RemoveConditionalMutator_EQUAL_IF,handleRowValuesForNestedResultMap,827,NO_COVERAGE,none
DefaultResultSetHandler.java,org.apache.ibatis.executor.resultset.DefaultResultSetHandler,org.pitest.mutationtest.engine.gregor.mutators.RemoveConditionalMutator_EQUAL_IF,handleRowValuesForNestedResultMap,828,NO_COVERAGE,none
DefaultResultSetHandler.java,org.apache.ibatis.executor.resultset.DefaultResultSetHandler,org.pitest.mutationtest.engine.gregor.mutators.RemoveConditionalMutator_EQUAL_IF,handleRowValuesForNestedResultMap,828,NO_COVERAGE,none
DefaultResultSetHandler.java,org.apache.ibatis.executor.resultset.DefaultResultSetHandler,org.pitest.mutationtest.engine.gregor.mutators.RemoveConditionalMutator_EQUAL_IF,handleRowValuesForNestedResultMap,835,NO_COVERAGE,none
DefaultResultSetHandler.java,org.apache.ibatis.executor.resultset.DefaultResultSetHandler,org.pitest.mutationtest.engine.gregor.mutators.RemoveConditionalMutator_EQUAL_IF,handleRowValuesForNestedResultMap,840,NO_COVERAGE,none
DefaultResultSetHandler.java,org.apache.ibatis.executor.resultset.DefaultResultSetHandler,org.pitest.mutationtest.engine.gregor.mutators.RemoveConditionalMutator_EQUAL_IF,handleRowValuesForNestedResultMap,840,NO_COVERAGE,none
DefaultResultSetHandler.java,org.apache.ibatis.executor.resultset.DefaultResultSetHandler,org.pitest.mutationtest.engine.gregor.mutators.RemoveConditionalMutator_EQUAL_IF,handleRowValuesForNestedResultMap,840,NO_COVERAGE,none
DefaultResultSetHandler.java,org.apache.ibatis.executor.resultset.DefaultResultSetHandler,org.pitest.mutationtest.engine.gregor.mutators.RemoveConditionalMutator_EQUAL_IF,handleRowValuesForNestedResultMap,843,NO_COVERAGE,none
DefaultResultSetHandler.java,org.apache.ibatis.executor.resultset.DefaultResultSetHandler,org.pitest.mutationtest.engine.gregor.mutators.VoidMethodCallMutator,handleRowValuesForNestedResultMap,820,NO_COVERAGE,none
DefaultResultSetHandler.java,org.apache.ibatis.executor.resultset.DefaultResultSetHandler,org.pitest.mutationtest.engine.gregor.mutators.VoidMethodCallMutator,handleRowValuesForNestedResultMap,829,NO_COVERAGE,none
DefaultResultSetHandler.java,org.apache.ibatis.executor.resultset.DefaultResultSetHandler,org.pitest.mutationtest.engine.gregor.mutators.VoidMethodCallMutator,handleRowValuesForNestedResultMap,830,NO_COVERAGE,none
DefaultResultSetHandler.java,org.apache.ibatis.executor.resultset.DefaultResultSetHandler,org.pitest.mutationtest.engine.gregor.mutators.VoidMethodCallMutator,handleRowValuesForNestedResultMap,836,NO_COVERAGE,none
DefaultResultSetHandler.java,org.apache.ibatis.executor.resultset.DefaultResultSetHandler,org.pitest.mutationtest.engine.gregor.mutators.VoidMethodCallMutator,handleRowValuesForNestedResultMap,841,NO_COVERAGE,none
DefaultResultSetHandler.java,org.apache.ibatis.executor.resultset.DefaultResultSetHandler,org.pitest.mutationtest.engine.gregor.mutators.experimental.MemberVariableMutator,handleRowValuesForNestedResultMap,842,NO_COVERAGE,none
DefaultResultSetHandler.java,org.apache.ibatis.executor.resultset.DefaultResultSetHandler,org.pitest.mutationtest.engine.gregor.mutators.experimental.MemberVariableMutator,handleRowValuesForNestedResultMap,844,NO_COVERAGE,none
DefaultResultSetHandler.java,org.apache.ibatis.executor.resultset.DefaultResultSetHandler,org.pitest.mutationtest.engine.gregor.mutators.InlineConstantMutator,hasTypeHandlerForResultObject,1105,NO_COVERAGE,none
DefaultResultSetHandler.java,org.apache.ibatis.executor.resultset.DefaultResultSetHandler,org.pitest.mutationtest.engine.gregor.mutators.NonVoidMethodCallMutator,hasTypeHandlerForResultObject,1105,NO_COVERAGE,none
DefaultResultSetHandler.java,org.apache.ibatis.executor.resultset.DefaultResultSetHandler,org.pitest.mutationtest.engine.gregor.mutators.NonVoidMethodCallMutator,hasTypeHandlerForResultObject,1105,NO_COVERAGE,none
DefaultResultSetHandler.java,org.apache.ibatis.executor.resultset.DefaultResultSetHandler,org.pitest.mutationtest.engine.gregor.mutators.NonVoidMethodCallMutator,hasTypeHandlerForResultObject,1105,NO_COVERAGE,none
DefaultResultSetHandler.java,org.apache.ibatis.executor.resultset.DefaultResultSetHandler,org.pitest.mutationtest.engine.gregor.mutators.NonVoidMethodCallMutator,hasTypeHandlerForResultObject,1105,NO_COVERAGE,none
DefaultResultSetHandler.java,org.apache.ibatis.executor.resultset.DefaultResultSetHandler,org.pitest.mutationtest.engine.gregor.mutators.ReturnValsMutator,hasTypeHandlerForResultObject,1105,NO_COVERAGE,none
DefaultResultSetHandler.java,org.apache.ibatis.executor.resultset.DefaultResultSetHandler,org.pitest.mutationtest.engine.gregor.mutators.ConstructorCallMutator,instantiateCollectionPropertyIfAppropriate,1095,NO_COVERAGE,none
DefaultResultSetHandler.java,org.apache.ibatis.executor.resultset.DefaultResultSetHandler,org.pitest.mutationtest.engine.gregor.mutators.ConstructorCallMutator,instantiateCollectionPropertyIfAppropriate,1095,NO_COVERAGE,none
DefaultResultSetHandler.java,org.apache.ibatis.executor.resultset.DefaultResultSetHandler,org.pitest.mutationtest.engine.gregor.mutators.NegateConditionalsMutator,instantiateCollectionPropertyIfAppropriate,1083,NO_COVERAGE,none
DefaultResultSetHandler.java,org.apache.ibatis.executor.resultset.DefaultResultSetHandler,org.pitest.mutationtest.engine.gregor.mutators.NegateConditionalsMutator,instantiateCollectionPropertyIfAppropriate,1085,NO_COVERAGE,none
DefaultResultSetHandler.java,org.apache.ibatis.executor.resultset.DefaultResultSetHandler,org.pitest.mutationtest.engine.gregor.mutators.NegateConditionalsMutator,instantiateCollectionPropertyIfAppropriate,1089,NO_COVERAGE,none
DefaultResultSetHandler.java,org.apache.ibatis.executor.resultset.DefaultResultSetHandler,org.pitest.mutationtest.engine.gregor.mutators.NegateConditionalsMutator,instantiateCollectionPropertyIfAppropriate,1097,NO_COVERAGE,none
DefaultResultSetHandler.java,org.apache.ibatis.executor.resultset.DefaultResultSetHandler,org.pitest.mutationtest.engine.gregor.mutators.NonVoidMethodCallMutator,instantiateCollectionPropertyIfAppropriate,1081,NO_COVERAGE,none
DefaultResultSetHandler.java,org.apache.ibatis.executor.resultset.DefaultResultSetHandler,org.pitest.mutationtest.engine.gregor.mutators.NonVoidMethodCallMutator,instantiateCollectionPropertyIfAppropriate,1082,NO_COVERAGE,none
DefaultResultSetHandler.java,org.apache.ibatis.executor.resultset.DefaultResultSetHandler,org.pitest.mutationtest.engine.gregor.mutators.NonVoidMethodCallMutator,instantiateCollectionPropertyIfAppropriate,1084,NO_COVERAGE,none
DefaultResultSetHandler.java,org.apache.ibatis.executor.resultset.DefaultResultSetHandler,org.pitest.mutationtest.engine.gregor.mutators.NonVoidMethodCallMutator,instantiateCollectionPropertyIfAppropriate,1086,NO_COVERAGE,none
DefaultResultSetHandler.java,org.apache.ibatis.executor.resultset.DefaultResultSetHandler,org.pitest.mutationtest.engine.gregor.mutators.NonVoidMethodCallMutator,instantiateCollectionPropertyIfAppropriate,1089,NO_COVERAGE,none
DefaultResultSetHandler.java,org.apache.ibatis.executor.resultset.DefaultResultSetHandler,org.pitest.mutationtest.engine.gregor.mutators.NonVoidMethodCallMutator,instantiateCollectionPropertyIfAppropriate,1090,NO_COVERAGE,none
DefaultResultSetHandler.java,org.apache.ibatis.executor.resultset.DefaultResultSetHandler,org.pitest.mutationtest.engine.gregor.mutators.NonVoidMethodCallMutator,instantiateCollectionPropertyIfAppropriate,1095,NO_COVERAGE,none
DefaultResultSetHandler.java,org.apache.ibatis.executor.resultset.DefaultResultSetHandler,org.pitest.mutationtest.engine.gregor.mutators.NonVoidMethodCallMutator,instantiateCollectionPropertyIfAppropriate,1095,NO_COVERAGE,none
DefaultResultSetHandler.java,org.apache.ibatis.executor.resultset.DefaultResultSetHandler,org.pitest.mutationtest.engine.gregor.mutators.NonVoidMethodCallMutator,instantiateCollectionPropertyIfAppropriate,1095,NO_COVERAGE,none
DefaultResultSetHandler.java,org.apache.ibatis.executor.resultset.DefaultResultSetHandler,org.pitest.mutationtest.engine.gregor.mutators.NonVoidMethodCallMutator,instantiateCollectionPropertyIfAppropriate,1095,NO_COVERAGE,none
DefaultResultSetHandler.java,org.apache.ibatis.executor.resultset.DefaultResultSetHandler,org.pitest.mutationtest.engine.gregor.mutators.NonVoidMethodCallMutator,instantiateCollectionPropertyIfAppropriate,1095,NO_COVERAGE,none
DefaultResultSetHandler.java,org.apache.ibatis.executor.resultset.DefaultResultSetHandler,org.pitest.mutationtest.engine.gregor.mutators.NonVoidMethodCallMutator,instantiateCollectionPropertyIfAppropriate,1095,NO_COVERAGE,none
DefaultResultSetHandler.java,org.apache.ibatis.executor.resultset.DefaultResultSetHandler,org.pitest.mutationtest.engine.gregor.mutators.NonVoidMethodCallMutator,instantiateCollectionPropertyIfAppropriate,1097,NO_COVERAGE,none
DefaultResultSetHandler.java,org.apache.ibatis.executor.resultset.DefaultResultSetHandler,org.pitest.mutationtest.engine.gregor.mutators.NonVoidMethodCallMutator,instantiateCollectionPropertyIfAppropriate,1097,NO_COVERAGE,none
DefaultResultSetHandler.java,org.apache.ibatis.executor.resultset.DefaultResultSetHandler,org.pitest.mutationtest.engine.gregor.mutators.RemoveConditionalMutator_EQUAL_ELSE,instantiateCollectionPropertyIfAppropriate,1083,NO_COVERAGE,none
DefaultResultSetHandler.java,org.apache.ibatis.executor.resultset.DefaultResultSetHandler,org.pitest.mutationtest.engine.gregor.mutators.RemoveConditionalMutator_EQUAL_ELSE,instantiateCollectionPropertyIfAppropriate,1085,NO_COVERAGE,none
DefaultResultSetHandler.java,org.apache.ibatis.executor.resultset.DefaultResultSetHandler,org.pitest.mutationtest.engine.gregor.mutators.RemoveConditionalMutator_EQUAL_ELSE,instantiateCollectionPropertyIfAppropriate,1089,NO_COVERAGE,none
DefaultResultSetHandler.java,org.apache.ibatis.executor.resultset.DefaultResultSetHandler,org.pitest.mutationtest.engine.gregor.mutators.RemoveConditionalMutator_EQUAL_ELSE,instantiateCollectionPropertyIfAppropriate,1097,NO_COVERAGE,none
DefaultResultSetHandler.java,org.apache.ibatis.executor.resultset.DefaultResultSetHandler,org.pitest.mutationtest.engine.gregor.mutators.RemoveConditionalMutator_EQUAL_IF,instantiateCollectionPropertyIfAppropriate,1083,NO_COVERAGE,none
DefaultResultSetHandler.java,org.apache.ibatis.executor.resultset.DefaultResultSetHandler,org.pitest.mutationtest.engine.gregor.mutators.RemoveConditionalMutator_EQUAL_IF,instantiateCollectionPropertyIfAppropriate,1085,NO_COVERAGE,none
DefaultResultSetHandler.java,org.apache.ibatis.executor.resultset.DefaultResultSetHandler,org.pitest.mutationtest.engine.gregor.mutators.RemoveConditionalMutator_EQUAL_IF,instantiateCollectionPropertyIfAppropriate,1089,NO_COVERAGE,none
DefaultResultSetHandler.java,org.apache.ibatis.executor.resultset.DefaultResultSetHandler,org.pitest.mutationtest.engine.gregor.mutators.RemoveConditionalMutator_EQUAL_IF,instantiateCollectionPropertyIfAppropriate,1097,NO_COVERAGE,none
DefaultResultSetHandler.java,org.apache.ibatis.executor.resultset.DefaultResultSetHandler,org.pitest.mutationtest.engine.gregor.mutators.ReturnValsMutator,instantiateCollectionPropertyIfAppropriate,1092,NO_COVERAGE,none
DefaultResultSetHandler.java,org.apache.ibatis.executor.resultset.DefaultResultSetHandler,org.pitest.mutationtest.engine.gregor.mutators.ReturnValsMutator,instantiateCollectionPropertyIfAppropriate,1098,NO_COVERAGE,none
DefaultResultSetHandler.java,org.apache.ibatis.executor.resultset.DefaultResultSetHandler,org.pitest.mutationtest.engine.gregor.mutators.ReturnValsMutator,instantiateCollectionPropertyIfAppropriate,1100,NO_COVERAGE,none
DefaultResultSetHandler.java,org.apache.ibatis.executor.resultset.DefaultResultSetHandler,org.pitest.mutationtest.engine.gregor.mutators.VoidMethodCallMutator,instantiateCollectionPropertyIfAppropriate,1091,NO_COVERAGE,none
DefaultResultSetHandler.java,org.apache.ibatis.executor.resultset.DefaultResultSetHandler,org.pitest.mutationtest.engine.gregor.mutators.ConstructorCallMutator,instantiateParameterObject,769,NO_COVERAGE,none
DefaultResultSetHandler.java,org.apache.ibatis.executor.resultset.DefaultResultSetHandler,org.pitest.mutationtest.engine.gregor.mutators.ConstructorCallMutator,instantiateParameterObject,771,NO_COVERAGE,none
DefaultResultSetHandler.java,org.apache.ibatis.executor.resultset.DefaultResultSetHandler,org.pitest.mutationtest.engine.gregor.mutators.NegateConditionalsMutator,instantiateParameterObject,768,NO_COVERAGE,none
DefaultResultSetHandler.java,org.apache.ibatis.executor.resultset.DefaultResultSetHandler,org.pitest.mutationtest.engine.gregor.mutators.NegateConditionalsMutator,instantiateParameterObject,770,NO_COVERAGE,none
DefaultResultSetHandler.java,org.apache.ibatis.executor.resultset.DefaultResultSetHandler,org.pitest.mutationtest.engine.gregor.mutators.NonVoidMethodCallMutator,instantiateParameterObject,770,NO_COVERAGE,none
DefaultResultSetHandler.java,org.apache.ibatis.executor.resultset.DefaultResultSetHandler,org.pitest.mutationtest.engine.gregor.mutators.NonVoidMethodCallMutator,instantiateParameterObject,773,NO_COVERAGE,none
DefaultResultSetHandler.java,org.apache.ibatis.executor.resultset.DefaultResultSetHandler,org.pitest.mutationtest.engine.gregor.mutators.RemoveConditionalMutator_EQUAL_ELSE,instantiateParameterObject,768,NO_COVERAGE,none
DefaultResultSetHandler.java,org.apache.ibatis.executor.resultset.DefaultResultSetHandler,org.pitest.mutationtest.engine.gregor.mutators.RemoveConditionalMutator_EQUAL_ELSE,instantiateParameterObject,770,NO_COVERAGE,none
DefaultResultSetHandler.java,org.apache.ibatis.executor.resultset.DefaultResultSetHandler,org.pitest.mutationtest.engine.gregor.mutators.RemoveConditionalMutator_EQUAL_IF,instantiateParameterObject,768,NO_COVERAGE,none
DefaultResultSetHandler.java,org.apache.ibatis.executor.resultset.DefaultResultSetHandler,org.pitest.mutationtest.engine.gregor.mutators.RemoveConditionalMutator_EQUAL_IF,instantiateParameterObject,770,NO_COVERAGE,none
DefaultResultSetHandler.java,org.apache.ibatis.executor.resultset.DefaultResultSetHandler,org.pitest.mutationtest.engine.gregor.mutators.ReturnValsMutator,instantiateParameterObject,769,NO_COVERAGE,none
DefaultResultSetHandler.java,org.apache.ibatis.executor.resultset.DefaultResultSetHandler,org.pitest.mutationtest.engine.gregor.mutators.ReturnValsMutator,instantiateParameterObject,771,NO_COVERAGE,none
DefaultResultSetHandler.java,org.apache.ibatis.executor.resultset.DefaultResultSetHandler,org.pitest.mutationtest.engine.gregor.mutators.ReturnValsMutator,instantiateParameterObject,773,NO_COVERAGE,none
DefaultResultSetHandler.java,org.apache.ibatis.executor.resultset.DefaultResultSetHandler,org.pitest.mutationtest.engine.gregor.mutators.NegateConditionalsMutator,linkObjects,1072,NO_COVERAGE,none
DefaultResultSetHandler.java,org.apache.ibatis.executor.resultset.DefaultResultSetHandler,org.pitest.mutationtest.engine.gregor.mutators.NonVoidMethodCallMutator,linkObjects,1071,NO_COVERAGE,none
DefaultResultSetHandler.java,org.apache.ibatis.executor.resultset.DefaultResultSetHandler,org.pitest.mutationtest.engine.gregor.mutators.NonVoidMethodCallMutator,linkObjects,1073,NO_COVERAGE,none
DefaultResultSetHandler.java,org.apache.ibatis.executor.resultset.DefaultResultSetHandler,org.pitest.mutationtest.engine.gregor.mutators.NonVoidMethodCallMutator,linkObjects,1076,NO_COVERAGE,none
DefaultResultSetHandler.java,org.apache.ibatis.executor.resultset.DefaultResultSetHandler,org.pitest.mutationtest.engine.gregor.mutators.RemoveConditionalMutator_EQUAL_ELSE,linkObjects,1072,NO_COVERAGE,none
DefaultResultSetHandler.java,org.apache.ibatis.executor.resultset.DefaultResultSetHandler,org.pitest.mutationtest.engine.gregor.mutators.RemoveConditionalMutator_EQUAL_IF,linkObjects,1072,NO_COVERAGE,none
DefaultResultSetHandler.java,org.apache.ibatis.executor.resultset.DefaultResultSetHandler,org.pitest.mutationtest.engine.gregor.mutators.VoidMethodCallMutator,linkObjects,1074,NO_COVERAGE,none
DefaultResultSetHandler.java,org.apache.ibatis.executor.resultset.DefaultResultSetHandler,org.pitest.mutationtest.engine.gregor.mutators.VoidMethodCallMutator,linkObjects,1076,NO_COVERAGE,none
DefaultResultSetHandler.java,org.apache.ibatis.executor.resultset.DefaultResultSetHandler,org.pitest.mutationtest.engine.gregor.mutators.ArgumentPropagationMutator,linkToParents,524,NO_COVERAGE,none
DefaultResultSetHandler.java,org.apache.ibatis.executor.resultset.DefaultResultSetHandler,org.pitest.mutationtest.engine.gregor.mutators.NegateConditionalsMutator,linkToParents,525,NO_COVERAGE,none
DefaultResultSetHandler.java,org.apache.ibatis.executor.resultset.DefaultResultSetHandler,org.pitest.mutationtest.engine.gregor.mutators.NegateConditionalsMutator,linkToParents,526,NO_COVERAGE,none
DefaultResultSetHandler.java,org.apache.ibatis.executor.resultset.DefaultResultSetHandler,org.pitest.mutationtest.engine.gregor.mutators.NegateConditionalsMutator,linkToParents,527,NO_COVERAGE,none
DefaultResultSetHandler.java,org.apache.ibatis.executor.resultset.DefaultResultSetHandler,org.pitest.mutationtest.engine.gregor.mutators.NegateConditionalsMutator,linkToParents,527,NO_COVERAGE,none
DefaultResultSetHandler.java,org.apache.ibatis.executor.resultset.DefaultResultSetHandler,org.pitest.mutationtest.engine.gregor.mutators.NonVoidMethodCallMutator,linkToParents,523,NO_COVERAGE,none
DefaultResultSetHandler.java,org.apache.ibatis.executor.resultset.DefaultResultSetHandler,org.pitest.mutationtest.engine.gregor.mutators.NonVoidMethodCallMutator,linkToParents,523,NO_COVERAGE,none
DefaultResultSetHandler.java,org.apache.ibatis.executor.resultset.DefaultResultSetHandler,org.pitest.mutationtest.engine.gregor.mutators.NonVoidMethodCallMutator,linkToParents,523,NO_COVERAGE,none
DefaultResultSetHandler.java,org.apache.ibatis.executor.resultset.DefaultResultSetHandler,org.pitest.mutationtest.engine.gregor.mutators.NonVoidMethodCallMutator,linkToParents,524,NO_COVERAGE,none
DefaultResultSetHandler.java,org.apache.ibatis.executor.resultset.DefaultResultSetHandler,org.pitest.mutationtest.engine.gregor.mutators.NonVoidMethodCallMutator,linkToParents,526,NO_COVERAGE,none
DefaultResultSetHandler.java,org.apache.ibatis.executor.resultset.DefaultResultSetHandler,org.pitest.mutationtest.engine.gregor.mutators.NonVoidMethodCallMutator,linkToParents,526,NO_COVERAGE,none
DefaultResultSetHandler.java,org.apache.ibatis.executor.resultset.DefaultResultSetHandler,org.pitest.mutationtest.engine.gregor.mutators.RemoveConditionalMutator_EQUAL_ELSE,linkToParents,525,NO_COVERAGE,none
DefaultResultSetHandler.java,org.apache.ibatis.executor.resultset.DefaultResultSetHandler,org.pitest.mutationtest.engine.gregor.mutators.RemoveConditionalMutator_EQUAL_ELSE,linkToParents,526,NO_COVERAGE,none
DefaultResultSetHandler.java,org.apache.ibatis.executor.resultset.DefaultResultSetHandler,org.pitest.mutationtest.engine.gregor.mutators.RemoveConditionalMutator_EQUAL_ELSE,linkToParents,527,NO_COVERAGE,none
DefaultResultSetHandler.java,org.apache.ibatis.executor.resultset.DefaultResultSetHandler,org.pitest.mutationtest.engine.gregor.mutators.RemoveConditionalMutator_EQUAL_ELSE,linkToParents,527,NO_COVERAGE,none
DefaultResultSetHandler.java,org.apache.ibatis.executor.resultset.DefaultResultSetHandler,org.pitest.mutationtest.engine.gregor.mutators.RemoveConditionalMutator_EQUAL_IF,linkToParents,525,NO_COVERAGE,none
DefaultResultSetHandler.java,org.apache.ibatis.executor.resultset.DefaultResultSetHandler,org.pitest.mutationtest.engine.gregor.mutators.RemoveConditionalMutator_EQUAL_IF,linkToParents,526,NO_COVERAGE,none
DefaultResultSetHandler.java,org.apache.ibatis.executor.resultset.DefaultResultSetHandler,org.pitest.mutationtest.engine.gregor.mutators.RemoveConditionalMutator_EQUAL_IF,linkToParents,527,NO_COVERAGE,none
DefaultResultSetHandler.java,org.apache.ibatis.executor.resultset.DefaultResultSetHandler,org.pitest.mutationtest.engine.gregor.mutators.RemoveConditionalMutator_EQUAL_IF,linkToParents,527,NO_COVERAGE,none
DefaultResultSetHandler.java,org.apache.ibatis.executor.resultset.DefaultResultSetHandler,org.pitest.mutationtest.engine.gregor.mutators.VoidMethodCallMutator,linkToParents,528,NO_COVERAGE,none
DefaultResultSetHandler.java,org.apache.ibatis.executor.resultset.DefaultResultSetHandler,org.pitest.mutationtest.engine.gregor.mutators.ArgumentPropagationMutator,prepareCompositeKeyParameter,757,NO_COVERAGE,none
DefaultResultSetHandler.java,org.apache.ibatis.executor.resultset.DefaultResultSetHandler,org.pitest.mutationtest.engine.gregor.mutators.InlineConstantMutator,prepareCompositeKeyParameter,753,NO_COVERAGE,none
DefaultResultSetHandler.java,org.apache.ibatis.executor.resultset.DefaultResultSetHandler,org.pitest.mutationtest.engine.gregor.mutators.InlineConstantMutator,prepareCompositeKeyParameter,761,NO_COVERAGE,none
DefaultResultSetHandler.java,org.apache.ibatis.executor.resultset.DefaultResultSetHandler,org.pitest.mutationtest.engine.gregor.mutators.NegateConditionalsMutator,prepareCompositeKeyParameter,754,NO_COVERAGE,none
DefaultResultSetHandler.java,org.apache.ibatis.executor.resultset.DefaultResultSetHandler,org.pitest.mutationtest.engine.gregor.mutators.NegateConditionalsMutator,prepareCompositeKeyParameter,759,NO_COVERAGE,none
DefaultResultSetHandler.java,org.apache.ibatis.executor.resultset.DefaultResultSetHandler,org.pitest.mutationtest.engine.gregor.mutators.NegateConditionalsMutator,prepareCompositeKeyParameter,764,NO_COVERAGE,none
DefaultResultSetHandler.java,org.apache.ibatis.executor.resultset.DefaultResultSetHandler,org.pitest.mutationtest.engine.gregor.mutators.NonVoidMethodCallMutator,prepareCompositeKeyParameter,751,NO_COVERAGE,none
DefaultResultSetHandler.java,org.apache.ibatis.executor.resultset.DefaultResultSetHandler,org.pitest.mutationtest.engine.gregor.mutators.NonVoidMethodCallMutator,prepareCompositeKeyParameter,752,NO_COVERAGE,none
DefaultResultSetHandler.java,org.apache.ibatis.executor.resultset.DefaultResultSetHandler,org.pitest.mutationtest.engine.gregor.mutators.NonVoidMethodCallMutator,prepareCompositeKeyParameter,754,NO_COVERAGE,none
DefaultResultSetHandler.java,org.apache.ibatis.executor.resultset.DefaultResultSetHandler,org.pitest.mutationtest.engine.gregor.mutators.NonVoidMethodCallMutator,prepareCompositeKeyParameter,754,NO_COVERAGE,none
DefaultResultSetHandler.java,org.apache.ibatis.executor.resultset.DefaultResultSetHandler,org.pitest.mutationtest.engine.gregor.mutators.NonVoidMethodCallMutator,prepareCompositeKeyParameter,754,NO_COVERAGE,none
DefaultResultSetHandler.java,org.apache.ibatis.executor.resultset.DefaultResultSetHandler,org.pitest.mutationtest.engine.gregor.mutators.NonVoidMethodCallMutator,prepareCompositeKeyParameter,754,NO_COVERAGE,none
DefaultResultSetHandler.java,org.apache.ibatis.executor.resultset.DefaultResultSetHandler,org.pitest.mutationtest.engine.gregor.mutators.NonVoidMethodCallMutator,prepareCompositeKeyParameter,755,NO_COVERAGE,none
DefaultResultSetHandler.java,org.apache.ibatis.executor.resultset.DefaultResultSetHandler,org.pitest.mutationtest.engine.gregor.mutators.NonVoidMethodCallMutator,prepareCompositeKeyParameter,755,NO_COVERAGE,none
DefaultResultSetHandler.java,org.apache.ibatis.executor.resultset.DefaultResultSetHandler,org.pitest.mutationtest.engine.gregor.mutators.NonVoidMethodCallMutator,prepareCompositeKeyParameter,756,NO_COVERAGE,none
DefaultResultSetHandler.java,org.apache.ibatis.executor.resultset.DefaultResultSetHandler,org.pitest.mutationtest.engine.gregor.mutators.NonVoidMethodCallMutator,prepareCompositeKeyParameter,757,NO_COVERAGE,none
DefaultResultSetHandler.java,org.apache.ibatis.executor.resultset.DefaultResultSetHandler,org.pitest.mutationtest.engine.gregor.mutators.NonVoidMethodCallMutator,prepareCompositeKeyParameter,757,NO_COVERAGE,none
DefaultResultSetHandler.java,org.apache.ibatis.executor.resultset.DefaultResultSetHandler,org.pitest.mutationtest.engine.gregor.mutators.NonVoidMethodCallMutator,prepareCompositeKeyParameter,757,NO_COVERAGE,none
DefaultResultSetHandler.java,org.apache.ibatis.executor.resultset.DefaultResultSetHandler,org.pitest.mutationtest.engine.gregor.mutators.NonVoidMethodCallMutator,prepareCompositeKeyParameter,760,NO_COVERAGE,none
DefaultResultSetHandler.java,org.apache.ibatis.executor.resultset.DefaultResultSetHandler,org.pitest.mutationtest.engine.gregor.mutators.RemoveConditionalMutator_EQUAL_ELSE,prepareCompositeKeyParameter,754,NO_COVERAGE,none
DefaultResultSetHandler.java,org.apache.ibatis.executor.resultset.DefaultResultSetHandler,org.pitest.mutationtest.engine.gregor.mutators.RemoveConditionalMutator_EQUAL_ELSE,prepareCompositeKeyParameter,759,NO_COVERAGE,none
DefaultResultSetHandler.java,org.apache.ibatis.executor.resultset.DefaultResultSetHandler,org.pitest.mutationtest.engine.gregor.mutators.RemoveConditionalMutator_EQUAL_ELSE,prepareCompositeKeyParameter,764,NO_COVERAGE,none
DefaultResultSetHandler.java,org.apache.ibatis.executor.resultset.DefaultResultSetHandler,org.pitest.mutationtest.engine.gregor.mutators.RemoveConditionalMutator_EQUAL_IF,prepareCompositeKeyParameter,754,NO_COVERAGE,none
DefaultResultSetHandler.java,org.apache.ibatis.executor.resultset.DefaultResultSetHandler,org.pitest.mutationtest.engine.gregor.mutators.RemoveConditionalMutator_EQUAL_IF,prepareCompositeKeyParameter,759,NO_COVERAGE,none
DefaultResultSetHandler.java,org.apache.ibatis.executor.resultset.DefaultResultSetHandler,org.pitest.mutationtest.engine.gregor.mutators.RemoveConditionalMutator_EQUAL_IF,prepareCompositeKeyParameter,764,NO_COVERAGE,none
DefaultResultSetHandler.java,org.apache.ibatis.executor.resultset.DefaultResultSetHandler,org.pitest.mutationtest.engine.gregor.mutators.ReturnValsMutator,prepareCompositeKeyParameter,764,NO_COVERAGE,none
DefaultResultSetHandler.java,org.apache.ibatis.executor.resultset.DefaultResultSetHandler,org.pitest.mutationtest.engine.gregor.mutators.VoidMethodCallMutator,prepareCompositeKeyParameter,760,NO_COVERAGE,none
DefaultResultSetHandler.java,org.apache.ibatis.executor.resultset.DefaultResultSetHandler,org.pitest.mutationtest.engine.gregor.mutators.NonVoidMethodCallMutator,prepareParameterForNestedQuery,734,NO_COVERAGE,none
DefaultResultSetHandler.java,org.apache.ibatis.executor.resultset.DefaultResultSetHandler,org.pitest.mutationtest.engine.gregor.mutators.ReturnValsMutator,prepareParameterForNestedQuery,734,NO_COVERAGE,none
DefaultResultSetHandler.java,org.apache.ibatis.executor.resultset.DefaultResultSetHandler,org.pitest.mutationtest.engine.gregor.mutators.NonVoidMethodCallMutator,prepareSimpleKeyParameter,742,NO_COVERAGE,none
DefaultResultSetHandler.java,org.apache.ibatis.executor.resultset.DefaultResultSetHandler,org.pitest.mutationtest.engine.gregor.mutators.ConstructorCallMutator,prependPrefix,811,NO_COVERAGE,none
DefaultResultSetHandler.java,org.apache.ibatis.executor.resultset.DefaultResultSetHandler,org.pitest.mutationtest.engine.gregor.mutators.NegateConditionalsMutator,prependPrefix,808,KILLED,org.apache.ibatis.submitted.extend.ExtendTest.org.apache.ibatis.submitted.extend.ExtendTest
DefaultResultSetHandler.java,org.apache.ibatis.executor.resultset.DefaultResultSetHandler,org.pitest.mutationtest.engine.gregor.mutators.NegateConditionalsMutator,prependPrefix,808,KILLED,org.apache.ibatis.submitted.extend.ExtendTest.org.apache.ibatis.submitted.extend.ExtendTest
DefaultResultSetHandler.java,org.apache.ibatis.executor.resultset.DefaultResultSetHandler,org.pitest.mutationtest.engine.gregor.mutators.NonVoidMethodCallMutator,prependPrefix,808,KILLED,org.apache.ibatis.submitted.extend.ExtendTest.org.apache.ibatis.submitted.extend.ExtendTest
DefaultResultSetHandler.java,org.apache.ibatis.executor.resultset.DefaultResultSetHandler,org.pitest.mutationtest.engine.gregor.mutators.NonVoidMethodCallMutator,prependPrefix,811,NO_COVERAGE,none
DefaultResultSetHandler.java,org.apache.ibatis.executor.resultset.DefaultResultSetHandler,org.pitest.mutationtest.engine.gregor.mutators.NonVoidMethodCallMutator,prependPrefix,811,NO_COVERAGE,none
DefaultResultSetHandler.java,org.apache.ibatis.executor.resultset.DefaultResultSetHandler,org.pitest.mutationtest.engine.gregor.mutators.NonVoidMethodCallMutator,prependPrefix,811,NO_COVERAGE,none
DefaultResultSetHandler.java,org.apache.ibatis.executor.resultset.DefaultResultSetHandler,org.pitest.mutationtest.engine.gregor.mutators.RemoveConditionalMutator_EQUAL_ELSE,prependPrefix,808,KILLED,org.apache.ibatis.submitted.extend.ExtendTest.org.apache.ibatis.submitted.extend.ExtendTest
DefaultResultSetHandler.java,org.apache.ibatis.executor.resultset.DefaultResultSetHandler,org.pitest.mutationtest.engine.gregor.mutators.RemoveConditionalMutator_EQUAL_IF,prependPrefix,808,KILLED,org.apache.ibatis.submitted.extend.ExtendTest.org.apache.ibatis.submitted.extend.ExtendTest
DefaultResultSetHandler.java,org.apache.ibatis.executor.resultset.DefaultResultSetHandler,org.pitest.mutationtest.engine.gregor.mutators.ReturnValsMutator,prependPrefix,811,NO_COVERAGE,none
DefaultResultSetHandler.java,org.apache.ibatis.executor.resultset.DefaultResultSetHandler,org.pitest.mutationtest.engine.gregor.mutators.ArgumentPropagationMutator,resolveDiscriminatedResultMap,786,NO_COVERAGE,none
DefaultResultSetHandler.java,org.apache.ibatis.executor.resultset.DefaultResultSetHandler,org.pitest.mutationtest.engine.gregor.mutators.NegateConditionalsMutator,resolveDiscriminatedResultMap,787,NO_COVERAGE,none
DefaultResultSetHandler.java,org.apache.ibatis.executor.resultset.DefaultResultSetHandler,org.pitest.mutationtest.engine.gregor.mutators.NegateConditionalsMutator,resolveDiscriminatedResultMap,791,NO_COVERAGE,none
DefaultResultSetHandler.java,org.apache.ibatis.executor.resultset.DefaultResultSetHandler,org.pitest.mutationtest.engine.gregor.mutators.NegateConditionalsMutator,resolveDiscriminatedResultMap,791,NO_COVERAGE,none
DefaultResultSetHandler.java,org.apache.ibatis.executor.resultset.DefaultResultSetHandler,org.pitest.mutationtest.engine.gregor.mutators.NonVoidMethodCallMutator,resolveDiscriminatedResultMap,785,NO_COVERAGE,none
DefaultResultSetHandler.java,org.apache.ibatis.executor.resultset.DefaultResultSetHandler,org.pitest.mutationtest.engine.gregor.mutators.NonVoidMethodCallMutator,resolveDiscriminatedResultMap,786,NO_COVERAGE,none
DefaultResultSetHandler.java,org.apache.ibatis.executor.resultset.DefaultResultSetHandler,org.pitest.mutationtest.engine.gregor.mutators.NonVoidMethodCallMutator,resolveDiscriminatedResultMap,786,NO_COVERAGE,none
DefaultResultSetHandler.java,org.apache.ibatis.executor.resultset.DefaultResultSetHandler,org.pitest.mutationtest.engine.gregor.mutators.NonVoidMethodCallMutator,resolveDiscriminatedResultMap,787,NO_COVERAGE,none
DefaultResultSetHandler.java,org.apache.ibatis.executor.resultset.DefaultResultSetHandler,org.pitest.mutationtest.engine.gregor.mutators.NonVoidMethodCallMutator,resolveDiscriminatedResultMap,788,NO_COVERAGE,none
DefaultResultSetHandler.java,org.apache.ibatis.executor.resultset.DefaultResultSetHandler,org.pitest.mutationtest.engine.gregor.mutators.NonVoidMethodCallMutator,resolveDiscriminatedResultMap,790,NO_COVERAGE,none
DefaultResultSetHandler.java,org.apache.ibatis.executor.resultset.DefaultResultSetHandler,org.pitest.mutationtest.engine.gregor.mutators.NonVoidMethodCallMutator,resolveDiscriminatedResultMap,791,NO_COVERAGE,none
DefaultResultSetHandler.java,org.apache.ibatis.executor.resultset.DefaultResultSetHandler,org.pitest.mutationtest.engine.gregor.mutators.RemoveConditionalMutator_EQUAL_ELSE,resolveDiscriminatedResultMap,787,NO_COVERAGE,none
DefaultResultSetHandler.java,org.apache.ibatis.executor.resultset.DefaultResultSetHandler,org.pitest.mutationtest.engine.gregor.mutators.RemoveConditionalMutator_EQUAL_ELSE,resolveDiscriminatedResultMap,791,NO_COVERAGE,none
DefaultResultSetHandler.java,org.apache.ibatis.executor.resultset.DefaultResultSetHandler,org.pitest.mutationtest.engine.gregor.mutators.RemoveConditionalMutator_EQUAL_ELSE,resolveDiscriminatedResultMap,791,NO_COVERAGE,none
DefaultResultSetHandler.java,org.apache.ibatis.executor.resultset.DefaultResultSetHandler,org.pitest.mutationtest.engine.gregor.mutators.RemoveConditionalMutator_EQUAL_IF,resolveDiscriminatedResultMap,787,NO_COVERAGE,none
DefaultResultSetHandler.java,org.apache.ibatis.executor.resultset.DefaultResultSetHandler,org.pitest.mutationtest.engine.gregor.mutators.RemoveConditionalMutator_EQUAL_IF,resolveDiscriminatedResultMap,791,NO_COVERAGE,none
DefaultResultSetHandler.java,org.apache.ibatis.executor.resultset.DefaultResultSetHandler,org.pitest.mutationtest.engine.gregor.mutators.RemoveConditionalMutator_EQUAL_IF,resolveDiscriminatedResultMap,791,NO_COVERAGE,none
DefaultResultSetHandler.java,org.apache.ibatis.executor.resultset.DefaultResultSetHandler,org.pitest.mutationtest.engine.gregor.mutators.InlineConstantMutator,shouldApplyAutomaticMappings,402,NO_COVERAGE,none
DefaultResultSetHandler.java,org.apache.ibatis.executor.resultset.DefaultResultSetHandler,org.pitest.mutationtest.engine.gregor.mutators.InlineConstantMutator,shouldApplyAutomaticMappings,402,NO_COVERAGE,none
DefaultResultSetHandler.java,org.apache.ibatis.executor.resultset.DefaultResultSetHandler,org.pitest.mutationtest.engine.gregor.mutators.InlineConstantMutator,shouldApplyAutomaticMappings,404,KILLED,org.apache.ibatis.submitted.extend.ExtendTest.org.apache.ibatis.submitted.extend.ExtendTest
DefaultResultSetHandler.java,org.apache.ibatis.executor.resultset.DefaultResultSetHandler,org.pitest.mutationtest.engine.gregor.mutators.NegateConditionalsMutator,shouldApplyAutomaticMappings,402,NO_COVERAGE,none
DefaultResultSetHandler.java,org.apache.ibatis.executor.resultset.DefaultResultSetHandler,org.pitest.mutationtest.engine.gregor.mutators.NonVoidMethodCallMutator,shouldApplyAutomaticMappings,399,NO_COVERAGE,none
DefaultResultSetHandler.java,org.apache.ibatis.executor.resultset.DefaultResultSetHandler,org.pitest.mutationtest.engine.gregor.mutators.NonVoidMethodCallMutator,shouldApplyAutomaticMappings,399,NO_COVERAGE,none
DefaultResultSetHandler.java,org.apache.ibatis.executor.resultset.DefaultResultSetHandler,org.pitest.mutationtest.engine.gregor.mutators.NonVoidMethodCallMutator,shouldApplyAutomaticMappings,402,NO_COVERAGE,none
DefaultResultSetHandler.java,org.apache.ibatis.executor.resultset.DefaultResultSetHandler,org.pitest.mutationtest.engine.gregor.mutators.RemoveConditionalMutator_EQUAL_ELSE,shouldApplyAutomaticMappings,402,NO_COVERAGE,none
DefaultResultSetHandler.java,org.apache.ibatis.executor.resultset.DefaultResultSetHandler,org.pitest.mutationtest.engine.gregor.mutators.RemoveConditionalMutator_EQUAL_IF,shouldApplyAutomaticMappings,402,NO_COVERAGE,none
DefaultResultSetHandler.java,org.apache.ibatis.executor.resultset.DefaultResultSetHandler,org.pitest.mutationtest.engine.gregor.mutators.ReturnValsMutator,shouldApplyAutomaticMappings,399,NO_COVERAGE,none
DefaultResultSetHandler.java,org.apache.ibatis.executor.resultset.DefaultResultSetHandler,org.pitest.mutationtest.engine.gregor.mutators.ReturnValsMutator,shouldApplyAutomaticMappings,402,NO_COVERAGE,none
DefaultResultSetHandler.java,org.apache.ibatis.executor.resultset.DefaultResultSetHandler,org.pitest.mutationtest.engine.gregor.mutators.ConditionalsBoundaryMutator,shouldProcessMoreRows,362,KILLED,org.apache.ibatis.submitted.extend.ExtendTest.org.apache.ibatis.submitted.extend.ExtendTest
DefaultResultSetHandler.java,org.apache.ibatis.executor.resultset.DefaultResultSetHandler,org.pitest.mutationtest.engine.gregor.mutators.NonVoidMethodCallMutator,shouldProcessMoreRows,362,KILLED,org.apache.ibatis.submitted.extend.ExtendTest.org.apache.ibatis.submitted.extend.ExtendTest
DefaultResultSetHandler.java,org.apache.ibatis.executor.resultset.DefaultResultSetHandler,org.pitest.mutationtest.engine.gregor.mutators.NegateConditionalsMutator,skipRows,367,NO_COVERAGE,none
DefaultResultSetHandler.java,org.apache.ibatis.executor.resultset.DefaultResultSetHandler,org.pitest.mutationtest.engine.gregor.mutators.NonVoidMethodCallMutator,skipRows,367,NO_COVERAGE,none
DefaultResultSetHandler.java,org.apache.ibatis.executor.resultset.DefaultResultSetHandler,org.pitest.mutationtest.engine.gregor.mutators.NonVoidMethodCallMutator,skipRows,368,NO_COVERAGE,none
DefaultResultSetHandler.java,org.apache.ibatis.executor.resultset.DefaultResultSetHandler,org.pitest.mutationtest.engine.gregor.mutators.NonVoidMethodCallMutator,skipRows,368,NO_COVERAGE,none
DefaultResultSetHandler.java,org.apache.ibatis.executor.resultset.DefaultResultSetHandler,org.pitest.mutationtest.engine.gregor.mutators.NonVoidMethodCallMutator,skipRows,372,NO_COVERAGE,none
DefaultResultSetHandler.java,org.apache.ibatis.executor.resultset.DefaultResultSetHandler,org.pitest.mutationtest.engine.gregor.mutators.RemoveConditionalMutator_EQUAL_ELSE,skipRows,366,KILLED,org.apache.ibatis.submitted.extend.ExtendTest.org.apache.ibatis.submitted.extend.ExtendTest
DefaultResultSetHandler.java,org.apache.ibatis.executor.resultset.DefaultResultSetHandler,org.pitest.mutationtest.engine.gregor.mutators.RemoveConditionalMutator_EQUAL_ELSE,skipRows,367,NO_COVERAGE,none
DefaultResultSetHandler.java,org.apache.ibatis.executor.resultset.DefaultResultSetHandler,org.pitest.mutationtest.engine.gregor.mutators.RemoveConditionalMutator_EQUAL_IF,skipRows,367,NO_COVERAGE,none
DefaultResultSetHandler.java,org.apache.ibatis.executor.resultset.DefaultResultSetHandler,org.pitest.mutationtest.engine.gregor.mutators.RemoveConditionalMutator_ORDER_ELSE,skipRows,371,KILLED,org.apache.ibatis.submitted.extend.ExtendTest.org.apache.ibatis.submitted.extend.ExtendTest
DefaultResultSetHandler.java,org.apache.ibatis.executor.resultset.DefaultResultSetHandler,org.pitest.mutationtest.engine.gregor.mutators.VoidMethodCallMutator,storeObject,349,NO_COVERAGE,none
DefaultResultSetHandler.java,org.apache.ibatis.executor.resultset.DefaultResultSetHandler,org.pitest.mutationtest.engine.gregor.mutators.ConditionalsBoundaryMutator,typeNames,664,NO_COVERAGE,none
DefaultResultSetHandler.java,org.apache.ibatis.executor.resultset.DefaultResultSetHandler,org.pitest.mutationtest.engine.gregor.mutators.ConstructorCallMutator,typeNames,663,NO_COVERAGE,none
DefaultResultSetHandler.java,org.apache.ibatis.executor.resultset.DefaultResultSetHandler,org.pitest.mutationtest.engine.gregor.mutators.IncrementsMutator,typeNames,664,NO_COVERAGE,none
DefaultResultSetHandler.java,org.apache.ibatis.executor.resultset.DefaultResultSetHandler,org.pitest.mutationtest.engine.gregor.mutators.InlineConstantMutator,typeNames,664,NO_COVERAGE,none
DefaultResultSetHandler.java,org.apache.ibatis.executor.resultset.DefaultResultSetHandler,org.pitest.mutationtest.engine.gregor.mutators.NegateConditionalsMutator,typeNames,664,NO_COVERAGE,none
DefaultResultSetHandler.java,org.apache.ibatis.executor.resultset.DefaultResultSetHandler,org.pitest.mutationtest.engine.gregor.mutators.NonVoidMethodCallMutator,typeNames,665,NO_COVERAGE,none
DefaultResultSetHandler.java,org.apache.ibatis.executor.resultset.DefaultResultSetHandler,org.pitest.mutationtest.engine.gregor.mutators.NonVoidMethodCallMutator,typeNames,665,NO_COVERAGE,none
DefaultResultSetHandler.java,org.apache.ibatis.executor.resultset.DefaultResultSetHandler,org.pitest.mutationtest.engine.gregor.mutators.RemoveConditionalMutator_ORDER_ELSE,typeNames,664,NO_COVERAGE,none
DefaultResultSetHandler.java,org.apache.ibatis.executor.resultset.DefaultResultSetHandler,org.pitest.mutationtest.engine.gregor.mutators.RemoveConditionalMutator_ORDER_IF,typeNames,664,NO_COVERAGE,none
DefaultResultSetHandler.java,org.apache.ibatis.executor.resultset.DefaultResultSetHandler,org.pitest.mutationtest.engine.gregor.mutators.ReturnValsMutator,typeNames,667,NO_COVERAGE,none
DefaultResultSetHandler.java,org.apache.ibatis.executor.resultset.DefaultResultSetHandler,org.pitest.mutationtest.engine.gregor.mutators.ConstructorCallMutator,validateResultMapsCount,278,NO_COVERAGE,none
DefaultResultSetHandler.java,org.apache.ibatis.executor.resultset.DefaultResultSetHandler,org.pitest.mutationtest.engine.gregor.mutators.ConstructorCallMutator,validateResultMapsCount,278,NO_COVERAGE,none
DefaultResultSetHandler.java,org.apache.ibatis.executor.resultset.DefaultResultSetHandler,org.pitest.mutationtest.engine.gregor.mutators.NonVoidMethodCallMutator,validateResultMapsCount,278,NO_COVERAGE,none
DefaultResultSetHandler.java,org.apache.ibatis.executor.resultset.DefaultResultSetHandler,org.pitest.mutationtest.engine.gregor.mutators.NonVoidMethodCallMutator,validateResultMapsCount,278,NO_COVERAGE,none
DefaultResultSetHandler.java,org.apache.ibatis.executor.resultset.DefaultResultSetHandler,org.pitest.mutationtest.engine.gregor.mutators.NonVoidMethodCallMutator,validateResultMapsCount,278,NO_COVERAGE,none
DefaultResultSetHandler.java,org.apache.ibatis.executor.resultset.DefaultResultSetHandler,org.pitest.mutationtest.engine.gregor.mutators.NonVoidMethodCallMutator,validateResultMapsCount,278,NO_COVERAGE,none
DefaultResultSetHandler.java,org.apache.ibatis.executor.resultset.DefaultResultSetHandler,org.pitest.mutationtest.engine.gregor.mutators.NonVoidMethodCallMutator,validateResultMapsCount,278,NO_COVERAGE,none
MapperAnnotationBuilder.java,org.apache.ibatis.builder.annotation.MapperAnnotationBuilder,org.pitest.mutationtest.engine.gregor.mutators.ConstructorCallMutator,<init>,97,KILLED,org.apache.ibatis.submitted.extend.ExtendTest.org.apache.ibatis.submitted.extend.ExtendTest
MapperAnnotationBuilder.java,org.apache.ibatis.builder.annotation.MapperAnnotationBuilder,org.pitest.mutationtest.engine.gregor.mutators.ConstructorCallMutator,<init>,98,KILLED,org.apache.ibatis.submitted.extend.ExtendTest.org.apache.ibatis.submitted.extend.ExtendTest
MapperAnnotationBuilder.java,org.apache.ibatis.builder.annotation.MapperAnnotationBuilder,org.pitest.mutationtest.engine.gregor.mutators.ConstructorCallMutator,<init>,106,KILLED,org.apache.ibatis.submitted.extend.ExtendTest.org.apache.ibatis.submitted.extend.ExtendTest
MapperAnnotationBuilder.java,org.apache.ibatis.builder.annotation.MapperAnnotationBuilder,org.pitest.mutationtest.engine.gregor.mutators.NonVoidMethodCallMutator,<init>,105,KILLED,org.apache.ibatis.submitted.extend.ExtendTest.org.apache.ibatis.submitted.extend.ExtendTest
MapperAnnotationBuilder.java,org.apache.ibatis.builder.annotation.MapperAnnotationBuilder,org.pitest.mutationtest.engine.gregor.mutators.NonVoidMethodCallMutator,<init>,111,KILLED,org.apache.ibatis.submitted.extend.ExtendTest.org.apache.ibatis.submitted.extend.ExtendTest
MapperAnnotationBuilder.java,org.apache.ibatis.builder.annotation.MapperAnnotationBuilder,org.pitest.mutationtest.engine.gregor.mutators.NonVoidMethodCallMutator,<init>,115,KILLED,org.apache.ibatis.submitted.extend.ExtendTest.org.apache.ibatis.submitted.extend.ExtendTest
MapperAnnotationBuilder.java,org.apache.ibatis.builder.annotation.MapperAnnotationBuilder,org.pitest.mutationtest.engine.gregor.mutators.NonVoidMethodCallMutator,<init>,117,KILLED,org.apache.ibatis.submitted.extend.ExtendTest.org.apache.ibatis.submitted.extend.ExtendTest
MapperAnnotationBuilder.java,org.apache.ibatis.builder.annotation.MapperAnnotationBuilder,org.pitest.mutationtest.engine.gregor.mutators.ArgumentPropagationMutator,applyConstructorArgs,595,NO_COVERAGE,none
MapperAnnotationBuilder.java,org.apache.ibatis.builder.annotation.MapperAnnotationBuilder,org.pitest.mutationtest.engine.gregor.mutators.ArgumentPropagationMutator,applyConstructorArgs,596,NO_COVERAGE,none
MapperAnnotationBuilder.java,org.apache.ibatis.builder.annotation.MapperAnnotationBuilder,org.pitest.mutationtest.engine.gregor.mutators.ArgumentPropagationMutator,applyConstructorArgs,599,NO_COVERAGE,none
MapperAnnotationBuilder.java,org.apache.ibatis.builder.annotation.MapperAnnotationBuilder,org.pitest.mutationtest.engine.gregor.mutators.ArgumentPropagationMutator,applyConstructorArgs,600,NO_COVERAGE,none
MapperAnnotationBuilder.java,org.apache.ibatis.builder.annotation.MapperAnnotationBuilder,org.pitest.mutationtest.engine.gregor.mutators.ConditionalsBoundaryMutator,applyConstructorArgs,584,NO_COVERAGE,none
MapperAnnotationBuilder.java,org.apache.ibatis.builder.annotation.MapperAnnotationBuilder,org.pitest.mutationtest.engine.gregor.mutators.ConstructorCallMutator,applyConstructorArgs,585,NO_COVERAGE,none
MapperAnnotationBuilder.java,org.apache.ibatis.builder.annotation.MapperAnnotationBuilder,org.pitest.mutationtest.engine.gregor.mutators.IncrementsMutator,applyConstructorArgs,584,NO_COVERAGE,none
MapperAnnotationBuilder.java,org.apache.ibatis.builder.annotation.MapperAnnotationBuilder,org.pitest.mutationtest.engine.gregor.mutators.InlineConstantMutator,applyConstructorArgs,584,NO_COVERAGE,none
MapperAnnotationBuilder.java,org.apache.ibatis.builder.annotation.MapperAnnotationBuilder,org.pitest.mutationtest.engine.gregor.mutators.InlineConstantMutator,applyConstructorArgs,600,NO_COVERAGE,none
MapperAnnotationBuilder.java,org.apache.ibatis.builder.annotation.MapperAnnotationBuilder,org.pitest.mutationtest.engine.gregor.mutators.NegateConditionalsMutator,applyConstructorArgs,584,NO_COVERAGE,none
MapperAnnotationBuilder.java,org.apache.ibatis.builder.annotation.MapperAnnotationBuilder,org.pitest.mutationtest.engine.gregor.mutators.NegateConditionalsMutator,applyConstructorArgs,587,NO_COVERAGE,none
MapperAnnotationBuilder.java,org.apache.ibatis.builder.annotation.MapperAnnotationBuilder,org.pitest.mutationtest.engine.gregor.mutators.NegateConditionalsMutator,applyConstructorArgs,592,NO_COVERAGE,none
MapperAnnotationBuilder.java,org.apache.ibatis.builder.annotation.MapperAnnotationBuilder,org.pitest.mutationtest.engine.gregor.mutators.NegateConditionalsMutator,applyConstructorArgs,597,NO_COVERAGE,none
MapperAnnotationBuilder.java,org.apache.ibatis.builder.annotation.MapperAnnotationBuilder,org.pitest.mutationtest.engine.gregor.mutators.NegateConditionalsMutator,applyConstructorArgs,598,NO_COVERAGE,none
MapperAnnotationBuilder.java,org.apache.ibatis.builder.annotation.MapperAnnotationBuilder,org.pitest.mutationtest.engine.gregor.mutators.NonVoidMethodCallMutator,applyConstructorArgs,586,NO_COVERAGE,none
MapperAnnotationBuilder.java,org.apache.ibatis.builder.annotation.MapperAnnotationBuilder,org.pitest.mutationtest.engine.gregor.mutators.NonVoidMethodCallMutator,applyConstructorArgs,587,NO_COVERAGE,none
MapperAnnotationBuilder.java,org.apache.ibatis.builder.annotation.MapperAnnotationBuilder,org.pitest.mutationtest.engine.gregor.mutators.NonVoidMethodCallMutator,applyConstructorArgs,588,NO_COVERAGE,none
MapperAnnotationBuilder.java,org.apache.ibatis.builder.annotation.MapperAnnotationBuilder,org.pitest.mutationtest.engine.gregor.mutators.NonVoidMethodCallMutator,applyConstructorArgs,592,NO_COVERAGE,none
MapperAnnotationBuilder.java,org.apache.ibatis.builder.annotation.MapperAnnotationBuilder,org.pitest.mutationtest.engine.gregor.mutators.NonVoidMethodCallMutator,applyConstructorArgs,592,NO_COVERAGE,none
MapperAnnotationBuilder.java,org.apache.ibatis.builder.annotation.MapperAnnotationBuilder,org.pitest.mutationtest.engine.gregor.mutators.NonVoidMethodCallMutator,applyConstructorArgs,595,NO_COVERAGE,none
MapperAnnotationBuilder.java,org.apache.ibatis.builder.annotation.MapperAnnotationBuilder,org.pitest.mutationtest.engine.gregor.mutators.NonVoidMethodCallMutator,applyConstructorArgs,595,NO_COVERAGE,none
MapperAnnotationBuilder.java,org.apache.ibatis.builder.annotation.MapperAnnotationBuilder,org.pitest.mutationtest.engine.gregor.mutators.NonVoidMethodCallMutator,applyConstructorArgs,596,NO_COVERAGE,none
MapperAnnotationBuilder.java,org.apache.ibatis.builder.annotation.MapperAnnotationBuilder,org.pitest.mutationtest.engine.gregor.mutators.NonVoidMethodCallMutator,applyConstructorArgs,596,NO_COVERAGE,none
MapperAnnotationBuilder.java,org.apache.ibatis.builder.annotation.MapperAnnotationBuilder,org.pitest.mutationtest.engine.gregor.mutators.NonVoidMethodCallMutator,applyConstructorArgs,597,NO_COVERAGE,none
MapperAnnotationBuilder.java,org.apache.ibatis.builder.annotation.MapperAnnotationBuilder,org.pitest.mutationtest.engine.gregor.mutators.NonVoidMethodCallMutator,applyConstructorArgs,597,NO_COVERAGE,none
MapperAnnotationBuilder.java,org.apache.ibatis.builder.annotation.MapperAnnotationBuilder,org.pitest.mutationtest.engine.gregor.mutators.NonVoidMethodCallMutator,applyConstructorArgs,598,NO_COVERAGE,none
MapperAnnotationBuilder.java,org.apache.ibatis.builder.annotation.MapperAnnotationBuilder,org.pitest.mutationtest.engine.gregor.mutators.NonVoidMethodCallMutator,applyConstructorArgs,598,NO_COVERAGE,none
MapperAnnotationBuilder.java,org.apache.ibatis.builder.annotation.MapperAnnotationBuilder,org.pitest.mutationtest.engine.gregor.mutators.NonVoidMethodCallMutator,applyConstructorArgs,599,NO_COVERAGE,none
MapperAnnotationBuilder.java,org.apache.ibatis.builder.annotation.MapperAnnotationBuilder,org.pitest.mutationtest.engine.gregor.mutators.NonVoidMethodCallMutator,applyConstructorArgs,599,NO_COVERAGE,none
MapperAnnotationBuilder.java,org.apache.ibatis.builder.annotation.MapperAnnotationBuilder,org.pitest.mutationtest.engine.gregor.mutators.NonVoidMethodCallMutator,applyConstructorArgs,600,NO_COVERAGE,none
MapperAnnotationBuilder.java,org.apache.ibatis.builder.annotation.MapperAnnotationBuilder,org.pitest.mutationtest.engine.gregor.mutators.NonVoidMethodCallMutator,applyConstructorArgs,600,NO_COVERAGE,none
MapperAnnotationBuilder.java,org.apache.ibatis.builder.annotation.MapperAnnotationBuilder,org.pitest.mutationtest.engine.gregor.mutators.NonVoidMethodCallMutator,applyConstructorArgs,593,NO_COVERAGE,none
MapperAnnotationBuilder.java,org.apache.ibatis.builder.annotation.MapperAnnotationBuilder,org.pitest.mutationtest.engine.gregor.mutators.NonVoidMethodCallMutator,applyConstructorArgs,608,NO_COVERAGE,none
MapperAnnotationBuilder.java,org.apache.ibatis.builder.annotation.MapperAnnotationBuilder,org.pitest.mutationtest.engine.gregor.mutators.RemoveConditionalMutator_EQUAL_ELSE,applyConstructorArgs,587,NO_COVERAGE,none
MapperAnnotationBuilder.java,org.apache.ibatis.builder.annotation.MapperAnnotationBuilder,org.pitest.mutationtest.engine.gregor.mutators.RemoveConditionalMutator_EQUAL_ELSE,applyConstructorArgs,592,NO_COVERAGE,none
MapperAnnotationBuilder.java,org.apache.ibatis.builder.annotation.MapperAnnotationBuilder,org.pitest.mutationtest.engine.gregor.mutators.RemoveConditionalMutator_EQUAL_ELSE,applyConstructorArgs,597,NO_COVERAGE,none
MapperAnnotationBuilder.java,org.apache.ibatis.builder.annotation.MapperAnnotationBuilder,org.pitest.mutationtest.engine.gregor.mutators.RemoveConditionalMutator_EQUAL_ELSE,applyConstructorArgs,598,NO_COVERAGE,none
MapperAnnotationBuilder.java,org.apache.ibatis.builder.annotation.MapperAnnotationBuilder,org.pitest.mutationtest.engine.gregor.mutators.RemoveConditionalMutator_EQUAL_IF,applyConstructorArgs,587,NO_COVERAGE,none
MapperAnnotationBuilder.java,org.apache.ibatis.builder.annotation.MapperAnnotationBuilder,org.pitest.mutationtest.engine.gregor.mutators.RemoveConditionalMutator_EQUAL_IF,applyConstructorArgs,592,NO_COVERAGE,none
MapperAnnotationBuilder.java,org.apache.ibatis.builder.annotation.MapperAnnotationBuilder,org.pitest.mutationtest.engine.gregor.mutators.RemoveConditionalMutator_EQUAL_IF,applyConstructorArgs,597,NO_COVERAGE,none
MapperAnnotationBuilder.java,org.apache.ibatis.builder.annotation.MapperAnnotationBuilder,org.pitest.mutationtest.engine.gregor.mutators.RemoveConditionalMutator_EQUAL_IF,applyConstructorArgs,598,NO_COVERAGE,none
MapperAnnotationBuilder.java,org.apache.ibatis.builder.annotation.MapperAnnotationBuilder,org.pitest.mutationtest.engine.gregor.mutators.RemoveConditionalMutator_ORDER_ELSE,applyConstructorArgs,584,NO_COVERAGE,none
MapperAnnotationBuilder.java,org.apache.ibatis.builder.annotation.MapperAnnotationBuilder,org.pitest.mutationtest.engine.gregor.mutators.RemoveConditionalMutator_ORDER_IF,applyConstructorArgs,584,NO_COVERAGE,none
MapperAnnotationBuilder.java,org.apache.ibatis.builder.annotation.MapperAnnotationBuilder,org.pitest.mutationtest.engine.gregor.mutators.ArgumentPropagationMutator,applyDiscriminator,279,NO_COVERAGE,none
MapperAnnotationBuilder.java,org.apache.ibatis.builder.annotation.MapperAnnotationBuilder,org.pitest.mutationtest.engine.gregor.mutators.ConditionalsBoundaryMutator,applyDiscriminator,276,NO_COVERAGE,none
MapperAnnotationBuilder.java,org.apache.ibatis.builder.annotation.MapperAnnotationBuilder,org.pitest.mutationtest.engine.gregor.mutators.ConstructorCallMutator,applyDiscriminator,275,NO_COVERAGE,none
MapperAnnotationBuilder.java,org.apache.ibatis.builder.annotation.MapperAnnotationBuilder,org.pitest.mutationtest.engine.gregor.mutators.ConstructorCallMutator,applyDiscriminator,278,NO_COVERAGE,none
MapperAnnotationBuilder.java,org.apache.ibatis.builder.annotation.MapperAnnotationBuilder,org.pitest.mutationtest.engine.gregor.mutators.IncrementsMutator,applyDiscriminator,276,NO_COVERAGE,none
MapperAnnotationBuilder.java,org.apache.ibatis.builder.annotation.MapperAnnotationBuilder,org.pitest.mutationtest.engine.gregor.mutators.InlineConstantMutator,applyDiscriminator,276,NO_COVERAGE,none
MapperAnnotationBuilder.java,org.apache.ibatis.builder.annotation.MapperAnnotationBuilder,org.pitest.mutationtest.engine.gregor.mutators.NegateConditionalsMutator,applyDiscriminator,267,NO_COVERAGE,none
MapperAnnotationBuilder.java,org.apache.ibatis.builder.annotation.MapperAnnotationBuilder,org.pitest.mutationtest.engine.gregor.mutators.NegateConditionalsMutator,applyDiscriminator,269,NO_COVERAGE,none
MapperAnnotationBuilder.java,org.apache.ibatis.builder.annotation.MapperAnnotationBuilder,org.pitest.mutationtest.engine.gregor.mutators.NegateConditionalsMutator,applyDiscriminator,270,NO_COVERAGE,none
MapperAnnotationBuilder.java,org.apache.ibatis.builder.annotation.MapperAnnotationBuilder,org.pitest.mutationtest.engine.gregor.mutators.NegateConditionalsMutator,applyDiscriminator,273,NO_COVERAGE,none
MapperAnnotationBuilder.java,org.apache.ibatis.builder.annotation.MapperAnnotationBuilder,org.pitest.mutationtest.engine.gregor.mutators.NegateConditionalsMutator,applyDiscriminator,276,NO_COVERAGE,none
MapperAnnotationBuilder.java,org.apache.ibatis.builder.annotation.MapperAnnotationBuilder,org.pitest.mutationtest.engine.gregor.mutators.NonVoidMethodCallMutator,applyDiscriminator,268,NO_COVERAGE,none
MapperAnnotationBuilder.java,org.apache.ibatis.builder.annotation.MapperAnnotationBuilder,org.pitest.mutationtest.engine.gregor.mutators.NonVoidMethodCallMutator,applyDiscriminator,269,NO_COVERAGE,none
MapperAnnotationBuilder.java,org.apache.ibatis.builder.annotation.MapperAnnotationBuilder,org.pitest.mutationtest.engine.gregor.mutators.NonVoidMethodCallMutator,applyDiscriminator,269,NO_COVERAGE,none
MapperAnnotationBuilder.java,org.apache.ibatis.builder.annotation.MapperAnnotationBuilder,org.pitest.mutationtest.engine.gregor.mutators.NonVoidMethodCallMutator,applyDiscriminator,270,NO_COVERAGE,none
MapperAnnotationBuilder.java,org.apache.ibatis.builder.annotation.MapperAnnotationBuilder,org.pitest.mutationtest.engine.gregor.mutators.NonVoidMethodCallMutator,applyDiscriminator,270,NO_COVERAGE,none
MapperAnnotationBuilder.java,org.apache.ibatis.builder.annotation.MapperAnnotationBuilder,org.pitest.mutationtest.engine.gregor.mutators.NonVoidMethodCallMutator,applyDiscriminator,273,NO_COVERAGE,none
MapperAnnotationBuilder.java,org.apache.ibatis.builder.annotation.MapperAnnotationBuilder,org.pitest.mutationtest.engine.gregor.mutators.NonVoidMethodCallMutator,applyDiscriminator,273,NO_COVERAGE,none
MapperAnnotationBuilder.java,org.apache.ibatis.builder.annotation.MapperAnnotationBuilder,org.pitest.mutationtest.engine.gregor.mutators.NonVoidMethodCallMutator,applyDiscriminator,274,NO_COVERAGE,none
MapperAnnotationBuilder.java,org.apache.ibatis.builder.annotation.MapperAnnotationBuilder,org.pitest.mutationtest.engine.gregor.mutators.NonVoidMethodCallMutator,applyDiscriminator,277,NO_COVERAGE,none
MapperAnnotationBuilder.java,org.apache.ibatis.builder.annotation.MapperAnnotationBuilder,org.pitest.mutationtest.engine.gregor.mutators.NonVoidMethodCallMutator,applyDiscriminator,278,NO_COVERAGE,none
MapperAnnotationBuilder.java,org.apache.ibatis.builder.annotation.MapperAnnotationBuilder,org.pitest.mutationtest.engine.gregor.mutators.NonVoidMethodCallMutator,applyDiscriminator,278,NO_COVERAGE,none
MapperAnnotationBuilder.java,org.apache.ibatis.builder.annotation.MapperAnnotationBuilder,org.pitest.mutationtest.engine.gregor.mutators.NonVoidMethodCallMutator,applyDiscriminator,278,NO_COVERAGE,none
MapperAnnotationBuilder.java,org.apache.ibatis.builder.annotation.MapperAnnotationBuilder,org.pitest.mutationtest.engine.gregor.mutators.NonVoidMethodCallMutator,applyDiscriminator,278,NO_COVERAGE,none
MapperAnnotationBuilder.java,org.apache.ibatis.builder.annotation.MapperAnnotationBuilder,org.pitest.mutationtest.engine.gregor.mutators.NonVoidMethodCallMutator,applyDiscriminator,279,NO_COVERAGE,none
MapperAnnotationBuilder.java,org.apache.ibatis.builder.annotation.MapperAnnotationBuilder,org.pitest.mutationtest.engine.gregor.mutators.NonVoidMethodCallMutator,applyDiscriminator,281,NO_COVERAGE,none
MapperAnnotationBuilder.java,org.apache.ibatis.builder.annotation.MapperAnnotationBuilder,org.pitest.mutationtest.engine.gregor.mutators.RemoveConditionalMutator_EQUAL_ELSE,applyDiscriminator,267,NO_COVERAGE,none
MapperAnnotationBuilder.java,org.apache.ibatis.builder.annotation.MapperAnnotationBuilder,org.pitest.mutationtest.engine.gregor.mutators.RemoveConditionalMutator_EQUAL_ELSE,applyDiscriminator,269,NO_COVERAGE,none
MapperAnnotationBuilder.java,org.apache.ibatis.builder.annotation.MapperAnnotationBuilder,org.pitest.mutationtest.engine.gregor.mutators.RemoveConditionalMutator_EQUAL_ELSE,applyDiscriminator,270,NO_COVERAGE,none
MapperAnnotationBuilder.java,org.apache.ibatis.builder.annotation.MapperAnnotationBuilder,org.pitest.mutationtest.engine.gregor.mutators.RemoveConditionalMutator_EQUAL_ELSE,applyDiscriminator,273,NO_COVERAGE,none
MapperAnnotationBuilder.java,org.apache.ibatis.builder.annotation.MapperAnnotationBuilder,org.pitest.mutationtest.engine.gregor.mutators.RemoveConditionalMutator_EQUAL_IF,applyDiscriminator,267,NO_COVERAGE,none
MapperAnnotationBuilder.java,org.apache.ibatis.builder.annotation.MapperAnnotationBuilder,org.pitest.mutationtest.engine.gregor.mutators.RemoveConditionalMutator_EQUAL_IF,applyDiscriminator,269,NO_COVERAGE,none
MapperAnnotationBuilder.java,org.apache.ibatis.builder.annotation.MapperAnnotationBuilder,org.pitest.mutationtest.engine.gregor.mutators.RemoveConditionalMutator_EQUAL_IF,applyDiscriminator,270,NO_COVERAGE,none
MapperAnnotationBuilder.java,org.apache.ibatis.builder.annotation.MapperAnnotationBuilder,org.pitest.mutationtest.engine.gregor.mutators.RemoveConditionalMutator_EQUAL_IF,applyDiscriminator,273,NO_COVERAGE,none
MapperAnnotationBuilder.java,org.apache.ibatis.builder.annotation.MapperAnnotationBuilder,org.pitest.mutationtest.engine.gregor.mutators.RemoveConditionalMutator_ORDER_ELSE,applyDiscriminator,276,NO_COVERAGE,none
MapperAnnotationBuilder.java,org.apache.ibatis.builder.annotation.MapperAnnotationBuilder,org.pitest.mutationtest.engine.gregor.mutators.RemoveConditionalMutator_ORDER_IF,applyDiscriminator,276,NO_COVERAGE,none
MapperAnnotationBuilder.java,org.apache.ibatis.builder.annotation.MapperAnnotationBuilder,org.pitest.mutationtest.engine.gregor.mutators.ReturnValsMutator,applyDiscriminator,281,NO_COVERAGE,none
MapperAnnotationBuilder.java,org.apache.ibatis.builder.annotation.MapperAnnotationBuilder,org.pitest.mutationtest.engine.gregor.mutators.ReturnValsMutator,applyDiscriminator,283,NO_COVERAGE,none
MapperAnnotationBuilder.java,org.apache.ibatis.builder.annotation.MapperAnnotationBuilder,org.pitest.mutationtest.engine.gregor.mutators.ConstructorCallMutator,applyResultMap,243,NO_COVERAGE,none
MapperAnnotationBuilder.java,org.apache.ibatis.builder.annotation.MapperAnnotationBuilder,org.pitest.mutationtest.engine.gregor.mutators.NonVoidMethodCallMutator,applyResultMap,246,NO_COVERAGE,none
MapperAnnotationBuilder.java,org.apache.ibatis.builder.annotation.MapperAnnotationBuilder,org.pitest.mutationtest.engine.gregor.mutators.NonVoidMethodCallMutator,applyResultMap,248,NO_COVERAGE,none
MapperAnnotationBuilder.java,org.apache.ibatis.builder.annotation.MapperAnnotationBuilder,org.pitest.mutationtest.engine.gregor.mutators.VoidMethodCallMutator,applyResultMap,244,NO_COVERAGE,none
MapperAnnotationBuilder.java,org.apache.ibatis.builder.annotation.MapperAnnotationBuilder,org.pitest.mutationtest.engine.gregor.mutators.VoidMethodCallMutator,applyResultMap,245,NO_COVERAGE,none
MapperAnnotationBuilder.java,org.apache.ibatis.builder.annotation.MapperAnnotationBuilder,org.pitest.mutationtest.engine.gregor.mutators.VoidMethodCallMutator,applyResultMap,249,NO_COVERAGE,none
MapperAnnotationBuilder.java,org.apache.ibatis.builder.annotation.MapperAnnotationBuilder,org.pitest.mutationtest.engine.gregor.mutators.ArgumentPropagationMutator,applyResults,538,NO_COVERAGE,none
MapperAnnotationBuilder.java,org.apache.ibatis.builder.annotation.MapperAnnotationBuilder,org.pitest.mutationtest.engine.gregor.mutators.ArgumentPropagationMutator,applyResults,539,NO_COVERAGE,none
MapperAnnotationBuilder.java,org.apache.ibatis.builder.annotation.MapperAnnotationBuilder,org.pitest.mutationtest.engine.gregor.mutators.ConditionalsBoundaryMutator,applyResults,528,NO_COVERAGE,none
MapperAnnotationBuilder.java,org.apache.ibatis.builder.annotation.MapperAnnotationBuilder,org.pitest.mutationtest.engine.gregor.mutators.ConstructorCallMutator,applyResults,529,NO_COVERAGE,none
MapperAnnotationBuilder.java,org.apache.ibatis.builder.annotation.MapperAnnotationBuilder,org.pitest.mutationtest.engine.gregor.mutators.IncrementsMutator,applyResults,528,NO_COVERAGE,none
MapperAnnotationBuilder.java,org.apache.ibatis.builder.annotation.MapperAnnotationBuilder,org.pitest.mutationtest.engine.gregor.mutators.InlineConstantMutator,applyResults,528,NO_COVERAGE,none
MapperAnnotationBuilder.java,org.apache.ibatis.builder.annotation.MapperAnnotationBuilder,org.pitest.mutationtest.engine.gregor.mutators.NegateConditionalsMutator,applyResults,528,NO_COVERAGE,none
MapperAnnotationBuilder.java,org.apache.ibatis.builder.annotation.MapperAnnotationBuilder,org.pitest.mutationtest.engine.gregor.mutators.NegateConditionalsMutator,applyResults,530,NO_COVERAGE,none
MapperAnnotationBuilder.java,org.apache.ibatis.builder.annotation.MapperAnnotationBuilder,org.pitest.mutationtest.engine.gregor.mutators.NegateConditionalsMutator,applyResults,535,NO_COVERAGE,none
MapperAnnotationBuilder.java,org.apache.ibatis.builder.annotation.MapperAnnotationBuilder,org.pitest.mutationtest.engine.gregor.mutators.NegateConditionalsMutator,applyResults,540,NO_COVERAGE,none
MapperAnnotationBuilder.java,org.apache.ibatis.builder.annotation.MapperAnnotationBuilder,org.pitest.mutationtest.engine.gregor.mutators.NegateConditionalsMutator,applyResults,541,NO_COVERAGE,none
MapperAnnotationBuilder.java,org.apache.ibatis.builder.annotation.MapperAnnotationBuilder,org.pitest.mutationtest.engine.gregor.mutators.NegateConditionalsMutator,applyResults,542,NO_COVERAGE,none
MapperAnnotationBuilder.java,org.apache.ibatis.builder.annotation.MapperAnnotationBuilder,org.pitest.mutationtest.engine.gregor.mutators.NonVoidMethodCallMutator,applyResults,530,NO_COVERAGE,none
MapperAnnotationBuilder.java,org.apache.ibatis.builder.annotation.MapperAnnotationBuilder,org.pitest.mutationtest.engine.gregor.mutators.NonVoidMethodCallMutator,applyResults,531,NO_COVERAGE,none
MapperAnnotationBuilder.java,org.apache.ibatis.builder.annotation.MapperAnnotationBuilder,org.pitest.mutationtest.engine.gregor.mutators.NonVoidMethodCallMutator,applyResults,535,NO_COVERAGE,none
MapperAnnotationBuilder.java,org.apache.ibatis.builder.annotation.MapperAnnotationBuilder,org.pitest.mutationtest.engine.gregor.mutators.NonVoidMethodCallMutator,applyResults,535,NO_COVERAGE,none
MapperAnnotationBuilder.java,org.apache.ibatis.builder.annotation.MapperAnnotationBuilder,org.pitest.mutationtest.engine.gregor.mutators.NonVoidMethodCallMutator,applyResults,538,NO_COVERAGE,none
MapperAnnotationBuilder.java,org.apache.ibatis.builder.annotation.MapperAnnotationBuilder,org.pitest.mutationtest.engine.gregor.mutators.NonVoidMethodCallMutator,applyResults,538,NO_COVERAGE,none
MapperAnnotationBuilder.java,org.apache.ibatis.builder.annotation.MapperAnnotationBuilder,org.pitest.mutationtest.engine.gregor.mutators.NonVoidMethodCallMutator,applyResults,539,NO_COVERAGE,none
MapperAnnotationBuilder.java,org.apache.ibatis.builder.annotation.MapperAnnotationBuilder,org.pitest.mutationtest.engine.gregor.mutators.NonVoidMethodCallMutator,applyResults,539,NO_COVERAGE,none
MapperAnnotationBuilder.java,org.apache.ibatis.builder.annotation.MapperAnnotationBuilder,org.pitest.mutationtest.engine.gregor.mutators.NonVoidMethodCallMutator,applyResults,540,NO_COVERAGE,none
MapperAnnotationBuilder.java,org.apache.ibatis.builder.annotation.MapperAnnotationBuilder,org.pitest.mutationtest.engine.gregor.mutators.NonVoidMethodCallMutator,applyResults,540,NO_COVERAGE,none
MapperAnnotationBuilder.java,org.apache.ibatis.builder.annotation.MapperAnnotationBuilder,org.pitest.mutationtest.engine.gregor.mutators.NonVoidMethodCallMutator,applyResults,541,NO_COVERAGE,none
MapperAnnotationBuilder.java,org.apache.ibatis.builder.annotation.MapperAnnotationBuilder,org.pitest.mutationtest.engine.gregor.mutators.NonVoidMethodCallMutator,applyResults,541,NO_COVERAGE,none
MapperAnnotationBuilder.java,org.apache.ibatis.builder.annotation.MapperAnnotationBuilder,org.pitest.mutationtest.engine.gregor.mutators.NonVoidMethodCallMutator,applyResults,542,NO_COVERAGE,none
MapperAnnotationBuilder.java,org.apache.ibatis.builder.annotation.MapperAnnotationBuilder,org.pitest.mutationtest.engine.gregor.mutators.NonVoidMethodCallMutator,applyResults,542,NO_COVERAGE,none
MapperAnnotationBuilder.java,org.apache.ibatis.builder.annotation.MapperAnnotationBuilder,org.pitest.mutationtest.engine.gregor.mutators.NonVoidMethodCallMutator,applyResults,550,NO_COVERAGE,none
MapperAnnotationBuilder.java,org.apache.ibatis.builder.annotation.MapperAnnotationBuilder,org.pitest.mutationtest.engine.gregor.mutators.NonVoidMethodCallMutator,applyResults,536,NO_COVERAGE,none
MapperAnnotationBuilder.java,org.apache.ibatis.builder.annotation.MapperAnnotationBuilder,org.pitest.mutationtest.engine.gregor.mutators.NonVoidMethodCallMutator,applyResults,551,NO_COVERAGE,none
MapperAnnotationBuilder.java,org.apache.ibatis.builder.annotation.MapperAnnotationBuilder,org.pitest.mutationtest.engine.gregor.mutators.RemoveConditionalMutator_EQUAL_ELSE,applyResults,530,NO_COVERAGE,none
MapperAnnotationBuilder.java,org.apache.ibatis.builder.annotation.MapperAnnotationBuilder,org.pitest.mutationtest.engine.gregor.mutators.RemoveConditionalMutator_EQUAL_ELSE,applyResults,535,NO_COVERAGE,none
MapperAnnotationBuilder.java,org.apache.ibatis.builder.annotation.MapperAnnotationBuilder,org.pitest.mutationtest.engine.gregor.mutators.RemoveConditionalMutator_EQUAL_ELSE,applyResults,540,NO_COVERAGE,none
MapperAnnotationBuilder.java,org.apache.ibatis.builder.annotation.MapperAnnotationBuilder,org.pitest.mutationtest.engine.gregor.mutators.RemoveConditionalMutator_EQUAL_ELSE,applyResults,541,NO_COVERAGE,none
MapperAnnotationBuilder.java,org.apache.ibatis.builder.annotation.MapperAnnotationBuilder,org.pitest.mutationtest.engine.gregor.mutators.RemoveConditionalMutator_EQUAL_ELSE,applyResults,542,NO_COVERAGE,none
MapperAnnotationBuilder.java,org.apache.ibatis.builder.annotation.MapperAnnotationBuilder,org.pitest.mutationtest.engine.gregor.mutators.RemoveConditionalMutator_EQUAL_IF,applyResults,530,NO_COVERAGE,none
MapperAnnotationBuilder.java,org.apache.ibatis.builder.annotation.MapperAnnotationBuilder,org.pitest.mutationtest.engine.gregor.mutators.RemoveConditionalMutator_EQUAL_IF,applyResults,535,NO_COVERAGE,none
MapperAnnotationBuilder.java,org.apache.ibatis.builder.annotation.MapperAnnotationBuilder,org.pitest.mutationtest.engine.gregor.mutators.RemoveConditionalMutator_EQUAL_IF,applyResults,540,NO_COVERAGE,none
MapperAnnotationBuilder.java,org.apache.ibatis.builder.annotation.MapperAnnotationBuilder,org.pitest.mutationtest.engine.gregor.mutators.RemoveConditionalMutator_EQUAL_IF,applyResults,541,NO_COVERAGE,none
MapperAnnotationBuilder.java,org.apache.ibatis.builder.annotation.MapperAnnotationBuilder,org.pitest.mutationtest.engine.gregor.mutators.RemoveConditionalMutator_EQUAL_IF,applyResults,542,NO_COVERAGE,none
MapperAnnotationBuilder.java,org.apache.ibatis.builder.annotation.MapperAnnotationBuilder,org.pitest.mutationtest.engine.gregor.mutators.RemoveConditionalMutator_ORDER_ELSE,applyResults,528,NO_COVERAGE,none
MapperAnnotationBuilder.java,org.apache.ibatis.builder.annotation.MapperAnnotationBuilder,org.pitest.mutationtest.engine.gregor.mutators.RemoveConditionalMutator_ORDER_IF,applyResults,528,NO_COVERAGE,none
MapperAnnotationBuilder.java,org.apache.ibatis.builder.annotation.MapperAnnotationBuilder,org.pitest.mutationtest.engine.gregor.mutators.InlineConstantMutator,argsIf,621,NO_COVERAGE,none
MapperAnnotationBuilder.java,org.apache.ibatis.builder.annotation.MapperAnnotationBuilder,org.pitest.mutationtest.engine.gregor.mutators.NegateConditionalsMutator,argsIf,621,NO_COVERAGE,none
MapperAnnotationBuilder.java,org.apache.ibatis.builder.annotation.MapperAnnotationBuilder,org.pitest.mutationtest.engine.gregor.mutators.NonVoidMethodCallMutator,argsIf,621,NO_COVERAGE,none
MapperAnnotationBuilder.java,org.apache.ibatis.builder.annotation.MapperAnnotationBuilder,org.pitest.mutationtest.engine.gregor.mutators.RemoveConditionalMutator_EQUAL_ELSE,argsIf,621,NO_COVERAGE,none
MapperAnnotationBuilder.java,org.apache.ibatis.builder.annotation.MapperAnnotationBuilder,org.pitest.mutationtest.engine.gregor.mutators.RemoveConditionalMutator_EQUAL_IF,argsIf,621,NO_COVERAGE,none
MapperAnnotationBuilder.java,org.apache.ibatis.builder.annotation.MapperAnnotationBuilder,org.pitest.mutationtest.engine.gregor.mutators.ReturnValsMutator,argsIf,621,NO_COVERAGE,none
MapperAnnotationBuilder.java,org.apache.ibatis.builder.annotation.MapperAnnotationBuilder,org.pitest.mutationtest.engine.gregor.mutators.ConditionalsBoundaryMutator,buildSqlSourceFromStrings,478,NO_COVERAGE,none
MapperAnnotationBuilder.java,org.apache.ibatis.builder.annotation.MapperAnnotationBuilder,org.pitest.mutationtest.engine.gregor.mutators.ConstructorCallMutator,buildSqlSourceFromStrings,477,NO_COVERAGE,none
MapperAnnotationBuilder.java,org.apache.ibatis.builder.annotation.MapperAnnotationBuilder,org.pitest.mutationtest.engine.gregor.mutators.IncrementsMutator,buildSqlSourceFromStrings,478,NO_COVERAGE,none
MapperAnnotationBuilder.java,org.apache.ibatis.builder.annotation.MapperAnnotationBuilder,org.pitest.mutationtest.engine.gregor.mutators.InlineConstantMutator,buildSqlSourceFromStrings,478,NO_COVERAGE,none
MapperAnnotationBuilder.java,org.apache.ibatis.builder.annotation.MapperAnnotationBuilder,org.pitest.mutationtest.engine.gregor.mutators.NegateConditionalsMutator,buildSqlSourceFromStrings,478,NO_COVERAGE,none
MapperAnnotationBuilder.java,org.apache.ibatis.builder.annotation.MapperAnnotationBuilder,org.pitest.mutationtest.engine.gregor.mutators.NonVoidMethodCallMutator,buildSqlSourceFromStrings,479,NO_COVERAGE,none
MapperAnnotationBuilder.java,org.apache.ibatis.builder.annotation.MapperAnnotationBuilder,org.pitest.mutationtest.engine.gregor.mutators.NonVoidMethodCallMutator,buildSqlSourceFromStrings,480,NO_COVERAGE,none
MapperAnnotationBuilder.java,org.apache.ibatis.builder.annotation.MapperAnnotationBuilder,org.pitest.mutationtest.engine.gregor.mutators.NonVoidMethodCallMutator,buildSqlSourceFromStrings,482,NO_COVERAGE,none
MapperAnnotationBuilder.java,org.apache.ibatis.builder.annotation.MapperAnnotationBuilder,org.pitest.mutationtest.engine.gregor.mutators.NonVoidMethodCallMutator,buildSqlSourceFromStrings,482,NO_COVERAGE,none
MapperAnnotationBuilder.java,org.apache.ibatis.builder.annotation.MapperAnnotationBuilder,org.pitest.mutationtest.engine.gregor.mutators.NonVoidMethodCallMutator,buildSqlSourceFromStrings,482,NO_COVERAGE,none
MapperAnnotationBuilder.java,org.apache.ibatis.builder.annotation.MapperAnnotationBuilder,org.pitest.mutationtest.engine.gregor.mutators.RemoveConditionalMutator_ORDER_ELSE,buildSqlSourceFromStrings,478,NO_COVERAGE,none
MapperAnnotationBuilder.java,org.apache.ibatis.builder.annotation.MapperAnnotationBuilder,org.pitest.mutationtest.engine.gregor.mutators.RemoveConditionalMutator_ORDER_IF,buildSqlSourceFromStrings,478,NO_COVERAGE,none
MapperAnnotationBuilder.java,org.apache.ibatis.builder.annotation.MapperAnnotationBuilder,org.pitest.mutationtest.engine.gregor.mutators.ReturnValsMutator,buildSqlSourceFromStrings,482,NO_COVERAGE,none
MapperAnnotationBuilder.java,org.apache.ibatis.builder.annotation.MapperAnnotationBuilder,org.pitest.mutationtest.engine.gregor.mutators.NonVoidMethodCallMutator,chooseAnnotationType,518,KILLED,org.apache.ibatis.submitted.extend.ExtendTest.org.apache.ibatis.submitted.extend.ExtendTest
MapperAnnotationBuilder.java,org.apache.ibatis.builder.annotation.MapperAnnotationBuilder,org.pitest.mutationtest.engine.gregor.mutators.RemoveConditionalMutator_EQUAL_ELSE,chooseAnnotationType,518,KILLED,org.apache.ibatis.submitted.extend.ExtendTest.org.apache.ibatis.submitted.extend.ExtendTest
MapperAnnotationBuilder.java,org.apache.ibatis.builder.annotation.MapperAnnotationBuilder,org.pitest.mutationtest.engine.gregor.mutators.RemoveConditionalMutator_EQUAL_IF,chooseAnnotationType,518,KILLED,org.apache.ibatis.submitted.extend.ExtendTest.org.apache.ibatis.submitted.extend.ExtendTest
MapperAnnotationBuilder.java,org.apache.ibatis.builder.annotation.MapperAnnotationBuilder,org.pitest.mutationtest.engine.gregor.mutators.ReturnValsMutator,chooseAnnotationType,521,NO_COVERAGE,none
MapperAnnotationBuilder.java,org.apache.ibatis.builder.annotation.MapperAnnotationBuilder,org.pitest.mutationtest.engine.gregor.mutators.ArgumentPropagationMutator,convertToProperties,195,NO_COVERAGE,none
MapperAnnotationBuilder.java,org.apache.ibatis.builder.annotation.MapperAnnotationBuilder,org.pitest.mutationtest.engine.gregor.mutators.ConditionalsBoundaryMutator,convertToProperties,193,NO_COVERAGE,none
MapperAnnotationBuilder.java,org.apache.ibatis.builder.annotation.MapperAnnotationBuilder,org.pitest.mutationtest.engine.gregor.mutators.ConstructorCallMutator,convertToProperties,192,NO_COVERAGE,none
MapperAnnotationBuilder.java,org.apache.ibatis.builder.annotation.MapperAnnotationBuilder,org.pitest.mutationtest.engine.gregor.mutators.IncrementsMutator,convertToProperties,193,NO_COVERAGE,none
MapperAnnotationBuilder.java,org.apache.ibatis.builder.annotation.MapperAnnotationBuilder,org.pitest.mutationtest.engine.gregor.mutators.InlineConstantMutator,convertToProperties,193,NO_COVERAGE,none
MapperAnnotationBuilder.java,org.apache.ibatis.builder.annotation.MapperAnnotationBuilder,org.pitest.mutationtest.engine.gregor.mutators.NegateConditionalsMutator,convertToProperties,189,NO_COVERAGE,none
MapperAnnotationBuilder.java,org.apache.ibatis.builder.annotation.MapperAnnotationBuilder,org.pitest.mutationtest.engine.gregor.mutators.NegateConditionalsMutator,convertToProperties,193,NO_COVERAGE,none
MapperAnnotationBuilder.java,org.apache.ibatis.builder.annotation.MapperAnnotationBuilder,org.pitest.mutationtest.engine.gregor.mutators.NonVoidMethodCallMutator,convertToProperties,194,NO_COVERAGE,none
MapperAnnotationBuilder.java,org.apache.ibatis.builder.annotation.MapperAnnotationBuilder,org.pitest.mutationtest.engine.gregor.mutators.NonVoidMethodCallMutator,convertToProperties,195,NO_COVERAGE,none
MapperAnnotationBuilder.java,org.apache.ibatis.builder.annotation.MapperAnnotationBuilder,org.pitest.mutationtest.engine.gregor.mutators.NonVoidMethodCallMutator,convertToProperties,195,NO_COVERAGE,none
MapperAnnotationBuilder.java,org.apache.ibatis.builder.annotation.MapperAnnotationBuilder,org.pitest.mutationtest.engine.gregor.mutators.NonVoidMethodCallMutator,convertToProperties,195,NO_COVERAGE,none
MapperAnnotationBuilder.java,org.apache.ibatis.builder.annotation.MapperAnnotationBuilder,org.pitest.mutationtest.engine.gregor.mutators.NonVoidMethodCallMutator,convertToProperties,194,NO_COVERAGE,none
MapperAnnotationBuilder.java,org.apache.ibatis.builder.annotation.MapperAnnotationBuilder,org.pitest.mutationtest.engine.gregor.mutators.RemoveConditionalMutator_EQUAL_ELSE,convertToProperties,189,NO_COVERAGE,none
MapperAnnotationBuilder.java,org.apache.ibatis.builder.annotation.MapperAnnotationBuilder,org.pitest.mutationtest.engine.gregor.mutators.RemoveConditionalMutator_EQUAL_IF,convertToProperties,189,NO_COVERAGE,none
MapperAnnotationBuilder.java,org.apache.ibatis.builder.annotation.MapperAnnotationBuilder,org.pitest.mutationtest.engine.gregor.mutators.RemoveConditionalMutator_ORDER_ELSE,convertToProperties,193,NO_COVERAGE,none
MapperAnnotationBuilder.java,org.apache.ibatis.builder.annotation.MapperAnnotationBuilder,org.pitest.mutationtest.engine.gregor.mutators.RemoveConditionalMutator_ORDER_IF,convertToProperties,193,NO_COVERAGE,none
MapperAnnotationBuilder.java,org.apache.ibatis.builder.annotation.MapperAnnotationBuilder,org.pitest.mutationtest.engine.gregor.mutators.ReturnValsMutator,convertToProperties,190,NO_COVERAGE,none
MapperAnnotationBuilder.java,org.apache.ibatis.builder.annotation.MapperAnnotationBuilder,org.pitest.mutationtest.engine.gregor.mutators.ReturnValsMutator,convertToProperties,197,NO_COVERAGE,none
MapperAnnotationBuilder.java,org.apache.ibatis.builder.annotation.MapperAnnotationBuilder,org.pitest.mutationtest.engine.gregor.mutators.ConditionalsBoundaryMutator,createDiscriminatorResultMaps,254,NO_COVERAGE,none
MapperAnnotationBuilder.java,org.apache.ibatis.builder.annotation.MapperAnnotationBuilder,org.pitest.mutationtest.engine.gregor.mutators.ConstructorCallMutator,createDiscriminatorResultMaps,255,NO_COVERAGE,none
MapperAnnotationBuilder.java,org.apache.ibatis.builder.annotation.MapperAnnotationBuilder,org.pitest.mutationtest.engine.gregor.mutators.ConstructorCallMutator,createDiscriminatorResultMaps,256,NO_COVERAGE,none
MapperAnnotationBuilder.java,org.apache.ibatis.builder.annotation.MapperAnnotationBuilder,org.pitest.mutationtest.engine.gregor.mutators.IncrementsMutator,createDiscriminatorResultMaps,254,NO_COVERAGE,none
MapperAnnotationBuilder.java,org.apache.ibatis.builder.annotation.MapperAnnotationBuilder,org.pitest.mutationtest.engine.gregor.mutators.InlineConstantMutator,createDiscriminatorResultMaps,254,NO_COVERAGE,none
MapperAnnotationBuilder.java,org.apache.ibatis.builder.annotation.MapperAnnotationBuilder,org.pitest.mutationtest.engine.gregor.mutators.NegateConditionalsMutator,createDiscriminatorResultMaps,253,NO_COVERAGE,none
MapperAnnotationBuilder.java,org.apache.ibatis.builder.annotation.MapperAnnotationBuilder,org.pitest.mutationtest.engine.gregor.mutators.NegateConditionalsMutator,createDiscriminatorResultMaps,254,NO_COVERAGE,none
MapperAnnotationBuilder.java,org.apache.ibatis.builder.annotation.MapperAnnotationBuilder,org.pitest.mutationtest.engine.gregor.mutators.NonVoidMethodCallMutator,createDiscriminatorResultMaps,254,NO_COVERAGE,none
MapperAnnotationBuilder.java,org.apache.ibatis.builder.annotation.MapperAnnotationBuilder,org.pitest.mutationtest.engine.gregor.mutators.NonVoidMethodCallMutator,createDiscriminatorResultMaps,255,NO_COVERAGE,none
MapperAnnotationBuilder.java,org.apache.ibatis.builder.annotation.MapperAnnotationBuilder,org.pitest.mutationtest.engine.gregor.mutators.NonVoidMethodCallMutator,createDiscriminatorResultMaps,255,NO_COVERAGE,none
MapperAnnotationBuilder.java,org.apache.ibatis.builder.annotation.MapperAnnotationBuilder,org.pitest.mutationtest.engine.gregor.mutators.NonVoidMethodCallMutator,createDiscriminatorResultMaps,255,NO_COVERAGE,none
MapperAnnotationBuilder.java,org.apache.ibatis.builder.annotation.MapperAnnotationBuilder,org.pitest.mutationtest.engine.gregor.mutators.NonVoidMethodCallMutator,createDiscriminatorResultMaps,255,NO_COVERAGE,none
MapperAnnotationBuilder.java,org.apache.ibatis.builder.annotation.MapperAnnotationBuilder,org.pitest.mutationtest.engine.gregor.mutators.NonVoidMethodCallMutator,createDiscriminatorResultMaps,255,NO_COVERAGE,none
MapperAnnotationBuilder.java,org.apache.ibatis.builder.annotation.MapperAnnotationBuilder,org.pitest.mutationtest.engine.gregor.mutators.NonVoidMethodCallMutator,createDiscriminatorResultMaps,258,NO_COVERAGE,none
MapperAnnotationBuilder.java,org.apache.ibatis.builder.annotation.MapperAnnotationBuilder,org.pitest.mutationtest.engine.gregor.mutators.NonVoidMethodCallMutator,createDiscriminatorResultMaps,259,NO_COVERAGE,none
MapperAnnotationBuilder.java,org.apache.ibatis.builder.annotation.MapperAnnotationBuilder,org.pitest.mutationtest.engine.gregor.mutators.NonVoidMethodCallMutator,createDiscriminatorResultMaps,261,NO_COVERAGE,none
MapperAnnotationBuilder.java,org.apache.ibatis.builder.annotation.MapperAnnotationBuilder,org.pitest.mutationtest.engine.gregor.mutators.NonVoidMethodCallMutator,createDiscriminatorResultMaps,261,NO_COVERAGE,none
MapperAnnotationBuilder.java,org.apache.ibatis.builder.annotation.MapperAnnotationBuilder,org.pitest.mutationtest.engine.gregor.mutators.RemoveConditionalMutator_EQUAL_ELSE,createDiscriminatorResultMaps,253,NO_COVERAGE,none
MapperAnnotationBuilder.java,org.apache.ibatis.builder.annotation.MapperAnnotationBuilder,org.pitest.mutationtest.engine.gregor.mutators.RemoveConditionalMutator_EQUAL_IF,createDiscriminatorResultMaps,253,NO_COVERAGE,none
MapperAnnotationBuilder.java,org.apache.ibatis.builder.annotation.MapperAnnotationBuilder,org.pitest.mutationtest.engine.gregor.mutators.RemoveConditionalMutator_ORDER_ELSE,createDiscriminatorResultMaps,254,NO_COVERAGE,none
MapperAnnotationBuilder.java,org.apache.ibatis.builder.annotation.MapperAnnotationBuilder,org.pitest.mutationtest.engine.gregor.mutators.RemoveConditionalMutator_ORDER_IF,createDiscriminatorResultMaps,254,NO_COVERAGE,none
MapperAnnotationBuilder.java,org.apache.ibatis.builder.annotation.MapperAnnotationBuilder,org.pitest.mutationtest.engine.gregor.mutators.VoidMethodCallMutator,createDiscriminatorResultMaps,258,NO_COVERAGE,none
MapperAnnotationBuilder.java,org.apache.ibatis.builder.annotation.MapperAnnotationBuilder,org.pitest.mutationtest.engine.gregor.mutators.VoidMethodCallMutator,createDiscriminatorResultMaps,259,NO_COVERAGE,none
MapperAnnotationBuilder.java,org.apache.ibatis.builder.annotation.MapperAnnotationBuilder,org.pitest.mutationtest.engine.gregor.mutators.experimental.RemoveIncrementsMutator,createDiscriminatorResultMaps,254,NO_COVERAGE,none
MapperAnnotationBuilder.java,org.apache.ibatis.builder.annotation.MapperAnnotationBuilder,org.pitest.mutationtest.engine.gregor.mutators.ConditionalsBoundaryMutator,generateResultMapName,232,NO_COVERAGE,none
MapperAnnotationBuilder.java,org.apache.ibatis.builder.annotation.MapperAnnotationBuilder,org.pitest.mutationtest.engine.gregor.mutators.ConditionalsBoundaryMutator,generateResultMapName,236,NO_COVERAGE,none
MapperAnnotationBuilder.java,org.apache.ibatis.builder.annotation.MapperAnnotationBuilder,org.pitest.mutationtest.engine.gregor.mutators.ConstructorCallMutator,generateResultMapName,229,NO_COVERAGE,none
MapperAnnotationBuilder.java,org.apache.ibatis.builder.annotation.MapperAnnotationBuilder,org.pitest.mutationtest.engine.gregor.mutators.ConstructorCallMutator,generateResultMapName,231,NO_COVERAGE,none
MapperAnnotationBuilder.java,org.apache.ibatis.builder.annotation.MapperAnnotationBuilder,org.pitest.mutationtest.engine.gregor.mutators.ConstructorCallMutator,generateResultMapName,239,NO_COVERAGE,none
MapperAnnotationBuilder.java,org.apache.ibatis.builder.annotation.MapperAnnotationBuilder,org.pitest.mutationtest.engine.gregor.mutators.IncrementsMutator,generateResultMapName,232,NO_COVERAGE,none
MapperAnnotationBuilder.java,org.apache.ibatis.builder.annotation.MapperAnnotationBuilder,org.pitest.mutationtest.engine.gregor.mutators.InlineConstantMutator,generateResultMapName,232,NO_COVERAGE,none
MapperAnnotationBuilder.java,org.apache.ibatis.builder.annotation.MapperAnnotationBuilder,org.pitest.mutationtest.engine.gregor.mutators.InlineConstantMutator,generateResultMapName,236,NO_COVERAGE,none
MapperAnnotationBuilder.java,org.apache.ibatis.builder.annotation.MapperAnnotationBuilder,org.pitest.mutationtest.engine.gregor.mutators.NegateConditionalsMutator,generateResultMapName,228,NO_COVERAGE,none
MapperAnnotationBuilder.java,org.apache.ibatis.builder.annotation.MapperAnnotationBuilder,org.pitest.mutationtest.engine.gregor.mutators.NegateConditionalsMutator,generateResultMapName,228,NO_COVERAGE,none
MapperAnnotationBuilder.java,org.apache.ibatis.builder.annotation.MapperAnnotationBuilder,org.pitest.mutationtest.engine.gregor.mutators.NegateConditionalsMutator,generateResultMapName,232,NO_COVERAGE,none
MapperAnnotationBuilder.java,org.apache.ibatis.builder.annotation.MapperAnnotationBuilder,org.pitest.mutationtest.engine.gregor.mutators.NegateConditionalsMutator,generateResultMapName,236,NO_COVERAGE,none
MapperAnnotationBuilder.java,org.apache.ibatis.builder.annotation.MapperAnnotationBuilder,org.pitest.mutationtest.engine.gregor.mutators.NonVoidMethodCallMutator,generateResultMapName,227,NO_COVERAGE,none
MapperAnnotationBuilder.java,org.apache.ibatis.builder.annotation.MapperAnnotationBuilder,org.pitest.mutationtest.engine.gregor.mutators.NonVoidMethodCallMutator,generateResultMapName,228,NO_COVERAGE,none
MapperAnnotationBuilder.java,org.apache.ibatis.builder.annotation.MapperAnnotationBuilder,org.pitest.mutationtest.engine.gregor.mutators.NonVoidMethodCallMutator,generateResultMapName,228,NO_COVERAGE,none
MapperAnnotationBuilder.java,org.apache.ibatis.builder.annotation.MapperAnnotationBuilder,org.pitest.mutationtest.engine.gregor.mutators.NonVoidMethodCallMutator,generateResultMapName,229,NO_COVERAGE,none
MapperAnnotationBuilder.java,org.apache.ibatis.builder.annotation.MapperAnnotationBuilder,org.pitest.mutationtest.engine.gregor.mutators.NonVoidMethodCallMutator,generateResultMapName,229,NO_COVERAGE,none
MapperAnnotationBuilder.java,org.apache.ibatis.builder.annotation.MapperAnnotationBuilder,org.pitest.mutationtest.engine.gregor.mutators.NonVoidMethodCallMutator,generateResultMapName,229,NO_COVERAGE,none
MapperAnnotationBuilder.java,org.apache.ibatis.builder.annotation.MapperAnnotationBuilder,org.pitest.mutationtest.engine.gregor.mutators.NonVoidMethodCallMutator,generateResultMapName,229,NO_COVERAGE,none
MapperAnnotationBuilder.java,org.apache.ibatis.builder.annotation.MapperAnnotationBuilder,org.pitest.mutationtest.engine.gregor.mutators.NonVoidMethodCallMutator,generateResultMapName,229,NO_COVERAGE,none
MapperAnnotationBuilder.java,org.apache.ibatis.builder.annotation.MapperAnnotationBuilder,org.pitest.mutationtest.engine.gregor.mutators.NonVoidMethodCallMutator,generateResultMapName,229,NO_COVERAGE,none
MapperAnnotationBuilder.java,org.apache.ibatis.builder.annotation.MapperAnnotationBuilder,org.pitest.mutationtest.engine.gregor.mutators.NonVoidMethodCallMutator,generateResultMapName,232,NO_COVERAGE,none
MapperAnnotationBuilder.java,org.apache.ibatis.builder.annotation.MapperAnnotationBuilder,org.pitest.mutationtest.engine.gregor.mutators.NonVoidMethodCallMutator,generateResultMapName,233,NO_COVERAGE,none
MapperAnnotationBuilder.java,org.apache.ibatis.builder.annotation.MapperAnnotationBuilder,org.pitest.mutationtest.engine.gregor.mutators.NonVoidMethodCallMutator,generateResultMapName,234,NO_COVERAGE,none
MapperAnnotationBuilder.java,org.apache.ibatis.builder.annotation.MapperAnnotationBuilder,org.pitest.mutationtest.engine.gregor.mutators.NonVoidMethodCallMutator,generateResultMapName,234,NO_COVERAGE,none
MapperAnnotationBuilder.java,org.apache.ibatis.builder.annotation.MapperAnnotationBuilder,org.pitest.mutationtest.engine.gregor.mutators.NonVoidMethodCallMutator,generateResultMapName,236,NO_COVERAGE,none
MapperAnnotationBuilder.java,org.apache.ibatis.builder.annotation.MapperAnnotationBuilder,org.pitest.mutationtest.engine.gregor.mutators.NonVoidMethodCallMutator,generateResultMapName,237,NO_COVERAGE,none
MapperAnnotationBuilder.java,org.apache.ibatis.builder.annotation.MapperAnnotationBuilder,org.pitest.mutationtest.engine.gregor.mutators.NonVoidMethodCallMutator,generateResultMapName,239,NO_COVERAGE,none
MapperAnnotationBuilder.java,org.apache.ibatis.builder.annotation.MapperAnnotationBuilder,org.pitest.mutationtest.engine.gregor.mutators.NonVoidMethodCallMutator,generateResultMapName,239,NO_COVERAGE,none
MapperAnnotationBuilder.java,org.apache.ibatis.builder.annotation.MapperAnnotationBuilder,org.pitest.mutationtest.engine.gregor.mutators.NonVoidMethodCallMutator,generateResultMapName,239,NO_COVERAGE,none
MapperAnnotationBuilder.java,org.apache.ibatis.builder.annotation.MapperAnnotationBuilder,org.pitest.mutationtest.engine.gregor.mutators.NonVoidMethodCallMutator,generateResultMapName,239,NO_COVERAGE,none
MapperAnnotationBuilder.java,org.apache.ibatis.builder.annotation.MapperAnnotationBuilder,org.pitest.mutationtest.engine.gregor.mutators.NonVoidMethodCallMutator,generateResultMapName,239,NO_COVERAGE,none
MapperAnnotationBuilder.java,org.apache.ibatis.builder.annotation.MapperAnnotationBuilder,org.pitest.mutationtest.engine.gregor.mutators.NonVoidMethodCallMutator,generateResultMapName,239,NO_COVERAGE,none
MapperAnnotationBuilder.java,org.apache.ibatis.builder.annotation.MapperAnnotationBuilder,org.pitest.mutationtest.engine.gregor.mutators.NonVoidMethodCallMutator,generateResultMapName,239,NO_COVERAGE,none
MapperAnnotationBuilder.java,org.apache.ibatis.builder.annotation.MapperAnnotationBuilder,org.pitest.mutationtest.engine.gregor.mutators.RemoveConditionalMutator_EQUAL_ELSE,generateResultMapName,228,NO_COVERAGE,none
MapperAnnotationBuilder.java,org.apache.ibatis.builder.annotation.MapperAnnotationBuilder,org.pitest.mutationtest.engine.gregor.mutators.RemoveConditionalMutator_EQUAL_ELSE,generateResultMapName,228,NO_COVERAGE,none
MapperAnnotationBuilder.java,org.apache.ibatis.builder.annotation.MapperAnnotationBuilder,org.pitest.mutationtest.engine.gregor.mutators.RemoveConditionalMutator_EQUAL_IF,generateResultMapName,228,NO_COVERAGE,none
MapperAnnotationBuilder.java,org.apache.ibatis.builder.annotation.MapperAnnotationBuilder,org.pitest.mutationtest.engine.gregor.mutators.RemoveConditionalMutator_EQUAL_IF,generateResultMapName,228,NO_COVERAGE,none
MapperAnnotationBuilder.java,org.apache.ibatis.builder.annotation.MapperAnnotationBuilder,org.pitest.mutationtest.engine.gregor.mutators.RemoveConditionalMutator_ORDER_ELSE,generateResultMapName,232,NO_COVERAGE,none
MapperAnnotationBuilder.java,org.apache.ibatis.builder.annotation.MapperAnnotationBuilder,org.pitest.mutationtest.engine.gregor.mutators.RemoveConditionalMutator_ORDER_ELSE,generateResultMapName,236,NO_COVERAGE,none
MapperAnnotationBuilder.java,org.apache.ibatis.builder.annotation.MapperAnnotationBuilder,org.pitest.mutationtest.engine.gregor.mutators.RemoveConditionalMutator_ORDER_IF,generateResultMapName,232,NO_COVERAGE,none
MapperAnnotationBuilder.java,org.apache.ibatis.builder.annotation.MapperAnnotationBuilder,org.pitest.mutationtest.engine.gregor.mutators.RemoveConditionalMutator_ORDER_IF,generateResultMapName,236,NO_COVERAGE,none
MapperAnnotationBuilder.java,org.apache.ibatis.builder.annotation.MapperAnnotationBuilder,org.pitest.mutationtest.engine.gregor.mutators.ReturnValsMutator,generateResultMapName,229,NO_COVERAGE,none
MapperAnnotationBuilder.java,org.apache.ibatis.builder.annotation.MapperAnnotationBuilder,org.pitest.mutationtest.engine.gregor.mutators.ReturnValsMutator,generateResultMapName,239,NO_COVERAGE,none
MapperAnnotationBuilder.java,org.apache.ibatis.builder.annotation.MapperAnnotationBuilder,org.pitest.mutationtest.engine.gregor.mutators.NonVoidMethodCallMutator,getLanguageDriver,380,KILLED,org.apache.ibatis.submitted.extend.ExtendTest.org.apache.ibatis.submitted.extend.ExtendTest
MapperAnnotationBuilder.java,org.apache.ibatis.builder.annotation.MapperAnnotationBuilder,org.pitest.mutationtest.engine.gregor.mutators.NonVoidMethodCallMutator,getLanguageDriver,383,NO_COVERAGE,none
MapperAnnotationBuilder.java,org.apache.ibatis.builder.annotation.MapperAnnotationBuilder,org.pitest.mutationtest.engine.gregor.mutators.InlineConstantMutator,getParameterType,391,KILLED,org.apache.ibatis.submitted.extend.ExtendTest.org.apache.ibatis.submitted.extend.ExtendTest
MapperAnnotationBuilder.java,org.apache.ibatis.builder.annotation.MapperAnnotationBuilder,org.pitest.mutationtest.engine.gregor.mutators.NegateConditionalsMutator,getParameterType,391,KILLED,org.apache.ibatis.submitted.extend.ExtendTest.org.apache.ibatis.submitted.extend.ExtendTest
MapperAnnotationBuilder.java,org.apache.ibatis.builder.annotation.MapperAnnotationBuilder,org.pitest.mutationtest.engine.gregor.mutators.NegateConditionalsMutator,getParameterType,392,NO_COVERAGE,none
MapperAnnotationBuilder.java,org.apache.ibatis.builder.annotation.MapperAnnotationBuilder,org.pitest.mutationtest.engine.gregor.mutators.NonVoidMethodCallMutator,getParameterType,392,NO_COVERAGE,none
MapperAnnotationBuilder.java,org.apache.ibatis.builder.annotation.MapperAnnotationBuilder,org.pitest.mutationtest.engine.gregor.mutators.NonVoidMethodCallMutator,getParameterType,392,NO_COVERAGE,none
MapperAnnotationBuilder.java,org.apache.ibatis.builder.annotation.MapperAnnotationBuilder,org.pitest.mutationtest.engine.gregor.mutators.RemoveConditionalMutator_EQUAL_IF,getParameterType,392,NO_COVERAGE,none
MapperAnnotationBuilder.java,org.apache.ibatis.builder.annotation.MapperAnnotationBuilder,org.pitest.mutationtest.engine.gregor.mutators.RemoveConditionalMutator_EQUAL_IF,getParameterType,392,NO_COVERAGE,none
MapperAnnotationBuilder.java,org.apache.ibatis.builder.annotation.MapperAnnotationBuilder,org.pitest.mutationtest.engine.gregor.mutators.ArgumentPropagationMutator,getReturnType,406,NO_COVERAGE,none
MapperAnnotationBuilder.java,org.apache.ibatis.builder.annotation.MapperAnnotationBuilder,org.pitest.mutationtest.engine.gregor.mutators.InlineConstantMutator,getReturnType,424,NO_COVERAGE,none
MapperAnnotationBuilder.java,org.apache.ibatis.builder.annotation.MapperAnnotationBuilder,org.pitest.mutationtest.engine.gregor.mutators.InlineConstantMutator,getReturnType,425,NO_COVERAGE,none
MapperAnnotationBuilder.java,org.apache.ibatis.builder.annotation.MapperAnnotationBuilder,org.pitest.mutationtest.engine.gregor.mutators.InlineConstantMutator,getReturnType,434,NO_COVERAGE,none
MapperAnnotationBuilder.java,org.apache.ibatis.builder.annotation.MapperAnnotationBuilder,org.pitest.mutationtest.engine.gregor.mutators.InlineConstantMutator,getReturnType,440,NO_COVERAGE,none
MapperAnnotationBuilder.java,org.apache.ibatis.builder.annotation.MapperAnnotationBuilder,org.pitest.mutationtest.engine.gregor.mutators.InlineConstantMutator,getReturnType,441,NO_COVERAGE,none
MapperAnnotationBuilder.java,org.apache.ibatis.builder.annotation.MapperAnnotationBuilder,org.pitest.mutationtest.engine.gregor.mutators.NegateConditionalsMutator,getReturnType,407,NO_COVERAGE,none
MapperAnnotationBuilder.java,org.apache.ibatis.builder.annotation.MapperAnnotationBuilder,org.pitest.mutationtest.engine.gregor.mutators.NegateConditionalsMutator,getReturnType,409,NO_COVERAGE,none
MapperAnnotationBuilder.java,org.apache.ibatis.builder.annotation.MapperAnnotationBuilder,org.pitest.mutationtest.engine.gregor.mutators.NegateConditionalsMutator,getReturnType,413,NO_COVERAGE,none
MapperAnnotationBuilder.java,org.apache.ibatis.builder.annotation.MapperAnnotationBuilder,org.pitest.mutationtest.engine.gregor.mutators.NegateConditionalsMutator,getReturnType,415,NO_COVERAGE,none
MapperAnnotationBuilder.java,org.apache.ibatis.builder.annotation.MapperAnnotationBuilder,org.pitest.mutationtest.engine.gregor.mutators.NegateConditionalsMutator,getReturnType,419,NO_COVERAGE,none
MapperAnnotationBuilder.java,org.apache.ibatis.builder.annotation.MapperAnnotationBuilder,org.pitest.mutationtest.engine.gregor.mutators.NegateConditionalsMutator,getReturnType,422,NO_COVERAGE,none
MapperAnnotationBuilder.java,org.apache.ibatis.builder.annotation.MapperAnnotationBuilder,org.pitest.mutationtest.engine.gregor.mutators.NegateConditionalsMutator,getReturnType,422,NO_COVERAGE,none
MapperAnnotationBuilder.java,org.apache.ibatis.builder.annotation.MapperAnnotationBuilder,org.pitest.mutationtest.engine.gregor.mutators.NegateConditionalsMutator,getReturnType,424,NO_COVERAGE,none
MapperAnnotationBuilder.java,org.apache.ibatis.builder.annotation.MapperAnnotationBuilder,org.pitest.mutationtest.engine.gregor.mutators.NegateConditionalsMutator,getReturnType,424,NO_COVERAGE,none
MapperAnnotationBuilder.java,org.apache.ibatis.builder.annotation.MapperAnnotationBuilder,org.pitest.mutationtest.engine.gregor.mutators.NegateConditionalsMutator,getReturnType,426,NO_COVERAGE,none
MapperAnnotationBuilder.java,org.apache.ibatis.builder.annotation.MapperAnnotationBuilder,org.pitest.mutationtest.engine.gregor.mutators.NegateConditionalsMutator,getReturnType,428,NO_COVERAGE,none
MapperAnnotationBuilder.java,org.apache.ibatis.builder.annotation.MapperAnnotationBuilder,org.pitest.mutationtest.engine.gregor.mutators.NegateConditionalsMutator,getReturnType,431,NO_COVERAGE,none
MapperAnnotationBuilder.java,org.apache.ibatis.builder.annotation.MapperAnnotationBuilder,org.pitest.mutationtest.engine.gregor.mutators.NegateConditionalsMutator,getReturnType,437,NO_COVERAGE,none
MapperAnnotationBuilder.java,org.apache.ibatis.builder.annotation.MapperAnnotationBuilder,org.pitest.mutationtest.engine.gregor.mutators.NegateConditionalsMutator,getReturnType,437,NO_COVERAGE,none
MapperAnnotationBuilder.java,org.apache.ibatis.builder.annotation.MapperAnnotationBuilder,org.pitest.mutationtest.engine.gregor.mutators.NegateConditionalsMutator,getReturnType,440,NO_COVERAGE,none
MapperAnnotationBuilder.java,org.apache.ibatis.builder.annotation.MapperAnnotationBuilder,org.pitest.mutationtest.engine.gregor.mutators.NegateConditionalsMutator,getReturnType,440,NO_COVERAGE,none
MapperAnnotationBuilder.java,org.apache.ibatis.builder.annotation.MapperAnnotationBuilder,org.pitest.mutationtest.engine.gregor.mutators.NegateConditionalsMutator,getReturnType,442,NO_COVERAGE,none
MapperAnnotationBuilder.java,org.apache.ibatis.builder.annotation.MapperAnnotationBuilder,org.pitest.mutationtest.engine.gregor.mutators.NegateConditionalsMutator,getReturnType,444,NO_COVERAGE,none
MapperAnnotationBuilder.java,org.apache.ibatis.builder.annotation.MapperAnnotationBuilder,org.pitest.mutationtest.engine.gregor.mutators.NonVoidMethodCallMutator,getReturnType,405,NO_COVERAGE,none
MapperAnnotationBuilder.java,org.apache.ibatis.builder.annotation.MapperAnnotationBuilder,org.pitest.mutationtest.engine.gregor.mutators.NonVoidMethodCallMutator,getReturnType,406,NO_COVERAGE,none
MapperAnnotationBuilder.java,org.apache.ibatis.builder.annotation.MapperAnnotationBuilder,org.pitest.mutationtest.engine.gregor.mutators.NonVoidMethodCallMutator,getReturnType,409,NO_COVERAGE,none
MapperAnnotationBuilder.java,org.apache.ibatis.builder.annotation.MapperAnnotationBuilder,org.pitest.mutationtest.engine.gregor.mutators.NonVoidMethodCallMutator,getReturnType,410,NO_COVERAGE,none
MapperAnnotationBuilder.java,org.apache.ibatis.builder.annotation.MapperAnnotationBuilder,org.pitest.mutationtest.engine.gregor.mutators.NonVoidMethodCallMutator,getReturnType,413,NO_COVERAGE,none
MapperAnnotationBuilder.java,org.apache.ibatis.builder.annotation.MapperAnnotationBuilder,org.pitest.mutationtest.engine.gregor.mutators.NonVoidMethodCallMutator,getReturnType,414,NO_COVERAGE,none
MapperAnnotationBuilder.java,org.apache.ibatis.builder.annotation.MapperAnnotationBuilder,org.pitest.mutationtest.engine.gregor.mutators.NonVoidMethodCallMutator,getReturnType,416,NO_COVERAGE,none
MapperAnnotationBuilder.java,org.apache.ibatis.builder.annotation.MapperAnnotationBuilder,org.pitest.mutationtest.engine.gregor.mutators.NonVoidMethodCallMutator,getReturnType,421,NO_COVERAGE,none
MapperAnnotationBuilder.java,org.apache.ibatis.builder.annotation.MapperAnnotationBuilder,org.pitest.mutationtest.engine.gregor.mutators.NonVoidMethodCallMutator,getReturnType,422,NO_COVERAGE,none
MapperAnnotationBuilder.java,org.apache.ibatis.builder.annotation.MapperAnnotationBuilder,org.pitest.mutationtest.engine.gregor.mutators.NonVoidMethodCallMutator,getReturnType,422,NO_COVERAGE,none
MapperAnnotationBuilder.java,org.apache.ibatis.builder.annotation.MapperAnnotationBuilder,org.pitest.mutationtest.engine.gregor.mutators.NonVoidMethodCallMutator,getReturnType,423,NO_COVERAGE,none
MapperAnnotationBuilder.java,org.apache.ibatis.builder.annotation.MapperAnnotationBuilder,org.pitest.mutationtest.engine.gregor.mutators.NonVoidMethodCallMutator,getReturnType,430,NO_COVERAGE,none
MapperAnnotationBuilder.java,org.apache.ibatis.builder.annotation.MapperAnnotationBuilder,org.pitest.mutationtest.engine.gregor.mutators.NonVoidMethodCallMutator,getReturnType,432,NO_COVERAGE,none
MapperAnnotationBuilder.java,org.apache.ibatis.builder.annotation.MapperAnnotationBuilder,org.pitest.mutationtest.engine.gregor.mutators.NonVoidMethodCallMutator,getReturnType,434,NO_COVERAGE,none
MapperAnnotationBuilder.java,org.apache.ibatis.builder.annotation.MapperAnnotationBuilder,org.pitest.mutationtest.engine.gregor.mutators.NonVoidMethodCallMutator,getReturnType,434,NO_COVERAGE,none
MapperAnnotationBuilder.java,org.apache.ibatis.builder.annotation.MapperAnnotationBuilder,org.pitest.mutationtest.engine.gregor.mutators.NonVoidMethodCallMutator,getReturnType,437,NO_COVERAGE,none
MapperAnnotationBuilder.java,org.apache.ibatis.builder.annotation.MapperAnnotationBuilder,org.pitest.mutationtest.engine.gregor.mutators.NonVoidMethodCallMutator,getReturnType,437,NO_COVERAGE,none
MapperAnnotationBuilder.java,org.apache.ibatis.builder.annotation.MapperAnnotationBuilder,org.pitest.mutationtest.engine.gregor.mutators.NonVoidMethodCallMutator,getReturnType,439,NO_COVERAGE,none
MapperAnnotationBuilder.java,org.apache.ibatis.builder.annotation.MapperAnnotationBuilder,org.pitest.mutationtest.engine.gregor.mutators.NonVoidMethodCallMutator,getReturnType,446,NO_COVERAGE,none
MapperAnnotationBuilder.java,org.apache.ibatis.builder.annotation.MapperAnnotationBuilder,org.pitest.mutationtest.engine.gregor.mutators.RemoveConditionalMutator_EQUAL_ELSE,getReturnType,407,NO_COVERAGE,none
MapperAnnotationBuilder.java,org.apache.ibatis.builder.annotation.MapperAnnotationBuilder,org.pitest.mutationtest.engine.gregor.mutators.RemoveConditionalMutator_EQUAL_ELSE,getReturnType,409,NO_COVERAGE,none
MapperAnnotationBuilder.java,org.apache.ibatis.builder.annotation.MapperAnnotationBuilder,org.pitest.mutationtest.engine.gregor.mutators.RemoveConditionalMutator_EQUAL_ELSE,getReturnType,413,NO_COVERAGE,none
MapperAnnotationBuilder.java,org.apache.ibatis.builder.annotation.MapperAnnotationBuilder,org.pitest.mutationtest.engine.gregor.mutators.RemoveConditionalMutator_EQUAL_ELSE,getReturnType,415,NO_COVERAGE,none
MapperAnnotationBuilder.java,org.apache.ibatis.builder.annotation.MapperAnnotationBuilder,org.pitest.mutationtest.engine.gregor.mutators.RemoveConditionalMutator_EQUAL_ELSE,getReturnType,419,NO_COVERAGE,none
MapperAnnotationBuilder.java,org.apache.ibatis.builder.annotation.MapperAnnotationBuilder,org.pitest.mutationtest.engine.gregor.mutators.RemoveConditionalMutator_EQUAL_ELSE,getReturnType,422,NO_COVERAGE,none
MapperAnnotationBuilder.java,org.apache.ibatis.builder.annotation.MapperAnnotationBuilder,org.pitest.mutationtest.engine.gregor.mutators.RemoveConditionalMutator_EQUAL_ELSE,getReturnType,422,NO_COVERAGE,none
MapperAnnotationBuilder.java,org.apache.ibatis.builder.annotation.MapperAnnotationBuilder,org.pitest.mutationtest.engine.gregor.mutators.RemoveConditionalMutator_EQUAL_ELSE,getReturnType,424,NO_COVERAGE,none
MapperAnnotationBuilder.java,org.apache.ibatis.builder.annotation.MapperAnnotationBuilder,org.pitest.mutationtest.engine.gregor.mutators.RemoveConditionalMutator_EQUAL_ELSE,getReturnType,424,NO_COVERAGE,none
MapperAnnotationBuilder.java,org.apache.ibatis.builder.annotation.MapperAnnotationBuilder,org.pitest.mutationtest.engine.gregor.mutators.RemoveConditionalMutator_EQUAL_ELSE,getReturnType,426,NO_COVERAGE,none
MapperAnnotationBuilder.java,org.apache.ibatis.builder.annotation.MapperAnnotationBuilder,org.pitest.mutationtest.engine.gregor.mutators.RemoveConditionalMutator_EQUAL_ELSE,getReturnType,428,NO_COVERAGE,none
MapperAnnotationBuilder.java,org.apache.ibatis.builder.annotation.MapperAnnotationBuilder,org.pitest.mutationtest.engine.gregor.mutators.RemoveConditionalMutator_EQUAL_ELSE,getReturnType,431,NO_COVERAGE,none
MapperAnnotationBuilder.java,org.apache.ibatis.builder.annotation.MapperAnnotationBuilder,org.pitest.mutationtest.engine.gregor.mutators.RemoveConditionalMutator_EQUAL_ELSE,getReturnType,437,NO_COVERAGE,none
MapperAnnotationBuilder.java,org.apache.ibatis.builder.annotation.MapperAnnotationBuilder,org.pitest.mutationtest.engine.gregor.mutators.RemoveConditionalMutator_EQUAL_ELSE,getReturnType,437,NO_COVERAGE,none
MapperAnnotationBuilder.java,org.apache.ibatis.builder.annotation.MapperAnnotationBuilder,org.pitest.mutationtest.engine.gregor.mutators.RemoveConditionalMutator_EQUAL_ELSE,getReturnType,440,NO_COVERAGE,none
MapperAnnotationBuilder.java,org.apache.ibatis.builder.annotation.MapperAnnotationBuilder,org.pitest.mutationtest.engine.gregor.mutators.RemoveConditionalMutator_EQUAL_ELSE,getReturnType,440,NO_COVERAGE,none
MapperAnnotationBuilder.java,org.apache.ibatis.builder.annotation.MapperAnnotationBuilder,org.pitest.mutationtest.engine.gregor.mutators.RemoveConditionalMutator_EQUAL_ELSE,getReturnType,442,NO_COVERAGE,none
MapperAnnotationBuilder.java,org.apache.ibatis.builder.annotation.MapperAnnotationBuilder,org.pitest.mutationtest.engine.gregor.mutators.RemoveConditionalMutator_EQUAL_ELSE,getReturnType,444,NO_COVERAGE,none
MapperAnnotationBuilder.java,org.apache.ibatis.builder.annotation.MapperAnnotationBuilder,org.pitest.mutationtest.engine.gregor.mutators.RemoveConditionalMutator_EQUAL_IF,getReturnType,407,NO_COVERAGE,none
MapperAnnotationBuilder.java,org.apache.ibatis.builder.annotation.MapperAnnotationBuilder,org.pitest.mutationtest.engine.gregor.mutators.RemoveConditionalMutator_EQUAL_IF,getReturnType,409,NO_COVERAGE,none
MapperAnnotationBuilder.java,org.apache.ibatis.builder.annotation.MapperAnnotationBuilder,org.pitest.mutationtest.engine.gregor.mutators.RemoveConditionalMutator_EQUAL_IF,getReturnType,413,NO_COVERAGE,none
MapperAnnotationBuilder.java,org.apache.ibatis.builder.annotation.MapperAnnotationBuilder,org.pitest.mutationtest.engine.gregor.mutators.RemoveConditionalMutator_EQUAL_IF,getReturnType,415,NO_COVERAGE,none
MapperAnnotationBuilder.java,org.apache.ibatis.builder.annotation.MapperAnnotationBuilder,org.pitest.mutationtest.engine.gregor.mutators.RemoveConditionalMutator_EQUAL_IF,getReturnType,419,NO_COVERAGE,none
MapperAnnotationBuilder.java,org.apache.ibatis.builder.annotation.MapperAnnotationBuilder,org.pitest.mutationtest.engine.gregor.mutators.RemoveConditionalMutator_EQUAL_IF,getReturnType,422,NO_COVERAGE,none
MapperAnnotationBuilder.java,org.apache.ibatis.builder.annotation.MapperAnnotationBuilder,org.pitest.mutationtest.engine.gregor.mutators.RemoveConditionalMutator_EQUAL_IF,getReturnType,422,NO_COVERAGE,none
MapperAnnotationBuilder.java,org.apache.ibatis.builder.annotation.MapperAnnotationBuilder,org.pitest.mutationtest.engine.gregor.mutators.RemoveConditionalMutator_EQUAL_IF,getReturnType,424,NO_COVERAGE,none
MapperAnnotationBuilder.java,org.apache.ibatis.builder.annotation.MapperAnnotationBuilder,org.pitest.mutationtest.engine.gregor.mutators.RemoveConditionalMutator_EQUAL_IF,getReturnType,424,NO_COVERAGE,none
MapperAnnotationBuilder.java,org.apache.ibatis.builder.annotation.MapperAnnotationBuilder,org.pitest.mutationtest.engine.gregor.mutators.RemoveConditionalMutator_EQUAL_IF,getReturnType,426,NO_COVERAGE,none
MapperAnnotationBuilder.java,org.apache.ibatis.builder.annotation.MapperAnnotationBuilder,org.pitest.mutationtest.engine.gregor.mutators.RemoveConditionalMutator_EQUAL_IF,getReturnType,428,NO_COVERAGE,none
MapperAnnotationBuilder.java,org.apache.ibatis.builder.annotation.MapperAnnotationBuilder,org.pitest.mutationtest.engine.gregor.mutators.RemoveConditionalMutator_EQUAL_IF,getReturnType,431,NO_COVERAGE,none
MapperAnnotationBuilder.java,org.apache.ibatis.builder.annotation.MapperAnnotationBuilder,org.pitest.mutationtest.engine.gregor.mutators.RemoveConditionalMutator_EQUAL_IF,getReturnType,437,NO_COVERAGE,none
MapperAnnotationBuilder.java,org.apache.ibatis.builder.annotation.MapperAnnotationBuilder,org.pitest.mutationtest.engine.gregor.mutators.RemoveConditionalMutator_EQUAL_IF,getReturnType,437,NO_COVERAGE,none
MapperAnnotationBuilder.java,org.apache.ibatis.builder.annotation.MapperAnnotationBuilder,org.pitest.mutationtest.engine.gregor.mutators.RemoveConditionalMutator_EQUAL_IF,getReturnType,440,NO_COVERAGE,none
MapperAnnotationBuilder.java,org.apache.ibatis.builder.annotation.MapperAnnotationBuilder,org.pitest.mutationtest.engine.gregor.mutators.RemoveConditionalMutator_EQUAL_IF,getReturnType,440,NO_COVERAGE,none
MapperAnnotationBuilder.java,org.apache.ibatis.builder.annotation.MapperAnnotationBuilder,org.pitest.mutationtest.engine.gregor.mutators.RemoveConditionalMutator_EQUAL_IF,getReturnType,442,NO_COVERAGE,none
MapperAnnotationBuilder.java,org.apache.ibatis.builder.annotation.MapperAnnotationBuilder,org.pitest.mutationtest.engine.gregor.mutators.RemoveConditionalMutator_EQUAL_IF,getReturnType,444,NO_COVERAGE,none
MapperAnnotationBuilder.java,org.apache.ibatis.builder.annotation.MapperAnnotationBuilder,org.pitest.mutationtest.engine.gregor.mutators.ReturnValsMutator,getReturnType,452,NO_COVERAGE,none
MapperAnnotationBuilder.java,org.apache.ibatis.builder.annotation.MapperAnnotationBuilder,org.pitest.mutationtest.engine.gregor.mutators.NonVoidMethodCallMutator,getSqlAnnotationType,510,KILLED,org.apache.ibatis.submitted.extend.ExtendTest.org.apache.ibatis.submitted.extend.ExtendTest
MapperAnnotationBuilder.java,org.apache.ibatis.builder.annotation.MapperAnnotationBuilder,org.pitest.mutationtest.engine.gregor.mutators.ReturnValsMutator,getSqlAnnotationType,510,KILLED,org.apache.ibatis.submitted.extend.ExtendTest.org.apache.ibatis.submitted.extend.ExtendTest
MapperAnnotationBuilder.java,org.apache.ibatis.builder.annotation.MapperAnnotationBuilder,org.pitest.mutationtest.engine.gregor.mutators.NegateConditionalsMutator,getSqlCommandType,488,NO_COVERAGE,none
MapperAnnotationBuilder.java,org.apache.ibatis.builder.annotation.MapperAnnotationBuilder,org.pitest.mutationtest.engine.gregor.mutators.NegateConditionalsMutator,getSqlCommandType,491,NO_COVERAGE,none
MapperAnnotationBuilder.java,org.apache.ibatis.builder.annotation.MapperAnnotationBuilder,org.pitest.mutationtest.engine.gregor.mutators.NegateConditionalsMutator,getSqlCommandType,495,NO_COVERAGE,none
MapperAnnotationBuilder.java,org.apache.ibatis.builder.annotation.MapperAnnotationBuilder,org.pitest.mutationtest.engine.gregor.mutators.NegateConditionalsMutator,getSqlCommandType,497,NO_COVERAGE,none
MapperAnnotationBuilder.java,org.apache.ibatis.builder.annotation.MapperAnnotationBuilder,org.pitest.mutationtest.engine.gregor.mutators.NegateConditionalsMutator,getSqlCommandType,499,NO_COVERAGE,none
MapperAnnotationBuilder.java,org.apache.ibatis.builder.annotation.MapperAnnotationBuilder,org.pitest.mutationtest.engine.gregor.mutators.NegateConditionalsMutator,getSqlCommandType,501,NO_COVERAGE,none
MapperAnnotationBuilder.java,org.apache.ibatis.builder.annotation.MapperAnnotationBuilder,org.pitest.mutationtest.engine.gregor.mutators.NonVoidMethodCallMutator,getSqlCommandType,486,NO_COVERAGE,none
MapperAnnotationBuilder.java,org.apache.ibatis.builder.annotation.MapperAnnotationBuilder,org.pitest.mutationtest.engine.gregor.mutators.NonVoidMethodCallMutator,getSqlCommandType,489,NO_COVERAGE,none
MapperAnnotationBuilder.java,org.apache.ibatis.builder.annotation.MapperAnnotationBuilder,org.pitest.mutationtest.engine.gregor.mutators.NonVoidMethodCallMutator,getSqlCommandType,506,NO_COVERAGE,none
MapperAnnotationBuilder.java,org.apache.ibatis.builder.annotation.MapperAnnotationBuilder,org.pitest.mutationtest.engine.gregor.mutators.NonVoidMethodCallMutator,getSqlCommandType,506,NO_COVERAGE,none
MapperAnnotationBuilder.java,org.apache.ibatis.builder.annotation.MapperAnnotationBuilder,org.pitest.mutationtest.engine.gregor.mutators.NonVoidMethodCallMutator,getSqlCommandType,506,NO_COVERAGE,none
MapperAnnotationBuilder.java,org.apache.ibatis.builder.annotation.MapperAnnotationBuilder,org.pitest.mutationtest.engine.gregor.mutators.RemoveConditionalMutator_EQUAL_ELSE,getSqlCommandType,488,NO_COVERAGE,none
MapperAnnotationBuilder.java,org.apache.ibatis.builder.annotation.MapperAnnotationBuilder,org.pitest.mutationtest.engine.gregor.mutators.RemoveConditionalMutator_EQUAL_ELSE,getSqlCommandType,491,NO_COVERAGE,none
MapperAnnotationBuilder.java,org.apache.ibatis.builder.annotation.MapperAnnotationBuilder,org.pitest.mutationtest.engine.gregor.mutators.RemoveConditionalMutator_EQUAL_ELSE,getSqlCommandType,495,NO_COVERAGE,none
MapperAnnotationBuilder.java,org.apache.ibatis.builder.annotation.MapperAnnotationBuilder,org.pitest.mutationtest.engine.gregor.mutators.RemoveConditionalMutator_EQUAL_ELSE,getSqlCommandType,497,NO_COVERAGE,none
MapperAnnotationBuilder.java,org.apache.ibatis.builder.annotation.MapperAnnotationBuilder,org.pitest.mutationtest.engine.gregor.mutators.RemoveConditionalMutator_EQUAL_ELSE,getSqlCommandType,499,NO_COVERAGE,none
MapperAnnotationBuilder.java,org.apache.ibatis.builder.annotation.MapperAnnotationBuilder,org.pitest.mutationtest.engine.gregor.mutators.RemoveConditionalMutator_EQUAL_ELSE,getSqlCommandType,501,NO_COVERAGE,none
MapperAnnotationBuilder.java,org.apache.ibatis.builder.annotation.MapperAnnotationBuilder,org.pitest.mutationtest.engine.gregor.mutators.RemoveConditionalMutator_EQUAL_IF,getSqlCommandType,488,NO_COVERAGE,none
MapperAnnotationBuilder.java,org.apache.ibatis.builder.annotation.MapperAnnotationBuilder,org.pitest.mutationtest.engine.gregor.mutators.RemoveConditionalMutator_EQUAL_IF,getSqlCommandType,491,NO_COVERAGE,none
MapperAnnotationBuilder.java,org.apache.ibatis.builder.annotation.MapperAnnotationBuilder,org.pitest.mutationtest.engine.gregor.mutators.RemoveConditionalMutator_EQUAL_IF,getSqlCommandType,495,NO_COVERAGE,none
MapperAnnotationBuilder.java,org.apache.ibatis.builder.annotation.MapperAnnotationBuilder,org.pitest.mutationtest.engine.gregor.mutators.RemoveConditionalMutator_EQUAL_IF,getSqlCommandType,497,NO_COVERAGE,none
MapperAnnotationBuilder.java,org.apache.ibatis.builder.annotation.MapperAnnotationBuilder,org.pitest.mutationtest.engine.gregor.mutators.RemoveConditionalMutator_EQUAL_IF,getSqlCommandType,499,NO_COVERAGE,none
MapperAnnotationBuilder.java,org.apache.ibatis.builder.annotation.MapperAnnotationBuilder,org.pitest.mutationtest.engine.gregor.mutators.RemoveConditionalMutator_EQUAL_IF,getSqlCommandType,501,NO_COVERAGE,none
MapperAnnotationBuilder.java,org.apache.ibatis.builder.annotation.MapperAnnotationBuilder,org.pitest.mutationtest.engine.gregor.mutators.ReturnValsMutator,getSqlCommandType,492,NO_COVERAGE,none
MapperAnnotationBuilder.java,org.apache.ibatis.builder.annotation.MapperAnnotationBuilder,org.pitest.mutationtest.engine.gregor.mutators.ReturnValsMutator,getSqlCommandType,506,NO_COVERAGE,none
MapperAnnotationBuilder.java,org.apache.ibatis.builder.annotation.MapperAnnotationBuilder,org.pitest.mutationtest.engine.gregor.mutators.ArgumentPropagationMutator,getSqlSourceFromAnnotations,464,NO_COVERAGE,none
MapperAnnotationBuilder.java,org.apache.ibatis.builder.annotation.MapperAnnotationBuilder,org.pitest.mutationtest.engine.gregor.mutators.ConstructorCallMutator,getSqlSourceFromAnnotations,461,NO_COVERAGE,none
MapperAnnotationBuilder.java,org.apache.ibatis.builder.annotation.MapperAnnotationBuilder,org.pitest.mutationtest.engine.gregor.mutators.ConstructorCallMutator,getSqlSourceFromAnnotations,461,NO_COVERAGE,none
MapperAnnotationBuilder.java,org.apache.ibatis.builder.annotation.MapperAnnotationBuilder,org.pitest.mutationtest.engine.gregor.mutators.ConstructorCallMutator,getSqlSourceFromAnnotations,468,NO_COVERAGE,none
MapperAnnotationBuilder.java,org.apache.ibatis.builder.annotation.MapperAnnotationBuilder,org.pitest.mutationtest.engine.gregor.mutators.ConstructorCallMutator,getSqlSourceFromAnnotations,472,NO_COVERAGE,none
MapperAnnotationBuilder.java,org.apache.ibatis.builder.annotation.MapperAnnotationBuilder,org.pitest.mutationtest.engine.gregor.mutators.ConstructorCallMutator,getSqlSourceFromAnnotations,472,NO_COVERAGE,none
MapperAnnotationBuilder.java,org.apache.ibatis.builder.annotation.MapperAnnotationBuilder,org.pitest.mutationtest.engine.gregor.mutators.InlineConstantMutator,getSqlSourceFromAnnotations,464,NO_COVERAGE,none
MapperAnnotationBuilder.java,org.apache.ibatis.builder.annotation.MapperAnnotationBuilder,org.pitest.mutationtest.engine.gregor.mutators.InlineConstantMutator,getSqlSourceFromAnnotations,464,NO_COVERAGE,none
MapperAnnotationBuilder.java,org.apache.ibatis.builder.annotation.MapperAnnotationBuilder,org.pitest.mutationtest.engine.gregor.mutators.NegateConditionalsMutator,getSqlSourceFromAnnotations,460,NO_COVERAGE,none
MapperAnnotationBuilder.java,org.apache.ibatis.builder.annotation.MapperAnnotationBuilder,org.pitest.mutationtest.engine.gregor.mutators.NegateConditionalsMutator,getSqlSourceFromAnnotations,466,KILLED,org.apache.ibatis.submitted.extend.ExtendTest.org.apache.ibatis.submitted.extend.ExtendTest
MapperAnnotationBuilder.java,org.apache.ibatis.builder.annotation.MapperAnnotationBuilder,org.pitest.mutationtest.engine.gregor.mutators.NonVoidMethodCallMutator,getSqlSourceFromAnnotations,457,KILLED,org.apache.ibatis.submitted.extend.ExtendTest.org.apache.ibatis.submitted.extend.ExtendTest
MapperAnnotationBuilder.java,org.apache.ibatis.builder.annotation.MapperAnnotationBuilder,org.pitest.mutationtest.engine.gregor.mutators.NonVoidMethodCallMutator,getSqlSourceFromAnnotations,461,NO_COVERAGE,none
MapperAnnotationBuilder.java,org.apache.ibatis.builder.annotation.MapperAnnotationBuilder,org.pitest.mutationtest.engine.gregor.mutators.NonVoidMethodCallMutator,getSqlSourceFromAnnotations,461,NO_COVERAGE,none
MapperAnnotationBuilder.java,org.apache.ibatis.builder.annotation.MapperAnnotationBuilder,org.pitest.mutationtest.engine.gregor.mutators.NonVoidMethodCallMutator,getSqlSourceFromAnnotations,461,NO_COVERAGE,none
MapperAnnotationBuilder.java,org.apache.ibatis.builder.annotation.MapperAnnotationBuilder,org.pitest.mutationtest.engine.gregor.mutators.NonVoidMethodCallMutator,getSqlSourceFromAnnotations,461,NO_COVERAGE,none
MapperAnnotationBuilder.java,org.apache.ibatis.builder.annotation.MapperAnnotationBuilder,org.pitest.mutationtest.engine.gregor.mutators.NonVoidMethodCallMutator,getSqlSourceFromAnnotations,463,NO_COVERAGE,none
MapperAnnotationBuilder.java,org.apache.ibatis.builder.annotation.MapperAnnotationBuilder,org.pitest.mutationtest.engine.gregor.mutators.NonVoidMethodCallMutator,getSqlSourceFromAnnotations,464,NO_COVERAGE,none
MapperAnnotationBuilder.java,org.apache.ibatis.builder.annotation.MapperAnnotationBuilder,org.pitest.mutationtest.engine.gregor.mutators.NonVoidMethodCallMutator,getSqlSourceFromAnnotations,464,NO_COVERAGE,none
MapperAnnotationBuilder.java,org.apache.ibatis.builder.annotation.MapperAnnotationBuilder,org.pitest.mutationtest.engine.gregor.mutators.NonVoidMethodCallMutator,getSqlSourceFromAnnotations,464,NO_COVERAGE,none
MapperAnnotationBuilder.java,org.apache.ibatis.builder.annotation.MapperAnnotationBuilder,org.pitest.mutationtest.engine.gregor.mutators.NonVoidMethodCallMutator,getSqlSourceFromAnnotations,465,NO_COVERAGE,none
MapperAnnotationBuilder.java,org.apache.ibatis.builder.annotation.MapperAnnotationBuilder,org.pitest.mutationtest.engine.gregor.mutators.NonVoidMethodCallMutator,getSqlSourceFromAnnotations,467,NO_COVERAGE,none
MapperAnnotationBuilder.java,org.apache.ibatis.builder.annotation.MapperAnnotationBuilder,org.pitest.mutationtest.engine.gregor.mutators.NonVoidMethodCallMutator,getSqlSourceFromAnnotations,468,NO_COVERAGE,none
MapperAnnotationBuilder.java,org.apache.ibatis.builder.annotation.MapperAnnotationBuilder,org.pitest.mutationtest.engine.gregor.mutators.NonVoidMethodCallMutator,getSqlSourceFromAnnotations,472,NO_COVERAGE,none
MapperAnnotationBuilder.java,org.apache.ibatis.builder.annotation.MapperAnnotationBuilder,org.pitest.mutationtest.engine.gregor.mutators.NonVoidMethodCallMutator,getSqlSourceFromAnnotations,472,NO_COVERAGE,none
MapperAnnotationBuilder.java,org.apache.ibatis.builder.annotation.MapperAnnotationBuilder,org.pitest.mutationtest.engine.gregor.mutators.NonVoidMethodCallMutator,getSqlSourceFromAnnotations,472,NO_COVERAGE,none
MapperAnnotationBuilder.java,org.apache.ibatis.builder.annotation.MapperAnnotationBuilder,org.pitest.mutationtest.engine.gregor.mutators.RemoveConditionalMutator_EQUAL_ELSE,getSqlSourceFromAnnotations,460,NO_COVERAGE,none
MapperAnnotationBuilder.java,org.apache.ibatis.builder.annotation.MapperAnnotationBuilder,org.pitest.mutationtest.engine.gregor.mutators.RemoveConditionalMutator_EQUAL_IF,getSqlSourceFromAnnotations,459,KILLED,org.apache.ibatis.submitted.extend.ExtendTest.org.apache.ibatis.submitted.extend.ExtendTest
MapperAnnotationBuilder.java,org.apache.ibatis.builder.annotation.MapperAnnotationBuilder,org.pitest.mutationtest.engine.gregor.mutators.RemoveConditionalMutator_EQUAL_IF,getSqlSourceFromAnnotations,460,NO_COVERAGE,none
MapperAnnotationBuilder.java,org.apache.ibatis.builder.annotation.MapperAnnotationBuilder,org.pitest.mutationtest.engine.gregor.mutators.ReturnValsMutator,getSqlSourceFromAnnotations,465,NO_COVERAGE,none
MapperAnnotationBuilder.java,org.apache.ibatis.builder.annotation.MapperAnnotationBuilder,org.pitest.mutationtest.engine.gregor.mutators.ReturnValsMutator,getSqlSourceFromAnnotations,468,NO_COVERAGE,none
MapperAnnotationBuilder.java,org.apache.ibatis.builder.annotation.MapperAnnotationBuilder,org.pitest.mutationtest.engine.gregor.mutators.ArgumentPropagationMutator,handleSelectKeyAnnotation,649,NO_COVERAGE,none
MapperAnnotationBuilder.java,org.apache.ibatis.builder.annotation.MapperAnnotationBuilder,org.pitest.mutationtest.engine.gregor.mutators.ConstructorCallMutator,handleSelectKeyAnnotation,625,NO_COVERAGE,none
MapperAnnotationBuilder.java,org.apache.ibatis.builder.annotation.MapperAnnotationBuilder,org.pitest.mutationtest.engine.gregor.mutators.ConstructorCallMutator,handleSelectKeyAnnotation,652,NO_COVERAGE,none
MapperAnnotationBuilder.java,org.apache.ibatis.builder.annotation.MapperAnnotationBuilder,org.pitest.mutationtest.engine.gregor.mutators.InlineConstantMutator,handleSelectKeyAnnotation,633,NO_COVERAGE,none
MapperAnnotationBuilder.java,org.apache.ibatis.builder.annotation.MapperAnnotationBuilder,org.pitest.mutationtest.engine.gregor.mutators.InlineConstantMutator,handleSelectKeyAnnotation,637,NO_COVERAGE,none
MapperAnnotationBuilder.java,org.apache.ibatis.builder.annotation.MapperAnnotationBuilder,org.pitest.mutationtest.engine.gregor.mutators.InlineConstantMutator,handleSelectKeyAnnotation,645,NO_COVERAGE,none
MapperAnnotationBuilder.java,org.apache.ibatis.builder.annotation.MapperAnnotationBuilder,org.pitest.mutationtest.engine.gregor.mutators.InlineConstantMutator,handleSelectKeyAnnotation,649,NO_COVERAGE,none
MapperAnnotationBuilder.java,org.apache.ibatis.builder.annotation.MapperAnnotationBuilder,org.pitest.mutationtest.engine.gregor.mutators.InlineConstantMutator,handleSelectKeyAnnotation,651,NO_COVERAGE,none
MapperAnnotationBuilder.java,org.apache.ibatis.builder.annotation.MapperAnnotationBuilder,org.pitest.mutationtest.engine.gregor.mutators.NonVoidMethodCallMutator,handleSelectKeyAnnotation,625,NO_COVERAGE,none
MapperAnnotationBuilder.java,org.apache.ibatis.builder.annotation.MapperAnnotationBuilder,org.pitest.mutationtest.engine.gregor.mutators.NonVoidMethodCallMutator,handleSelectKeyAnnotation,625,NO_COVERAGE,none
MapperAnnotationBuilder.java,org.apache.ibatis.builder.annotation.MapperAnnotationBuilder,org.pitest.mutationtest.engine.gregor.mutators.NonVoidMethodCallMutator,handleSelectKeyAnnotation,625,NO_COVERAGE,none
MapperAnnotationBuilder.java,org.apache.ibatis.builder.annotation.MapperAnnotationBuilder,org.pitest.mutationtest.engine.gregor.mutators.NonVoidMethodCallMutator,handleSelectKeyAnnotation,626,NO_COVERAGE,none
MapperAnnotationBuilder.java,org.apache.ibatis.builder.annotation.MapperAnnotationBuilder,org.pitest.mutationtest.engine.gregor.mutators.NonVoidMethodCallMutator,handleSelectKeyAnnotation,627,NO_COVERAGE,none
MapperAnnotationBuilder.java,org.apache.ibatis.builder.annotation.MapperAnnotationBuilder,org.pitest.mutationtest.engine.gregor.mutators.NonVoidMethodCallMutator,handleSelectKeyAnnotation,628,NO_COVERAGE,none
MapperAnnotationBuilder.java,org.apache.ibatis.builder.annotation.MapperAnnotationBuilder,org.pitest.mutationtest.engine.gregor.mutators.NonVoidMethodCallMutator,handleSelectKeyAnnotation,629,NO_COVERAGE,none
MapperAnnotationBuilder.java,org.apache.ibatis.builder.annotation.MapperAnnotationBuilder,org.pitest.mutationtest.engine.gregor.mutators.NonVoidMethodCallMutator,handleSelectKeyAnnotation,630,NO_COVERAGE,none
MapperAnnotationBuilder.java,org.apache.ibatis.builder.annotation.MapperAnnotationBuilder,org.pitest.mutationtest.engine.gregor.mutators.NonVoidMethodCallMutator,handleSelectKeyAnnotation,642,NO_COVERAGE,none
MapperAnnotationBuilder.java,org.apache.ibatis.builder.annotation.MapperAnnotationBuilder,org.pitest.mutationtest.engine.gregor.mutators.NonVoidMethodCallMutator,handleSelectKeyAnnotation,642,NO_COVERAGE,none
MapperAnnotationBuilder.java,org.apache.ibatis.builder.annotation.MapperAnnotationBuilder,org.pitest.mutationtest.engine.gregor.mutators.NonVoidMethodCallMutator,handleSelectKeyAnnotation,645,NO_COVERAGE,none
MapperAnnotationBuilder.java,org.apache.ibatis.builder.annotation.MapperAnnotationBuilder,org.pitest.mutationtest.engine.gregor.mutators.NonVoidMethodCallMutator,handleSelectKeyAnnotation,649,NO_COVERAGE,none
MapperAnnotationBuilder.java,org.apache.ibatis.builder.annotation.MapperAnnotationBuilder,org.pitest.mutationtest.engine.gregor.mutators.NonVoidMethodCallMutator,handleSelectKeyAnnotation,651,NO_COVERAGE,none
MapperAnnotationBuilder.java,org.apache.ibatis.builder.annotation.MapperAnnotationBuilder,org.pitest.mutationtest.engine.gregor.mutators.ReturnValsMutator,handleSelectKeyAnnotation,654,NO_COVERAGE,none
MapperAnnotationBuilder.java,org.apache.ibatis.builder.annotation.MapperAnnotationBuilder,org.pitest.mutationtest.engine.gregor.mutators.VoidMethodCallMutator,handleSelectKeyAnnotation,653,NO_COVERAGE,none
MapperAnnotationBuilder.java,org.apache.ibatis.builder.annotation.MapperAnnotationBuilder,org.pitest.mutationtest.engine.gregor.mutators.ConditionalsBoundaryMutator,hasNestedSelect,577,NO_COVERAGE,none
MapperAnnotationBuilder.java,org.apache.ibatis.builder.annotation.MapperAnnotationBuilder,org.pitest.mutationtest.engine.gregor.mutators.ConditionalsBoundaryMutator,hasNestedSelect,577,NO_COVERAGE,none
MapperAnnotationBuilder.java,org.apache.ibatis.builder.annotation.MapperAnnotationBuilder,org.pitest.mutationtest.engine.gregor.mutators.ConditionalsBoundaryMutator,hasNestedSelect,580,NO_COVERAGE,none
MapperAnnotationBuilder.java,org.apache.ibatis.builder.annotation.MapperAnnotationBuilder,org.pitest.mutationtest.engine.gregor.mutators.ConditionalsBoundaryMutator,hasNestedSelect,580,NO_COVERAGE,none
MapperAnnotationBuilder.java,org.apache.ibatis.builder.annotation.MapperAnnotationBuilder,org.pitest.mutationtest.engine.gregor.mutators.ConstructorCallMutator,hasNestedSelect,578,NO_COVERAGE,none
MapperAnnotationBuilder.java,org.apache.ibatis.builder.annotation.MapperAnnotationBuilder,org.pitest.mutationtest.engine.gregor.mutators.InlineConstantMutator,hasNestedSelect,580,NO_COVERAGE,none
MapperAnnotationBuilder.java,org.apache.ibatis.builder.annotation.MapperAnnotationBuilder,org.pitest.mutationtest.engine.gregor.mutators.InlineConstantMutator,hasNestedSelect,580,NO_COVERAGE,none
MapperAnnotationBuilder.java,org.apache.ibatis.builder.annotation.MapperAnnotationBuilder,org.pitest.mutationtest.engine.gregor.mutators.NegateConditionalsMutator,hasNestedSelect,577,NO_COVERAGE,none
MapperAnnotationBuilder.java,org.apache.ibatis.builder.annotation.MapperAnnotationBuilder,org.pitest.mutationtest.engine.gregor.mutators.NegateConditionalsMutator,hasNestedSelect,577,NO_COVERAGE,none
MapperAnnotationBuilder.java,org.apache.ibatis.builder.annotation.MapperAnnotationBuilder,org.pitest.mutationtest.engine.gregor.mutators.NegateConditionalsMutator,hasNestedSelect,580,NO_COVERAGE,none
MapperAnnotationBuilder.java,org.apache.ibatis.builder.annotation.MapperAnnotationBuilder,org.pitest.mutationtest.engine.gregor.mutators.NegateConditionalsMutator,hasNestedSelect,580,NO_COVERAGE,none
MapperAnnotationBuilder.java,org.apache.ibatis.builder.annotation.MapperAnnotationBuilder,org.pitest.mutationtest.engine.gregor.mutators.NonVoidMethodCallMutator,hasNestedSelect,577,NO_COVERAGE,none
MapperAnnotationBuilder.java,org.apache.ibatis.builder.annotation.MapperAnnotationBuilder,org.pitest.mutationtest.engine.gregor.mutators.NonVoidMethodCallMutator,hasNestedSelect,577,NO_COVERAGE,none
MapperAnnotationBuilder.java,org.apache.ibatis.builder.annotation.MapperAnnotationBuilder,org.pitest.mutationtest.engine.gregor.mutators.NonVoidMethodCallMutator,hasNestedSelect,577,NO_COVERAGE,none
MapperAnnotationBuilder.java,org.apache.ibatis.builder.annotation.MapperAnnotationBuilder,org.pitest.mutationtest.engine.gregor.mutators.NonVoidMethodCallMutator,hasNestedSelect,577,NO_COVERAGE,none
MapperAnnotationBuilder.java,org.apache.ibatis.builder.annotation.MapperAnnotationBuilder,org.pitest.mutationtest.engine.gregor.mutators.NonVoidMethodCallMutator,hasNestedSelect,577,NO_COVERAGE,none
MapperAnnotationBuilder.java,org.apache.ibatis.builder.annotation.MapperAnnotationBuilder,org.pitest.mutationtest.engine.gregor.mutators.NonVoidMethodCallMutator,hasNestedSelect,577,NO_COVERAGE,none
MapperAnnotationBuilder.java,org.apache.ibatis.builder.annotation.MapperAnnotationBuilder,org.pitest.mutationtest.engine.gregor.mutators.NonVoidMethodCallMutator,hasNestedSelect,580,NO_COVERAGE,none
MapperAnnotationBuilder.java,org.apache.ibatis.builder.annotation.MapperAnnotationBuilder,org.pitest.mutationtest.engine.gregor.mutators.NonVoidMethodCallMutator,hasNestedSelect,580,NO_COVERAGE,none
MapperAnnotationBuilder.java,org.apache.ibatis.builder.annotation.MapperAnnotationBuilder,org.pitest.mutationtest.engine.gregor.mutators.NonVoidMethodCallMutator,hasNestedSelect,580,NO_COVERAGE,none
MapperAnnotationBuilder.java,org.apache.ibatis.builder.annotation.MapperAnnotationBuilder,org.pitest.mutationtest.engine.gregor.mutators.NonVoidMethodCallMutator,hasNestedSelect,580,NO_COVERAGE,none
MapperAnnotationBuilder.java,org.apache.ibatis.builder.annotation.MapperAnnotationBuilder,org.pitest.mutationtest.engine.gregor.mutators.NonVoidMethodCallMutator,hasNestedSelect,580,NO_COVERAGE,none
MapperAnnotationBuilder.java,org.apache.ibatis.builder.annotation.MapperAnnotationBuilder,org.pitest.mutationtest.engine.gregor.mutators.NonVoidMethodCallMutator,hasNestedSelect,580,NO_COVERAGE,none
MapperAnnotationBuilder.java,org.apache.ibatis.builder.annotation.MapperAnnotationBuilder,org.pitest.mutationtest.engine.gregor.mutators.RemoveConditionalMutator_ORDER_ELSE,hasNestedSelect,577,NO_COVERAGE,none
MapperAnnotationBuilder.java,org.apache.ibatis.builder.annotation.MapperAnnotationBuilder,org.pitest.mutationtest.engine.gregor.mutators.RemoveConditionalMutator_ORDER_ELSE,hasNestedSelect,577,NO_COVERAGE,none
MapperAnnotationBuilder.java,org.apache.ibatis.builder.annotation.MapperAnnotationBuilder,org.pitest.mutationtest.engine.gregor.mutators.RemoveConditionalMutator_ORDER_ELSE,hasNestedSelect,580,NO_COVERAGE,none
MapperAnnotationBuilder.java,org.apache.ibatis.builder.annotation.MapperAnnotationBuilder,org.pitest.mutationtest.engine.gregor.mutators.RemoveConditionalMutator_ORDER_ELSE,hasNestedSelect,580,NO_COVERAGE,none
MapperAnnotationBuilder.java,org.apache.ibatis.builder.annotation.MapperAnnotationBuilder,org.pitest.mutationtest.engine.gregor.mutators.RemoveConditionalMutator_ORDER_IF,hasNestedSelect,577,NO_COVERAGE,none
MapperAnnotationBuilder.java,org.apache.ibatis.builder.annotation.MapperAnnotationBuilder,org.pitest.mutationtest.engine.gregor.mutators.RemoveConditionalMutator_ORDER_IF,hasNestedSelect,577,NO_COVERAGE,none
MapperAnnotationBuilder.java,org.apache.ibatis.builder.annotation.MapperAnnotationBuilder,org.pitest.mutationtest.engine.gregor.mutators.RemoveConditionalMutator_ORDER_IF,hasNestedSelect,580,NO_COVERAGE,none
MapperAnnotationBuilder.java,org.apache.ibatis.builder.annotation.MapperAnnotationBuilder,org.pitest.mutationtest.engine.gregor.mutators.RemoveConditionalMutator_ORDER_IF,hasNestedSelect,580,NO_COVERAGE,none
MapperAnnotationBuilder.java,org.apache.ibatis.builder.annotation.MapperAnnotationBuilder,org.pitest.mutationtest.engine.gregor.mutators.ReturnValsMutator,hasNestedSelect,580,NO_COVERAGE,none
MapperAnnotationBuilder.java,org.apache.ibatis.builder.annotation.MapperAnnotationBuilder,org.pitest.mutationtest.engine.gregor.mutators.ConditionalsBoundaryMutator,isLazy,568,NO_COVERAGE,none
MapperAnnotationBuilder.java,org.apache.ibatis.builder.annotation.MapperAnnotationBuilder,org.pitest.mutationtest.engine.gregor.mutators.ConditionalsBoundaryMutator,isLazy,570,NO_COVERAGE,none
MapperAnnotationBuilder.java,org.apache.ibatis.builder.annotation.MapperAnnotationBuilder,org.pitest.mutationtest.engine.gregor.mutators.InlineConstantMutator,isLazy,569,NO_COVERAGE,none
MapperAnnotationBuilder.java,org.apache.ibatis.builder.annotation.MapperAnnotationBuilder,org.pitest.mutationtest.engine.gregor.mutators.InlineConstantMutator,isLazy,569,NO_COVERAGE,none
MapperAnnotationBuilder.java,org.apache.ibatis.builder.annotation.MapperAnnotationBuilder,org.pitest.mutationtest.engine.gregor.mutators.InlineConstantMutator,isLazy,571,NO_COVERAGE,none
MapperAnnotationBuilder.java,org.apache.ibatis.builder.annotation.MapperAnnotationBuilder,org.pitest.mutationtest.engine.gregor.mutators.InlineConstantMutator,isLazy,571,NO_COVERAGE,none
MapperAnnotationBuilder.java,org.apache.ibatis.builder.annotation.MapperAnnotationBuilder,org.pitest.mutationtest.engine.gregor.mutators.NegateConditionalsMutator,isLazy,568,NO_COVERAGE,none
MapperAnnotationBuilder.java,org.apache.ibatis.builder.annotation.MapperAnnotationBuilder,org.pitest.mutationtest.engine.gregor.mutators.NegateConditionalsMutator,isLazy,568,NO_COVERAGE,none
MapperAnnotationBuilder.java,org.apache.ibatis.builder.annotation.MapperAnnotationBuilder,org.pitest.mutationtest.engine.gregor.mutators.NegateConditionalsMutator,isLazy,569,NO_COVERAGE,none
MapperAnnotationBuilder.java,org.apache.ibatis.builder.annotation.MapperAnnotationBuilder,org.pitest.mutationtest.engine.gregor.mutators.NegateConditionalsMutator,isLazy,570,NO_COVERAGE,none
MapperAnnotationBuilder.java,org.apache.ibatis.builder.annotation.MapperAnnotationBuilder,org.pitest.mutationtest.engine.gregor.mutators.NegateConditionalsMutator,isLazy,570,NO_COVERAGE,none
MapperAnnotationBuilder.java,org.apache.ibatis.builder.annotation.MapperAnnotationBuilder,org.pitest.mutationtest.engine.gregor.mutators.NegateConditionalsMutator,isLazy,571,NO_COVERAGE,none
MapperAnnotationBuilder.java,org.apache.ibatis.builder.annotation.MapperAnnotationBuilder,org.pitest.mutationtest.engine.gregor.mutators.NonVoidMethodCallMutator,isLazy,567,NO_COVERAGE,none
MapperAnnotationBuilder.java,org.apache.ibatis.builder.annotation.MapperAnnotationBuilder,org.pitest.mutationtest.engine.gregor.mutators.NonVoidMethodCallMutator,isLazy,568,NO_COVERAGE,none
MapperAnnotationBuilder.java,org.apache.ibatis.builder.annotation.MapperAnnotationBuilder,org.pitest.mutationtest.engine.gregor.mutators.NonVoidMethodCallMutator,isLazy,568,NO_COVERAGE,none
MapperAnnotationBuilder.java,org.apache.ibatis.builder.annotation.MapperAnnotationBuilder,org.pitest.mutationtest.engine.gregor.mutators.NonVoidMethodCallMutator,isLazy,568,NO_COVERAGE,none
MapperAnnotationBuilder.java,org.apache.ibatis.builder.annotation.MapperAnnotationBuilder,org.pitest.mutationtest.engine.gregor.mutators.NonVoidMethodCallMutator,isLazy,568,NO_COVERAGE,none
MapperAnnotationBuilder.java,org.apache.ibatis.builder.annotation.MapperAnnotationBuilder,org.pitest.mutationtest.engine.gregor.mutators.NonVoidMethodCallMutator,isLazy,568,NO_COVERAGE,none
MapperAnnotationBuilder.java,org.apache.ibatis.builder.annotation.MapperAnnotationBuilder,org.pitest.mutationtest.engine.gregor.mutators.NonVoidMethodCallMutator,isLazy,569,NO_COVERAGE,none
MapperAnnotationBuilder.java,org.apache.ibatis.builder.annotation.MapperAnnotationBuilder,org.pitest.mutationtest.engine.gregor.mutators.NonVoidMethodCallMutator,isLazy,569,NO_COVERAGE,none
MapperAnnotationBuilder.java,org.apache.ibatis.builder.annotation.MapperAnnotationBuilder,org.pitest.mutationtest.engine.gregor.mutators.NonVoidMethodCallMutator,isLazy,570,NO_COVERAGE,none
MapperAnnotationBuilder.java,org.apache.ibatis.builder.annotation.MapperAnnotationBuilder,org.pitest.mutationtest.engine.gregor.mutators.NonVoidMethodCallMutator,isLazy,570,NO_COVERAGE,none
MapperAnnotationBuilder.java,org.apache.ibatis.builder.annotation.MapperAnnotationBuilder,org.pitest.mutationtest.engine.gregor.mutators.NonVoidMethodCallMutator,isLazy,570,NO_COVERAGE,none
MapperAnnotationBuilder.java,org.apache.ibatis.builder.annotation.MapperAnnotationBuilder,org.pitest.mutationtest.engine.gregor.mutators.NonVoidMethodCallMutator,isLazy,570,NO_COVERAGE,none
MapperAnnotationBuilder.java,org.apache.ibatis.builder.annotation.MapperAnnotationBuilder,org.pitest.mutationtest.engine.gregor.mutators.NonVoidMethodCallMutator,isLazy,570,NO_COVERAGE,none
MapperAnnotationBuilder.java,org.apache.ibatis.builder.annotation.MapperAnnotationBuilder,org.pitest.mutationtest.engine.gregor.mutators.NonVoidMethodCallMutator,isLazy,571,NO_COVERAGE,none
MapperAnnotationBuilder.java,org.apache.ibatis.builder.annotation.MapperAnnotationBuilder,org.pitest.mutationtest.engine.gregor.mutators.NonVoidMethodCallMutator,isLazy,571,NO_COVERAGE,none
MapperAnnotationBuilder.java,org.apache.ibatis.builder.annotation.MapperAnnotationBuilder,org.pitest.mutationtest.engine.gregor.mutators.RemoveConditionalMutator_EQUAL_ELSE,isLazy,568,NO_COVERAGE,none
MapperAnnotationBuilder.java,org.apache.ibatis.builder.annotation.MapperAnnotationBuilder,org.pitest.mutationtest.engine.gregor.mutators.RemoveConditionalMutator_EQUAL_ELSE,isLazy,569,NO_COVERAGE,none
MapperAnnotationBuilder.java,org.apache.ibatis.builder.annotation.MapperAnnotationBuilder,org.pitest.mutationtest.engine.gregor.mutators.RemoveConditionalMutator_EQUAL_ELSE,isLazy,570,NO_COVERAGE,none
MapperAnnotationBuilder.java,org.apache.ibatis.builder.annotation.MapperAnnotationBuilder,org.pitest.mutationtest.engine.gregor.mutators.RemoveConditionalMutator_EQUAL_ELSE,isLazy,571,NO_COVERAGE,none
MapperAnnotationBuilder.java,org.apache.ibatis.builder.annotation.MapperAnnotationBuilder,org.pitest.mutationtest.engine.gregor.mutators.RemoveConditionalMutator_EQUAL_IF,isLazy,568,NO_COVERAGE,none
MapperAnnotationBuilder.java,org.apache.ibatis.builder.annotation.MapperAnnotationBuilder,org.pitest.mutationtest.engine.gregor.mutators.RemoveConditionalMutator_EQUAL_IF,isLazy,569,NO_COVERAGE,none
MapperAnnotationBuilder.java,org.apache.ibatis.builder.annotation.MapperAnnotationBuilder,org.pitest.mutationtest.engine.gregor.mutators.RemoveConditionalMutator_EQUAL_IF,isLazy,570,NO_COVERAGE,none
MapperAnnotationBuilder.java,org.apache.ibatis.builder.annotation.MapperAnnotationBuilder,org.pitest.mutationtest.engine.gregor.mutators.RemoveConditionalMutator_EQUAL_IF,isLazy,571,NO_COVERAGE,none
MapperAnnotationBuilder.java,org.apache.ibatis.builder.annotation.MapperAnnotationBuilder,org.pitest.mutationtest.engine.gregor.mutators.RemoveConditionalMutator_ORDER_ELSE,isLazy,568,NO_COVERAGE,none
MapperAnnotationBuilder.java,org.apache.ibatis.builder.annotation.MapperAnnotationBuilder,org.pitest.mutationtest.engine.gregor.mutators.RemoveConditionalMutator_ORDER_ELSE,isLazy,570,NO_COVERAGE,none
MapperAnnotationBuilder.java,org.apache.ibatis.builder.annotation.MapperAnnotationBuilder,org.pitest.mutationtest.engine.gregor.mutators.RemoveConditionalMutator_ORDER_IF,isLazy,568,NO_COVERAGE,none
MapperAnnotationBuilder.java,org.apache.ibatis.builder.annotation.MapperAnnotationBuilder,org.pitest.mutationtest.engine.gregor.mutators.RemoveConditionalMutator_ORDER_IF,isLazy,570,NO_COVERAGE,none
MapperAnnotationBuilder.java,org.apache.ibatis.builder.annotation.MapperAnnotationBuilder,org.pitest.mutationtest.engine.gregor.mutators.ReturnValsMutator,isLazy,573,NO_COVERAGE,none
MapperAnnotationBuilder.java,org.apache.ibatis.builder.annotation.MapperAnnotationBuilder,org.pitest.mutationtest.engine.gregor.mutators.ConstructorCallMutator,loadXmlResource,163,KILLED,org.apache.ibatis.submitted.extend.ExtendTest.org.apache.ibatis.submitted.extend.ExtendTest
MapperAnnotationBuilder.java,org.apache.ibatis.builder.annotation.MapperAnnotationBuilder,org.pitest.mutationtest.engine.gregor.mutators.ConstructorCallMutator,loadXmlResource,164,NO_COVERAGE,none
MapperAnnotationBuilder.java,org.apache.ibatis.builder.annotation.MapperAnnotationBuilder,org.pitest.mutationtest.engine.gregor.mutators.ConstructorCallMutator,loadXmlResource,172,NO_COVERAGE,none
MapperAnnotationBuilder.java,org.apache.ibatis.builder.annotation.MapperAnnotationBuilder,org.pitest.mutationtest.engine.gregor.mutators.InlineConstantMutator,loadXmlResource,164,NO_COVERAGE,none
MapperAnnotationBuilder.java,org.apache.ibatis.builder.annotation.MapperAnnotationBuilder,org.pitest.mutationtest.engine.gregor.mutators.InlineConstantMutator,loadXmlResource,164,NO_COVERAGE,none
MapperAnnotationBuilder.java,org.apache.ibatis.builder.annotation.MapperAnnotationBuilder,org.pitest.mutationtest.engine.gregor.mutators.NegateConditionalsMutator,loadXmlResource,171,NO_COVERAGE,none
MapperAnnotationBuilder.java,org.apache.ibatis.builder.annotation.MapperAnnotationBuilder,org.pitest.mutationtest.engine.gregor.mutators.NonVoidMethodCallMutator,loadXmlResource,163,KILLED,org.apache.ibatis.submitted.extend.ExtendTest.org.apache.ibatis.submitted.extend.ExtendTest
MapperAnnotationBuilder.java,org.apache.ibatis.builder.annotation.MapperAnnotationBuilder,org.pitest.mutationtest.engine.gregor.mutators.NonVoidMethodCallMutator,loadXmlResource,163,KILLED,org.apache.ibatis.submitted.extend.ExtendTest.org.apache.ibatis.submitted.extend.ExtendTest
MapperAnnotationBuilder.java,org.apache.ibatis.builder.annotation.MapperAnnotationBuilder,org.pitest.mutationtest.engine.gregor.mutators.NonVoidMethodCallMutator,loadXmlResource,164,NO_COVERAGE,none
MapperAnnotationBuilder.java,org.apache.ibatis.builder.annotation.MapperAnnotationBuilder,org.pitest.mutationtest.engine.gregor.mutators.NonVoidMethodCallMutator,loadXmlResource,164,NO_COVERAGE,none
MapperAnnotationBuilder.java,org.apache.ibatis.builder.annotation.MapperAnnotationBuilder,org.pitest.mutationtest.engine.gregor.mutators.NonVoidMethodCallMutator,loadXmlResource,164,NO_COVERAGE,none
MapperAnnotationBuilder.java,org.apache.ibatis.builder.annotation.MapperAnnotationBuilder,org.pitest.mutationtest.engine.gregor.mutators.NonVoidMethodCallMutator,loadXmlResource,164,NO_COVERAGE,none
MapperAnnotationBuilder.java,org.apache.ibatis.builder.annotation.MapperAnnotationBuilder,org.pitest.mutationtest.engine.gregor.mutators.NonVoidMethodCallMutator,loadXmlResource,164,NO_COVERAGE,none
MapperAnnotationBuilder.java,org.apache.ibatis.builder.annotation.MapperAnnotationBuilder,org.pitest.mutationtest.engine.gregor.mutators.NonVoidMethodCallMutator,loadXmlResource,167,NO_COVERAGE,none
MapperAnnotationBuilder.java,org.apache.ibatis.builder.annotation.MapperAnnotationBuilder,org.pitest.mutationtest.engine.gregor.mutators.NonVoidMethodCallMutator,loadXmlResource,167,NO_COVERAGE,none
MapperAnnotationBuilder.java,org.apache.ibatis.builder.annotation.MapperAnnotationBuilder,org.pitest.mutationtest.engine.gregor.mutators.NonVoidMethodCallMutator,loadXmlResource,172,NO_COVERAGE,none
MapperAnnotationBuilder.java,org.apache.ibatis.builder.annotation.MapperAnnotationBuilder,org.pitest.mutationtest.engine.gregor.mutators.NonVoidMethodCallMutator,loadXmlResource,172,NO_COVERAGE,none
MapperAnnotationBuilder.java,org.apache.ibatis.builder.annotation.MapperAnnotationBuilder,org.pitest.mutationtest.engine.gregor.mutators.NonVoidMethodCallMutator,loadXmlResource,172,NO_COVERAGE,none
MapperAnnotationBuilder.java,org.apache.ibatis.builder.annotation.MapperAnnotationBuilder,org.pitest.mutationtest.engine.gregor.mutators.RemoveConditionalMutator_EQUAL_ELSE,loadXmlResource,171,NO_COVERAGE,none
MapperAnnotationBuilder.java,org.apache.ibatis.builder.annotation.MapperAnnotationBuilder,org.pitest.mutationtest.engine.gregor.mutators.RemoveConditionalMutator_EQUAL_IF,loadXmlResource,171,NO_COVERAGE,none
MapperAnnotationBuilder.java,org.apache.ibatis.builder.annotation.MapperAnnotationBuilder,org.pitest.mutationtest.engine.gregor.mutators.VoidMethodCallMutator,loadXmlResource,173,NO_COVERAGE,none
MapperAnnotationBuilder.java,org.apache.ibatis.builder.annotation.MapperAnnotationBuilder,org.pitest.mutationtest.engine.gregor.mutators.ConditionalsBoundaryMutator,nestedSelectId,557,NO_COVERAGE,none
MapperAnnotationBuilder.java,org.apache.ibatis.builder.annotation.MapperAnnotationBuilder,org.pitest.mutationtest.engine.gregor.mutators.ConstructorCallMutator,nestedSelectId,561,NO_COVERAGE,none
MapperAnnotationBuilder.java,org.apache.ibatis.builder.annotation.MapperAnnotationBuilder,org.pitest.mutationtest.engine.gregor.mutators.InlineConstantMutator,nestedSelectId,557,NO_COVERAGE,none
MapperAnnotationBuilder.java,org.apache.ibatis.builder.annotation.MapperAnnotationBuilder,org.pitest.mutationtest.engine.gregor.mutators.NegateConditionalsMutator,nestedSelectId,557,NO_COVERAGE,none
MapperAnnotationBuilder.java,org.apache.ibatis.builder.annotation.MapperAnnotationBuilder,org.pitest.mutationtest.engine.gregor.mutators.NegateConditionalsMutator,nestedSelectId,560,NO_COVERAGE,none
MapperAnnotationBuilder.java,org.apache.ibatis.builder.annotation.MapperAnnotationBuilder,org.pitest.mutationtest.engine.gregor.mutators.NonVoidMethodCallMutator,nestedSelectId,556,NO_COVERAGE,none
MapperAnnotationBuilder.java,org.apache.ibatis.builder.annotation.MapperAnnotationBuilder,org.pitest.mutationtest.engine.gregor.mutators.NonVoidMethodCallMutator,nestedSelectId,556,NO_COVERAGE,none
MapperAnnotationBuilder.java,org.apache.ibatis.builder.annotation.MapperAnnotationBuilder,org.pitest.mutationtest.engine.gregor.mutators.NonVoidMethodCallMutator,nestedSelectId,557,NO_COVERAGE,none
MapperAnnotationBuilder.java,org.apache.ibatis.builder.annotation.MapperAnnotationBuilder,org.pitest.mutationtest.engine.gregor.mutators.NonVoidMethodCallMutator,nestedSelectId,558,NO_COVERAGE,none
MapperAnnotationBuilder.java,org.apache.ibatis.builder.annotation.MapperAnnotationBuilder,org.pitest.mutationtest.engine.gregor.mutators.NonVoidMethodCallMutator,nestedSelectId,558,NO_COVERAGE,none
MapperAnnotationBuilder.java,org.apache.ibatis.builder.annotation.MapperAnnotationBuilder,org.pitest.mutationtest.engine.gregor.mutators.NonVoidMethodCallMutator,nestedSelectId,560,NO_COVERAGE,none
MapperAnnotationBuilder.java,org.apache.ibatis.builder.annotation.MapperAnnotationBuilder,org.pitest.mutationtest.engine.gregor.mutators.NonVoidMethodCallMutator,nestedSelectId,561,NO_COVERAGE,none
MapperAnnotationBuilder.java,org.apache.ibatis.builder.annotation.MapperAnnotationBuilder,org.pitest.mutationtest.engine.gregor.mutators.NonVoidMethodCallMutator,nestedSelectId,561,NO_COVERAGE,none
MapperAnnotationBuilder.java,org.apache.ibatis.builder.annotation.MapperAnnotationBuilder,org.pitest.mutationtest.engine.gregor.mutators.NonVoidMethodCallMutator,nestedSelectId,561,NO_COVERAGE,none
MapperAnnotationBuilder.java,org.apache.ibatis.builder.annotation.MapperAnnotationBuilder,org.pitest.mutationtest.engine.gregor.mutators.NonVoidMethodCallMutator,nestedSelectId,561,NO_COVERAGE,none
MapperAnnotationBuilder.java,org.apache.ibatis.builder.annotation.MapperAnnotationBuilder,org.pitest.mutationtest.engine.gregor.mutators.NonVoidMethodCallMutator,nestedSelectId,561,NO_COVERAGE,none
MapperAnnotationBuilder.java,org.apache.ibatis.builder.annotation.MapperAnnotationBuilder,org.pitest.mutationtest.engine.gregor.mutators.RemoveConditionalMutator_EQUAL_ELSE,nestedSelectId,560,NO_COVERAGE,none
MapperAnnotationBuilder.java,org.apache.ibatis.builder.annotation.MapperAnnotationBuilder,org.pitest.mutationtest.engine.gregor.mutators.RemoveConditionalMutator_EQUAL_IF,nestedSelectId,560,NO_COVERAGE,none
MapperAnnotationBuilder.java,org.apache.ibatis.builder.annotation.MapperAnnotationBuilder,org.pitest.mutationtest.engine.gregor.mutators.RemoveConditionalMutator_ORDER_ELSE,nestedSelectId,557,NO_COVERAGE,none
MapperAnnotationBuilder.java,org.apache.ibatis.builder.annotation.MapperAnnotationBuilder,org.pitest.mutationtest.engine.gregor.mutators.RemoveConditionalMutator_ORDER_IF,nestedSelectId,557,NO_COVERAGE,none
MapperAnnotationBuilder.java,org.apache.ibatis.builder.annotation.MapperAnnotationBuilder,org.pitest.mutationtest.engine.gregor.mutators.ReturnValsMutator,nestedSelectId,563,NO_COVERAGE,none
MapperAnnotationBuilder.java,org.apache.ibatis.builder.annotation.MapperAnnotationBuilder,org.pitest.mutationtest.engine.gregor.mutators.NegateConditionalsMutator,nullOrEmpty,613,NO_COVERAGE,none
MapperAnnotationBuilder.java,org.apache.ibatis.builder.annotation.MapperAnnotationBuilder,org.pitest.mutationtest.engine.gregor.mutators.NegateConditionalsMutator,nullOrEmpty,613,NO_COVERAGE,none
MapperAnnotationBuilder.java,org.apache.ibatis.builder.annotation.MapperAnnotationBuilder,org.pitest.mutationtest.engine.gregor.mutators.NonVoidMethodCallMutator,nullOrEmpty,613,NO_COVERAGE,none
MapperAnnotationBuilder.java,org.apache.ibatis.builder.annotation.MapperAnnotationBuilder,org.pitest.mutationtest.engine.gregor.mutators.NonVoidMethodCallMutator,nullOrEmpty,613,NO_COVERAGE,none
MapperAnnotationBuilder.java,org.apache.ibatis.builder.annotation.MapperAnnotationBuilder,org.pitest.mutationtest.engine.gregor.mutators.RemoveConditionalMutator_EQUAL_ELSE,nullOrEmpty,613,NO_COVERAGE,none
MapperAnnotationBuilder.java,org.apache.ibatis.builder.annotation.MapperAnnotationBuilder,org.pitest.mutationtest.engine.gregor.mutators.RemoveConditionalMutator_EQUAL_ELSE,nullOrEmpty,613,NO_COVERAGE,none
MapperAnnotationBuilder.java,org.apache.ibatis.builder.annotation.MapperAnnotationBuilder,org.pitest.mutationtest.engine.gregor.mutators.RemoveConditionalMutator_EQUAL_IF,nullOrEmpty,613,NO_COVERAGE,none
MapperAnnotationBuilder.java,org.apache.ibatis.builder.annotation.MapperAnnotationBuilder,org.pitest.mutationtest.engine.gregor.mutators.RemoveConditionalMutator_EQUAL_IF,nullOrEmpty,613,NO_COVERAGE,none
MapperAnnotationBuilder.java,org.apache.ibatis.builder.annotation.MapperAnnotationBuilder,org.pitest.mutationtest.engine.gregor.mutators.ReturnValsMutator,nullOrEmpty,613,NO_COVERAGE,none
MapperAnnotationBuilder.java,org.apache.ibatis.builder.annotation.MapperAnnotationBuilder,org.pitest.mutationtest.engine.gregor.mutators.ConditionalsBoundaryMutator,parse,130,KILLED,org.apache.ibatis.submitted.extend.ExtendTest.org.apache.ibatis.submitted.extend.ExtendTest
MapperAnnotationBuilder.java,org.apache.ibatis.builder.annotation.MapperAnnotationBuilder,org.pitest.mutationtest.engine.gregor.mutators.ConstructorCallMutator,parse,137,NO_COVERAGE,none
MapperAnnotationBuilder.java,org.apache.ibatis.builder.annotation.MapperAnnotationBuilder,org.pitest.mutationtest.engine.gregor.mutators.InlineConstantMutator,parse,130,KILLED,org.apache.ibatis.submitted.extend.ExtendTest.org.apache.ibatis.submitted.extend.ExtendTest
MapperAnnotationBuilder.java,org.apache.ibatis.builder.annotation.MapperAnnotationBuilder,org.pitest.mutationtest.engine.gregor.mutators.NegateConditionalsMutator,parse,133,KILLED,org.apache.ibatis.submitted.extend.ExtendTest.org.apache.ibatis.submitted.extend.ExtendTest
MapperAnnotationBuilder.java,org.apache.ibatis.builder.annotation.MapperAnnotationBuilder,org.pitest.mutationtest.engine.gregor.mutators.NonVoidMethodCallMutator,parse,122,KILLED,org.apache.ibatis.submitted.extend.ExtendTest.org.apache.ibatis.submitted.extend.ExtendTest
MapperAnnotationBuilder.java,org.apache.ibatis.builder.annotation.MapperAnnotationBuilder,org.pitest.mutationtest.engine.gregor.mutators.NonVoidMethodCallMutator,parse,123,KILLED,org.apache.ibatis.submitted.extend.ExtendTest.org.apache.ibatis.submitted.extend.ExtendTest
MapperAnnotationBuilder.java,org.apache.ibatis.builder.annotation.MapperAnnotationBuilder,org.pitest.mutationtest.engine.gregor.mutators.NonVoidMethodCallMutator,parse,129,KILLED,org.apache.ibatis.submitted.extend.ExtendTest.org.apache.ibatis.submitted.extend.ExtendTest
MapperAnnotationBuilder.java,org.apache.ibatis.builder.annotation.MapperAnnotationBuilder,org.pitest.mutationtest.engine.gregor.mutators.RemoveConditionalMutator_EQUAL_ELSE,parse,123,KILLED,org.apache.ibatis.submitted.extend.ExtendTest.org.apache.ibatis.submitted.extend.ExtendTest
MapperAnnotationBuilder.java,org.apache.ibatis.builder.annotation.MapperAnnotationBuilder,org.pitest.mutationtest.engine.gregor.mutators.RemoveConditionalMutator_EQUAL_ELSE,parse,133,KILLED,org.apache.ibatis.submitted.extend.ExtendTest.org.apache.ibatis.submitted.extend.ExtendTest
MapperAnnotationBuilder.java,org.apache.ibatis.builder.annotation.MapperAnnotationBuilder,org.pitest.mutationtest.engine.gregor.mutators.RemoveConditionalMutator_EQUAL_IF,parse,123,KILLED,org.apache.ibatis.submitted.extend.ExtendTest.org.apache.ibatis.submitted.extend.ExtendTest
MapperAnnotationBuilder.java,org.apache.ibatis.builder.annotation.MapperAnnotationBuilder,org.pitest.mutationtest.engine.gregor.mutators.RemoveConditionalMutator_EQUAL_IF,parse,133,KILLED,org.apache.ibatis.submitted.extend.ExtendTest.org.apache.ibatis.submitted.extend.ExtendTest
MapperAnnotationBuilder.java,org.apache.ibatis.builder.annotation.MapperAnnotationBuilder,org.pitest.mutationtest.engine.gregor.mutators.VoidMethodCallMutator,parse,124,KILLED,org.apache.ibatis.submitted.extend.ExtendTest.org.apache.ibatis.submitted.extend.ExtendTest
MapperAnnotationBuilder.java,org.apache.ibatis.builder.annotation.MapperAnnotationBuilder,org.pitest.mutationtest.engine.gregor.mutators.VoidMethodCallMutator,parse,125,KILLED,org.apache.ibatis.submitted.extend.ExtendTest.org.apache.ibatis.submitted.extend.ExtendTest
MapperAnnotationBuilder.java,org.apache.ibatis.builder.annotation.MapperAnnotationBuilder,org.pitest.mutationtest.engine.gregor.mutators.VoidMethodCallMutator,parse,134,KILLED,org.apache.ibatis.submitted.extend.ExtendTest.org.apache.ibatis.submitted.extend.ExtendTest
MapperAnnotationBuilder.java,org.apache.ibatis.builder.annotation.MapperAnnotationBuilder,org.pitest.mutationtest.engine.gregor.mutators.VoidMethodCallMutator,parse,137,NO_COVERAGE,none
MapperAnnotationBuilder.java,org.apache.ibatis.builder.annotation.MapperAnnotationBuilder,org.pitest.mutationtest.engine.gregor.mutators.InlineConstantMutator,parseCache,182,NO_COVERAGE,none
MapperAnnotationBuilder.java,org.apache.ibatis.builder.annotation.MapperAnnotationBuilder,org.pitest.mutationtest.engine.gregor.mutators.NegateConditionalsMutator,parseCache,180,KILLED,org.apache.ibatis.submitted.extend.ExtendTest.org.apache.ibatis.submitted.extend.ExtendTest
MapperAnnotationBuilder.java,org.apache.ibatis.builder.annotation.MapperAnnotationBuilder,org.pitest.mutationtest.engine.gregor.mutators.NegateConditionalsMutator,parseCache,181,NO_COVERAGE,none
MapperAnnotationBuilder.java,org.apache.ibatis.builder.annotation.MapperAnnotationBuilder,org.pitest.mutationtest.engine.gregor.mutators.NegateConditionalsMutator,parseCache,182,NO_COVERAGE,none
MapperAnnotationBuilder.java,org.apache.ibatis.builder.annotation.MapperAnnotationBuilder,org.pitest.mutationtest.engine.gregor.mutators.NonVoidMethodCallMutator,parseCache,181,NO_COVERAGE,none
MapperAnnotationBuilder.java,org.apache.ibatis.builder.annotation.MapperAnnotationBuilder,org.pitest.mutationtest.engine.gregor.mutators.NonVoidMethodCallMutator,parseCache,181,NO_COVERAGE,none
MapperAnnotationBuilder.java,org.apache.ibatis.builder.annotation.MapperAnnotationBuilder,org.pitest.mutationtest.engine.gregor.mutators.NonVoidMethodCallMutator,parseCache,181,NO_COVERAGE,none
MapperAnnotationBuilder.java,org.apache.ibatis.builder.annotation.MapperAnnotationBuilder,org.pitest.mutationtest.engine.gregor.mutators.NonVoidMethodCallMutator,parseCache,182,NO_COVERAGE,none
MapperAnnotationBuilder.java,org.apache.ibatis.builder.annotation.MapperAnnotationBuilder,org.pitest.mutationtest.engine.gregor.mutators.NonVoidMethodCallMutator,parseCache,182,NO_COVERAGE,none
MapperAnnotationBuilder.java,org.apache.ibatis.builder.annotation.MapperAnnotationBuilder,org.pitest.mutationtest.engine.gregor.mutators.NonVoidMethodCallMutator,parseCache,182,NO_COVERAGE,none
MapperAnnotationBuilder.java,org.apache.ibatis.builder.annotation.MapperAnnotationBuilder,org.pitest.mutationtest.engine.gregor.mutators.NonVoidMethodCallMutator,parseCache,183,NO_COVERAGE,none
MapperAnnotationBuilder.java,org.apache.ibatis.builder.annotation.MapperAnnotationBuilder,org.pitest.mutationtest.engine.gregor.mutators.NonVoidMethodCallMutator,parseCache,183,NO_COVERAGE,none
MapperAnnotationBuilder.java,org.apache.ibatis.builder.annotation.MapperAnnotationBuilder,org.pitest.mutationtest.engine.gregor.mutators.NonVoidMethodCallMutator,parseCache,184,NO_COVERAGE,none
MapperAnnotationBuilder.java,org.apache.ibatis.builder.annotation.MapperAnnotationBuilder,org.pitest.mutationtest.engine.gregor.mutators.NonVoidMethodCallMutator,parseCache,184,NO_COVERAGE,none
MapperAnnotationBuilder.java,org.apache.ibatis.builder.annotation.MapperAnnotationBuilder,org.pitest.mutationtest.engine.gregor.mutators.NonVoidMethodCallMutator,parseCache,184,NO_COVERAGE,none
MapperAnnotationBuilder.java,org.apache.ibatis.builder.annotation.MapperAnnotationBuilder,org.pitest.mutationtest.engine.gregor.mutators.NonVoidMethodCallMutator,parseCache,184,NO_COVERAGE,none
MapperAnnotationBuilder.java,org.apache.ibatis.builder.annotation.MapperAnnotationBuilder,org.pitest.mutationtest.engine.gregor.mutators.NonVoidMethodCallMutator,parseCache,184,NO_COVERAGE,none
MapperAnnotationBuilder.java,org.apache.ibatis.builder.annotation.MapperAnnotationBuilder,org.pitest.mutationtest.engine.gregor.mutators.RemoveConditionalMutator_EQUAL_ELSE,parseCache,180,KILLED,org.apache.ibatis.submitted.extend.ExtendTest.org.apache.ibatis.submitted.extend.ExtendTest
MapperAnnotationBuilder.java,org.apache.ibatis.builder.annotation.MapperAnnotationBuilder,org.pitest.mutationtest.engine.gregor.mutators.RemoveConditionalMutator_EQUAL_ELSE,parseCache,181,NO_COVERAGE,none
MapperAnnotationBuilder.java,org.apache.ibatis.builder.annotation.MapperAnnotationBuilder,org.pitest.mutationtest.engine.gregor.mutators.RemoveConditionalMutator_EQUAL_ELSE,parseCache,182,NO_COVERAGE,none
MapperAnnotationBuilder.java,org.apache.ibatis.builder.annotation.MapperAnnotationBuilder,org.pitest.mutationtest.engine.gregor.mutators.RemoveConditionalMutator_EQUAL_IF,parseCache,181,NO_COVERAGE,none
MapperAnnotationBuilder.java,org.apache.ibatis.builder.annotation.MapperAnnotationBuilder,org.pitest.mutationtest.engine.gregor.mutators.RemoveConditionalMutator_EQUAL_IF,parseCache,182,NO_COVERAGE,none
MapperAnnotationBuilder.java,org.apache.ibatis.builder.annotation.MapperAnnotationBuilder,org.pitest.mutationtest.engine.gregor.mutators.ConstructorCallMutator,parseCacheRef,206,NO_COVERAGE,none
MapperAnnotationBuilder.java,org.apache.ibatis.builder.annotation.MapperAnnotationBuilder,org.pitest.mutationtest.engine.gregor.mutators.ConstructorCallMutator,parseCacheRef,209,NO_COVERAGE,none
MapperAnnotationBuilder.java,org.apache.ibatis.builder.annotation.MapperAnnotationBuilder,org.pitest.mutationtest.engine.gregor.mutators.NegateConditionalsMutator,parseCacheRef,202,KILLED,org.apache.ibatis.submitted.extend.ExtendTest.org.apache.ibatis.submitted.extend.ExtendTest
MapperAnnotationBuilder.java,org.apache.ibatis.builder.annotation.MapperAnnotationBuilder,org.pitest.mutationtest.engine.gregor.mutators.NegateConditionalsMutator,parseCacheRef,205,NO_COVERAGE,none
MapperAnnotationBuilder.java,org.apache.ibatis.builder.annotation.MapperAnnotationBuilder,org.pitest.mutationtest.engine.gregor.mutators.NegateConditionalsMutator,parseCacheRef,205,NO_COVERAGE,none
MapperAnnotationBuilder.java,org.apache.ibatis.builder.annotation.MapperAnnotationBuilder,org.pitest.mutationtest.engine.gregor.mutators.NegateConditionalsMutator,parseCacheRef,208,NO_COVERAGE,none
MapperAnnotationBuilder.java,org.apache.ibatis.builder.annotation.MapperAnnotationBuilder,org.pitest.mutationtest.engine.gregor.mutators.NegateConditionalsMutator,parseCacheRef,208,NO_COVERAGE,none
MapperAnnotationBuilder.java,org.apache.ibatis.builder.annotation.MapperAnnotationBuilder,org.pitest.mutationtest.engine.gregor.mutators.NegateConditionalsMutator,parseCacheRef,211,NO_COVERAGE,none
MapperAnnotationBuilder.java,org.apache.ibatis.builder.annotation.MapperAnnotationBuilder,org.pitest.mutationtest.engine.gregor.mutators.NonVoidMethodCallMutator,parseCacheRef,203,NO_COVERAGE,none
MapperAnnotationBuilder.java,org.apache.ibatis.builder.annotation.MapperAnnotationBuilder,org.pitest.mutationtest.engine.gregor.mutators.NonVoidMethodCallMutator,parseCacheRef,204,NO_COVERAGE,none
MapperAnnotationBuilder.java,org.apache.ibatis.builder.annotation.MapperAnnotationBuilder,org.pitest.mutationtest.engine.gregor.mutators.NonVoidMethodCallMutator,parseCacheRef,205,NO_COVERAGE,none
MapperAnnotationBuilder.java,org.apache.ibatis.builder.annotation.MapperAnnotationBuilder,org.pitest.mutationtest.engine.gregor.mutators.NonVoidMethodCallMutator,parseCacheRef,208,NO_COVERAGE,none
MapperAnnotationBuilder.java,org.apache.ibatis.builder.annotation.MapperAnnotationBuilder,org.pitest.mutationtest.engine.gregor.mutators.NonVoidMethodCallMutator,parseCacheRef,211,NO_COVERAGE,none
MapperAnnotationBuilder.java,org.apache.ibatis.builder.annotation.MapperAnnotationBuilder,org.pitest.mutationtest.engine.gregor.mutators.NonVoidMethodCallMutator,parseCacheRef,212,NO_COVERAGE,none
MapperAnnotationBuilder.java,org.apache.ibatis.builder.annotation.MapperAnnotationBuilder,org.pitest.mutationtest.engine.gregor.mutators.RemoveConditionalMutator_EQUAL_ELSE,parseCacheRef,202,KILLED,org.apache.ibatis.submitted.extend.ExtendTest.org.apache.ibatis.submitted.extend.ExtendTest
MapperAnnotationBuilder.java,org.apache.ibatis.builder.annotation.MapperAnnotationBuilder,org.pitest.mutationtest.engine.gregor.mutators.RemoveConditionalMutator_EQUAL_ELSE,parseCacheRef,205,NO_COVERAGE,none
MapperAnnotationBuilder.java,org.apache.ibatis.builder.annotation.MapperAnnotationBuilder,org.pitest.mutationtest.engine.gregor.mutators.RemoveConditionalMutator_EQUAL_ELSE,parseCacheRef,205,NO_COVERAGE,none
MapperAnnotationBuilder.java,org.apache.ibatis.builder.annotation.MapperAnnotationBuilder,org.pitest.mutationtest.engine.gregor.mutators.RemoveConditionalMutator_EQUAL_ELSE,parseCacheRef,208,NO_COVERAGE,none
MapperAnnotationBuilder.java,org.apache.ibatis.builder.annotation.MapperAnnotationBuilder,org.pitest.mutationtest.engine.gregor.mutators.RemoveConditionalMutator_EQUAL_ELSE,parseCacheRef,208,NO_COVERAGE,none
MapperAnnotationBuilder.java,org.apache.ibatis.builder.annotation.MapperAnnotationBuilder,org.pitest.mutationtest.engine.gregor.mutators.RemoveConditionalMutator_EQUAL_ELSE,parseCacheRef,211,NO_COVERAGE,none
MapperAnnotationBuilder.java,org.apache.ibatis.builder.annotation.MapperAnnotationBuilder,org.pitest.mutationtest.engine.gregor.mutators.RemoveConditionalMutator_EQUAL_IF,parseCacheRef,205,NO_COVERAGE,none
MapperAnnotationBuilder.java,org.apache.ibatis.builder.annotation.MapperAnnotationBuilder,org.pitest.mutationtest.engine.gregor.mutators.RemoveConditionalMutator_EQUAL_IF,parseCacheRef,205,NO_COVERAGE,none
MapperAnnotationBuilder.java,org.apache.ibatis.builder.annotation.MapperAnnotationBuilder,org.pitest.mutationtest.engine.gregor.mutators.RemoveConditionalMutator_EQUAL_IF,parseCacheRef,208,NO_COVERAGE,none
MapperAnnotationBuilder.java,org.apache.ibatis.builder.annotation.MapperAnnotationBuilder,org.pitest.mutationtest.engine.gregor.mutators.RemoveConditionalMutator_EQUAL_IF,parseCacheRef,208,NO_COVERAGE,none
MapperAnnotationBuilder.java,org.apache.ibatis.builder.annotation.MapperAnnotationBuilder,org.pitest.mutationtest.engine.gregor.mutators.RemoveConditionalMutator_EQUAL_IF,parseCacheRef,211,NO_COVERAGE,none
MapperAnnotationBuilder.java,org.apache.ibatis.builder.annotation.MapperAnnotationBuilder,org.pitest.mutationtest.engine.gregor.mutators.NonVoidMethodCallMutator,parsePendingMethods,147,KILLED,org.apache.ibatis.submitted.extend.ExtendTest.org.apache.ibatis.submitted.extend.ExtendTest
MapperAnnotationBuilder.java,org.apache.ibatis.builder.annotation.MapperAnnotationBuilder,org.pitest.mutationtest.engine.gregor.mutators.NonVoidMethodCallMutator,parsePendingMethods,150,NO_COVERAGE,none
MapperAnnotationBuilder.java,org.apache.ibatis.builder.annotation.MapperAnnotationBuilder,org.pitest.mutationtest.engine.gregor.mutators.RemoveConditionalMutator_EQUAL_ELSE,parsePendingMethods,148,KILLED,org.apache.ibatis.submitted.extend.ExtendTest.org.apache.ibatis.submitted.extend.ExtendTest
MapperAnnotationBuilder.java,org.apache.ibatis.builder.annotation.MapperAnnotationBuilder,org.pitest.mutationtest.engine.gregor.mutators.VoidMethodCallMutator,parsePendingMethods,150,NO_COVERAGE,none
MapperAnnotationBuilder.java,org.apache.ibatis.builder.annotation.MapperAnnotationBuilder,org.pitest.mutationtest.engine.gregor.mutators.VoidMethodCallMutator,parsePendingMethods,151,NO_COVERAGE,none
MapperAnnotationBuilder.java,org.apache.ibatis.builder.annotation.MapperAnnotationBuilder,org.pitest.mutationtest.engine.gregor.mutators.NonVoidMethodCallMutator,parseResultMap,217,NO_COVERAGE,none
MapperAnnotationBuilder.java,org.apache.ibatis.builder.annotation.MapperAnnotationBuilder,org.pitest.mutationtest.engine.gregor.mutators.NonVoidMethodCallMutator,parseResultMap,218,NO_COVERAGE,none
MapperAnnotationBuilder.java,org.apache.ibatis.builder.annotation.MapperAnnotationBuilder,org.pitest.mutationtest.engine.gregor.mutators.NonVoidMethodCallMutator,parseResultMap,219,NO_COVERAGE,none
MapperAnnotationBuilder.java,org.apache.ibatis.builder.annotation.MapperAnnotationBuilder,org.pitest.mutationtest.engine.gregor.mutators.NonVoidMethodCallMutator,parseResultMap,220,NO_COVERAGE,none
MapperAnnotationBuilder.java,org.apache.ibatis.builder.annotation.MapperAnnotationBuilder,org.pitest.mutationtest.engine.gregor.mutators.NonVoidMethodCallMutator,parseResultMap,221,NO_COVERAGE,none
MapperAnnotationBuilder.java,org.apache.ibatis.builder.annotation.MapperAnnotationBuilder,org.pitest.mutationtest.engine.gregor.mutators.NonVoidMethodCallMutator,parseResultMap,222,NO_COVERAGE,none
MapperAnnotationBuilder.java,org.apache.ibatis.builder.annotation.MapperAnnotationBuilder,org.pitest.mutationtest.engine.gregor.mutators.NonVoidMethodCallMutator,parseResultMap,222,NO_COVERAGE,none
MapperAnnotationBuilder.java,org.apache.ibatis.builder.annotation.MapperAnnotationBuilder,org.pitest.mutationtest.engine.gregor.mutators.ReturnValsMutator,parseResultMap,223,NO_COVERAGE,none
MapperAnnotationBuilder.java,org.apache.ibatis.builder.annotation.MapperAnnotationBuilder,org.pitest.mutationtest.engine.gregor.mutators.VoidMethodCallMutator,parseResultMap,222,NO_COVERAGE,none
MapperAnnotationBuilder.java,org.apache.ibatis.builder.annotation.MapperAnnotationBuilder,org.pitest.mutationtest.engine.gregor.mutators.ArgumentPropagationMutator,parseStatement,375,NO_COVERAGE,none
MapperAnnotationBuilder.java,org.apache.ibatis.builder.annotation.MapperAnnotationBuilder,org.pitest.mutationtest.engine.gregor.mutators.ConditionalsBoundaryMutator,parseStatement,329,NO_COVERAGE,none
MapperAnnotationBuilder.java,org.apache.ibatis.builder.annotation.MapperAnnotationBuilder,org.pitest.mutationtest.engine.gregor.mutators.ConditionalsBoundaryMutator,parseStatement,330,NO_COVERAGE,none
MapperAnnotationBuilder.java,org.apache.ibatis.builder.annotation.MapperAnnotationBuilder,org.pitest.mutationtest.engine.gregor.mutators.ConditionalsBoundaryMutator,parseStatement,340,NO_COVERAGE,none
MapperAnnotationBuilder.java,org.apache.ibatis.builder.annotation.MapperAnnotationBuilder,org.pitest.mutationtest.engine.gregor.mutators.ConditionalsBoundaryMutator,parseStatement,341,NO_COVERAGE,none
MapperAnnotationBuilder.java,org.apache.ibatis.builder.annotation.MapperAnnotationBuilder,org.pitest.mutationtest.engine.gregor.mutators.ConstructorCallMutator,parseStatement,292,NO_COVERAGE,none
MapperAnnotationBuilder.java,org.apache.ibatis.builder.annotation.MapperAnnotationBuilder,org.pitest.mutationtest.engine.gregor.mutators.ConstructorCallMutator,parseStatement,339,NO_COVERAGE,none
MapperAnnotationBuilder.java,org.apache.ibatis.builder.annotation.MapperAnnotationBuilder,org.pitest.mutationtest.engine.gregor.mutators.IncrementsMutator,parseStatement,340,NO_COVERAGE,none
MapperAnnotationBuilder.java,org.apache.ibatis.builder.annotation.MapperAnnotationBuilder,org.pitest.mutationtest.engine.gregor.mutators.InlineConstantMutator,parseStatement,298,NO_COVERAGE,none
MapperAnnotationBuilder.java,org.apache.ibatis.builder.annotation.MapperAnnotationBuilder,org.pitest.mutationtest.engine.gregor.mutators.InlineConstantMutator,parseStatement,298,NO_COVERAGE,none
MapperAnnotationBuilder.java,org.apache.ibatis.builder.annotation.MapperAnnotationBuilder,org.pitest.mutationtest.engine.gregor.mutators.InlineConstantMutator,parseStatement,299,NO_COVERAGE,none
MapperAnnotationBuilder.java,org.apache.ibatis.builder.annotation.MapperAnnotationBuilder,org.pitest.mutationtest.engine.gregor.mutators.InlineConstantMutator,parseStatement,299,NO_COVERAGE,none
MapperAnnotationBuilder.java,org.apache.ibatis.builder.annotation.MapperAnnotationBuilder,org.pitest.mutationtest.engine.gregor.mutators.InlineConstantMutator,parseStatement,324,NO_COVERAGE,none
MapperAnnotationBuilder.java,org.apache.ibatis.builder.annotation.MapperAnnotationBuilder,org.pitest.mutationtest.engine.gregor.mutators.InlineConstantMutator,parseStatement,326,NO_COVERAGE,none
MapperAnnotationBuilder.java,org.apache.ibatis.builder.annotation.MapperAnnotationBuilder,org.pitest.mutationtest.engine.gregor.mutators.InlineConstantMutator,parseStatement,329,NO_COVERAGE,none
MapperAnnotationBuilder.java,org.apache.ibatis.builder.annotation.MapperAnnotationBuilder,org.pitest.mutationtest.engine.gregor.mutators.InlineConstantMutator,parseStatement,329,NO_COVERAGE,none
MapperAnnotationBuilder.java,org.apache.ibatis.builder.annotation.MapperAnnotationBuilder,org.pitest.mutationtest.engine.gregor.mutators.InlineConstantMutator,parseStatement,330,NO_COVERAGE,none
MapperAnnotationBuilder.java,org.apache.ibatis.builder.annotation.MapperAnnotationBuilder,org.pitest.mutationtest.engine.gregor.mutators.InlineConstantMutator,parseStatement,340,NO_COVERAGE,none
MapperAnnotationBuilder.java,org.apache.ibatis.builder.annotation.MapperAnnotationBuilder,org.pitest.mutationtest.engine.gregor.mutators.InlineConstantMutator,parseStatement,362,NO_COVERAGE,none
MapperAnnotationBuilder.java,org.apache.ibatis.builder.annotation.MapperAnnotationBuilder,org.pitest.mutationtest.engine.gregor.mutators.NegateConditionalsMutator,parseStatement,298,NO_COVERAGE,none
MapperAnnotationBuilder.java,org.apache.ibatis.builder.annotation.MapperAnnotationBuilder,org.pitest.mutationtest.engine.gregor.mutators.NegateConditionalsMutator,parseStatement,299,NO_COVERAGE,none
MapperAnnotationBuilder.java,org.apache.ibatis.builder.annotation.MapperAnnotationBuilder,org.pitest.mutationtest.engine.gregor.mutators.NegateConditionalsMutator,parseStatement,305,NO_COVERAGE,none
MapperAnnotationBuilder.java,org.apache.ibatis.builder.annotation.MapperAnnotationBuilder,org.pitest.mutationtest.engine.gregor.mutators.NegateConditionalsMutator,parseStatement,305,NO_COVERAGE,none
MapperAnnotationBuilder.java,org.apache.ibatis.builder.annotation.MapperAnnotationBuilder,org.pitest.mutationtest.engine.gregor.mutators.NegateConditionalsMutator,parseStatement,308,NO_COVERAGE,none
MapperAnnotationBuilder.java,org.apache.ibatis.builder.annotation.MapperAnnotationBuilder,org.pitest.mutationtest.engine.gregor.mutators.NegateConditionalsMutator,parseStatement,311,NO_COVERAGE,none
MapperAnnotationBuilder.java,org.apache.ibatis.builder.annotation.MapperAnnotationBuilder,org.pitest.mutationtest.engine.gregor.mutators.NegateConditionalsMutator,parseStatement,312,NO_COVERAGE,none
MapperAnnotationBuilder.java,org.apache.ibatis.builder.annotation.MapperAnnotationBuilder,org.pitest.mutationtest.engine.gregor.mutators.NegateConditionalsMutator,parseStatement,314,NO_COVERAGE,none
MapperAnnotationBuilder.java,org.apache.ibatis.builder.annotation.MapperAnnotationBuilder,org.pitest.mutationtest.engine.gregor.mutators.NegateConditionalsMutator,parseStatement,322,NO_COVERAGE,none
MapperAnnotationBuilder.java,org.apache.ibatis.builder.annotation.MapperAnnotationBuilder,org.pitest.mutationtest.engine.gregor.mutators.NegateConditionalsMutator,parseStatement,323,NO_COVERAGE,none
MapperAnnotationBuilder.java,org.apache.ibatis.builder.annotation.MapperAnnotationBuilder,org.pitest.mutationtest.engine.gregor.mutators.NegateConditionalsMutator,parseStatement,325,NO_COVERAGE,none
MapperAnnotationBuilder.java,org.apache.ibatis.builder.annotation.MapperAnnotationBuilder,org.pitest.mutationtest.engine.gregor.mutators.NegateConditionalsMutator,parseStatement,329,NO_COVERAGE,none
MapperAnnotationBuilder.java,org.apache.ibatis.builder.annotation.MapperAnnotationBuilder,org.pitest.mutationtest.engine.gregor.mutators.NegateConditionalsMutator,parseStatement,329,NO_COVERAGE,none
MapperAnnotationBuilder.java,org.apache.ibatis.builder.annotation.MapperAnnotationBuilder,org.pitest.mutationtest.engine.gregor.mutators.NegateConditionalsMutator,parseStatement,330,NO_COVERAGE,none
MapperAnnotationBuilder.java,org.apache.ibatis.builder.annotation.MapperAnnotationBuilder,org.pitest.mutationtest.engine.gregor.mutators.NegateConditionalsMutator,parseStatement,337,NO_COVERAGE,none
MapperAnnotationBuilder.java,org.apache.ibatis.builder.annotation.MapperAnnotationBuilder,org.pitest.mutationtest.engine.gregor.mutators.NegateConditionalsMutator,parseStatement,340,NO_COVERAGE,none
MapperAnnotationBuilder.java,org.apache.ibatis.builder.annotation.MapperAnnotationBuilder,org.pitest.mutationtest.engine.gregor.mutators.NegateConditionalsMutator,parseStatement,341,NO_COVERAGE,none
MapperAnnotationBuilder.java,org.apache.ibatis.builder.annotation.MapperAnnotationBuilder,org.pitest.mutationtest.engine.gregor.mutators.NegateConditionalsMutator,parseStatement,347,NO_COVERAGE,none
MapperAnnotationBuilder.java,org.apache.ibatis.builder.annotation.MapperAnnotationBuilder,org.pitest.mutationtest.engine.gregor.mutators.NegateConditionalsMutator,parseStatement,362,NO_COVERAGE,none
MapperAnnotationBuilder.java,org.apache.ibatis.builder.annotation.MapperAnnotationBuilder,org.pitest.mutationtest.engine.gregor.mutators.NonVoidMethodCallMutator,parseStatement,291,NO_COVERAGE,none
MapperAnnotationBuilder.java,org.apache.ibatis.builder.annotation.MapperAnnotationBuilder,org.pitest.mutationtest.engine.gregor.mutators.NonVoidMethodCallMutator,parseStatement,292,NO_COVERAGE,none
MapperAnnotationBuilder.java,org.apache.ibatis.builder.annotation.MapperAnnotationBuilder,org.pitest.mutationtest.engine.gregor.mutators.NonVoidMethodCallMutator,parseStatement,292,NO_COVERAGE,none
MapperAnnotationBuilder.java,org.apache.ibatis.builder.annotation.MapperAnnotationBuilder,org.pitest.mutationtest.engine.gregor.mutators.NonVoidMethodCallMutator,parseStatement,292,NO_COVERAGE,none
MapperAnnotationBuilder.java,org.apache.ibatis.builder.annotation.MapperAnnotationBuilder,org.pitest.mutationtest.engine.gregor.mutators.NonVoidMethodCallMutator,parseStatement,292,NO_COVERAGE,none
MapperAnnotationBuilder.java,org.apache.ibatis.builder.annotation.MapperAnnotationBuilder,org.pitest.mutationtest.engine.gregor.mutators.NonVoidMethodCallMutator,parseStatement,292,NO_COVERAGE,none
MapperAnnotationBuilder.java,org.apache.ibatis.builder.annotation.MapperAnnotationBuilder,org.pitest.mutationtest.engine.gregor.mutators.NonVoidMethodCallMutator,parseStatement,292,NO_COVERAGE,none
MapperAnnotationBuilder.java,org.apache.ibatis.builder.annotation.MapperAnnotationBuilder,org.pitest.mutationtest.engine.gregor.mutators.NonVoidMethodCallMutator,parseStatement,297,NO_COVERAGE,none
MapperAnnotationBuilder.java,org.apache.ibatis.builder.annotation.MapperAnnotationBuilder,org.pitest.mutationtest.engine.gregor.mutators.NonVoidMethodCallMutator,parseStatement,305,NO_COVERAGE,none
MapperAnnotationBuilder.java,org.apache.ibatis.builder.annotation.MapperAnnotationBuilder,org.pitest.mutationtest.engine.gregor.mutators.NonVoidMethodCallMutator,parseStatement,307,NO_COVERAGE,none
MapperAnnotationBuilder.java,org.apache.ibatis.builder.annotation.MapperAnnotationBuilder,org.pitest.mutationtest.engine.gregor.mutators.NonVoidMethodCallMutator,parseStatement,309,NO_COVERAGE,none
MapperAnnotationBuilder.java,org.apache.ibatis.builder.annotation.MapperAnnotationBuilder,org.pitest.mutationtest.engine.gregor.mutators.NonVoidMethodCallMutator,parseStatement,309,NO_COVERAGE,none
MapperAnnotationBuilder.java,org.apache.ibatis.builder.annotation.MapperAnnotationBuilder,org.pitest.mutationtest.engine.gregor.mutators.NonVoidMethodCallMutator,parseStatement,310,NO_COVERAGE,none
MapperAnnotationBuilder.java,org.apache.ibatis.builder.annotation.MapperAnnotationBuilder,org.pitest.mutationtest.engine.gregor.mutators.NonVoidMethodCallMutator,parseStatement,312,NO_COVERAGE,none
MapperAnnotationBuilder.java,org.apache.ibatis.builder.annotation.MapperAnnotationBuilder,org.pitest.mutationtest.engine.gregor.mutators.NonVoidMethodCallMutator,parseStatement,314,NO_COVERAGE,none
MapperAnnotationBuilder.java,org.apache.ibatis.builder.annotation.MapperAnnotationBuilder,org.pitest.mutationtest.engine.gregor.mutators.NonVoidMethodCallMutator,parseStatement,315,NO_COVERAGE,none
MapperAnnotationBuilder.java,org.apache.ibatis.builder.annotation.MapperAnnotationBuilder,org.pitest.mutationtest.engine.gregor.mutators.NonVoidMethodCallMutator,parseStatement,316,NO_COVERAGE,none
MapperAnnotationBuilder.java,org.apache.ibatis.builder.annotation.MapperAnnotationBuilder,org.pitest.mutationtest.engine.gregor.mutators.NonVoidMethodCallMutator,parseStatement,323,NO_COVERAGE,none
MapperAnnotationBuilder.java,org.apache.ibatis.builder.annotation.MapperAnnotationBuilder,org.pitest.mutationtest.engine.gregor.mutators.NonVoidMethodCallMutator,parseStatement,323,NO_COVERAGE,none
MapperAnnotationBuilder.java,org.apache.ibatis.builder.annotation.MapperAnnotationBuilder,org.pitest.mutationtest.engine.gregor.mutators.NonVoidMethodCallMutator,parseStatement,325,NO_COVERAGE,none
MapperAnnotationBuilder.java,org.apache.ibatis.builder.annotation.MapperAnnotationBuilder,org.pitest.mutationtest.engine.gregor.mutators.NonVoidMethodCallMutator,parseStatement,325,NO_COVERAGE,none
MapperAnnotationBuilder.java,org.apache.ibatis.builder.annotation.MapperAnnotationBuilder,org.pitest.mutationtest.engine.gregor.mutators.NonVoidMethodCallMutator,parseStatement,328,NO_COVERAGE,none
MapperAnnotationBuilder.java,org.apache.ibatis.builder.annotation.MapperAnnotationBuilder,org.pitest.mutationtest.engine.gregor.mutators.NonVoidMethodCallMutator,parseStatement,329,NO_COVERAGE,none
MapperAnnotationBuilder.java,org.apache.ibatis.builder.annotation.MapperAnnotationBuilder,org.pitest.mutationtest.engine.gregor.mutators.NonVoidMethodCallMutator,parseStatement,329,NO_COVERAGE,none
MapperAnnotationBuilder.java,org.apache.ibatis.builder.annotation.MapperAnnotationBuilder,org.pitest.mutationtest.engine.gregor.mutators.NonVoidMethodCallMutator,parseStatement,329,NO_COVERAGE,none
MapperAnnotationBuilder.java,org.apache.ibatis.builder.annotation.MapperAnnotationBuilder,org.pitest.mutationtest.engine.gregor.mutators.NonVoidMethodCallMutator,parseStatement,329,NO_COVERAGE,none
MapperAnnotationBuilder.java,org.apache.ibatis.builder.annotation.MapperAnnotationBuilder,org.pitest.mutationtest.engine.gregor.mutators.NonVoidMethodCallMutator,parseStatement,330,NO_COVERAGE,none
MapperAnnotationBuilder.java,org.apache.ibatis.builder.annotation.MapperAnnotationBuilder,org.pitest.mutationtest.engine.gregor.mutators.NonVoidMethodCallMutator,parseStatement,330,NO_COVERAGE,none
MapperAnnotationBuilder.java,org.apache.ibatis.builder.annotation.MapperAnnotationBuilder,org.pitest.mutationtest.engine.gregor.mutators.NonVoidMethodCallMutator,parseStatement,330,NO_COVERAGE,none
MapperAnnotationBuilder.java,org.apache.ibatis.builder.annotation.MapperAnnotationBuilder,org.pitest.mutationtest.engine.gregor.mutators.NonVoidMethodCallMutator,parseStatement,331,NO_COVERAGE,none
MapperAnnotationBuilder.java,org.apache.ibatis.builder.annotation.MapperAnnotationBuilder,org.pitest.mutationtest.engine.gregor.mutators.NonVoidMethodCallMutator,parseStatement,332,NO_COVERAGE,none
MapperAnnotationBuilder.java,org.apache.ibatis.builder.annotation.MapperAnnotationBuilder,org.pitest.mutationtest.engine.gregor.mutators.NonVoidMethodCallMutator,parseStatement,336,NO_COVERAGE,none
MapperAnnotationBuilder.java,org.apache.ibatis.builder.annotation.MapperAnnotationBuilder,org.pitest.mutationtest.engine.gregor.mutators.NonVoidMethodCallMutator,parseStatement,338,NO_COVERAGE,none
MapperAnnotationBuilder.java,org.apache.ibatis.builder.annotation.MapperAnnotationBuilder,org.pitest.mutationtest.engine.gregor.mutators.NonVoidMethodCallMutator,parseStatement,341,NO_COVERAGE,none
MapperAnnotationBuilder.java,org.apache.ibatis.builder.annotation.MapperAnnotationBuilder,org.pitest.mutationtest.engine.gregor.mutators.NonVoidMethodCallMutator,parseStatement,342,NO_COVERAGE,none
MapperAnnotationBuilder.java,org.apache.ibatis.builder.annotation.MapperAnnotationBuilder,org.pitest.mutationtest.engine.gregor.mutators.NonVoidMethodCallMutator,parseStatement,344,NO_COVERAGE,none
MapperAnnotationBuilder.java,org.apache.ibatis.builder.annotation.MapperAnnotationBuilder,org.pitest.mutationtest.engine.gregor.mutators.NonVoidMethodCallMutator,parseStatement,346,NO_COVERAGE,none
MapperAnnotationBuilder.java,org.apache.ibatis.builder.annotation.MapperAnnotationBuilder,org.pitest.mutationtest.engine.gregor.mutators.NonVoidMethodCallMutator,parseStatement,348,NO_COVERAGE,none
MapperAnnotationBuilder.java,org.apache.ibatis.builder.annotation.MapperAnnotationBuilder,org.pitest.mutationtest.engine.gregor.mutators.NonVoidMethodCallMutator,parseStatement,362,NO_COVERAGE,none
MapperAnnotationBuilder.java,org.apache.ibatis.builder.annotation.MapperAnnotationBuilder,org.pitest.mutationtest.engine.gregor.mutators.NonVoidMethodCallMutator,parseStatement,375,NO_COVERAGE,none
MapperAnnotationBuilder.java,org.apache.ibatis.builder.annotation.MapperAnnotationBuilder,org.pitest.mutationtest.engine.gregor.mutators.NonVoidMethodCallMutator,parseStatement,375,NO_COVERAGE,none
MapperAnnotationBuilder.java,org.apache.ibatis.builder.annotation.MapperAnnotationBuilder,org.pitest.mutationtest.engine.gregor.mutators.NonVoidMethodCallMutator,parseStatement,351,NO_COVERAGE,none
MapperAnnotationBuilder.java,org.apache.ibatis.builder.annotation.MapperAnnotationBuilder,org.pitest.mutationtest.engine.gregor.mutators.RemoveConditionalMutator_EQUAL_ELSE,parseStatement,298,NO_COVERAGE,none
MapperAnnotationBuilder.java,org.apache.ibatis.builder.annotation.MapperAnnotationBuilder,org.pitest.mutationtest.engine.gregor.mutators.RemoveConditionalMutator_EQUAL_ELSE,parseStatement,299,NO_COVERAGE,none
MapperAnnotationBuilder.java,org.apache.ibatis.builder.annotation.MapperAnnotationBuilder,org.pitest.mutationtest.engine.gregor.mutators.RemoveConditionalMutator_EQUAL_ELSE,parseStatement,305,NO_COVERAGE,none
MapperAnnotationBuilder.java,org.apache.ibatis.builder.annotation.MapperAnnotationBuilder,org.pitest.mutationtest.engine.gregor.mutators.RemoveConditionalMutator_EQUAL_ELSE,parseStatement,305,NO_COVERAGE,none
MapperAnnotationBuilder.java,org.apache.ibatis.builder.annotation.MapperAnnotationBuilder,org.pitest.mutationtest.engine.gregor.mutators.RemoveConditionalMutator_EQUAL_ELSE,parseStatement,308,NO_COVERAGE,none
MapperAnnotationBuilder.java,org.apache.ibatis.builder.annotation.MapperAnnotationBuilder,org.pitest.mutationtest.engine.gregor.mutators.RemoveConditionalMutator_EQUAL_ELSE,parseStatement,311,NO_COVERAGE,none
MapperAnnotationBuilder.java,org.apache.ibatis.builder.annotation.MapperAnnotationBuilder,org.pitest.mutationtest.engine.gregor.mutators.RemoveConditionalMutator_EQUAL_ELSE,parseStatement,312,NO_COVERAGE,none
MapperAnnotationBuilder.java,org.apache.ibatis.builder.annotation.MapperAnnotationBuilder,org.pitest.mutationtest.engine.gregor.mutators.RemoveConditionalMutator_EQUAL_ELSE,parseStatement,314,NO_COVERAGE,none
MapperAnnotationBuilder.java,org.apache.ibatis.builder.annotation.MapperAnnotationBuilder,org.pitest.mutationtest.engine.gregor.mutators.RemoveConditionalMutator_EQUAL_ELSE,parseStatement,322,NO_COVERAGE,none
MapperAnnotationBuilder.java,org.apache.ibatis.builder.annotation.MapperAnnotationBuilder,org.pitest.mutationtest.engine.gregor.mutators.RemoveConditionalMutator_EQUAL_ELSE,parseStatement,323,NO_COVERAGE,none
MapperAnnotationBuilder.java,org.apache.ibatis.builder.annotation.MapperAnnotationBuilder,org.pitest.mutationtest.engine.gregor.mutators.RemoveConditionalMutator_EQUAL_ELSE,parseStatement,325,NO_COVERAGE,none
MapperAnnotationBuilder.java,org.apache.ibatis.builder.annotation.MapperAnnotationBuilder,org.pitest.mutationtest.engine.gregor.mutators.RemoveConditionalMutator_EQUAL_ELSE,parseStatement,329,NO_COVERAGE,none
MapperAnnotationBuilder.java,org.apache.ibatis.builder.annotation.MapperAnnotationBuilder,org.pitest.mutationtest.engine.gregor.mutators.RemoveConditionalMutator_EQUAL_ELSE,parseStatement,337,NO_COVERAGE,none
MapperAnnotationBuilder.java,org.apache.ibatis.builder.annotation.MapperAnnotationBuilder,org.pitest.mutationtest.engine.gregor.mutators.RemoveConditionalMutator_EQUAL_ELSE,parseStatement,347,NO_COVERAGE,none
MapperAnnotationBuilder.java,org.apache.ibatis.builder.annotation.MapperAnnotationBuilder,org.pitest.mutationtest.engine.gregor.mutators.RemoveConditionalMutator_EQUAL_ELSE,parseStatement,362,NO_COVERAGE,none
MapperAnnotationBuilder.java,org.apache.ibatis.builder.annotation.MapperAnnotationBuilder,org.pitest.mutationtest.engine.gregor.mutators.RemoveConditionalMutator_EQUAL_IF,parseStatement,298,NO_COVERAGE,none
MapperAnnotationBuilder.java,org.apache.ibatis.builder.annotation.MapperAnnotationBuilder,org.pitest.mutationtest.engine.gregor.mutators.RemoveConditionalMutator_EQUAL_IF,parseStatement,299,NO_COVERAGE,none
MapperAnnotationBuilder.java,org.apache.ibatis.builder.annotation.MapperAnnotationBuilder,org.pitest.mutationtest.engine.gregor.mutators.RemoveConditionalMutator_EQUAL_IF,parseStatement,305,NO_COVERAGE,none
MapperAnnotationBuilder.java,org.apache.ibatis.builder.annotation.MapperAnnotationBuilder,org.pitest.mutationtest.engine.gregor.mutators.RemoveConditionalMutator_EQUAL_IF,parseStatement,305,NO_COVERAGE,none
MapperAnnotationBuilder.java,org.apache.ibatis.builder.annotation.MapperAnnotationBuilder,org.pitest.mutationtest.engine.gregor.mutators.RemoveConditionalMutator_EQUAL_IF,parseStatement,308,NO_COVERAGE,none
MapperAnnotationBuilder.java,org.apache.ibatis.builder.annotation.MapperAnnotationBuilder,org.pitest.mutationtest.engine.gregor.mutators.RemoveConditionalMutator_EQUAL_IF,parseStatement,311,NO_COVERAGE,none
MapperAnnotationBuilder.java,org.apache.ibatis.builder.annotation.MapperAnnotationBuilder,org.pitest.mutationtest.engine.gregor.mutators.RemoveConditionalMutator_EQUAL_IF,parseStatement,312,NO_COVERAGE,none
MapperAnnotationBuilder.java,org.apache.ibatis.builder.annotation.MapperAnnotationBuilder,org.pitest.mutationtest.engine.gregor.mutators.RemoveConditionalMutator_EQUAL_IF,parseStatement,314,NO_COVERAGE,none
MapperAnnotationBuilder.java,org.apache.ibatis.builder.annotation.MapperAnnotationBuilder,org.pitest.mutationtest.engine.gregor.mutators.RemoveConditionalMutator_EQUAL_IF,parseStatement,322,NO_COVERAGE,none
MapperAnnotationBuilder.java,org.apache.ibatis.builder.annotation.MapperAnnotationBuilder,org.pitest.mutationtest.engine.gregor.mutators.RemoveConditionalMutator_EQUAL_IF,parseStatement,323,NO_COVERAGE,none
MapperAnnotationBuilder.java,org.apache.ibatis.builder.annotation.MapperAnnotationBuilder,org.pitest.mutationtest.engine.gregor.mutators.RemoveConditionalMutator_EQUAL_IF,parseStatement,325,NO_COVERAGE,none
MapperAnnotationBuilder.java,org.apache.ibatis.builder.annotation.MapperAnnotationBuilder,org.pitest.mutationtest.engine.gregor.mutators.RemoveConditionalMutator_EQUAL_IF,parseStatement,329,NO_COVERAGE,none
MapperAnnotationBuilder.java,org.apache.ibatis.builder.annotation.MapperAnnotationBuilder,org.pitest.mutationtest.engine.gregor.mutators.RemoveConditionalMutator_EQUAL_IF,parseStatement,337,NO_COVERAGE,none
MapperAnnotationBuilder.java,org.apache.ibatis.builder.annotation.MapperAnnotationBuilder,org.pitest.mutationtest.engine.gregor.mutators.RemoveConditionalMutator_EQUAL_IF,parseStatement,347,NO_COVERAGE,none
MapperAnnotationBuilder.java,org.apache.ibatis.builder.annotation.MapperAnnotationBuilder,org.pitest.mutationtest.engine.gregor.mutators.RemoveConditionalMutator_EQUAL_IF,parseStatement,362,NO_COVERAGE,none
MapperAnnotationBuilder.java,org.apache.ibatis.builder.annotation.MapperAnnotationBuilder,org.pitest.mutationtest.engine.gregor.mutators.RemoveConditionalMutator_ORDER_ELSE,parseStatement,329,NO_COVERAGE,none
MapperAnnotationBuilder.java,org.apache.ibatis.builder.annotation.MapperAnnotationBuilder,org.pitest.mutationtest.engine.gregor.mutators.RemoveConditionalMutator_ORDER_ELSE,parseStatement,330,NO_COVERAGE,none
MapperAnnotationBuilder.java,org.apache.ibatis.builder.annotation.MapperAnnotationBuilder,org.pitest.mutationtest.engine.gregor.mutators.RemoveConditionalMutator_ORDER_ELSE,parseStatement,340,NO_COVERAGE,none
MapperAnnotationBuilder.java,org.apache.ibatis.builder.annotation.MapperAnnotationBuilder,org.pitest.mutationtest.engine.gregor.mutators.RemoveConditionalMutator_ORDER_ELSE,parseStatement,341,NO_COVERAGE,none
MapperAnnotationBuilder.java,org.apache.ibatis.builder.annotation.MapperAnnotationBuilder,org.pitest.mutationtest.engine.gregor.mutators.RemoveConditionalMutator_ORDER_IF,parseStatement,329,NO_COVERAGE,none
MapperAnnotationBuilder.java,org.apache.ibatis.builder.annotation.MapperAnnotationBuilder,org.pitest.mutationtest.engine.gregor.mutators.RemoveConditionalMutator_ORDER_IF,parseStatement,330,NO_COVERAGE,none
MapperAnnotationBuilder.java,org.apache.ibatis.builder.annotation.MapperAnnotationBuilder,org.pitest.mutationtest.engine.gregor.mutators.RemoveConditionalMutator_ORDER_IF,parseStatement,340,NO_COVERAGE,none
MapperAnnotationBuilder.java,org.apache.ibatis.builder.annotation.MapperAnnotationBuilder,org.pitest.mutationtest.engine.gregor.mutators.RemoveConditionalMutator_ORDER_IF,parseStatement,341,NO_COVERAGE,none
MapperAnnotationBuilder.java,org.apache.ibatis.builder.annotation.MapperAnnotationBuilder,org.pitest.mutationtest.engine.gregor.mutators.InlineConstantMutator,resultsIf,617,NO_COVERAGE,none
MapperAnnotationBuilder.java,org.apache.ibatis.builder.annotation.MapperAnnotationBuilder,org.pitest.mutationtest.engine.gregor.mutators.NegateConditionalsMutator,resultsIf,617,NO_COVERAGE,none
MapperAnnotationBuilder.java,org.apache.ibatis.builder.annotation.MapperAnnotationBuilder,org.pitest.mutationtest.engine.gregor.mutators.NonVoidMethodCallMutator,resultsIf,617,NO_COVERAGE,none
MapperAnnotationBuilder.java,org.apache.ibatis.builder.annotation.MapperAnnotationBuilder,org.pitest.mutationtest.engine.gregor.mutators.RemoveConditionalMutator_EQUAL_ELSE,resultsIf,617,NO_COVERAGE,none
MapperAnnotationBuilder.java,org.apache.ibatis.builder.annotation.MapperAnnotationBuilder,org.pitest.mutationtest.engine.gregor.mutators.RemoveConditionalMutator_EQUAL_IF,resultsIf,617,NO_COVERAGE,none
MapperAnnotationBuilder.java,org.apache.ibatis.builder.annotation.MapperAnnotationBuilder,org.pitest.mutationtest.engine.gregor.mutators.ReturnValsMutator,resultsIf,617,NO_COVERAGE,none
PooledDataSource.java,org.apache.ibatis.datasource.pooled.PooledDataSource,org.pitest.mutationtest.engine.gregor.mutators.ConstructorCallMutator,<init>,44,NO_COVERAGE,none
PooledDataSource.java,org.apache.ibatis.datasource.pooled.PooledDataSource,org.pitest.mutationtest.engine.gregor.mutators.ConstructorCallMutator,<init>,60,NO_COVERAGE,none
PooledDataSource.java,org.apache.ibatis.datasource.pooled.PooledDataSource,org.pitest.mutationtest.engine.gregor.mutators.InlineConstantMutator,<init>,49,NO_COVERAGE,none
PooledDataSource.java,org.apache.ibatis.datasource.pooled.PooledDataSource,org.pitest.mutationtest.engine.gregor.mutators.InlineConstantMutator,<init>,50,NO_COVERAGE,none
PooledDataSource.java,org.apache.ibatis.datasource.pooled.PooledDataSource,org.pitest.mutationtest.engine.gregor.mutators.InlineConstantMutator,<init>,51,NO_COVERAGE,none
PooledDataSource.java,org.apache.ibatis.datasource.pooled.PooledDataSource,org.pitest.mutationtest.engine.gregor.mutators.InlineConstantMutator,<init>,52,NO_COVERAGE,none
PooledDataSource.java,org.apache.ibatis.datasource.pooled.PooledDataSource,org.pitest.mutationtest.engine.gregor.mutators.experimental.MemberVariableMutator,<init>,44,NO_COVERAGE,none
PooledDataSource.java,org.apache.ibatis.datasource.pooled.PooledDataSource,org.pitest.mutationtest.engine.gregor.mutators.experimental.MemberVariableMutator,<init>,49,NO_COVERAGE,none
PooledDataSource.java,org.apache.ibatis.datasource.pooled.PooledDataSource,org.pitest.mutationtest.engine.gregor.mutators.experimental.MemberVariableMutator,<init>,50,NO_COVERAGE,none
PooledDataSource.java,org.apache.ibatis.datasource.pooled.PooledDataSource,org.pitest.mutationtest.engine.gregor.mutators.experimental.MemberVariableMutator,<init>,51,NO_COVERAGE,none
PooledDataSource.java,org.apache.ibatis.datasource.pooled.PooledDataSource,org.pitest.mutationtest.engine.gregor.mutators.experimental.MemberVariableMutator,<init>,52,NO_COVERAGE,none
PooledDataSource.java,org.apache.ibatis.datasource.pooled.PooledDataSource,org.pitest.mutationtest.engine.gregor.mutators.experimental.MemberVariableMutator,<init>,53,NO_COVERAGE,none
PooledDataSource.java,org.apache.ibatis.datasource.pooled.PooledDataSource,org.pitest.mutationtest.engine.gregor.mutators.experimental.MemberVariableMutator,<init>,60,NO_COVERAGE,none
PooledDataSource.java,org.apache.ibatis.datasource.pooled.PooledDataSource,org.pitest.mutationtest.engine.gregor.mutators.ConstructorCallMutator,<init>,44,NO_COVERAGE,none
PooledDataSource.java,org.apache.ibatis.datasource.pooled.PooledDataSource,org.pitest.mutationtest.engine.gregor.mutators.ConstructorCallMutator,<init>,78,NO_COVERAGE,none
PooledDataSource.java,org.apache.ibatis.datasource.pooled.PooledDataSource,org.pitest.mutationtest.engine.gregor.mutators.InlineConstantMutator,<init>,49,NO_COVERAGE,none
PooledDataSource.java,org.apache.ibatis.datasource.pooled.PooledDataSource,org.pitest.mutationtest.engine.gregor.mutators.InlineConstantMutator,<init>,50,NO_COVERAGE,none
PooledDataSource.java,org.apache.ibatis.datasource.pooled.PooledDataSource,org.pitest.mutationtest.engine.gregor.mutators.InlineConstantMutator,<init>,51,NO_COVERAGE,none
PooledDataSource.java,org.apache.ibatis.datasource.pooled.PooledDataSource,org.pitest.mutationtest.engine.gregor.mutators.InlineConstantMutator,<init>,52,NO_COVERAGE,none
PooledDataSource.java,org.apache.ibatis.datasource.pooled.PooledDataSource,org.pitest.mutationtest.engine.gregor.mutators.NonVoidMethodCallMutator,<init>,79,NO_COVERAGE,none
PooledDataSource.java,org.apache.ibatis.datasource.pooled.PooledDataSource,org.pitest.mutationtest.engine.gregor.mutators.NonVoidMethodCallMutator,<init>,79,NO_COVERAGE,none
PooledDataSource.java,org.apache.ibatis.datasource.pooled.PooledDataSource,org.pitest.mutationtest.engine.gregor.mutators.NonVoidMethodCallMutator,<init>,79,NO_COVERAGE,none
PooledDataSource.java,org.apache.ibatis.datasource.pooled.PooledDataSource,org.pitest.mutationtest.engine.gregor.mutators.NonVoidMethodCallMutator,<init>,79,NO_COVERAGE,none
PooledDataSource.java,org.apache.ibatis.datasource.pooled.PooledDataSource,org.pitest.mutationtest.engine.gregor.mutators.experimental.MemberVariableMutator,<init>,44,NO_COVERAGE,none
PooledDataSource.java,org.apache.ibatis.datasource.pooled.PooledDataSource,org.pitest.mutationtest.engine.gregor.mutators.experimental.MemberVariableMutator,<init>,49,NO_COVERAGE,none
PooledDataSource.java,org.apache.ibatis.datasource.pooled.PooledDataSource,org.pitest.mutationtest.engine.gregor.mutators.experimental.MemberVariableMutator,<init>,50,NO_COVERAGE,none
PooledDataSource.java,org.apache.ibatis.datasource.pooled.PooledDataSource,org.pitest.mutationtest.engine.gregor.mutators.experimental.MemberVariableMutator,<init>,51,NO_COVERAGE,none
PooledDataSource.java,org.apache.ibatis.datasource.pooled.PooledDataSource,org.pitest.mutationtest.engine.gregor.mutators.experimental.MemberVariableMutator,<init>,52,NO_COVERAGE,none
PooledDataSource.java,org.apache.ibatis.datasource.pooled.PooledDataSource,org.pitest.mutationtest.engine.gregor.mutators.experimental.MemberVariableMutator,<init>,53,NO_COVERAGE,none
PooledDataSource.java,org.apache.ibatis.datasource.pooled.PooledDataSource,org.pitest.mutationtest.engine.gregor.mutators.experimental.MemberVariableMutator,<init>,78,NO_COVERAGE,none
PooledDataSource.java,org.apache.ibatis.datasource.pooled.PooledDataSource,org.pitest.mutationtest.engine.gregor.mutators.experimental.MemberVariableMutator,<init>,79,NO_COVERAGE,none
PooledDataSource.java,org.apache.ibatis.datasource.pooled.PooledDataSource,org.pitest.mutationtest.engine.gregor.mutators.ConstructorCallMutator,<init>,44,NO_COVERAGE,none
PooledDataSource.java,org.apache.ibatis.datasource.pooled.PooledDataSource,org.pitest.mutationtest.engine.gregor.mutators.ConstructorCallMutator,<init>,83,NO_COVERAGE,none
PooledDataSource.java,org.apache.ibatis.datasource.pooled.PooledDataSource,org.pitest.mutationtest.engine.gregor.mutators.InlineConstantMutator,<init>,49,NO_COVERAGE,none
PooledDataSource.java,org.apache.ibatis.datasource.pooled.PooledDataSource,org.pitest.mutationtest.engine.gregor.mutators.InlineConstantMutator,<init>,50,NO_COVERAGE,none
PooledDataSource.java,org.apache.ibatis.datasource.pooled.PooledDataSource,org.pitest.mutationtest.engine.gregor.mutators.InlineConstantMutator,<init>,51,NO_COVERAGE,none
PooledDataSource.java,org.apache.ibatis.datasource.pooled.PooledDataSource,org.pitest.mutationtest.engine.gregor.mutators.InlineConstantMutator,<init>,52,NO_COVERAGE,none
PooledDataSource.java,org.apache.ibatis.datasource.pooled.PooledDataSource,org.pitest.mutationtest.engine.gregor.mutators.NonVoidMethodCallMutator,<init>,84,NO_COVERAGE,none
PooledDataSource.java,org.apache.ibatis.datasource.pooled.PooledDataSource,org.pitest.mutationtest.engine.gregor.mutators.NonVoidMethodCallMutator,<init>,84,NO_COVERAGE,none
PooledDataSource.java,org.apache.ibatis.datasource.pooled.PooledDataSource,org.pitest.mutationtest.engine.gregor.mutators.NonVoidMethodCallMutator,<init>,84,NO_COVERAGE,none
PooledDataSource.java,org.apache.ibatis.datasource.pooled.PooledDataSource,org.pitest.mutationtest.engine.gregor.mutators.NonVoidMethodCallMutator,<init>,84,NO_COVERAGE,none
PooledDataSource.java,org.apache.ibatis.datasource.pooled.PooledDataSource,org.pitest.mutationtest.engine.gregor.mutators.experimental.MemberVariableMutator,<init>,44,NO_COVERAGE,none
PooledDataSource.java,org.apache.ibatis.datasource.pooled.PooledDataSource,org.pitest.mutationtest.engine.gregor.mutators.experimental.MemberVariableMutator,<init>,49,NO_COVERAGE,none
PooledDataSource.java,org.apache.ibatis.datasource.pooled.PooledDataSource,org.pitest.mutationtest.engine.gregor.mutators.experimental.MemberVariableMutator,<init>,50,NO_COVERAGE,none
PooledDataSource.java,org.apache.ibatis.datasource.pooled.PooledDataSource,org.pitest.mutationtest.engine.gregor.mutators.experimental.MemberVariableMutator,<init>,51,NO_COVERAGE,none
PooledDataSource.java,org.apache.ibatis.datasource.pooled.PooledDataSource,org.pitest.mutationtest.engine.gregor.mutators.experimental.MemberVariableMutator,<init>,52,NO_COVERAGE,none
PooledDataSource.java,org.apache.ibatis.datasource.pooled.PooledDataSource,org.pitest.mutationtest.engine.gregor.mutators.experimental.MemberVariableMutator,<init>,53,NO_COVERAGE,none
PooledDataSource.java,org.apache.ibatis.datasource.pooled.PooledDataSource,org.pitest.mutationtest.engine.gregor.mutators.experimental.MemberVariableMutator,<init>,83,NO_COVERAGE,none
PooledDataSource.java,org.apache.ibatis.datasource.pooled.PooledDataSource,org.pitest.mutationtest.engine.gregor.mutators.experimental.MemberVariableMutator,<init>,84,NO_COVERAGE,none
PooledDataSource.java,org.apache.ibatis.datasource.pooled.PooledDataSource,org.pitest.mutationtest.engine.gregor.mutators.ConstructorCallMutator,<init>,44,NO_COVERAGE,none
PooledDataSource.java,org.apache.ibatis.datasource.pooled.PooledDataSource,org.pitest.mutationtest.engine.gregor.mutators.ConstructorCallMutator,<init>,68,NO_COVERAGE,none
PooledDataSource.java,org.apache.ibatis.datasource.pooled.PooledDataSource,org.pitest.mutationtest.engine.gregor.mutators.InlineConstantMutator,<init>,49,NO_COVERAGE,none
PooledDataSource.java,org.apache.ibatis.datasource.pooled.PooledDataSource,org.pitest.mutationtest.engine.gregor.mutators.InlineConstantMutator,<init>,50,NO_COVERAGE,none
PooledDataSource.java,org.apache.ibatis.datasource.pooled.PooledDataSource,org.pitest.mutationtest.engine.gregor.mutators.InlineConstantMutator,<init>,51,NO_COVERAGE,none
PooledDataSource.java,org.apache.ibatis.datasource.pooled.PooledDataSource,org.pitest.mutationtest.engine.gregor.mutators.InlineConstantMutator,<init>,52,NO_COVERAGE,none
PooledDataSource.java,org.apache.ibatis.datasource.pooled.PooledDataSource,org.pitest.mutationtest.engine.gregor.mutators.NonVoidMethodCallMutator,<init>,69,NO_COVERAGE,none
PooledDataSource.java,org.apache.ibatis.datasource.pooled.PooledDataSource,org.pitest.mutationtest.engine.gregor.mutators.NonVoidMethodCallMutator,<init>,69,NO_COVERAGE,none
PooledDataSource.java,org.apache.ibatis.datasource.pooled.PooledDataSource,org.pitest.mutationtest.engine.gregor.mutators.NonVoidMethodCallMutator,<init>,69,NO_COVERAGE,none
PooledDataSource.java,org.apache.ibatis.datasource.pooled.PooledDataSource,org.pitest.mutationtest.engine.gregor.mutators.NonVoidMethodCallMutator,<init>,69,NO_COVERAGE,none
PooledDataSource.java,org.apache.ibatis.datasource.pooled.PooledDataSource,org.pitest.mutationtest.engine.gregor.mutators.experimental.MemberVariableMutator,<init>,44,NO_COVERAGE,none
PooledDataSource.java,org.apache.ibatis.datasource.pooled.PooledDataSource,org.pitest.mutationtest.engine.gregor.mutators.experimental.MemberVariableMutator,<init>,49,NO_COVERAGE,none
PooledDataSource.java,org.apache.ibatis.datasource.pooled.PooledDataSource,org.pitest.mutationtest.engine.gregor.mutators.experimental.MemberVariableMutator,<init>,50,NO_COVERAGE,none
PooledDataSource.java,org.apache.ibatis.datasource.pooled.PooledDataSource,org.pitest.mutationtest.engine.gregor.mutators.experimental.MemberVariableMutator,<init>,51,NO_COVERAGE,none
PooledDataSource.java,org.apache.ibatis.datasource.pooled.PooledDataSource,org.pitest.mutationtest.engine.gregor.mutators.experimental.MemberVariableMutator,<init>,52,NO_COVERAGE,none
PooledDataSource.java,org.apache.ibatis.datasource.pooled.PooledDataSource,org.pitest.mutationtest.engine.gregor.mutators.experimental.MemberVariableMutator,<init>,53,NO_COVERAGE,none
PooledDataSource.java,org.apache.ibatis.datasource.pooled.PooledDataSource,org.pitest.mutationtest.engine.gregor.mutators.experimental.MemberVariableMutator,<init>,68,NO_COVERAGE,none
PooledDataSource.java,org.apache.ibatis.datasource.pooled.PooledDataSource,org.pitest.mutationtest.engine.gregor.mutators.experimental.MemberVariableMutator,<init>,69,NO_COVERAGE,none
PooledDataSource.java,org.apache.ibatis.datasource.pooled.PooledDataSource,org.pitest.mutationtest.engine.gregor.mutators.ConstructorCallMutator,<init>,44,NO_COVERAGE,none
PooledDataSource.java,org.apache.ibatis.datasource.pooled.PooledDataSource,org.pitest.mutationtest.engine.gregor.mutators.ConstructorCallMutator,<init>,73,NO_COVERAGE,none
PooledDataSource.java,org.apache.ibatis.datasource.pooled.PooledDataSource,org.pitest.mutationtest.engine.gregor.mutators.InlineConstantMutator,<init>,49,NO_COVERAGE,none
PooledDataSource.java,org.apache.ibatis.datasource.pooled.PooledDataSource,org.pitest.mutationtest.engine.gregor.mutators.InlineConstantMutator,<init>,50,NO_COVERAGE,none
PooledDataSource.java,org.apache.ibatis.datasource.pooled.PooledDataSource,org.pitest.mutationtest.engine.gregor.mutators.InlineConstantMutator,<init>,51,NO_COVERAGE,none
PooledDataSource.java,org.apache.ibatis.datasource.pooled.PooledDataSource,org.pitest.mutationtest.engine.gregor.mutators.InlineConstantMutator,<init>,52,NO_COVERAGE,none
PooledDataSource.java,org.apache.ibatis.datasource.pooled.PooledDataSource,org.pitest.mutationtest.engine.gregor.mutators.NonVoidMethodCallMutator,<init>,74,NO_COVERAGE,none
PooledDataSource.java,org.apache.ibatis.datasource.pooled.PooledDataSource,org.pitest.mutationtest.engine.gregor.mutators.NonVoidMethodCallMutator,<init>,74,NO_COVERAGE,none
PooledDataSource.java,org.apache.ibatis.datasource.pooled.PooledDataSource,org.pitest.mutationtest.engine.gregor.mutators.NonVoidMethodCallMutator,<init>,74,NO_COVERAGE,none
PooledDataSource.java,org.apache.ibatis.datasource.pooled.PooledDataSource,org.pitest.mutationtest.engine.gregor.mutators.NonVoidMethodCallMutator,<init>,74,NO_COVERAGE,none
PooledDataSource.java,org.apache.ibatis.datasource.pooled.PooledDataSource,org.pitest.mutationtest.engine.gregor.mutators.experimental.MemberVariableMutator,<init>,44,NO_COVERAGE,none
PooledDataSource.java,org.apache.ibatis.datasource.pooled.PooledDataSource,org.pitest.mutationtest.engine.gregor.mutators.experimental.MemberVariableMutator,<init>,49,NO_COVERAGE,none
PooledDataSource.java,org.apache.ibatis.datasource.pooled.PooledDataSource,org.pitest.mutationtest.engine.gregor.mutators.experimental.MemberVariableMutator,<init>,50,NO_COVERAGE,none
PooledDataSource.java,org.apache.ibatis.datasource.pooled.PooledDataSource,org.pitest.mutationtest.engine.gregor.mutators.experimental.MemberVariableMutator,<init>,51,NO_COVERAGE,none
PooledDataSource.java,org.apache.ibatis.datasource.pooled.PooledDataSource,org.pitest.mutationtest.engine.gregor.mutators.experimental.MemberVariableMutator,<init>,52,NO_COVERAGE,none
PooledDataSource.java,org.apache.ibatis.datasource.pooled.PooledDataSource,org.pitest.mutationtest.engine.gregor.mutators.experimental.MemberVariableMutator,<init>,53,NO_COVERAGE,none
PooledDataSource.java,org.apache.ibatis.datasource.pooled.PooledDataSource,org.pitest.mutationtest.engine.gregor.mutators.experimental.MemberVariableMutator,<init>,73,NO_COVERAGE,none
PooledDataSource.java,org.apache.ibatis.datasource.pooled.PooledDataSource,org.pitest.mutationtest.engine.gregor.mutators.experimental.MemberVariableMutator,<init>,74,NO_COVERAGE,none
PooledDataSource.java,org.apache.ibatis.datasource.pooled.PooledDataSource,org.pitest.mutationtest.engine.gregor.mutators.ConstructorCallMutator,<init>,44,NO_COVERAGE,none
PooledDataSource.java,org.apache.ibatis.datasource.pooled.PooledDataSource,org.pitest.mutationtest.engine.gregor.mutators.InlineConstantMutator,<init>,49,NO_COVERAGE,none
PooledDataSource.java,org.apache.ibatis.datasource.pooled.PooledDataSource,org.pitest.mutationtest.engine.gregor.mutators.InlineConstantMutator,<init>,50,NO_COVERAGE,none
PooledDataSource.java,org.apache.ibatis.datasource.pooled.PooledDataSource,org.pitest.mutationtest.engine.gregor.mutators.InlineConstantMutator,<init>,51,NO_COVERAGE,none
PooledDataSource.java,org.apache.ibatis.datasource.pooled.PooledDataSource,org.pitest.mutationtest.engine.gregor.mutators.InlineConstantMutator,<init>,52,NO_COVERAGE,none
PooledDataSource.java,org.apache.ibatis.datasource.pooled.PooledDataSource,org.pitest.mutationtest.engine.gregor.mutators.experimental.MemberVariableMutator,<init>,44,NO_COVERAGE,none
PooledDataSource.java,org.apache.ibatis.datasource.pooled.PooledDataSource,org.pitest.mutationtest.engine.gregor.mutators.experimental.MemberVariableMutator,<init>,49,NO_COVERAGE,none
PooledDataSource.java,org.apache.ibatis.datasource.pooled.PooledDataSource,org.pitest.mutationtest.engine.gregor.mutators.experimental.MemberVariableMutator,<init>,50,NO_COVERAGE,none
PooledDataSource.java,org.apache.ibatis.datasource.pooled.PooledDataSource,org.pitest.mutationtest.engine.gregor.mutators.experimental.MemberVariableMutator,<init>,51,NO_COVERAGE,none
PooledDataSource.java,org.apache.ibatis.datasource.pooled.PooledDataSource,org.pitest.mutationtest.engine.gregor.mutators.experimental.MemberVariableMutator,<init>,52,NO_COVERAGE,none
PooledDataSource.java,org.apache.ibatis.datasource.pooled.PooledDataSource,org.pitest.mutationtest.engine.gregor.mutators.experimental.MemberVariableMutator,<init>,53,NO_COVERAGE,none
PooledDataSource.java,org.apache.ibatis.datasource.pooled.PooledDataSource,org.pitest.mutationtest.engine.gregor.mutators.experimental.MemberVariableMutator,<init>,64,NO_COVERAGE,none
PooledDataSource.java,org.apache.ibatis.datasource.pooled.PooledDataSource,org.pitest.mutationtest.engine.gregor.mutators.ConstructorCallMutator,assembleConnectionTypeCode,325,NO_COVERAGE,none
PooledDataSource.java,org.apache.ibatis.datasource.pooled.PooledDataSource,org.pitest.mutationtest.engine.gregor.mutators.NonVoidMethodCallMutator,assembleConnectionTypeCode,325,NO_COVERAGE,none
PooledDataSource.java,org.apache.ibatis.datasource.pooled.PooledDataSource,org.pitest.mutationtest.engine.gregor.mutators.NonVoidMethodCallMutator,assembleConnectionTypeCode,325,NO_COVERAGE,none
PooledDataSource.java,org.apache.ibatis.datasource.pooled.PooledDataSource,org.pitest.mutationtest.engine.gregor.mutators.NonVoidMethodCallMutator,assembleConnectionTypeCode,325,NO_COVERAGE,none
PooledDataSource.java,org.apache.ibatis.datasource.pooled.PooledDataSource,org.pitest.mutationtest.engine.gregor.mutators.NonVoidMethodCallMutator,assembleConnectionTypeCode,325,NO_COVERAGE,none
PooledDataSource.java,org.apache.ibatis.datasource.pooled.PooledDataSource,org.pitest.mutationtest.engine.gregor.mutators.NonVoidMethodCallMutator,assembleConnectionTypeCode,325,NO_COVERAGE,none
PooledDataSource.java,org.apache.ibatis.datasource.pooled.PooledDataSource,org.pitest.mutationtest.engine.gregor.mutators.NonVoidMethodCallMutator,assembleConnectionTypeCode,325,NO_COVERAGE,none
PooledDataSource.java,org.apache.ibatis.datasource.pooled.PooledDataSource,org.pitest.mutationtest.engine.gregor.mutators.ReturnValsMutator,assembleConnectionTypeCode,325,NO_COVERAGE,none
PooledDataSource.java,org.apache.ibatis.datasource.pooled.PooledDataSource,org.pitest.mutationtest.engine.gregor.mutators.VoidMethodCallMutator,finalize,544,NO_COVERAGE,none
PooledDataSource.java,org.apache.ibatis.datasource.pooled.PooledDataSource,org.pitest.mutationtest.engine.gregor.mutators.VoidMethodCallMutator,finalize,545,NO_COVERAGE,none
PooledDataSource.java,org.apache.ibatis.datasource.pooled.PooledDataSource,org.pitest.mutationtest.engine.gregor.mutators.ConditionalsBoundaryMutator,forceCloseAll,286,NO_COVERAGE,none
PooledDataSource.java,org.apache.ibatis.datasource.pooled.PooledDataSource,org.pitest.mutationtest.engine.gregor.mutators.ConditionalsBoundaryMutator,forceCloseAll,300,NO_COVERAGE,none
PooledDataSource.java,org.apache.ibatis.datasource.pooled.PooledDataSource,org.pitest.mutationtest.engine.gregor.mutators.InlineConstantMutator,forceCloseAll,288,NO_COVERAGE,none
PooledDataSource.java,org.apache.ibatis.datasource.pooled.PooledDataSource,org.pitest.mutationtest.engine.gregor.mutators.InlineConstantMutator,forceCloseAll,302,NO_COVERAGE,none
PooledDataSource.java,org.apache.ibatis.datasource.pooled.PooledDataSource,org.pitest.mutationtest.engine.gregor.mutators.MathMutator,forceCloseAll,288,NO_COVERAGE,none
PooledDataSource.java,org.apache.ibatis.datasource.pooled.PooledDataSource,org.pitest.mutationtest.engine.gregor.mutators.MathMutator,forceCloseAll,302,NO_COVERAGE,none
PooledDataSource.java,org.apache.ibatis.datasource.pooled.PooledDataSource,org.pitest.mutationtest.engine.gregor.mutators.NegateConditionalsMutator,forceCloseAll,292,NO_COVERAGE,none
PooledDataSource.java,org.apache.ibatis.datasource.pooled.PooledDataSource,org.pitest.mutationtest.engine.gregor.mutators.NegateConditionalsMutator,forceCloseAll,306,NO_COVERAGE,none
PooledDataSource.java,org.apache.ibatis.datasource.pooled.PooledDataSource,org.pitest.mutationtest.engine.gregor.mutators.NegateConditionalsMutator,forceCloseAll,315,NO_COVERAGE,none
PooledDataSource.java,org.apache.ibatis.datasource.pooled.PooledDataSource,org.pitest.mutationtest.engine.gregor.mutators.NonVoidMethodCallMutator,forceCloseAll,285,NO_COVERAGE,none
PooledDataSource.java,org.apache.ibatis.datasource.pooled.PooledDataSource,org.pitest.mutationtest.engine.gregor.mutators.NonVoidMethodCallMutator,forceCloseAll,285,NO_COVERAGE,none
PooledDataSource.java,org.apache.ibatis.datasource.pooled.PooledDataSource,org.pitest.mutationtest.engine.gregor.mutators.NonVoidMethodCallMutator,forceCloseAll,285,NO_COVERAGE,none
PooledDataSource.java,org.apache.ibatis.datasource.pooled.PooledDataSource,org.pitest.mutationtest.engine.gregor.mutators.NonVoidMethodCallMutator,forceCloseAll,285,NO_COVERAGE,none
PooledDataSource.java,org.apache.ibatis.datasource.pooled.PooledDataSource,org.pitest.mutationtest.engine.gregor.mutators.NonVoidMethodCallMutator,forceCloseAll,286,NO_COVERAGE,none
PooledDataSource.java,org.apache.ibatis.datasource.pooled.PooledDataSource,org.pitest.mutationtest.engine.gregor.mutators.NonVoidMethodCallMutator,forceCloseAll,288,NO_COVERAGE,none
PooledDataSource.java,org.apache.ibatis.datasource.pooled.PooledDataSource,org.pitest.mutationtest.engine.gregor.mutators.NonVoidMethodCallMutator,forceCloseAll,291,NO_COVERAGE,none
PooledDataSource.java,org.apache.ibatis.datasource.pooled.PooledDataSource,org.pitest.mutationtest.engine.gregor.mutators.NonVoidMethodCallMutator,forceCloseAll,292,NO_COVERAGE,none
PooledDataSource.java,org.apache.ibatis.datasource.pooled.PooledDataSource,org.pitest.mutationtest.engine.gregor.mutators.NonVoidMethodCallMutator,forceCloseAll,300,NO_COVERAGE,none
PooledDataSource.java,org.apache.ibatis.datasource.pooled.PooledDataSource,org.pitest.mutationtest.engine.gregor.mutators.NonVoidMethodCallMutator,forceCloseAll,302,NO_COVERAGE,none
PooledDataSource.java,org.apache.ibatis.datasource.pooled.PooledDataSource,org.pitest.mutationtest.engine.gregor.mutators.NonVoidMethodCallMutator,forceCloseAll,305,NO_COVERAGE,none
PooledDataSource.java,org.apache.ibatis.datasource.pooled.PooledDataSource,org.pitest.mutationtest.engine.gregor.mutators.NonVoidMethodCallMutator,forceCloseAll,306,NO_COVERAGE,none
PooledDataSource.java,org.apache.ibatis.datasource.pooled.PooledDataSource,org.pitest.mutationtest.engine.gregor.mutators.NonVoidMethodCallMutator,forceCloseAll,315,NO_COVERAGE,none
PooledDataSource.java,org.apache.ibatis.datasource.pooled.PooledDataSource,org.pitest.mutationtest.engine.gregor.mutators.RemoveConditionalMutator_EQUAL_ELSE,forceCloseAll,292,NO_COVERAGE,none
PooledDataSource.java,org.apache.ibatis.datasource.pooled.PooledDataSource,org.pitest.mutationtest.engine.gregor.mutators.RemoveConditionalMutator_EQUAL_ELSE,forceCloseAll,306,NO_COVERAGE,none
PooledDataSource.java,org.apache.ibatis.datasource.pooled.PooledDataSource,org.pitest.mutationtest.engine.gregor.mutators.RemoveConditionalMutator_EQUAL_ELSE,forceCloseAll,315,NO_COVERAGE,none
PooledDataSource.java,org.apache.ibatis.datasource.pooled.PooledDataSource,org.pitest.mutationtest.engine.gregor.mutators.RemoveConditionalMutator_EQUAL_IF,forceCloseAll,292,NO_COVERAGE,none
PooledDataSource.java,org.apache.ibatis.datasource.pooled.PooledDataSource,org.pitest.mutationtest.engine.gregor.mutators.RemoveConditionalMutator_EQUAL_IF,forceCloseAll,306,NO_COVERAGE,none
PooledDataSource.java,org.apache.ibatis.datasource.pooled.PooledDataSource,org.pitest.mutationtest.engine.gregor.mutators.RemoveConditionalMutator_EQUAL_IF,forceCloseAll,315,NO_COVERAGE,none
PooledDataSource.java,org.apache.ibatis.datasource.pooled.PooledDataSource,org.pitest.mutationtest.engine.gregor.mutators.RemoveConditionalMutator_ORDER_ELSE,forceCloseAll,286,NO_COVERAGE,none
PooledDataSource.java,org.apache.ibatis.datasource.pooled.PooledDataSource,org.pitest.mutationtest.engine.gregor.mutators.RemoveConditionalMutator_ORDER_ELSE,forceCloseAll,300,NO_COVERAGE,none
PooledDataSource.java,org.apache.ibatis.datasource.pooled.PooledDataSource,org.pitest.mutationtest.engine.gregor.mutators.VoidMethodCallMutator,forceCloseAll,289,NO_COVERAGE,none
PooledDataSource.java,org.apache.ibatis.datasource.pooled.PooledDataSource,org.pitest.mutationtest.engine.gregor.mutators.VoidMethodCallMutator,forceCloseAll,293,NO_COVERAGE,none
PooledDataSource.java,org.apache.ibatis.datasource.pooled.PooledDataSource,org.pitest.mutationtest.engine.gregor.mutators.VoidMethodCallMutator,forceCloseAll,295,NO_COVERAGE,none
PooledDataSource.java,org.apache.ibatis.datasource.pooled.PooledDataSource,org.pitest.mutationtest.engine.gregor.mutators.VoidMethodCallMutator,forceCloseAll,303,NO_COVERAGE,none
PooledDataSource.java,org.apache.ibatis.datasource.pooled.PooledDataSource,org.pitest.mutationtest.engine.gregor.mutators.VoidMethodCallMutator,forceCloseAll,307,NO_COVERAGE,none
PooledDataSource.java,org.apache.ibatis.datasource.pooled.PooledDataSource,org.pitest.mutationtest.engine.gregor.mutators.VoidMethodCallMutator,forceCloseAll,309,NO_COVERAGE,none
PooledDataSource.java,org.apache.ibatis.datasource.pooled.PooledDataSource,org.pitest.mutationtest.engine.gregor.mutators.VoidMethodCallMutator,forceCloseAll,316,NO_COVERAGE,none
PooledDataSource.java,org.apache.ibatis.datasource.pooled.PooledDataSource,org.pitest.mutationtest.engine.gregor.mutators.experimental.MemberVariableMutator,forceCloseAll,285,NO_COVERAGE,none
PooledDataSource.java,org.apache.ibatis.datasource.pooled.PooledDataSource,org.pitest.mutationtest.engine.gregor.mutators.NonVoidMethodCallMutator,getConnection,89,NO_COVERAGE,none
PooledDataSource.java,org.apache.ibatis.datasource.pooled.PooledDataSource,org.pitest.mutationtest.engine.gregor.mutators.NonVoidMethodCallMutator,getConnection,89,NO_COVERAGE,none
PooledDataSource.java,org.apache.ibatis.datasource.pooled.PooledDataSource,org.pitest.mutationtest.engine.gregor.mutators.NonVoidMethodCallMutator,getConnection,89,NO_COVERAGE,none
PooledDataSource.java,org.apache.ibatis.datasource.pooled.PooledDataSource,org.pitest.mutationtest.engine.gregor.mutators.NonVoidMethodCallMutator,getConnection,89,NO_COVERAGE,none
PooledDataSource.java,org.apache.ibatis.datasource.pooled.PooledDataSource,org.pitest.mutationtest.engine.gregor.mutators.ReturnValsMutator,getConnection,89,NO_COVERAGE,none
PooledDataSource.java,org.apache.ibatis.datasource.pooled.PooledDataSource,org.pitest.mutationtest.engine.gregor.mutators.NonVoidMethodCallMutator,getConnection,94,NO_COVERAGE,none
PooledDataSource.java,org.apache.ibatis.datasource.pooled.PooledDataSource,org.pitest.mutationtest.engine.gregor.mutators.NonVoidMethodCallMutator,getConnection,94,NO_COVERAGE,none
PooledDataSource.java,org.apache.ibatis.datasource.pooled.PooledDataSource,org.pitest.mutationtest.engine.gregor.mutators.ReturnValsMutator,getConnection,94,NO_COVERAGE,none
PooledDataSource.java,org.apache.ibatis.datasource.pooled.PooledDataSource,org.pitest.mutationtest.engine.gregor.mutators.NonVoidMethodCallMutator,getDefaultTransactionIsolationLevel,245,NO_COVERAGE,none
PooledDataSource.java,org.apache.ibatis.datasource.pooled.PooledDataSource,org.pitest.mutationtest.engine.gregor.mutators.ReturnValsMutator,getDefaultTransactionIsolationLevel,245,NO_COVERAGE,none
PooledDataSource.java,org.apache.ibatis.datasource.pooled.PooledDataSource,org.pitest.mutationtest.engine.gregor.mutators.NonVoidMethodCallMutator,getDriver,225,NO_COVERAGE,none
PooledDataSource.java,org.apache.ibatis.datasource.pooled.PooledDataSource,org.pitest.mutationtest.engine.gregor.mutators.ReturnValsMutator,getDriver,225,NO_COVERAGE,none
PooledDataSource.java,org.apache.ibatis.datasource.pooled.PooledDataSource,org.pitest.mutationtest.engine.gregor.mutators.NonVoidMethodCallMutator,getDriverProperties,249,NO_COVERAGE,none
PooledDataSource.java,org.apache.ibatis.datasource.pooled.PooledDataSource,org.pitest.mutationtest.engine.gregor.mutators.ReturnValsMutator,getDriverProperties,249,NO_COVERAGE,none
PooledDataSource.java,org.apache.ibatis.datasource.pooled.PooledDataSource,org.pitest.mutationtest.engine.gregor.mutators.NonVoidMethodCallMutator,getLogWriter,114,NO_COVERAGE,none
PooledDataSource.java,org.apache.ibatis.datasource.pooled.PooledDataSource,org.pitest.mutationtest.engine.gregor.mutators.ReturnValsMutator,getLogWriter,114,NO_COVERAGE,none
PooledDataSource.java,org.apache.ibatis.datasource.pooled.PooledDataSource,org.pitest.mutationtest.engine.gregor.mutators.NonVoidMethodCallMutator,getLoginTimeout,104,NO_COVERAGE,none
PooledDataSource.java,org.apache.ibatis.datasource.pooled.PooledDataSource,org.pitest.mutationtest.engine.gregor.mutators.ReturnValsMutator,getLoginTimeout,104,NO_COVERAGE,none
PooledDataSource.java,org.apache.ibatis.datasource.pooled.PooledDataSource,org.pitest.mutationtest.engine.gregor.mutators.NonVoidMethodCallMutator,getPassword,237,NO_COVERAGE,none
PooledDataSource.java,org.apache.ibatis.datasource.pooled.PooledDataSource,org.pitest.mutationtest.engine.gregor.mutators.ReturnValsMutator,getPassword,237,NO_COVERAGE,none
PooledDataSource.java,org.apache.ibatis.datasource.pooled.PooledDataSource,org.pitest.mutationtest.engine.gregor.mutators.ReturnValsMutator,getPoolMaximumActiveConnections,253,NO_COVERAGE,none
PooledDataSource.java,org.apache.ibatis.datasource.pooled.PooledDataSource,org.pitest.mutationtest.engine.gregor.mutators.ReturnValsMutator,getPoolMaximumCheckoutTime,261,NO_COVERAGE,none
PooledDataSource.java,org.apache.ibatis.datasource.pooled.PooledDataSource,org.pitest.mutationtest.engine.gregor.mutators.ReturnValsMutator,getPoolMaximumIdleConnections,257,NO_COVERAGE,none
PooledDataSource.java,org.apache.ibatis.datasource.pooled.PooledDataSource,org.pitest.mutationtest.engine.gregor.mutators.ReturnValsMutator,getPoolPingConnectionsNotUsedFor,277,NO_COVERAGE,none
PooledDataSource.java,org.apache.ibatis.datasource.pooled.PooledDataSource,org.pitest.mutationtest.engine.gregor.mutators.ReturnValsMutator,getPoolPingQuery,269,NO_COVERAGE,none
PooledDataSource.java,org.apache.ibatis.datasource.pooled.PooledDataSource,org.pitest.mutationtest.engine.gregor.mutators.ReturnValsMutator,getPoolState,321,NO_COVERAGE,none
PooledDataSource.java,org.apache.ibatis.datasource.pooled.PooledDataSource,org.pitest.mutationtest.engine.gregor.mutators.ReturnValsMutator,getPoolTimeToWait,265,NO_COVERAGE,none
PooledDataSource.java,org.apache.ibatis.datasource.pooled.PooledDataSource,org.pitest.mutationtest.engine.gregor.mutators.NonVoidMethodCallMutator,getUrl,229,NO_COVERAGE,none
PooledDataSource.java,org.apache.ibatis.datasource.pooled.PooledDataSource,org.pitest.mutationtest.engine.gregor.mutators.ReturnValsMutator,getUrl,229,NO_COVERAGE,none
PooledDataSource.java,org.apache.ibatis.datasource.pooled.PooledDataSource,org.pitest.mutationtest.engine.gregor.mutators.NonVoidMethodCallMutator,getUsername,233,NO_COVERAGE,none
PooledDataSource.java,org.apache.ibatis.datasource.pooled.PooledDataSource,org.pitest.mutationtest.engine.gregor.mutators.ReturnValsMutator,getUsername,233,NO_COVERAGE,none
PooledDataSource.java,org.apache.ibatis.datasource.pooled.PooledDataSource,org.pitest.mutationtest.engine.gregor.mutators.NonVoidMethodCallMutator,isAutoCommit,241,NO_COVERAGE,none
PooledDataSource.java,org.apache.ibatis.datasource.pooled.PooledDataSource,org.pitest.mutationtest.engine.gregor.mutators.NonVoidMethodCallMutator,isAutoCommit,241,NO_COVERAGE,none
PooledDataSource.java,org.apache.ibatis.datasource.pooled.PooledDataSource,org.pitest.mutationtest.engine.gregor.mutators.ReturnValsMutator,isAutoCommit,241,NO_COVERAGE,none
PooledDataSource.java,org.apache.ibatis.datasource.pooled.PooledDataSource,org.pitest.mutationtest.engine.gregor.mutators.ReturnValsMutator,isPoolPingEnabled,273,NO_COVERAGE,none
PooledDataSource.java,org.apache.ibatis.datasource.pooled.PooledDataSource,org.pitest.mutationtest.engine.gregor.mutators.InlineConstantMutator,isWrapperFor,553,NO_COVERAGE,none
PooledDataSource.java,org.apache.ibatis.datasource.pooled.PooledDataSource,org.pitest.mutationtest.engine.gregor.mutators.ReturnValsMutator,isWrapperFor,553,NO_COVERAGE,none
PooledDataSource.java,org.apache.ibatis.datasource.pooled.PooledDataSource,org.pitest.mutationtest.engine.gregor.mutators.ConditionalsBoundaryMutator,pingConnection,492,NO_COVERAGE,none
PooledDataSource.java,org.apache.ibatis.datasource.pooled.PooledDataSource,org.pitest.mutationtest.engine.gregor.mutators.ConditionalsBoundaryMutator,pingConnection,492,NO_COVERAGE,none
PooledDataSource.java,org.apache.ibatis.datasource.pooled.PooledDataSource,org.pitest.mutationtest.engine.gregor.mutators.ConstructorCallMutator,pingConnection,485,NO_COVERAGE,none
PooledDataSource.java,org.apache.ibatis.datasource.pooled.PooledDataSource,org.pitest.mutationtest.engine.gregor.mutators.ConstructorCallMutator,pingConnection,495,NO_COVERAGE,none
PooledDataSource.java,org.apache.ibatis.datasource.pooled.PooledDataSource,org.pitest.mutationtest.engine.gregor.mutators.ConstructorCallMutator,pingConnection,507,NO_COVERAGE,none
PooledDataSource.java,org.apache.ibatis.datasource.pooled.PooledDataSource,org.pitest.mutationtest.engine.gregor.mutators.ConstructorCallMutator,pingConnection,510,NO_COVERAGE,none
PooledDataSource.java,org.apache.ibatis.datasource.pooled.PooledDataSource,org.pitest.mutationtest.engine.gregor.mutators.ConstructorCallMutator,pingConnection,518,NO_COVERAGE,none
PooledDataSource.java,org.apache.ibatis.datasource.pooled.PooledDataSource,org.pitest.mutationtest.engine.gregor.mutators.InlineConstantMutator,pingConnection,479,NO_COVERAGE,none
PooledDataSource.java,org.apache.ibatis.datasource.pooled.PooledDataSource,org.pitest.mutationtest.engine.gregor.mutators.InlineConstantMutator,pingConnection,482,NO_COVERAGE,none
PooledDataSource.java,org.apache.ibatis.datasource.pooled.PooledDataSource,org.pitest.mutationtest.engine.gregor.mutators.InlineConstantMutator,pingConnection,482,NO_COVERAGE,none
PooledDataSource.java,org.apache.ibatis.datasource.pooled.PooledDataSource,org.pitest.mutationtest.engine.gregor.mutators.InlineConstantMutator,pingConnection,487,NO_COVERAGE,none
PooledDataSource.java,org.apache.ibatis.datasource.pooled.PooledDataSource,org.pitest.mutationtest.engine.gregor.mutators.InlineConstantMutator,pingConnection,505,NO_COVERAGE,none
PooledDataSource.java,org.apache.ibatis.datasource.pooled.PooledDataSource,org.pitest.mutationtest.engine.gregor.mutators.InlineConstantMutator,pingConnection,516,NO_COVERAGE,none
PooledDataSource.java,org.apache.ibatis.datasource.pooled.PooledDataSource,org.pitest.mutationtest.engine.gregor.mutators.NegateConditionalsMutator,pingConnection,482,NO_COVERAGE,none
PooledDataSource.java,org.apache.ibatis.datasource.pooled.PooledDataSource,org.pitest.mutationtest.engine.gregor.mutators.NegateConditionalsMutator,pingConnection,484,NO_COVERAGE,none
PooledDataSource.java,org.apache.ibatis.datasource.pooled.PooledDataSource,org.pitest.mutationtest.engine.gregor.mutators.NegateConditionalsMutator,pingConnection,490,NO_COVERAGE,none
PooledDataSource.java,org.apache.ibatis.datasource.pooled.PooledDataSource,org.pitest.mutationtest.engine.gregor.mutators.NegateConditionalsMutator,pingConnection,491,NO_COVERAGE,none
PooledDataSource.java,org.apache.ibatis.datasource.pooled.PooledDataSource,org.pitest.mutationtest.engine.gregor.mutators.NegateConditionalsMutator,pingConnection,492,NO_COVERAGE,none
PooledDataSource.java,org.apache.ibatis.datasource.pooled.PooledDataSource,org.pitest.mutationtest.engine.gregor.mutators.NegateConditionalsMutator,pingConnection,492,NO_COVERAGE,none
PooledDataSource.java,org.apache.ibatis.datasource.pooled.PooledDataSource,org.pitest.mutationtest.engine.gregor.mutators.NegateConditionalsMutator,pingConnection,494,NO_COVERAGE,none
PooledDataSource.java,org.apache.ibatis.datasource.pooled.PooledDataSource,org.pitest.mutationtest.engine.gregor.mutators.NegateConditionalsMutator,pingConnection,502,NO_COVERAGE,none
PooledDataSource.java,org.apache.ibatis.datasource.pooled.PooledDataSource,org.pitest.mutationtest.engine.gregor.mutators.NegateConditionalsMutator,pingConnection,506,NO_COVERAGE,none
PooledDataSource.java,org.apache.ibatis.datasource.pooled.PooledDataSource,org.pitest.mutationtest.engine.gregor.mutators.NegateConditionalsMutator,pingConnection,517,NO_COVERAGE,none
PooledDataSource.java,org.apache.ibatis.datasource.pooled.PooledDataSource,org.pitest.mutationtest.engine.gregor.mutators.NonVoidMethodCallMutator,pingConnection,482,NO_COVERAGE,none
PooledDataSource.java,org.apache.ibatis.datasource.pooled.PooledDataSource,org.pitest.mutationtest.engine.gregor.mutators.NonVoidMethodCallMutator,pingConnection,482,NO_COVERAGE,none
PooledDataSource.java,org.apache.ibatis.datasource.pooled.PooledDataSource,org.pitest.mutationtest.engine.gregor.mutators.NonVoidMethodCallMutator,pingConnection,484,NO_COVERAGE,none
PooledDataSource.java,org.apache.ibatis.datasource.pooled.PooledDataSource,org.pitest.mutationtest.engine.gregor.mutators.NonVoidMethodCallMutator,pingConnection,485,NO_COVERAGE,none
PooledDataSource.java,org.apache.ibatis.datasource.pooled.PooledDataSource,org.pitest.mutationtest.engine.gregor.mutators.NonVoidMethodCallMutator,pingConnection,485,NO_COVERAGE,none
PooledDataSource.java,org.apache.ibatis.datasource.pooled.PooledDataSource,org.pitest.mutationtest.engine.gregor.mutators.NonVoidMethodCallMutator,pingConnection,485,NO_COVERAGE,none
PooledDataSource.java,org.apache.ibatis.datasource.pooled.PooledDataSource,org.pitest.mutationtest.engine.gregor.mutators.NonVoidMethodCallMutator,pingConnection,485,NO_COVERAGE,none
PooledDataSource.java,org.apache.ibatis.datasource.pooled.PooledDataSource,org.pitest.mutationtest.engine.gregor.mutators.NonVoidMethodCallMutator,pingConnection,485,NO_COVERAGE,none
PooledDataSource.java,org.apache.ibatis.datasource.pooled.PooledDataSource,org.pitest.mutationtest.engine.gregor.mutators.NonVoidMethodCallMutator,pingConnection,485,NO_COVERAGE,none
PooledDataSource.java,org.apache.ibatis.datasource.pooled.PooledDataSource,org.pitest.mutationtest.engine.gregor.mutators.NonVoidMethodCallMutator,pingConnection,485,NO_COVERAGE,none
PooledDataSource.java,org.apache.ibatis.datasource.pooled.PooledDataSource,org.pitest.mutationtest.engine.gregor.mutators.NonVoidMethodCallMutator,pingConnection,492,NO_COVERAGE,none
PooledDataSource.java,org.apache.ibatis.datasource.pooled.PooledDataSource,org.pitest.mutationtest.engine.gregor.mutators.NonVoidMethodCallMutator,pingConnection,494,NO_COVERAGE,none
PooledDataSource.java,org.apache.ibatis.datasource.pooled.PooledDataSource,org.pitest.mutationtest.engine.gregor.mutators.NonVoidMethodCallMutator,pingConnection,495,NO_COVERAGE,none
PooledDataSource.java,org.apache.ibatis.datasource.pooled.PooledDataSource,org.pitest.mutationtest.engine.gregor.mutators.NonVoidMethodCallMutator,pingConnection,495,NO_COVERAGE,none
PooledDataSource.java,org.apache.ibatis.datasource.pooled.PooledDataSource,org.pitest.mutationtest.engine.gregor.mutators.NonVoidMethodCallMutator,pingConnection,495,NO_COVERAGE,none
PooledDataSource.java,org.apache.ibatis.datasource.pooled.PooledDataSource,org.pitest.mutationtest.engine.gregor.mutators.NonVoidMethodCallMutator,pingConnection,495,NO_COVERAGE,none
PooledDataSource.java,org.apache.ibatis.datasource.pooled.PooledDataSource,org.pitest.mutationtest.engine.gregor.mutators.NonVoidMethodCallMutator,pingConnection,495,NO_COVERAGE,none
PooledDataSource.java,org.apache.ibatis.datasource.pooled.PooledDataSource,org.pitest.mutationtest.engine.gregor.mutators.NonVoidMethodCallMutator,pingConnection,497,NO_COVERAGE,none
PooledDataSource.java,org.apache.ibatis.datasource.pooled.PooledDataSource,org.pitest.mutationtest.engine.gregor.mutators.NonVoidMethodCallMutator,pingConnection,498,NO_COVERAGE,none
PooledDataSource.java,org.apache.ibatis.datasource.pooled.PooledDataSource,org.pitest.mutationtest.engine.gregor.mutators.NonVoidMethodCallMutator,pingConnection,499,NO_COVERAGE,none
PooledDataSource.java,org.apache.ibatis.datasource.pooled.PooledDataSource,org.pitest.mutationtest.engine.gregor.mutators.NonVoidMethodCallMutator,pingConnection,502,NO_COVERAGE,none
PooledDataSource.java,org.apache.ibatis.datasource.pooled.PooledDataSource,org.pitest.mutationtest.engine.gregor.mutators.NonVoidMethodCallMutator,pingConnection,506,NO_COVERAGE,none
PooledDataSource.java,org.apache.ibatis.datasource.pooled.PooledDataSource,org.pitest.mutationtest.engine.gregor.mutators.NonVoidMethodCallMutator,pingConnection,507,NO_COVERAGE,none
PooledDataSource.java,org.apache.ibatis.datasource.pooled.PooledDataSource,org.pitest.mutationtest.engine.gregor.mutators.NonVoidMethodCallMutator,pingConnection,507,NO_COVERAGE,none
PooledDataSource.java,org.apache.ibatis.datasource.pooled.PooledDataSource,org.pitest.mutationtest.engine.gregor.mutators.NonVoidMethodCallMutator,pingConnection,507,NO_COVERAGE,none
PooledDataSource.java,org.apache.ibatis.datasource.pooled.PooledDataSource,org.pitest.mutationtest.engine.gregor.mutators.NonVoidMethodCallMutator,pingConnection,507,NO_COVERAGE,none
PooledDataSource.java,org.apache.ibatis.datasource.pooled.PooledDataSource,org.pitest.mutationtest.engine.gregor.mutators.NonVoidMethodCallMutator,pingConnection,507,NO_COVERAGE,none
PooledDataSource.java,org.apache.ibatis.datasource.pooled.PooledDataSource,org.pitest.mutationtest.engine.gregor.mutators.NonVoidMethodCallMutator,pingConnection,510,NO_COVERAGE,none
PooledDataSource.java,org.apache.ibatis.datasource.pooled.PooledDataSource,org.pitest.mutationtest.engine.gregor.mutators.NonVoidMethodCallMutator,pingConnection,510,NO_COVERAGE,none
PooledDataSource.java,org.apache.ibatis.datasource.pooled.PooledDataSource,org.pitest.mutationtest.engine.gregor.mutators.NonVoidMethodCallMutator,pingConnection,510,NO_COVERAGE,none
PooledDataSource.java,org.apache.ibatis.datasource.pooled.PooledDataSource,org.pitest.mutationtest.engine.gregor.mutators.NonVoidMethodCallMutator,pingConnection,510,NO_COVERAGE,none
PooledDataSource.java,org.apache.ibatis.datasource.pooled.PooledDataSource,org.pitest.mutationtest.engine.gregor.mutators.NonVoidMethodCallMutator,pingConnection,510,NO_COVERAGE,none
PooledDataSource.java,org.apache.ibatis.datasource.pooled.PooledDataSource,org.pitest.mutationtest.engine.gregor.mutators.NonVoidMethodCallMutator,pingConnection,510,NO_COVERAGE,none
PooledDataSource.java,org.apache.ibatis.datasource.pooled.PooledDataSource,org.pitest.mutationtest.engine.gregor.mutators.NonVoidMethodCallMutator,pingConnection,512,NO_COVERAGE,none
PooledDataSource.java,org.apache.ibatis.datasource.pooled.PooledDataSource,org.pitest.mutationtest.engine.gregor.mutators.NonVoidMethodCallMutator,pingConnection,517,NO_COVERAGE,none
PooledDataSource.java,org.apache.ibatis.datasource.pooled.PooledDataSource,org.pitest.mutationtest.engine.gregor.mutators.NonVoidMethodCallMutator,pingConnection,518,NO_COVERAGE,none
PooledDataSource.java,org.apache.ibatis.datasource.pooled.PooledDataSource,org.pitest.mutationtest.engine.gregor.mutators.NonVoidMethodCallMutator,pingConnection,518,NO_COVERAGE,none
PooledDataSource.java,org.apache.ibatis.datasource.pooled.PooledDataSource,org.pitest.mutationtest.engine.gregor.mutators.NonVoidMethodCallMutator,pingConnection,518,NO_COVERAGE,none
PooledDataSource.java,org.apache.ibatis.datasource.pooled.PooledDataSource,org.pitest.mutationtest.engine.gregor.mutators.NonVoidMethodCallMutator,pingConnection,518,NO_COVERAGE,none
PooledDataSource.java,org.apache.ibatis.datasource.pooled.PooledDataSource,org.pitest.mutationtest.engine.gregor.mutators.NonVoidMethodCallMutator,pingConnection,518,NO_COVERAGE,none
PooledDataSource.java,org.apache.ibatis.datasource.pooled.PooledDataSource,org.pitest.mutationtest.engine.gregor.mutators.NonVoidMethodCallMutator,pingConnection,518,NO_COVERAGE,none
PooledDataSource.java,org.apache.ibatis.datasource.pooled.PooledDataSource,org.pitest.mutationtest.engine.gregor.mutators.NonVoidMethodCallMutator,pingConnection,518,NO_COVERAGE,none
PooledDataSource.java,org.apache.ibatis.datasource.pooled.PooledDataSource,org.pitest.mutationtest.engine.gregor.mutators.RemoveConditionalMutator_EQUAL_ELSE,pingConnection,482,NO_COVERAGE,none
PooledDataSource.java,org.apache.ibatis.datasource.pooled.PooledDataSource,org.pitest.mutationtest.engine.gregor.mutators.RemoveConditionalMutator_EQUAL_ELSE,pingConnection,484,NO_COVERAGE,none
PooledDataSource.java,org.apache.ibatis.datasource.pooled.PooledDataSource,org.pitest.mutationtest.engine.gregor.mutators.RemoveConditionalMutator_EQUAL_ELSE,pingConnection,490,NO_COVERAGE,none
PooledDataSource.java,org.apache.ibatis.datasource.pooled.PooledDataSource,org.pitest.mutationtest.engine.gregor.mutators.RemoveConditionalMutator_EQUAL_ELSE,pingConnection,491,NO_COVERAGE,none
PooledDataSource.java,org.apache.ibatis.datasource.pooled.PooledDataSource,org.pitest.mutationtest.engine.gregor.mutators.RemoveConditionalMutator_EQUAL_ELSE,pingConnection,494,NO_COVERAGE,none
PooledDataSource.java,org.apache.ibatis.datasource.pooled.PooledDataSource,org.pitest.mutationtest.engine.gregor.mutators.RemoveConditionalMutator_EQUAL_ELSE,pingConnection,502,NO_COVERAGE,none
PooledDataSource.java,org.apache.ibatis.datasource.pooled.PooledDataSource,org.pitest.mutationtest.engine.gregor.mutators.RemoveConditionalMutator_EQUAL_ELSE,pingConnection,506,NO_COVERAGE,none
PooledDataSource.java,org.apache.ibatis.datasource.pooled.PooledDataSource,org.pitest.mutationtest.engine.gregor.mutators.RemoveConditionalMutator_EQUAL_ELSE,pingConnection,517,NO_COVERAGE,none
PooledDataSource.java,org.apache.ibatis.datasource.pooled.PooledDataSource,org.pitest.mutationtest.engine.gregor.mutators.RemoveConditionalMutator_EQUAL_IF,pingConnection,482,NO_COVERAGE,none
PooledDataSource.java,org.apache.ibatis.datasource.pooled.PooledDataSource,org.pitest.mutationtest.engine.gregor.mutators.RemoveConditionalMutator_EQUAL_IF,pingConnection,484,NO_COVERAGE,none
PooledDataSource.java,org.apache.ibatis.datasource.pooled.PooledDataSource,org.pitest.mutationtest.engine.gregor.mutators.RemoveConditionalMutator_EQUAL_IF,pingConnection,490,NO_COVERAGE,none
PooledDataSource.java,org.apache.ibatis.datasource.pooled.PooledDataSource,org.pitest.mutationtest.engine.gregor.mutators.RemoveConditionalMutator_EQUAL_IF,pingConnection,491,NO_COVERAGE,none
PooledDataSource.java,org.apache.ibatis.datasource.pooled.PooledDataSource,org.pitest.mutationtest.engine.gregor.mutators.RemoveConditionalMutator_EQUAL_IF,pingConnection,494,NO_COVERAGE,none
PooledDataSource.java,org.apache.ibatis.datasource.pooled.PooledDataSource,org.pitest.mutationtest.engine.gregor.mutators.RemoveConditionalMutator_EQUAL_IF,pingConnection,502,NO_COVERAGE,none
PooledDataSource.java,org.apache.ibatis.datasource.pooled.PooledDataSource,org.pitest.mutationtest.engine.gregor.mutators.RemoveConditionalMutator_EQUAL_IF,pingConnection,506,NO_COVERAGE,none
PooledDataSource.java,org.apache.ibatis.datasource.pooled.PooledDataSource,org.pitest.mutationtest.engine.gregor.mutators.RemoveConditionalMutator_EQUAL_IF,pingConnection,517,NO_COVERAGE,none
PooledDataSource.java,org.apache.ibatis.datasource.pooled.PooledDataSource,org.pitest.mutationtest.engine.gregor.mutators.RemoveConditionalMutator_ORDER_ELSE,pingConnection,492,NO_COVERAGE,none
PooledDataSource.java,org.apache.ibatis.datasource.pooled.PooledDataSource,org.pitest.mutationtest.engine.gregor.mutators.RemoveConditionalMutator_ORDER_ELSE,pingConnection,492,NO_COVERAGE,none
PooledDataSource.java,org.apache.ibatis.datasource.pooled.PooledDataSource,org.pitest.mutationtest.engine.gregor.mutators.RemoveConditionalMutator_ORDER_IF,pingConnection,492,NO_COVERAGE,none
PooledDataSource.java,org.apache.ibatis.datasource.pooled.PooledDataSource,org.pitest.mutationtest.engine.gregor.mutators.RemoveConditionalMutator_ORDER_IF,pingConnection,492,NO_COVERAGE,none
PooledDataSource.java,org.apache.ibatis.datasource.pooled.PooledDataSource,org.pitest.mutationtest.engine.gregor.mutators.ReturnValsMutator,pingConnection,524,NO_COVERAGE,none
PooledDataSource.java,org.apache.ibatis.datasource.pooled.PooledDataSource,org.pitest.mutationtest.engine.gregor.mutators.VoidMethodCallMutator,pingConnection,485,NO_COVERAGE,none
PooledDataSource.java,org.apache.ibatis.datasource.pooled.PooledDataSource,org.pitest.mutationtest.engine.gregor.mutators.VoidMethodCallMutator,pingConnection,495,NO_COVERAGE,none
PooledDataSource.java,org.apache.ibatis.datasource.pooled.PooledDataSource,org.pitest.mutationtest.engine.gregor.mutators.VoidMethodCallMutator,pingConnection,500,NO_COVERAGE,none
PooledDataSource.java,org.apache.ibatis.datasource.pooled.PooledDataSource,org.pitest.mutationtest.engine.gregor.mutators.VoidMethodCallMutator,pingConnection,501,NO_COVERAGE,none
PooledDataSource.java,org.apache.ibatis.datasource.pooled.PooledDataSource,org.pitest.mutationtest.engine.gregor.mutators.VoidMethodCallMutator,pingConnection,503,NO_COVERAGE,none
PooledDataSource.java,org.apache.ibatis.datasource.pooled.PooledDataSource,org.pitest.mutationtest.engine.gregor.mutators.VoidMethodCallMutator,pingConnection,507,NO_COVERAGE,none
PooledDataSource.java,org.apache.ibatis.datasource.pooled.PooledDataSource,org.pitest.mutationtest.engine.gregor.mutators.VoidMethodCallMutator,pingConnection,510,NO_COVERAGE,none
PooledDataSource.java,org.apache.ibatis.datasource.pooled.PooledDataSource,org.pitest.mutationtest.engine.gregor.mutators.VoidMethodCallMutator,pingConnection,512,NO_COVERAGE,none
PooledDataSource.java,org.apache.ibatis.datasource.pooled.PooledDataSource,org.pitest.mutationtest.engine.gregor.mutators.VoidMethodCallMutator,pingConnection,518,NO_COVERAGE,none
PooledDataSource.java,org.apache.ibatis.datasource.pooled.PooledDataSource,org.pitest.mutationtest.engine.gregor.mutators.ConditionalsBoundaryMutator,popConnection,383,NO_COVERAGE,none
PooledDataSource.java,org.apache.ibatis.datasource.pooled.PooledDataSource,org.pitest.mutationtest.engine.gregor.mutators.ConditionalsBoundaryMutator,popConnection,393,NO_COVERAGE,none
PooledDataSource.java,org.apache.ibatis.datasource.pooled.PooledDataSource,org.pitest.mutationtest.engine.gregor.mutators.ConditionalsBoundaryMutator,popConnection,450,NO_COVERAGE,none
PooledDataSource.java,org.apache.ibatis.datasource.pooled.PooledDataSource,org.pitest.mutationtest.engine.gregor.mutators.ConstructorCallMutator,popConnection,379,NO_COVERAGE,none
PooledDataSource.java,org.apache.ibatis.datasource.pooled.PooledDataSource,org.pitest.mutationtest.engine.gregor.mutators.ConstructorCallMutator,popConnection,387,NO_COVERAGE,none
PooledDataSource.java,org.apache.ibatis.datasource.pooled.PooledDataSource,org.pitest.mutationtest.engine.gregor.mutators.ConstructorCallMutator,popConnection,406,NO_COVERAGE,none
PooledDataSource.java,org.apache.ibatis.datasource.pooled.PooledDataSource,org.pitest.mutationtest.engine.gregor.mutators.ConstructorCallMutator,popConnection,411,NO_COVERAGE,none
PooledDataSource.java,org.apache.ibatis.datasource.pooled.PooledDataSource,org.pitest.mutationtest.engine.gregor.mutators.ConstructorCallMutator,popConnection,421,NO_COVERAGE,none
PooledDataSource.java,org.apache.ibatis.datasource.pooled.PooledDataSource,org.pitest.mutationtest.engine.gregor.mutators.ConstructorCallMutator,popConnection,445,NO_COVERAGE,none
PooledDataSource.java,org.apache.ibatis.datasource.pooled.PooledDataSource,org.pitest.mutationtest.engine.gregor.mutators.ConstructorCallMutator,popConnection,454,NO_COVERAGE,none
PooledDataSource.java,org.apache.ibatis.datasource.pooled.PooledDataSource,org.pitest.mutationtest.engine.gregor.mutators.ConstructorCallMutator,popConnection,466,NO_COVERAGE,none
PooledDataSource.java,org.apache.ibatis.datasource.pooled.PooledDataSource,org.pitest.mutationtest.engine.gregor.mutators.IncrementsMutator,popConnection,448,NO_COVERAGE,none
PooledDataSource.java,org.apache.ibatis.datasource.pooled.PooledDataSource,org.pitest.mutationtest.engine.gregor.mutators.InlineConstantMutator,popConnection,368,NO_COVERAGE,none
PooledDataSource.java,org.apache.ibatis.datasource.pooled.PooledDataSource,org.pitest.mutationtest.engine.gregor.mutators.InlineConstantMutator,popConnection,371,NO_COVERAGE,none
PooledDataSource.java,org.apache.ibatis.datasource.pooled.PooledDataSource,org.pitest.mutationtest.engine.gregor.mutators.InlineConstantMutator,popConnection,377,NO_COVERAGE,none
PooledDataSource.java,org.apache.ibatis.datasource.pooled.PooledDataSource,org.pitest.mutationtest.engine.gregor.mutators.InlineConstantMutator,popConnection,391,NO_COVERAGE,none
PooledDataSource.java,org.apache.ibatis.datasource.pooled.PooledDataSource,org.pitest.mutationtest.engine.gregor.mutators.InlineConstantMutator,popConnection,395,NO_COVERAGE,none
PooledDataSource.java,org.apache.ibatis.datasource.pooled.PooledDataSource,org.pitest.mutationtest.engine.gregor.mutators.InlineConstantMutator,popConnection,417,NO_COVERAGE,none
PooledDataSource.java,org.apache.ibatis.datasource.pooled.PooledDataSource,org.pitest.mutationtest.engine.gregor.mutators.InlineConstantMutator,popConnection,418,NO_COVERAGE,none
PooledDataSource.java,org.apache.ibatis.datasource.pooled.PooledDataSource,org.pitest.mutationtest.engine.gregor.mutators.InlineConstantMutator,popConnection,441,NO_COVERAGE,none
PooledDataSource.java,org.apache.ibatis.datasource.pooled.PooledDataSource,org.pitest.mutationtest.engine.gregor.mutators.InlineConstantMutator,popConnection,447,NO_COVERAGE,none
PooledDataSource.java,org.apache.ibatis.datasource.pooled.PooledDataSource,org.pitest.mutationtest.engine.gregor.mutators.InlineConstantMutator,popConnection,450,NO_COVERAGE,none
PooledDataSource.java,org.apache.ibatis.datasource.pooled.PooledDataSource,org.pitest.mutationtest.engine.gregor.mutators.MathMutator,popConnection,395,NO_COVERAGE,none
PooledDataSource.java,org.apache.ibatis.datasource.pooled.PooledDataSource,org.pitest.mutationtest.engine.gregor.mutators.MathMutator,popConnection,396,NO_COVERAGE,none
PooledDataSource.java,org.apache.ibatis.datasource.pooled.PooledDataSource,org.pitest.mutationtest.engine.gregor.mutators.MathMutator,popConnection,397,NO_COVERAGE,none
PooledDataSource.java,org.apache.ibatis.datasource.pooled.PooledDataSource,org.pitest.mutationtest.engine.gregor.mutators.MathMutator,popConnection,417,NO_COVERAGE,none
PooledDataSource.java,org.apache.ibatis.datasource.pooled.PooledDataSource,org.pitest.mutationtest.engine.gregor.mutators.MathMutator,popConnection,425,NO_COVERAGE,none
PooledDataSource.java,org.apache.ibatis.datasource.pooled.PooledDataSource,org.pitest.mutationtest.engine.gregor.mutators.MathMutator,popConnection,425,NO_COVERAGE,none
PooledDataSource.java,org.apache.ibatis.datasource.pooled.PooledDataSource,org.pitest.mutationtest.engine.gregor.mutators.MathMutator,popConnection,441,NO_COVERAGE,none
PooledDataSource.java,org.apache.ibatis.datasource.pooled.PooledDataSource,org.pitest.mutationtest.engine.gregor.mutators.MathMutator,popConnection,442,NO_COVERAGE,none
PooledDataSource.java,org.apache.ibatis.datasource.pooled.PooledDataSource,org.pitest.mutationtest.engine.gregor.mutators.MathMutator,popConnection,442,NO_COVERAGE,none
PooledDataSource.java,org.apache.ibatis.datasource.pooled.PooledDataSource,org.pitest.mutationtest.engine.gregor.mutators.MathMutator,popConnection,447,NO_COVERAGE,none
PooledDataSource.java,org.apache.ibatis.datasource.pooled.PooledDataSource,org.pitest.mutationtest.engine.gregor.mutators.MathMutator,popConnection,450,NO_COVERAGE,none
PooledDataSource.java,org.apache.ibatis.datasource.pooled.PooledDataSource,org.pitest.mutationtest.engine.gregor.mutators.NegateConditionalsMutator,popConnection,373,NO_COVERAGE,none
PooledDataSource.java,org.apache.ibatis.datasource.pooled.PooledDataSource,org.pitest.mutationtest.engine.gregor.mutators.NegateConditionalsMutator,popConnection,375,NO_COVERAGE,none
PooledDataSource.java,org.apache.ibatis.datasource.pooled.PooledDataSource,org.pitest.mutationtest.engine.gregor.mutators.NegateConditionalsMutator,popConnection,378,NO_COVERAGE,none
PooledDataSource.java,org.apache.ibatis.datasource.pooled.PooledDataSource,org.pitest.mutationtest.engine.gregor.mutators.NegateConditionalsMutator,popConnection,383,NO_COVERAGE,none
PooledDataSource.java,org.apache.ibatis.datasource.pooled.PooledDataSource,org.pitest.mutationtest.engine.gregor.mutators.NegateConditionalsMutator,popConnection,386,NO_COVERAGE,none
PooledDataSource.java,org.apache.ibatis.datasource.pooled.PooledDataSource,org.pitest.mutationtest.engine.gregor.mutators.NegateConditionalsMutator,popConnection,393,NO_COVERAGE,none
PooledDataSource.java,org.apache.ibatis.datasource.pooled.PooledDataSource,org.pitest.mutationtest.engine.gregor.mutators.NegateConditionalsMutator,popConnection,399,NO_COVERAGE,none
PooledDataSource.java,org.apache.ibatis.datasource.pooled.PooledDataSource,org.pitest.mutationtest.engine.gregor.mutators.NegateConditionalsMutator,popConnection,410,NO_COVERAGE,none
PooledDataSource.java,org.apache.ibatis.datasource.pooled.PooledDataSource,org.pitest.mutationtest.engine.gregor.mutators.NegateConditionalsMutator,popConnection,416,NO_COVERAGE,none
PooledDataSource.java,org.apache.ibatis.datasource.pooled.PooledDataSource,org.pitest.mutationtest.engine.gregor.mutators.NegateConditionalsMutator,popConnection,420,NO_COVERAGE,none
PooledDataSource.java,org.apache.ibatis.datasource.pooled.PooledDataSource,org.pitest.mutationtest.engine.gregor.mutators.NegateConditionalsMutator,popConnection,432,NO_COVERAGE,none
PooledDataSource.java,org.apache.ibatis.datasource.pooled.PooledDataSource,org.pitest.mutationtest.engine.gregor.mutators.NegateConditionalsMutator,popConnection,433,NO_COVERAGE,none
PooledDataSource.java,org.apache.ibatis.datasource.pooled.PooledDataSource,org.pitest.mutationtest.engine.gregor.mutators.NegateConditionalsMutator,popConnection,434,NO_COVERAGE,none
PooledDataSource.java,org.apache.ibatis.datasource.pooled.PooledDataSource,org.pitest.mutationtest.engine.gregor.mutators.NegateConditionalsMutator,popConnection,444,NO_COVERAGE,none
PooledDataSource.java,org.apache.ibatis.datasource.pooled.PooledDataSource,org.pitest.mutationtest.engine.gregor.mutators.NegateConditionalsMutator,popConnection,450,NO_COVERAGE,none
PooledDataSource.java,org.apache.ibatis.datasource.pooled.PooledDataSource,org.pitest.mutationtest.engine.gregor.mutators.NegateConditionalsMutator,popConnection,451,NO_COVERAGE,none
PooledDataSource.java,org.apache.ibatis.datasource.pooled.PooledDataSource,org.pitest.mutationtest.engine.gregor.mutators.NegateConditionalsMutator,popConnection,462,NO_COVERAGE,none
PooledDataSource.java,org.apache.ibatis.datasource.pooled.PooledDataSource,org.pitest.mutationtest.engine.gregor.mutators.NegateConditionalsMutator,popConnection,463,NO_COVERAGE,none
PooledDataSource.java,org.apache.ibatis.datasource.pooled.PooledDataSource,org.pitest.mutationtest.engine.gregor.mutators.NonVoidMethodCallMutator,popConnection,370,NO_COVERAGE,none
PooledDataSource.java,org.apache.ibatis.datasource.pooled.PooledDataSource,org.pitest.mutationtest.engine.gregor.mutators.NonVoidMethodCallMutator,popConnection,375,NO_COVERAGE,none
PooledDataSource.java,org.apache.ibatis.datasource.pooled.PooledDataSource,org.pitest.mutationtest.engine.gregor.mutators.NonVoidMethodCallMutator,popConnection,377,NO_COVERAGE,none
PooledDataSource.java,org.apache.ibatis.datasource.pooled.PooledDataSource,org.pitest.mutationtest.engine.gregor.mutators.NonVoidMethodCallMutator,popConnection,378,NO_COVERAGE,none
PooledDataSource.java,org.apache.ibatis.datasource.pooled.PooledDataSource,org.pitest.mutationtest.engine.gregor.mutators.NonVoidMethodCallMutator,popConnection,379,NO_COVERAGE,none
PooledDataSource.java,org.apache.ibatis.datasource.pooled.PooledDataSource,org.pitest.mutationtest.engine.gregor.mutators.NonVoidMethodCallMutator,popConnection,379,NO_COVERAGE,none
PooledDataSource.java,org.apache.ibatis.datasource.pooled.PooledDataSource,org.pitest.mutationtest.engine.gregor.mutators.NonVoidMethodCallMutator,popConnection,379,NO_COVERAGE,none
PooledDataSource.java,org.apache.ibatis.datasource.pooled.PooledDataSource,org.pitest.mutationtest.engine.gregor.mutators.NonVoidMethodCallMutator,popConnection,379,NO_COVERAGE,none
PooledDataSource.java,org.apache.ibatis.datasource.pooled.PooledDataSource,org.pitest.mutationtest.engine.gregor.mutators.NonVoidMethodCallMutator,popConnection,379,NO_COVERAGE,none
PooledDataSource.java,org.apache.ibatis.datasource.pooled.PooledDataSource,org.pitest.mutationtest.engine.gregor.mutators.NonVoidMethodCallMutator,popConnection,383,NO_COVERAGE,none
PooledDataSource.java,org.apache.ibatis.datasource.pooled.PooledDataSource,org.pitest.mutationtest.engine.gregor.mutators.NonVoidMethodCallMutator,popConnection,385,NO_COVERAGE,none
PooledDataSource.java,org.apache.ibatis.datasource.pooled.PooledDataSource,org.pitest.mutationtest.engine.gregor.mutators.NonVoidMethodCallMutator,popConnection,386,NO_COVERAGE,none
PooledDataSource.java,org.apache.ibatis.datasource.pooled.PooledDataSource,org.pitest.mutationtest.engine.gregor.mutators.NonVoidMethodCallMutator,popConnection,387,NO_COVERAGE,none
PooledDataSource.java,org.apache.ibatis.datasource.pooled.PooledDataSource,org.pitest.mutationtest.engine.gregor.mutators.NonVoidMethodCallMutator,popConnection,387,NO_COVERAGE,none
PooledDataSource.java,org.apache.ibatis.datasource.pooled.PooledDataSource,org.pitest.mutationtest.engine.gregor.mutators.NonVoidMethodCallMutator,popConnection,387,NO_COVERAGE,none
PooledDataSource.java,org.apache.ibatis.datasource.pooled.PooledDataSource,org.pitest.mutationtest.engine.gregor.mutators.NonVoidMethodCallMutator,popConnection,387,NO_COVERAGE,none
PooledDataSource.java,org.apache.ibatis.datasource.pooled.PooledDataSource,org.pitest.mutationtest.engine.gregor.mutators.NonVoidMethodCallMutator,popConnection,387,NO_COVERAGE,none
PooledDataSource.java,org.apache.ibatis.datasource.pooled.PooledDataSource,org.pitest.mutationtest.engine.gregor.mutators.NonVoidMethodCallMutator,popConnection,391,NO_COVERAGE,none
PooledDataSource.java,org.apache.ibatis.datasource.pooled.PooledDataSource,org.pitest.mutationtest.engine.gregor.mutators.NonVoidMethodCallMutator,popConnection,392,NO_COVERAGE,none
PooledDataSource.java,org.apache.ibatis.datasource.pooled.PooledDataSource,org.pitest.mutationtest.engine.gregor.mutators.NonVoidMethodCallMutator,popConnection,398,NO_COVERAGE,none
PooledDataSource.java,org.apache.ibatis.datasource.pooled.PooledDataSource,org.pitest.mutationtest.engine.gregor.mutators.NonVoidMethodCallMutator,popConnection,399,NO_COVERAGE,none
PooledDataSource.java,org.apache.ibatis.datasource.pooled.PooledDataSource,org.pitest.mutationtest.engine.gregor.mutators.NonVoidMethodCallMutator,popConnection,399,NO_COVERAGE,none
PooledDataSource.java,org.apache.ibatis.datasource.pooled.PooledDataSource,org.pitest.mutationtest.engine.gregor.mutators.NonVoidMethodCallMutator,popConnection,401,NO_COVERAGE,none
PooledDataSource.java,org.apache.ibatis.datasource.pooled.PooledDataSource,org.pitest.mutationtest.engine.gregor.mutators.NonVoidMethodCallMutator,popConnection,406,NO_COVERAGE,none
PooledDataSource.java,org.apache.ibatis.datasource.pooled.PooledDataSource,org.pitest.mutationtest.engine.gregor.mutators.NonVoidMethodCallMutator,popConnection,407,NO_COVERAGE,none
PooledDataSource.java,org.apache.ibatis.datasource.pooled.PooledDataSource,org.pitest.mutationtest.engine.gregor.mutators.NonVoidMethodCallMutator,popConnection,408,NO_COVERAGE,none
PooledDataSource.java,org.apache.ibatis.datasource.pooled.PooledDataSource,org.pitest.mutationtest.engine.gregor.mutators.NonVoidMethodCallMutator,popConnection,410,NO_COVERAGE,none
PooledDataSource.java,org.apache.ibatis.datasource.pooled.PooledDataSource,org.pitest.mutationtest.engine.gregor.mutators.NonVoidMethodCallMutator,popConnection,411,NO_COVERAGE,none
PooledDataSource.java,org.apache.ibatis.datasource.pooled.PooledDataSource,org.pitest.mutationtest.engine.gregor.mutators.NonVoidMethodCallMutator,popConnection,411,NO_COVERAGE,none
PooledDataSource.java,org.apache.ibatis.datasource.pooled.PooledDataSource,org.pitest.mutationtest.engine.gregor.mutators.NonVoidMethodCallMutator,popConnection,411,NO_COVERAGE,none
PooledDataSource.java,org.apache.ibatis.datasource.pooled.PooledDataSource,org.pitest.mutationtest.engine.gregor.mutators.NonVoidMethodCallMutator,popConnection,411,NO_COVERAGE,none
PooledDataSource.java,org.apache.ibatis.datasource.pooled.PooledDataSource,org.pitest.mutationtest.engine.gregor.mutators.NonVoidMethodCallMutator,popConnection,411,NO_COVERAGE,none
PooledDataSource.java,org.apache.ibatis.datasource.pooled.PooledDataSource,org.pitest.mutationtest.engine.gregor.mutators.NonVoidMethodCallMutator,popConnection,420,NO_COVERAGE,none
PooledDataSource.java,org.apache.ibatis.datasource.pooled.PooledDataSource,org.pitest.mutationtest.engine.gregor.mutators.NonVoidMethodCallMutator,popConnection,421,NO_COVERAGE,none
PooledDataSource.java,org.apache.ibatis.datasource.pooled.PooledDataSource,org.pitest.mutationtest.engine.gregor.mutators.NonVoidMethodCallMutator,popConnection,421,NO_COVERAGE,none
PooledDataSource.java,org.apache.ibatis.datasource.pooled.PooledDataSource,org.pitest.mutationtest.engine.gregor.mutators.NonVoidMethodCallMutator,popConnection,421,NO_COVERAGE,none
PooledDataSource.java,org.apache.ibatis.datasource.pooled.PooledDataSource,org.pitest.mutationtest.engine.gregor.mutators.NonVoidMethodCallMutator,popConnection,421,NO_COVERAGE,none
PooledDataSource.java,org.apache.ibatis.datasource.pooled.PooledDataSource,org.pitest.mutationtest.engine.gregor.mutators.NonVoidMethodCallMutator,popConnection,423,NO_COVERAGE,none
PooledDataSource.java,org.apache.ibatis.datasource.pooled.PooledDataSource,org.pitest.mutationtest.engine.gregor.mutators.NonVoidMethodCallMutator,popConnection,425,NO_COVERAGE,none
PooledDataSource.java,org.apache.ibatis.datasource.pooled.PooledDataSource,org.pitest.mutationtest.engine.gregor.mutators.NonVoidMethodCallMutator,popConnection,433,NO_COVERAGE,none
PooledDataSource.java,org.apache.ibatis.datasource.pooled.PooledDataSource,org.pitest.mutationtest.engine.gregor.mutators.NonVoidMethodCallMutator,popConnection,434,NO_COVERAGE,none
PooledDataSource.java,org.apache.ibatis.datasource.pooled.PooledDataSource,org.pitest.mutationtest.engine.gregor.mutators.NonVoidMethodCallMutator,popConnection,434,NO_COVERAGE,none
PooledDataSource.java,org.apache.ibatis.datasource.pooled.PooledDataSource,org.pitest.mutationtest.engine.gregor.mutators.NonVoidMethodCallMutator,popConnection,435,NO_COVERAGE,none
PooledDataSource.java,org.apache.ibatis.datasource.pooled.PooledDataSource,org.pitest.mutationtest.engine.gregor.mutators.NonVoidMethodCallMutator,popConnection,437,NO_COVERAGE,none
PooledDataSource.java,org.apache.ibatis.datasource.pooled.PooledDataSource,org.pitest.mutationtest.engine.gregor.mutators.NonVoidMethodCallMutator,popConnection,437,NO_COVERAGE,none
PooledDataSource.java,org.apache.ibatis.datasource.pooled.PooledDataSource,org.pitest.mutationtest.engine.gregor.mutators.NonVoidMethodCallMutator,popConnection,438,NO_COVERAGE,none
PooledDataSource.java,org.apache.ibatis.datasource.pooled.PooledDataSource,org.pitest.mutationtest.engine.gregor.mutators.NonVoidMethodCallMutator,popConnection,439,NO_COVERAGE,none
PooledDataSource.java,org.apache.ibatis.datasource.pooled.PooledDataSource,org.pitest.mutationtest.engine.gregor.mutators.NonVoidMethodCallMutator,popConnection,440,NO_COVERAGE,none
PooledDataSource.java,org.apache.ibatis.datasource.pooled.PooledDataSource,org.pitest.mutationtest.engine.gregor.mutators.NonVoidMethodCallMutator,popConnection,442,NO_COVERAGE,none
PooledDataSource.java,org.apache.ibatis.datasource.pooled.PooledDataSource,org.pitest.mutationtest.engine.gregor.mutators.NonVoidMethodCallMutator,popConnection,444,NO_COVERAGE,none
PooledDataSource.java,org.apache.ibatis.datasource.pooled.PooledDataSource,org.pitest.mutationtest.engine.gregor.mutators.NonVoidMethodCallMutator,popConnection,445,NO_COVERAGE,none
PooledDataSource.java,org.apache.ibatis.datasource.pooled.PooledDataSource,org.pitest.mutationtest.engine.gregor.mutators.NonVoidMethodCallMutator,popConnection,445,NO_COVERAGE,none
PooledDataSource.java,org.apache.ibatis.datasource.pooled.PooledDataSource,org.pitest.mutationtest.engine.gregor.mutators.NonVoidMethodCallMutator,popConnection,445,NO_COVERAGE,none
PooledDataSource.java,org.apache.ibatis.datasource.pooled.PooledDataSource,org.pitest.mutationtest.engine.gregor.mutators.NonVoidMethodCallMutator,popConnection,445,NO_COVERAGE,none
PooledDataSource.java,org.apache.ibatis.datasource.pooled.PooledDataSource,org.pitest.mutationtest.engine.gregor.mutators.NonVoidMethodCallMutator,popConnection,445,NO_COVERAGE,none
PooledDataSource.java,org.apache.ibatis.datasource.pooled.PooledDataSource,org.pitest.mutationtest.engine.gregor.mutators.NonVoidMethodCallMutator,popConnection,451,NO_COVERAGE,none
PooledDataSource.java,org.apache.ibatis.datasource.pooled.PooledDataSource,org.pitest.mutationtest.engine.gregor.mutators.NonVoidMethodCallMutator,popConnection,463,NO_COVERAGE,none
PooledDataSource.java,org.apache.ibatis.datasource.pooled.PooledDataSource,org.pitest.mutationtest.engine.gregor.mutators.RemoveConditionalMutator_EQUAL_ELSE,popConnection,373,NO_COVERAGE,none
PooledDataSource.java,org.apache.ibatis.datasource.pooled.PooledDataSource,org.pitest.mutationtest.engine.gregor.mutators.RemoveConditionalMutator_EQUAL_ELSE,popConnection,375,NO_COVERAGE,none
PooledDataSource.java,org.apache.ibatis.datasource.pooled.PooledDataSource,org.pitest.mutationtest.engine.gregor.mutators.RemoveConditionalMutator_EQUAL_ELSE,popConnection,378,NO_COVERAGE,none
PooledDataSource.java,org.apache.ibatis.datasource.pooled.PooledDataSource,org.pitest.mutationtest.engine.gregor.mutators.RemoveConditionalMutator_EQUAL_ELSE,popConnection,386,NO_COVERAGE,none
PooledDataSource.java,org.apache.ibatis.datasource.pooled.PooledDataSource,org.pitest.mutationtest.engine.gregor.mutators.RemoveConditionalMutator_EQUAL_ELSE,popConnection,399,NO_COVERAGE,none
PooledDataSource.java,org.apache.ibatis.datasource.pooled.PooledDataSource,org.pitest.mutationtest.engine.gregor.mutators.RemoveConditionalMutator_EQUAL_ELSE,popConnection,410,NO_COVERAGE,none
PooledDataSource.java,org.apache.ibatis.datasource.pooled.PooledDataSource,org.pitest.mutationtest.engine.gregor.mutators.RemoveConditionalMutator_EQUAL_ELSE,popConnection,416,NO_COVERAGE,none
PooledDataSource.java,org.apache.ibatis.datasource.pooled.PooledDataSource,org.pitest.mutationtest.engine.gregor.mutators.RemoveConditionalMutator_EQUAL_ELSE,popConnection,420,NO_COVERAGE,none
PooledDataSource.java,org.apache.ibatis.datasource.pooled.PooledDataSource,org.pitest.mutationtest.engine.gregor.mutators.RemoveConditionalMutator_EQUAL_ELSE,popConnection,432,NO_COVERAGE,none
PooledDataSource.java,org.apache.ibatis.datasource.pooled.PooledDataSource,org.pitest.mutationtest.engine.gregor.mutators.RemoveConditionalMutator_EQUAL_ELSE,popConnection,433,NO_COVERAGE,none
PooledDataSource.java,org.apache.ibatis.datasource.pooled.PooledDataSource,org.pitest.mutationtest.engine.gregor.mutators.RemoveConditionalMutator_EQUAL_ELSE,popConnection,434,NO_COVERAGE,none
PooledDataSource.java,org.apache.ibatis.datasource.pooled.PooledDataSource,org.pitest.mutationtest.engine.gregor.mutators.RemoveConditionalMutator_EQUAL_ELSE,popConnection,444,NO_COVERAGE,none
PooledDataSource.java,org.apache.ibatis.datasource.pooled.PooledDataSource,org.pitest.mutationtest.engine.gregor.mutators.RemoveConditionalMutator_EQUAL_ELSE,popConnection,451,NO_COVERAGE,none
PooledDataSource.java,org.apache.ibatis.datasource.pooled.PooledDataSource,org.pitest.mutationtest.engine.gregor.mutators.RemoveConditionalMutator_EQUAL_ELSE,popConnection,462,NO_COVERAGE,none
PooledDataSource.java,org.apache.ibatis.datasource.pooled.PooledDataSource,org.pitest.mutationtest.engine.gregor.mutators.RemoveConditionalMutator_EQUAL_ELSE,popConnection,463,NO_COVERAGE,none
PooledDataSource.java,org.apache.ibatis.datasource.pooled.PooledDataSource,org.pitest.mutationtest.engine.gregor.mutators.RemoveConditionalMutator_EQUAL_IF,popConnection,375,NO_COVERAGE,none
PooledDataSource.java,org.apache.ibatis.datasource.pooled.PooledDataSource,org.pitest.mutationtest.engine.gregor.mutators.RemoveConditionalMutator_EQUAL_IF,popConnection,378,NO_COVERAGE,none
PooledDataSource.java,org.apache.ibatis.datasource.pooled.PooledDataSource,org.pitest.mutationtest.engine.gregor.mutators.RemoveConditionalMutator_EQUAL_IF,popConnection,386,NO_COVERAGE,none
PooledDataSource.java,org.apache.ibatis.datasource.pooled.PooledDataSource,org.pitest.mutationtest.engine.gregor.mutators.RemoveConditionalMutator_EQUAL_IF,popConnection,399,NO_COVERAGE,none
PooledDataSource.java,org.apache.ibatis.datasource.pooled.PooledDataSource,org.pitest.mutationtest.engine.gregor.mutators.RemoveConditionalMutator_EQUAL_IF,popConnection,410,NO_COVERAGE,none
PooledDataSource.java,org.apache.ibatis.datasource.pooled.PooledDataSource,org.pitest.mutationtest.engine.gregor.mutators.RemoveConditionalMutator_EQUAL_IF,popConnection,416,NO_COVERAGE,none
PooledDataSource.java,org.apache.ibatis.datasource.pooled.PooledDataSource,org.pitest.mutationtest.engine.gregor.mutators.RemoveConditionalMutator_EQUAL_IF,popConnection,420,NO_COVERAGE,none
PooledDataSource.java,org.apache.ibatis.datasource.pooled.PooledDataSource,org.pitest.mutationtest.engine.gregor.mutators.RemoveConditionalMutator_EQUAL_IF,popConnection,432,NO_COVERAGE,none
PooledDataSource.java,org.apache.ibatis.datasource.pooled.PooledDataSource,org.pitest.mutationtest.engine.gregor.mutators.RemoveConditionalMutator_EQUAL_IF,popConnection,433,NO_COVERAGE,none
PooledDataSource.java,org.apache.ibatis.datasource.pooled.PooledDataSource,org.pitest.mutationtest.engine.gregor.mutators.RemoveConditionalMutator_EQUAL_IF,popConnection,434,NO_COVERAGE,none
PooledDataSource.java,org.apache.ibatis.datasource.pooled.PooledDataSource,org.pitest.mutationtest.engine.gregor.mutators.RemoveConditionalMutator_EQUAL_IF,popConnection,444,NO_COVERAGE,none
PooledDataSource.java,org.apache.ibatis.datasource.pooled.PooledDataSource,org.pitest.mutationtest.engine.gregor.mutators.RemoveConditionalMutator_EQUAL_IF,popConnection,451,NO_COVERAGE,none
PooledDataSource.java,org.apache.ibatis.datasource.pooled.PooledDataSource,org.pitest.mutationtest.engine.gregor.mutators.RemoveConditionalMutator_EQUAL_IF,popConnection,462,NO_COVERAGE,none
PooledDataSource.java,org.apache.ibatis.datasource.pooled.PooledDataSource,org.pitest.mutationtest.engine.gregor.mutators.RemoveConditionalMutator_EQUAL_IF,popConnection,463,NO_COVERAGE,none
PooledDataSource.java,org.apache.ibatis.datasource.pooled.PooledDataSource,org.pitest.mutationtest.engine.gregor.mutators.RemoveConditionalMutator_ORDER_ELSE,popConnection,383,NO_COVERAGE,none
PooledDataSource.java,org.apache.ibatis.datasource.pooled.PooledDataSource,org.pitest.mutationtest.engine.gregor.mutators.RemoveConditionalMutator_ORDER_ELSE,popConnection,393,NO_COVERAGE,none
PooledDataSource.java,org.apache.ibatis.datasource.pooled.PooledDataSource,org.pitest.mutationtest.engine.gregor.mutators.RemoveConditionalMutator_ORDER_ELSE,popConnection,450,NO_COVERAGE,none
PooledDataSource.java,org.apache.ibatis.datasource.pooled.PooledDataSource,org.pitest.mutationtest.engine.gregor.mutators.RemoveConditionalMutator_ORDER_IF,popConnection,383,NO_COVERAGE,none
PooledDataSource.java,org.apache.ibatis.datasource.pooled.PooledDataSource,org.pitest.mutationtest.engine.gregor.mutators.RemoveConditionalMutator_ORDER_IF,popConnection,393,NO_COVERAGE,none
PooledDataSource.java,org.apache.ibatis.datasource.pooled.PooledDataSource,org.pitest.mutationtest.engine.gregor.mutators.RemoveConditionalMutator_ORDER_IF,popConnection,450,NO_COVERAGE,none
PooledDataSource.java,org.apache.ibatis.datasource.pooled.PooledDataSource,org.pitest.mutationtest.engine.gregor.mutators.ReturnValsMutator,popConnection,469,NO_COVERAGE,none
PooledDataSource.java,org.apache.ibatis.datasource.pooled.PooledDataSource,org.pitest.mutationtest.engine.gregor.mutators.VoidMethodCallMutator,popConnection,379,NO_COVERAGE,none
PooledDataSource.java,org.apache.ibatis.datasource.pooled.PooledDataSource,org.pitest.mutationtest.engine.gregor.mutators.VoidMethodCallMutator,popConnection,387,NO_COVERAGE,none
PooledDataSource.java,org.apache.ibatis.datasource.pooled.PooledDataSource,org.pitest.mutationtest.engine.gregor.mutators.VoidMethodCallMutator,popConnection,401,NO_COVERAGE,none
PooledDataSource.java,org.apache.ibatis.datasource.pooled.PooledDataSource,org.pitest.mutationtest.engine.gregor.mutators.VoidMethodCallMutator,popConnection,403,NO_COVERAGE,none
PooledDataSource.java,org.apache.ibatis.datasource.pooled.PooledDataSource,org.pitest.mutationtest.engine.gregor.mutators.VoidMethodCallMutator,popConnection,407,NO_COVERAGE,none
PooledDataSource.java,org.apache.ibatis.datasource.pooled.PooledDataSource,org.pitest.mutationtest.engine.gregor.mutators.VoidMethodCallMutator,popConnection,408,NO_COVERAGE,none
PooledDataSource.java,org.apache.ibatis.datasource.pooled.PooledDataSource,org.pitest.mutationtest.engine.gregor.mutators.VoidMethodCallMutator,popConnection,409,NO_COVERAGE,none
PooledDataSource.java,org.apache.ibatis.datasource.pooled.PooledDataSource,org.pitest.mutationtest.engine.gregor.mutators.VoidMethodCallMutator,popConnection,411,NO_COVERAGE,none
PooledDataSource.java,org.apache.ibatis.datasource.pooled.PooledDataSource,org.pitest.mutationtest.engine.gregor.mutators.VoidMethodCallMutator,popConnection,421,NO_COVERAGE,none
PooledDataSource.java,org.apache.ibatis.datasource.pooled.PooledDataSource,org.pitest.mutationtest.engine.gregor.mutators.VoidMethodCallMutator,popConnection,424,NO_COVERAGE,none
PooledDataSource.java,org.apache.ibatis.datasource.pooled.PooledDataSource,org.pitest.mutationtest.engine.gregor.mutators.VoidMethodCallMutator,popConnection,435,NO_COVERAGE,none
PooledDataSource.java,org.apache.ibatis.datasource.pooled.PooledDataSource,org.pitest.mutationtest.engine.gregor.mutators.VoidMethodCallMutator,popConnection,437,NO_COVERAGE,none
PooledDataSource.java,org.apache.ibatis.datasource.pooled.PooledDataSource,org.pitest.mutationtest.engine.gregor.mutators.VoidMethodCallMutator,popConnection,438,NO_COVERAGE,none
PooledDataSource.java,org.apache.ibatis.datasource.pooled.PooledDataSource,org.pitest.mutationtest.engine.gregor.mutators.VoidMethodCallMutator,popConnection,439,NO_COVERAGE,none
PooledDataSource.java,org.apache.ibatis.datasource.pooled.PooledDataSource,org.pitest.mutationtest.engine.gregor.mutators.VoidMethodCallMutator,popConnection,445,NO_COVERAGE,none
PooledDataSource.java,org.apache.ibatis.datasource.pooled.PooledDataSource,org.pitest.mutationtest.engine.gregor.mutators.VoidMethodCallMutator,popConnection,452,NO_COVERAGE,none
PooledDataSource.java,org.apache.ibatis.datasource.pooled.PooledDataSource,org.pitest.mutationtest.engine.gregor.mutators.VoidMethodCallMutator,popConnection,464,NO_COVERAGE,none
PooledDataSource.java,org.apache.ibatis.datasource.pooled.PooledDataSource,org.pitest.mutationtest.engine.gregor.mutators.experimental.MemberVariableMutator,popConnection,395,NO_COVERAGE,none
PooledDataSource.java,org.apache.ibatis.datasource.pooled.PooledDataSource,org.pitest.mutationtest.engine.gregor.mutators.experimental.MemberVariableMutator,popConnection,396,NO_COVERAGE,none
PooledDataSource.java,org.apache.ibatis.datasource.pooled.PooledDataSource,org.pitest.mutationtest.engine.gregor.mutators.experimental.MemberVariableMutator,popConnection,397,NO_COVERAGE,none
PooledDataSource.java,org.apache.ibatis.datasource.pooled.PooledDataSource,org.pitest.mutationtest.engine.gregor.mutators.experimental.MemberVariableMutator,popConnection,417,NO_COVERAGE,none
PooledDataSource.java,org.apache.ibatis.datasource.pooled.PooledDataSource,org.pitest.mutationtest.engine.gregor.mutators.experimental.MemberVariableMutator,popConnection,425,NO_COVERAGE,none
PooledDataSource.java,org.apache.ibatis.datasource.pooled.PooledDataSource,org.pitest.mutationtest.engine.gregor.mutators.experimental.MemberVariableMutator,popConnection,441,NO_COVERAGE,none
PooledDataSource.java,org.apache.ibatis.datasource.pooled.PooledDataSource,org.pitest.mutationtest.engine.gregor.mutators.experimental.MemberVariableMutator,popConnection,442,NO_COVERAGE,none
PooledDataSource.java,org.apache.ibatis.datasource.pooled.PooledDataSource,org.pitest.mutationtest.engine.gregor.mutators.experimental.MemberVariableMutator,popConnection,447,NO_COVERAGE,none
PooledDataSource.java,org.apache.ibatis.datasource.pooled.PooledDataSource,org.pitest.mutationtest.engine.gregor.mutators.experimental.RemoveIncrementsMutator,popConnection,448,NO_COVERAGE,none
PooledDataSource.java,org.apache.ibatis.datasource.pooled.PooledDataSource,org.pitest.mutationtest.engine.gregor.mutators.ConditionalsBoundaryMutator,pushConnection,333,NO_COVERAGE,none
PooledDataSource.java,org.apache.ibatis.datasource.pooled.PooledDataSource,org.pitest.mutationtest.engine.gregor.mutators.ConstructorCallMutator,pushConnection,338,NO_COVERAGE,none
PooledDataSource.java,org.apache.ibatis.datasource.pooled.PooledDataSource,org.pitest.mutationtest.engine.gregor.mutators.ConstructorCallMutator,pushConnection,344,NO_COVERAGE,none
PooledDataSource.java,org.apache.ibatis.datasource.pooled.PooledDataSource,org.pitest.mutationtest.engine.gregor.mutators.ConstructorCallMutator,pushConnection,354,NO_COVERAGE,none
PooledDataSource.java,org.apache.ibatis.datasource.pooled.PooledDataSource,org.pitest.mutationtest.engine.gregor.mutators.ConstructorCallMutator,pushConnection,360,NO_COVERAGE,none
PooledDataSource.java,org.apache.ibatis.datasource.pooled.PooledDataSource,org.pitest.mutationtest.engine.gregor.mutators.InlineConstantMutator,pushConnection,362,NO_COVERAGE,none
PooledDataSource.java,org.apache.ibatis.datasource.pooled.PooledDataSource,org.pitest.mutationtest.engine.gregor.mutators.MathMutator,pushConnection,334,NO_COVERAGE,none
PooledDataSource.java,org.apache.ibatis.datasource.pooled.PooledDataSource,org.pitest.mutationtest.engine.gregor.mutators.MathMutator,pushConnection,348,NO_COVERAGE,none
PooledDataSource.java,org.apache.ibatis.datasource.pooled.PooledDataSource,org.pitest.mutationtest.engine.gregor.mutators.MathMutator,pushConnection,362,NO_COVERAGE,none
PooledDataSource.java,org.apache.ibatis.datasource.pooled.PooledDataSource,org.pitest.mutationtest.engine.gregor.mutators.NegateConditionalsMutator,pushConnection,332,NO_COVERAGE,none
PooledDataSource.java,org.apache.ibatis.datasource.pooled.PooledDataSource,org.pitest.mutationtest.engine.gregor.mutators.NegateConditionalsMutator,pushConnection,333,NO_COVERAGE,none
PooledDataSource.java,org.apache.ibatis.datasource.pooled.PooledDataSource,org.pitest.mutationtest.engine.gregor.mutators.NegateConditionalsMutator,pushConnection,333,NO_COVERAGE,none
PooledDataSource.java,org.apache.ibatis.datasource.pooled.PooledDataSource,org.pitest.mutationtest.engine.gregor.mutators.NegateConditionalsMutator,pushConnection,335,NO_COVERAGE,none
PooledDataSource.java,org.apache.ibatis.datasource.pooled.PooledDataSource,org.pitest.mutationtest.engine.gregor.mutators.NegateConditionalsMutator,pushConnection,343,NO_COVERAGE,none
PooledDataSource.java,org.apache.ibatis.datasource.pooled.PooledDataSource,org.pitest.mutationtest.engine.gregor.mutators.NegateConditionalsMutator,pushConnection,349,NO_COVERAGE,none
PooledDataSource.java,org.apache.ibatis.datasource.pooled.PooledDataSource,org.pitest.mutationtest.engine.gregor.mutators.NegateConditionalsMutator,pushConnection,353,NO_COVERAGE,none
PooledDataSource.java,org.apache.ibatis.datasource.pooled.PooledDataSource,org.pitest.mutationtest.engine.gregor.mutators.NegateConditionalsMutator,pushConnection,359,NO_COVERAGE,none
PooledDataSource.java,org.apache.ibatis.datasource.pooled.PooledDataSource,org.pitest.mutationtest.engine.gregor.mutators.NonVoidMethodCallMutator,pushConnection,331,NO_COVERAGE,none
PooledDataSource.java,org.apache.ibatis.datasource.pooled.PooledDataSource,org.pitest.mutationtest.engine.gregor.mutators.NonVoidMethodCallMutator,pushConnection,332,NO_COVERAGE,none
PooledDataSource.java,org.apache.ibatis.datasource.pooled.PooledDataSource,org.pitest.mutationtest.engine.gregor.mutators.NonVoidMethodCallMutator,pushConnection,333,NO_COVERAGE,none
PooledDataSource.java,org.apache.ibatis.datasource.pooled.PooledDataSource,org.pitest.mutationtest.engine.gregor.mutators.NonVoidMethodCallMutator,pushConnection,333,NO_COVERAGE,none
PooledDataSource.java,org.apache.ibatis.datasource.pooled.PooledDataSource,org.pitest.mutationtest.engine.gregor.mutators.NonVoidMethodCallMutator,pushConnection,334,NO_COVERAGE,none
PooledDataSource.java,org.apache.ibatis.datasource.pooled.PooledDataSource,org.pitest.mutationtest.engine.gregor.mutators.NonVoidMethodCallMutator,pushConnection,335,NO_COVERAGE,none
PooledDataSource.java,org.apache.ibatis.datasource.pooled.PooledDataSource,org.pitest.mutationtest.engine.gregor.mutators.NonVoidMethodCallMutator,pushConnection,335,NO_COVERAGE,none
PooledDataSource.java,org.apache.ibatis.datasource.pooled.PooledDataSource,org.pitest.mutationtest.engine.gregor.mutators.NonVoidMethodCallMutator,pushConnection,336,NO_COVERAGE,none
PooledDataSource.java,org.apache.ibatis.datasource.pooled.PooledDataSource,org.pitest.mutationtest.engine.gregor.mutators.NonVoidMethodCallMutator,pushConnection,338,NO_COVERAGE,none
PooledDataSource.java,org.apache.ibatis.datasource.pooled.PooledDataSource,org.pitest.mutationtest.engine.gregor.mutators.NonVoidMethodCallMutator,pushConnection,339,NO_COVERAGE,none
PooledDataSource.java,org.apache.ibatis.datasource.pooled.PooledDataSource,org.pitest.mutationtest.engine.gregor.mutators.NonVoidMethodCallMutator,pushConnection,340,NO_COVERAGE,none
PooledDataSource.java,org.apache.ibatis.datasource.pooled.PooledDataSource,org.pitest.mutationtest.engine.gregor.mutators.NonVoidMethodCallMutator,pushConnection,341,NO_COVERAGE,none
PooledDataSource.java,org.apache.ibatis.datasource.pooled.PooledDataSource,org.pitest.mutationtest.engine.gregor.mutators.NonVoidMethodCallMutator,pushConnection,343,NO_COVERAGE,none
PooledDataSource.java,org.apache.ibatis.datasource.pooled.PooledDataSource,org.pitest.mutationtest.engine.gregor.mutators.NonVoidMethodCallMutator,pushConnection,344,NO_COVERAGE,none
PooledDataSource.java,org.apache.ibatis.datasource.pooled.PooledDataSource,org.pitest.mutationtest.engine.gregor.mutators.NonVoidMethodCallMutator,pushConnection,344,NO_COVERAGE,none
PooledDataSource.java,org.apache.ibatis.datasource.pooled.PooledDataSource,org.pitest.mutationtest.engine.gregor.mutators.NonVoidMethodCallMutator,pushConnection,344,NO_COVERAGE,none
PooledDataSource.java,org.apache.ibatis.datasource.pooled.PooledDataSource,org.pitest.mutationtest.engine.gregor.mutators.NonVoidMethodCallMutator,pushConnection,344,NO_COVERAGE,none
PooledDataSource.java,org.apache.ibatis.datasource.pooled.PooledDataSource,org.pitest.mutationtest.engine.gregor.mutators.NonVoidMethodCallMutator,pushConnection,344,NO_COVERAGE,none
PooledDataSource.java,org.apache.ibatis.datasource.pooled.PooledDataSource,org.pitest.mutationtest.engine.gregor.mutators.NonVoidMethodCallMutator,pushConnection,348,NO_COVERAGE,none
PooledDataSource.java,org.apache.ibatis.datasource.pooled.PooledDataSource,org.pitest.mutationtest.engine.gregor.mutators.NonVoidMethodCallMutator,pushConnection,349,NO_COVERAGE,none
PooledDataSource.java,org.apache.ibatis.datasource.pooled.PooledDataSource,org.pitest.mutationtest.engine.gregor.mutators.NonVoidMethodCallMutator,pushConnection,349,NO_COVERAGE,none
PooledDataSource.java,org.apache.ibatis.datasource.pooled.PooledDataSource,org.pitest.mutationtest.engine.gregor.mutators.NonVoidMethodCallMutator,pushConnection,350,NO_COVERAGE,none
PooledDataSource.java,org.apache.ibatis.datasource.pooled.PooledDataSource,org.pitest.mutationtest.engine.gregor.mutators.NonVoidMethodCallMutator,pushConnection,352,NO_COVERAGE,none
PooledDataSource.java,org.apache.ibatis.datasource.pooled.PooledDataSource,org.pitest.mutationtest.engine.gregor.mutators.NonVoidMethodCallMutator,pushConnection,353,NO_COVERAGE,none
PooledDataSource.java,org.apache.ibatis.datasource.pooled.PooledDataSource,org.pitest.mutationtest.engine.gregor.mutators.NonVoidMethodCallMutator,pushConnection,354,NO_COVERAGE,none
PooledDataSource.java,org.apache.ibatis.datasource.pooled.PooledDataSource,org.pitest.mutationtest.engine.gregor.mutators.NonVoidMethodCallMutator,pushConnection,354,NO_COVERAGE,none
PooledDataSource.java,org.apache.ibatis.datasource.pooled.PooledDataSource,org.pitest.mutationtest.engine.gregor.mutators.NonVoidMethodCallMutator,pushConnection,354,NO_COVERAGE,none
PooledDataSource.java,org.apache.ibatis.datasource.pooled.PooledDataSource,org.pitest.mutationtest.engine.gregor.mutators.NonVoidMethodCallMutator,pushConnection,354,NO_COVERAGE,none
PooledDataSource.java,org.apache.ibatis.datasource.pooled.PooledDataSource,org.pitest.mutationtest.engine.gregor.mutators.NonVoidMethodCallMutator,pushConnection,354,NO_COVERAGE,none
PooledDataSource.java,org.apache.ibatis.datasource.pooled.PooledDataSource,org.pitest.mutationtest.engine.gregor.mutators.NonVoidMethodCallMutator,pushConnection,359,NO_COVERAGE,none
PooledDataSource.java,org.apache.ibatis.datasource.pooled.PooledDataSource,org.pitest.mutationtest.engine.gregor.mutators.NonVoidMethodCallMutator,pushConnection,360,NO_COVERAGE,none
PooledDataSource.java,org.apache.ibatis.datasource.pooled.PooledDataSource,org.pitest.mutationtest.engine.gregor.mutators.NonVoidMethodCallMutator,pushConnection,360,NO_COVERAGE,none
PooledDataSource.java,org.apache.ibatis.datasource.pooled.PooledDataSource,org.pitest.mutationtest.engine.gregor.mutators.NonVoidMethodCallMutator,pushConnection,360,NO_COVERAGE,none
PooledDataSource.java,org.apache.ibatis.datasource.pooled.PooledDataSource,org.pitest.mutationtest.engine.gregor.mutators.NonVoidMethodCallMutator,pushConnection,360,NO_COVERAGE,none
PooledDataSource.java,org.apache.ibatis.datasource.pooled.PooledDataSource,org.pitest.mutationtest.engine.gregor.mutators.NonVoidMethodCallMutator,pushConnection,360,NO_COVERAGE,none
PooledDataSource.java,org.apache.ibatis.datasource.pooled.PooledDataSource,org.pitest.mutationtest.engine.gregor.mutators.RemoveConditionalMutator_EQUAL_ELSE,pushConnection,332,NO_COVERAGE,none
PooledDataSource.java,org.apache.ibatis.datasource.pooled.PooledDataSource,org.pitest.mutationtest.engine.gregor.mutators.RemoveConditionalMutator_EQUAL_ELSE,pushConnection,333,NO_COVERAGE,none
PooledDataSource.java,org.apache.ibatis.datasource.pooled.PooledDataSource,org.pitest.mutationtest.engine.gregor.mutators.RemoveConditionalMutator_EQUAL_ELSE,pushConnection,335,NO_COVERAGE,none
PooledDataSource.java,org.apache.ibatis.datasource.pooled.PooledDataSource,org.pitest.mutationtest.engine.gregor.mutators.RemoveConditionalMutator_EQUAL_ELSE,pushConnection,343,NO_COVERAGE,none
PooledDataSource.java,org.apache.ibatis.datasource.pooled.PooledDataSource,org.pitest.mutationtest.engine.gregor.mutators.RemoveConditionalMutator_EQUAL_ELSE,pushConnection,349,NO_COVERAGE,none
PooledDataSource.java,org.apache.ibatis.datasource.pooled.PooledDataSource,org.pitest.mutationtest.engine.gregor.mutators.RemoveConditionalMutator_EQUAL_ELSE,pushConnection,353,NO_COVERAGE,none
PooledDataSource.java,org.apache.ibatis.datasource.pooled.PooledDataSource,org.pitest.mutationtest.engine.gregor.mutators.RemoveConditionalMutator_EQUAL_ELSE,pushConnection,359,NO_COVERAGE,none
PooledDataSource.java,org.apache.ibatis.datasource.pooled.PooledDataSource,org.pitest.mutationtest.engine.gregor.mutators.RemoveConditionalMutator_EQUAL_IF,pushConnection,332,NO_COVERAGE,none
PooledDataSource.java,org.apache.ibatis.datasource.pooled.PooledDataSource,org.pitest.mutationtest.engine.gregor.mutators.RemoveConditionalMutator_EQUAL_IF,pushConnection,333,NO_COVERAGE,none
PooledDataSource.java,org.apache.ibatis.datasource.pooled.PooledDataSource,org.pitest.mutationtest.engine.gregor.mutators.RemoveConditionalMutator_EQUAL_IF,pushConnection,335,NO_COVERAGE,none
PooledDataSource.java,org.apache.ibatis.datasource.pooled.PooledDataSource,org.pitest.mutationtest.engine.gregor.mutators.RemoveConditionalMutator_EQUAL_IF,pushConnection,343,NO_COVERAGE,none
PooledDataSource.java,org.apache.ibatis.datasource.pooled.PooledDataSource,org.pitest.mutationtest.engine.gregor.mutators.RemoveConditionalMutator_EQUAL_IF,pushConnection,349,NO_COVERAGE,none
PooledDataSource.java,org.apache.ibatis.datasource.pooled.PooledDataSource,org.pitest.mutationtest.engine.gregor.mutators.RemoveConditionalMutator_EQUAL_IF,pushConnection,353,NO_COVERAGE,none
PooledDataSource.java,org.apache.ibatis.datasource.pooled.PooledDataSource,org.pitest.mutationtest.engine.gregor.mutators.RemoveConditionalMutator_EQUAL_IF,pushConnection,359,NO_COVERAGE,none
PooledDataSource.java,org.apache.ibatis.datasource.pooled.PooledDataSource,org.pitest.mutationtest.engine.gregor.mutators.RemoveConditionalMutator_ORDER_ELSE,pushConnection,333,NO_COVERAGE,none
PooledDataSource.java,org.apache.ibatis.datasource.pooled.PooledDataSource,org.pitest.mutationtest.engine.gregor.mutators.RemoveConditionalMutator_ORDER_IF,pushConnection,333,NO_COVERAGE,none
PooledDataSource.java,org.apache.ibatis.datasource.pooled.PooledDataSource,org.pitest.mutationtest.engine.gregor.mutators.VoidMethodCallMutator,pushConnection,336,NO_COVERAGE,none
PooledDataSource.java,org.apache.ibatis.datasource.pooled.PooledDataSource,org.pitest.mutationtest.engine.gregor.mutators.VoidMethodCallMutator,pushConnection,340,NO_COVERAGE,none
PooledDataSource.java,org.apache.ibatis.datasource.pooled.PooledDataSource,org.pitest.mutationtest.engine.gregor.mutators.VoidMethodCallMutator,pushConnection,341,NO_COVERAGE,none
PooledDataSource.java,org.apache.ibatis.datasource.pooled.PooledDataSource,org.pitest.mutationtest.engine.gregor.mutators.VoidMethodCallMutator,pushConnection,342,NO_COVERAGE,none
PooledDataSource.java,org.apache.ibatis.datasource.pooled.PooledDataSource,org.pitest.mutationtest.engine.gregor.mutators.VoidMethodCallMutator,pushConnection,344,NO_COVERAGE,none
PooledDataSource.java,org.apache.ibatis.datasource.pooled.PooledDataSource,org.pitest.mutationtest.engine.gregor.mutators.VoidMethodCallMutator,pushConnection,346,NO_COVERAGE,none
PooledDataSource.java,org.apache.ibatis.datasource.pooled.PooledDataSource,org.pitest.mutationtest.engine.gregor.mutators.VoidMethodCallMutator,pushConnection,350,NO_COVERAGE,none
PooledDataSource.java,org.apache.ibatis.datasource.pooled.PooledDataSource,org.pitest.mutationtest.engine.gregor.mutators.VoidMethodCallMutator,pushConnection,352,NO_COVERAGE,none
PooledDataSource.java,org.apache.ibatis.datasource.pooled.PooledDataSource,org.pitest.mutationtest.engine.gregor.mutators.VoidMethodCallMutator,pushConnection,354,NO_COVERAGE,none
PooledDataSource.java,org.apache.ibatis.datasource.pooled.PooledDataSource,org.pitest.mutationtest.engine.gregor.mutators.VoidMethodCallMutator,pushConnection,356,NO_COVERAGE,none
PooledDataSource.java,org.apache.ibatis.datasource.pooled.PooledDataSource,org.pitest.mutationtest.engine.gregor.mutators.VoidMethodCallMutator,pushConnection,360,NO_COVERAGE,none
PooledDataSource.java,org.apache.ibatis.datasource.pooled.PooledDataSource,org.pitest.mutationtest.engine.gregor.mutators.experimental.MemberVariableMutator,pushConnection,334,NO_COVERAGE,none
PooledDataSource.java,org.apache.ibatis.datasource.pooled.PooledDataSource,org.pitest.mutationtest.engine.gregor.mutators.experimental.MemberVariableMutator,pushConnection,348,NO_COVERAGE,none
PooledDataSource.java,org.apache.ibatis.datasource.pooled.PooledDataSource,org.pitest.mutationtest.engine.gregor.mutators.experimental.MemberVariableMutator,pushConnection,362,NO_COVERAGE,none
PooledDataSource.java,org.apache.ibatis.datasource.pooled.PooledDataSource,org.pitest.mutationtest.engine.gregor.mutators.NonVoidMethodCallMutator,setDefaultAutoCommit,138,NO_COVERAGE,none
PooledDataSource.java,org.apache.ibatis.datasource.pooled.PooledDataSource,org.pitest.mutationtest.engine.gregor.mutators.VoidMethodCallMutator,setDefaultAutoCommit,138,NO_COVERAGE,none
PooledDataSource.java,org.apache.ibatis.datasource.pooled.PooledDataSource,org.pitest.mutationtest.engine.gregor.mutators.VoidMethodCallMutator,setDefaultAutoCommit,139,NO_COVERAGE,none
PooledDataSource.java,org.apache.ibatis.datasource.pooled.PooledDataSource,org.pitest.mutationtest.engine.gregor.mutators.VoidMethodCallMutator,setDefaultTransactionIsolationLevel,143,NO_COVERAGE,none
PooledDataSource.java,org.apache.ibatis.datasource.pooled.PooledDataSource,org.pitest.mutationtest.engine.gregor.mutators.VoidMethodCallMutator,setDefaultTransactionIsolationLevel,144,NO_COVERAGE,none
PooledDataSource.java,org.apache.ibatis.datasource.pooled.PooledDataSource,org.pitest.mutationtest.engine.gregor.mutators.VoidMethodCallMutator,setDriver,118,NO_COVERAGE,none
PooledDataSource.java,org.apache.ibatis.datasource.pooled.PooledDataSource,org.pitest.mutationtest.engine.gregor.mutators.VoidMethodCallMutator,setDriver,119,NO_COVERAGE,none
PooledDataSource.java,org.apache.ibatis.datasource.pooled.PooledDataSource,org.pitest.mutationtest.engine.gregor.mutators.VoidMethodCallMutator,setDriverProperties,148,NO_COVERAGE,none
PooledDataSource.java,org.apache.ibatis.datasource.pooled.PooledDataSource,org.pitest.mutationtest.engine.gregor.mutators.VoidMethodCallMutator,setDriverProperties,149,NO_COVERAGE,none
PooledDataSource.java,org.apache.ibatis.datasource.pooled.PooledDataSource,org.pitest.mutationtest.engine.gregor.mutators.VoidMethodCallMutator,setLogWriter,109,NO_COVERAGE,none
PooledDataSource.java,org.apache.ibatis.datasource.pooled.PooledDataSource,org.pitest.mutationtest.engine.gregor.mutators.VoidMethodCallMutator,setLoginTimeout,99,NO_COVERAGE,none
PooledDataSource.java,org.apache.ibatis.datasource.pooled.PooledDataSource,org.pitest.mutationtest.engine.gregor.mutators.VoidMethodCallMutator,setPassword,133,NO_COVERAGE,none
PooledDataSource.java,org.apache.ibatis.datasource.pooled.PooledDataSource,org.pitest.mutationtest.engine.gregor.mutators.VoidMethodCallMutator,setPassword,134,NO_COVERAGE,none
PooledDataSource.java,org.apache.ibatis.datasource.pooled.PooledDataSource,org.pitest.mutationtest.engine.gregor.mutators.VoidMethodCallMutator,setPoolMaximumActiveConnections,159,NO_COVERAGE,none
PooledDataSource.java,org.apache.ibatis.datasource.pooled.PooledDataSource,org.pitest.mutationtest.engine.gregor.mutators.experimental.MemberVariableMutator,setPoolMaximumActiveConnections,158,NO_COVERAGE,none
PooledDataSource.java,org.apache.ibatis.datasource.pooled.PooledDataSource,org.pitest.mutationtest.engine.gregor.mutators.VoidMethodCallMutator,setPoolMaximumCheckoutTime,180,NO_COVERAGE,none
PooledDataSource.java,org.apache.ibatis.datasource.pooled.PooledDataSource,org.pitest.mutationtest.engine.gregor.mutators.experimental.MemberVariableMutator,setPoolMaximumCheckoutTime,179,NO_COVERAGE,none
PooledDataSource.java,org.apache.ibatis.datasource.pooled.PooledDataSource,org.pitest.mutationtest.engine.gregor.mutators.VoidMethodCallMutator,setPoolMaximumIdleConnections,169,NO_COVERAGE,none
PooledDataSource.java,org.apache.ibatis.datasource.pooled.PooledDataSource,org.pitest.mutationtest.engine.gregor.mutators.experimental.MemberVariableMutator,setPoolMaximumIdleConnections,168,NO_COVERAGE,none
PooledDataSource.java,org.apache.ibatis.datasource.pooled.PooledDataSource,org.pitest.mutationtest.engine.gregor.mutators.VoidMethodCallMutator,setPoolPingConnectionsNotUsedFor,221,NO_COVERAGE,none
PooledDataSource.java,org.apache.ibatis.datasource.pooled.PooledDataSource,org.pitest.mutationtest.engine.gregor.mutators.experimental.MemberVariableMutator,setPoolPingConnectionsNotUsedFor,220,NO_COVERAGE,none
PooledDataSource.java,org.apache.ibatis.datasource.pooled.PooledDataSource,org.pitest.mutationtest.engine.gregor.mutators.VoidMethodCallMutator,setPoolPingEnabled,210,NO_COVERAGE,none
PooledDataSource.java,org.apache.ibatis.datasource.pooled.PooledDataSource,org.pitest.mutationtest.engine.gregor.mutators.experimental.MemberVariableMutator,setPoolPingEnabled,209,NO_COVERAGE,none
PooledDataSource.java,org.apache.ibatis.datasource.pooled.PooledDataSource,org.pitest.mutationtest.engine.gregor.mutators.VoidMethodCallMutator,setPoolPingQuery,200,NO_COVERAGE,none
PooledDataSource.java,org.apache.ibatis.datasource.pooled.PooledDataSource,org.pitest.mutationtest.engine.gregor.mutators.experimental.MemberVariableMutator,setPoolPingQuery,199,NO_COVERAGE,none
PooledDataSource.java,org.apache.ibatis.datasource.pooled.PooledDataSource,org.pitest.mutationtest.engine.gregor.mutators.VoidMethodCallMutator,setPoolTimeToWait,190,NO_COVERAGE,none
PooledDataSource.java,org.apache.ibatis.datasource.pooled.PooledDataSource,org.pitest.mutationtest.engine.gregor.mutators.experimental.MemberVariableMutator,setPoolTimeToWait,189,NO_COVERAGE,none
PooledDataSource.java,org.apache.ibatis.datasource.pooled.PooledDataSource,org.pitest.mutationtest.engine.gregor.mutators.VoidMethodCallMutator,setUrl,123,NO_COVERAGE,none
PooledDataSource.java,org.apache.ibatis.datasource.pooled.PooledDataSource,org.pitest.mutationtest.engine.gregor.mutators.VoidMethodCallMutator,setUrl,124,NO_COVERAGE,none
PooledDataSource.java,org.apache.ibatis.datasource.pooled.PooledDataSource,org.pitest.mutationtest.engine.gregor.mutators.VoidMethodCallMutator,setUsername,128,NO_COVERAGE,none
PooledDataSource.java,org.apache.ibatis.datasource.pooled.PooledDataSource,org.pitest.mutationtest.engine.gregor.mutators.VoidMethodCallMutator,setUsername,129,NO_COVERAGE,none
PooledDataSource.java,org.apache.ibatis.datasource.pooled.PooledDataSource,org.pitest.mutationtest.engine.gregor.mutators.ConstructorCallMutator,unwrap,549,NO_COVERAGE,none
PooledDataSource.java,org.apache.ibatis.datasource.pooled.PooledDataSource,org.pitest.mutationtest.engine.gregor.mutators.ConstructorCallMutator,unwrap,549,NO_COVERAGE,none
PooledDataSource.java,org.apache.ibatis.datasource.pooled.PooledDataSource,org.pitest.mutationtest.engine.gregor.mutators.NonVoidMethodCallMutator,unwrap,549,NO_COVERAGE,none
PooledDataSource.java,org.apache.ibatis.datasource.pooled.PooledDataSource,org.pitest.mutationtest.engine.gregor.mutators.NonVoidMethodCallMutator,unwrap,549,NO_COVERAGE,none
PooledDataSource.java,org.apache.ibatis.datasource.pooled.PooledDataSource,org.pitest.mutationtest.engine.gregor.mutators.NonVoidMethodCallMutator,unwrap,549,NO_COVERAGE,none
PooledDataSource.java,org.apache.ibatis.datasource.pooled.PooledDataSource,org.pitest.mutationtest.engine.gregor.mutators.NonVoidMethodCallMutator,unwrap,549,NO_COVERAGE,none
PooledDataSource.java,org.apache.ibatis.datasource.pooled.PooledDataSource,org.pitest.mutationtest.engine.gregor.mutators.NonVoidMethodCallMutator,unwrap,549,NO_COVERAGE,none
PooledDataSource.java,org.apache.ibatis.datasource.pooled.PooledDataSource,org.pitest.mutationtest.engine.gregor.mutators.NegateConditionalsMutator,unwrapConnection,534,NO_COVERAGE,none
PooledDataSource.java,org.apache.ibatis.datasource.pooled.PooledDataSource,org.pitest.mutationtest.engine.gregor.mutators.NegateConditionalsMutator,unwrapConnection,536,NO_COVERAGE,none
PooledDataSource.java,org.apache.ibatis.datasource.pooled.PooledDataSource,org.pitest.mutationtest.engine.gregor.mutators.NonVoidMethodCallMutator,unwrapConnection,534,NO_COVERAGE,none
PooledDataSource.java,org.apache.ibatis.datasource.pooled.PooledDataSource,org.pitest.mutationtest.engine.gregor.mutators.NonVoidMethodCallMutator,unwrapConnection,534,NO_COVERAGE,none
PooledDataSource.java,org.apache.ibatis.datasource.pooled.PooledDataSource,org.pitest.mutationtest.engine.gregor.mutators.NonVoidMethodCallMutator,unwrapConnection,535,NO_COVERAGE,none
PooledDataSource.java,org.apache.ibatis.datasource.pooled.PooledDataSource,org.pitest.mutationtest.engine.gregor.mutators.NonVoidMethodCallMutator,unwrapConnection,537,NO_COVERAGE,none
PooledDataSource.java,org.apache.ibatis.datasource.pooled.PooledDataSource,org.pitest.mutationtest.engine.gregor.mutators.RemoveConditionalMutator_EQUAL_ELSE,unwrapConnection,534,NO_COVERAGE,none
PooledDataSource.java,org.apache.ibatis.datasource.pooled.PooledDataSource,org.pitest.mutationtest.engine.gregor.mutators.RemoveConditionalMutator_EQUAL_ELSE,unwrapConnection,536,NO_COVERAGE,none
PooledDataSource.java,org.apache.ibatis.datasource.pooled.PooledDataSource,org.pitest.mutationtest.engine.gregor.mutators.RemoveConditionalMutator_EQUAL_IF,unwrapConnection,534,NO_COVERAGE,none
PooledDataSource.java,org.apache.ibatis.datasource.pooled.PooledDataSource,org.pitest.mutationtest.engine.gregor.mutators.RemoveConditionalMutator_EQUAL_IF,unwrapConnection,536,NO_COVERAGE,none
PooledDataSource.java,org.apache.ibatis.datasource.pooled.PooledDataSource,org.pitest.mutationtest.engine.gregor.mutators.ReturnValsMutator,unwrapConnection,537,NO_COVERAGE,none
PooledDataSource.java,org.apache.ibatis.datasource.pooled.PooledDataSource,org.pitest.mutationtest.engine.gregor.mutators.ReturnValsMutator,unwrapConnection,540,NO_COVERAGE,none
Reflector.java,org.apache.ibatis.reflection.Reflector,org.pitest.mutationtest.engine.gregor.mutators.ArgumentPropagationMutator,<init>,68,KILLED,org.apache.ibatis.submitted.extend.ExtendTest.org.apache.ibatis.submitted.extend.ExtendTest
Reflector.java,org.apache.ibatis.reflection.Reflector,org.pitest.mutationtest.engine.gregor.mutators.ArgumentPropagationMutator,<init>,69,KILLED,org.apache.ibatis.submitted.extend.ExtendTest.org.apache.ibatis.submitted.extend.ExtendTest
Reflector.java,org.apache.ibatis.reflection.Reflector,org.pitest.mutationtest.engine.gregor.mutators.ArgumentPropagationMutator,<init>,71,KILLED,org.apache.ibatis.submitted.extend.ExtendTest.org.apache.ibatis.submitted.extend.ExtendTest
Reflector.java,org.apache.ibatis.reflection.Reflector,org.pitest.mutationtest.engine.gregor.mutators.ArgumentPropagationMutator,<init>,74,KILLED,org.apache.ibatis.submitted.extend.ExtendTest.org.apache.ibatis.submitted.extend.ExtendTest
Reflector.java,org.apache.ibatis.reflection.Reflector,org.pitest.mutationtest.engine.gregor.mutators.ConditionalsBoundaryMutator,<init>,70,KILLED,org.apache.ibatis.submitted.extend.ExtendTest.org.apache.ibatis.submitted.extend.ExtendTest
Reflector.java,org.apache.ibatis.reflection.Reflector,org.pitest.mutationtest.engine.gregor.mutators.ConditionalsBoundaryMutator,<init>,73,KILLED,org.apache.ibatis.submitted.extend.ExtendTest.org.apache.ibatis.submitted.extend.ExtendTest
Reflector.java,org.apache.ibatis.reflection.Reflector,org.pitest.mutationtest.engine.gregor.mutators.ConstructorCallMutator,<init>,54,KILLED,org.apache.ibatis.submitted.extend.ExtendTest.org.apache.ibatis.submitted.extend.ExtendTest
Reflector.java,org.apache.ibatis.reflection.Reflector,org.pitest.mutationtest.engine.gregor.mutators.ConstructorCallMutator,<init>,55,KILLED,org.apache.ibatis.submitted.extend.ExtendTest.org.apache.ibatis.submitted.extend.ExtendTest
Reflector.java,org.apache.ibatis.reflection.Reflector,org.pitest.mutationtest.engine.gregor.mutators.ConstructorCallMutator,<init>,56,KILLED,org.apache.ibatis.submitted.extend.ExtendTest.org.apache.ibatis.submitted.extend.ExtendTest
Reflector.java,org.apache.ibatis.reflection.Reflector,org.pitest.mutationtest.engine.gregor.mutators.ConstructorCallMutator,<init>,57,KILLED,org.apache.ibatis.submitted.extend.ExtendTest.org.apache.ibatis.submitted.extend.ExtendTest
Reflector.java,org.apache.ibatis.reflection.Reflector,org.pitest.mutationtest.engine.gregor.mutators.ConstructorCallMutator,<init>,60,KILLED,org.apache.ibatis.submitted.extend.ExtendTest.org.apache.ibatis.submitted.extend.ExtendTest
Reflector.java,org.apache.ibatis.reflection.Reflector,org.pitest.mutationtest.engine.gregor.mutators.IncrementsMutator,<init>,70,KILLED,org.apache.ibatis.submitted.extend.ExtendTest.org.apache.ibatis.submitted.extend.ExtendTest
Reflector.java,org.apache.ibatis.reflection.Reflector,org.pitest.mutationtest.engine.gregor.mutators.IncrementsMutator,<init>,73,KILLED,org.apache.ibatis.submitted.extend.ExtendTest.org.apache.ibatis.submitted.extend.ExtendTest
Reflector.java,org.apache.ibatis.reflection.Reflector,org.pitest.mutationtest.engine.gregor.mutators.InlineConstantMutator,<init>,70,KILLED,org.apache.ibatis.submitted.extend.ExtendTest.org.apache.ibatis.submitted.extend.ExtendTest
Reflector.java,org.apache.ibatis.reflection.Reflector,org.pitest.mutationtest.engine.gregor.mutators.InlineConstantMutator,<init>,73,KILLED,org.apache.ibatis.submitted.extend.ExtendTest.org.apache.ibatis.submitted.extend.ExtendTest
Reflector.java,org.apache.ibatis.reflection.Reflector,org.pitest.mutationtest.engine.gregor.mutators.NegateConditionalsMutator,<init>,70,KILLED,org.apache.ibatis.submitted.extend.ExtendTest.org.apache.ibatis.submitted.extend.ExtendTest
Reflector.java,org.apache.ibatis.reflection.Reflector,org.pitest.mutationtest.engine.gregor.mutators.NegateConditionalsMutator,<init>,73,KILLED,org.apache.ibatis.submitted.extend.ExtendTest.org.apache.ibatis.submitted.extend.ExtendTest
Reflector.java,org.apache.ibatis.reflection.Reflector,org.pitest.mutationtest.engine.gregor.mutators.NonVoidMethodCallMutator,<init>,68,KILLED,org.apache.ibatis.submitted.extend.ExtendTest.org.apache.ibatis.submitted.extend.ExtendTest
Reflector.java,org.apache.ibatis.reflection.Reflector,org.pitest.mutationtest.engine.gregor.mutators.NonVoidMethodCallMutator,<init>,68,KILLED,org.apache.ibatis.submitted.extend.ExtendTest.org.apache.ibatis.submitted.extend.ExtendTest
Reflector.java,org.apache.ibatis.reflection.Reflector,org.pitest.mutationtest.engine.gregor.mutators.NonVoidMethodCallMutator,<init>,68,KILLED,org.apache.ibatis.submitted.extend.ExtendTest.org.apache.ibatis.submitted.extend.ExtendTest
Reflector.java,org.apache.ibatis.reflection.Reflector,org.pitest.mutationtest.engine.gregor.mutators.NonVoidMethodCallMutator,<init>,68,KILLED,org.apache.ibatis.submitted.extend.ExtendTest.org.apache.ibatis.submitted.extend.ExtendTest
Reflector.java,org.apache.ibatis.reflection.Reflector,org.pitest.mutationtest.engine.gregor.mutators.NonVoidMethodCallMutator,<init>,69,KILLED,org.apache.ibatis.submitted.extend.ExtendTest.org.apache.ibatis.submitted.extend.ExtendTest
Reflector.java,org.apache.ibatis.reflection.Reflector,org.pitest.mutationtest.engine.gregor.mutators.NonVoidMethodCallMutator,<init>,69,KILLED,org.apache.ibatis.submitted.extend.ExtendTest.org.apache.ibatis.submitted.extend.ExtendTest
Reflector.java,org.apache.ibatis.reflection.Reflector,org.pitest.mutationtest.engine.gregor.mutators.NonVoidMethodCallMutator,<init>,69,KILLED,org.apache.ibatis.submitted.extend.ExtendTest.org.apache.ibatis.submitted.extend.ExtendTest
Reflector.java,org.apache.ibatis.reflection.Reflector,org.pitest.mutationtest.engine.gregor.mutators.NonVoidMethodCallMutator,<init>,69,KILLED,org.apache.ibatis.submitted.extend.ExtendTest.org.apache.ibatis.submitted.extend.ExtendTest
Reflector.java,org.apache.ibatis.reflection.Reflector,org.pitest.mutationtest.engine.gregor.mutators.NonVoidMethodCallMutator,<init>,71,KILLED,org.apache.ibatis.submitted.extend.ExtendTest.org.apache.ibatis.submitted.extend.ExtendTest
Reflector.java,org.apache.ibatis.reflection.Reflector,org.pitest.mutationtest.engine.gregor.mutators.NonVoidMethodCallMutator,<init>,71,KILLED,org.apache.ibatis.submitted.extend.ExtendTest.org.apache.ibatis.submitted.extend.ExtendTest
Reflector.java,org.apache.ibatis.reflection.Reflector,org.pitest.mutationtest.engine.gregor.mutators.NonVoidMethodCallMutator,<init>,74,KILLED,org.apache.ibatis.submitted.extend.ExtendTest.org.apache.ibatis.submitted.extend.ExtendTest
Reflector.java,org.apache.ibatis.reflection.Reflector,org.pitest.mutationtest.engine.gregor.mutators.NonVoidMethodCallMutator,<init>,74,KILLED,org.apache.ibatis.submitted.extend.ExtendTest.org.apache.ibatis.submitted.extend.ExtendTest
Reflector.java,org.apache.ibatis.reflection.Reflector,org.pitest.mutationtest.engine.gregor.mutators.RemoveConditionalMutator_ORDER_ELSE,<init>,70,KILLED,org.apache.ibatis.submitted.extend.ExtendTest.org.apache.ibatis.submitted.extend.ExtendTest
Reflector.java,org.apache.ibatis.reflection.Reflector,org.pitest.mutationtest.engine.gregor.mutators.RemoveConditionalMutator_ORDER_ELSE,<init>,73,KILLED,org.apache.ibatis.submitted.extend.ExtendTest.org.apache.ibatis.submitted.extend.ExtendTest
Reflector.java,org.apache.ibatis.reflection.Reflector,org.pitest.mutationtest.engine.gregor.mutators.RemoveConditionalMutator_ORDER_IF,<init>,70,KILLED,org.apache.ibatis.submitted.extend.ExtendTest.org.apache.ibatis.submitted.extend.ExtendTest
Reflector.java,org.apache.ibatis.reflection.Reflector,org.pitest.mutationtest.engine.gregor.mutators.RemoveConditionalMutator_ORDER_IF,<init>,73,KILLED,org.apache.ibatis.submitted.extend.ExtendTest.org.apache.ibatis.submitted.extend.ExtendTest
Reflector.java,org.apache.ibatis.reflection.Reflector,org.pitest.mutationtest.engine.gregor.mutators.VoidMethodCallMutator,<init>,65,KILLED,org.apache.ibatis.submitted.extend.ExtendTest.org.apache.ibatis.submitted.extend.ExtendTest
Reflector.java,org.apache.ibatis.reflection.Reflector,org.pitest.mutationtest.engine.gregor.mutators.VoidMethodCallMutator,<init>,66,KILLED,org.apache.ibatis.submitted.extend.ExtendTest.org.apache.ibatis.submitted.extend.ExtendTest
Reflector.java,org.apache.ibatis.reflection.Reflector,org.pitest.mutationtest.engine.gregor.mutators.VoidMethodCallMutator,<init>,67,KILLED,org.apache.ibatis.submitted.extend.ExtendTest.org.apache.ibatis.submitted.extend.ExtendTest
Reflector.java,org.apache.ibatis.reflection.Reflector,org.pitest.mutationtest.engine.gregor.mutators.experimental.MemberVariableMutator,<init>,52,KILLED,org.apache.ibatis.submitted.extend.ExtendTest.org.apache.ibatis.submitted.extend.ExtendTest
Reflector.java,org.apache.ibatis.reflection.Reflector,org.pitest.mutationtest.engine.gregor.mutators.experimental.MemberVariableMutator,<init>,53,KILLED,org.apache.ibatis.submitted.extend.ExtendTest.org.apache.ibatis.submitted.extend.ExtendTest
Reflector.java,org.apache.ibatis.reflection.Reflector,org.pitest.mutationtest.engine.gregor.mutators.experimental.MemberVariableMutator,<init>,54,KILLED,org.apache.ibatis.submitted.extend.ExtendTest.org.apache.ibatis.submitted.extend.ExtendTest
Reflector.java,org.apache.ibatis.reflection.Reflector,org.pitest.mutationtest.engine.gregor.mutators.experimental.MemberVariableMutator,<init>,55,KILLED,org.apache.ibatis.submitted.extend.ExtendTest.org.apache.ibatis.submitted.extend.ExtendTest
Reflector.java,org.apache.ibatis.reflection.Reflector,org.pitest.mutationtest.engine.gregor.mutators.experimental.MemberVariableMutator,<init>,56,KILLED,org.apache.ibatis.submitted.extend.ExtendTest.org.apache.ibatis.submitted.extend.ExtendTest
Reflector.java,org.apache.ibatis.reflection.Reflector,org.pitest.mutationtest.engine.gregor.mutators.experimental.MemberVariableMutator,<init>,57,KILLED,org.apache.ibatis.submitted.extend.ExtendTest.org.apache.ibatis.submitted.extend.ExtendTest
Reflector.java,org.apache.ibatis.reflection.Reflector,org.pitest.mutationtest.engine.gregor.mutators.experimental.MemberVariableMutator,<init>,60,KILLED,org.apache.ibatis.submitted.extend.ExtendTest.org.apache.ibatis.submitted.extend.ExtendTest
Reflector.java,org.apache.ibatis.reflection.Reflector,org.pitest.mutationtest.engine.gregor.mutators.experimental.MemberVariableMutator,<init>,63,KILLED,org.apache.ibatis.submitted.extend.ExtendTest.org.apache.ibatis.submitted.extend.ExtendTest
Reflector.java,org.apache.ibatis.reflection.Reflector,org.pitest.mutationtest.engine.gregor.mutators.experimental.MemberVariableMutator,<init>,68,KILLED,org.apache.ibatis.submitted.extend.ExtendTest.org.apache.ibatis.submitted.extend.ExtendTest
Reflector.java,org.apache.ibatis.reflection.Reflector,org.pitest.mutationtest.engine.gregor.mutators.experimental.MemberVariableMutator,<init>,69,KILLED,org.apache.ibatis.submitted.extend.ExtendTest.org.apache.ibatis.submitted.extend.ExtendTest
Reflector.java,org.apache.ibatis.reflection.Reflector,org.pitest.mutationtest.engine.gregor.mutators.ConditionalsBoundaryMutator,addDefaultConstructor,80,KILLED,org.apache.ibatis.submitted.extend.ExtendTest.org.apache.ibatis.submitted.extend.ExtendTest
Reflector.java,org.apache.ibatis.reflection.Reflector,org.pitest.mutationtest.engine.gregor.mutators.IncrementsMutator,addDefaultConstructor,80,KILLED,org.apache.ibatis.submitted.extend.ExtendTest.org.apache.ibatis.submitted.extend.ExtendTest
Reflector.java,org.apache.ibatis.reflection.Reflector,org.pitest.mutationtest.engine.gregor.mutators.NonVoidMethodCallMutator,addDefaultConstructor,79,KILLED,org.apache.ibatis.submitted.extend.ExtendTest.org.apache.ibatis.submitted.extend.ExtendTest
Reflector.java,org.apache.ibatis.reflection.Reflector,org.pitest.mutationtest.engine.gregor.mutators.NonVoidMethodCallMutator,addDefaultConstructor,81,KILLED,org.apache.ibatis.submitted.extend.ExtendTest.org.apache.ibatis.submitted.extend.ExtendTest
Reflector.java,org.apache.ibatis.reflection.Reflector,org.pitest.mutationtest.engine.gregor.mutators.RemoveConditionalMutator_EQUAL_IF,addDefaultConstructor,81,KILLED,org.apache.ibatis.submitted.extend.ExtendTest.org.apache.ibatis.submitted.extend.ExtendTest
Reflector.java,org.apache.ibatis.reflection.Reflector,org.pitest.mutationtest.engine.gregor.mutators.RemoveConditionalMutator_EQUAL_IF,addDefaultConstructor,82,KILLED,org.apache.ibatis.submitted.extend.ExtendTest.org.apache.ibatis.submitted.extend.ExtendTest
Reflector.java,org.apache.ibatis.reflection.Reflector,org.pitest.mutationtest.engine.gregor.mutators.RemoveConditionalMutator_EQUAL_IF,addDefaultConstructor,89,KILLED,org.apache.ibatis.submitted.extend.ExtendTest.org.apache.ibatis.submitted.extend.ExtendTest
Reflector.java,org.apache.ibatis.reflection.Reflector,org.pitest.mutationtest.engine.gregor.mutators.RemoveConditionalMutator_ORDER_IF,addDefaultConstructor,80,KILLED,org.apache.ibatis.submitted.extend.ExtendTest.org.apache.ibatis.submitted.extend.ExtendTest
Reflector.java,org.apache.ibatis.reflection.Reflector,org.pitest.mutationtest.engine.gregor.mutators.ConditionalsBoundaryMutator,addFields,259,KILLED,org.apache.ibatis.submitted.extend.ExtendTest.org.apache.ibatis.submitted.extend.ExtendTest
Reflector.java,org.apache.ibatis.reflection.Reflector,org.pitest.mutationtest.engine.gregor.mutators.IncrementsMutator,addFields,259,KILLED,org.apache.ibatis.submitted.extend.ExtendTest.org.apache.ibatis.submitted.extend.ExtendTest
Reflector.java,org.apache.ibatis.reflection.Reflector,org.pitest.mutationtest.engine.gregor.mutators.InlineConstantMutator,addFields,259,KILLED,org.apache.ibatis.submitted.extend.ExtendTest.org.apache.ibatis.submitted.extend.ExtendTest
Reflector.java,org.apache.ibatis.reflection.Reflector,org.pitest.mutationtest.engine.gregor.mutators.InlineConstantMutator,addFields,262,KILLED,org.apache.ibatis.submitted.extend.ExtendTest.org.apache.ibatis.submitted.extend.ExtendTest
Reflector.java,org.apache.ibatis.reflection.Reflector,org.pitest.mutationtest.engine.gregor.mutators.NegateConditionalsMutator,addFields,259,KILLED,org.apache.ibatis.submitted.extend.ExtendTest.org.apache.ibatis.submitted.extend.ExtendTest
Reflector.java,org.apache.ibatis.reflection.Reflector,org.pitest.mutationtest.engine.gregor.mutators.NegateConditionalsMutator,addFields,260,KILLED,org.apache.ibatis.submitted.extend.ExtendTest.org.apache.ibatis.submitted.extend.ExtendTest
Reflector.java,org.apache.ibatis.reflection.Reflector,org.pitest.mutationtest.engine.gregor.mutators.NegateConditionalsMutator,addFields,267,KILLED,org.apache.ibatis.submitted.extend.ExtendTest.org.apache.ibatis.submitted.extend.ExtendTest
Reflector.java,org.apache.ibatis.reflection.Reflector,org.pitest.mutationtest.engine.gregor.mutators.NegateConditionalsMutator,addFields,268,KILLED,org.apache.ibatis.submitted.extend.ExtendTest.org.apache.ibatis.submitted.extend.ExtendTest
Reflector.java,org.apache.ibatis.reflection.Reflector,org.pitest.mutationtest.engine.gregor.mutators.NegateConditionalsMutator,addFields,273,KILLED,org.apache.ibatis.submitted.extend.ExtendTest.org.apache.ibatis.submitted.extend.ExtendTest
Reflector.java,org.apache.ibatis.reflection.Reflector,org.pitest.mutationtest.engine.gregor.mutators.NegateConditionalsMutator,addFields,273,KILLED,org.apache.ibatis.submitted.extend.ExtendTest.org.apache.ibatis.submitted.extend.ExtendTest
Reflector.java,org.apache.ibatis.reflection.Reflector,org.pitest.mutationtest.engine.gregor.mutators.NegateConditionalsMutator,addFields,277,KILLED,org.apache.ibatis.submitted.extend.ExtendTest.org.apache.ibatis.submitted.extend.ExtendTest
Reflector.java,org.apache.ibatis.reflection.Reflector,org.pitest.mutationtest.engine.gregor.mutators.NegateConditionalsMutator,addFields,282,KILLED,org.apache.ibatis.submitted.extend.ExtendTest.org.apache.ibatis.submitted.extend.ExtendTest
Reflector.java,org.apache.ibatis.reflection.Reflector,org.pitest.mutationtest.engine.gregor.mutators.NonVoidMethodCallMutator,addFields,258,KILLED,org.apache.ibatis.submitted.extend.ExtendTest.org.apache.ibatis.submitted.extend.ExtendTest
Reflector.java,org.apache.ibatis.reflection.Reflector,org.pitest.mutationtest.engine.gregor.mutators.NonVoidMethodCallMutator,addFields,260,KILLED,org.apache.ibatis.submitted.extend.ExtendTest.org.apache.ibatis.submitted.extend.ExtendTest
Reflector.java,org.apache.ibatis.reflection.Reflector,org.pitest.mutationtest.engine.gregor.mutators.NonVoidMethodCallMutator,addFields,267,KILLED,org.apache.ibatis.submitted.extend.ExtendTest.org.apache.ibatis.submitted.extend.ExtendTest
Reflector.java,org.apache.ibatis.reflection.Reflector,org.pitest.mutationtest.engine.gregor.mutators.NonVoidMethodCallMutator,addFields,268,KILLED,org.apache.ibatis.submitted.extend.ExtendTest.org.apache.ibatis.submitted.extend.ExtendTest
Reflector.java,org.apache.ibatis.reflection.Reflector,org.pitest.mutationtest.engine.gregor.mutators.NonVoidMethodCallMutator,addFields,268,KILLED,org.apache.ibatis.submitted.extend.ExtendTest.org.apache.ibatis.submitted.extend.ExtendTest
Reflector.java,org.apache.ibatis.reflection.Reflector,org.pitest.mutationtest.engine.gregor.mutators.NonVoidMethodCallMutator,addFields,272,KILLED,org.apache.ibatis.submitted.extend.ExtendTest.org.apache.ibatis.submitted.extend.ExtendTest
Reflector.java,org.apache.ibatis.reflection.Reflector,org.pitest.mutationtest.engine.gregor.mutators.NonVoidMethodCallMutator,addFields,273,KILLED,org.apache.ibatis.submitted.extend.ExtendTest.org.apache.ibatis.submitted.extend.ExtendTest
Reflector.java,org.apache.ibatis.reflection.Reflector,org.pitest.mutationtest.engine.gregor.mutators.NonVoidMethodCallMutator,addFields,273,KILLED,org.apache.ibatis.submitted.extend.ExtendTest.org.apache.ibatis.submitted.extend.ExtendTest
Reflector.java,org.apache.ibatis.reflection.Reflector,org.pitest.mutationtest.engine.gregor.mutators.NonVoidMethodCallMutator,addFields,277,KILLED,org.apache.ibatis.submitted.extend.ExtendTest.org.apache.ibatis.submitted.extend.ExtendTest
Reflector.java,org.apache.ibatis.reflection.Reflector,org.pitest.mutationtest.engine.gregor.mutators.NonVoidMethodCallMutator,addFields,277,KILLED,org.apache.ibatis.submitted.extend.ExtendTest.org.apache.ibatis.submitted.extend.ExtendTest
Reflector.java,org.apache.ibatis.reflection.Reflector,org.pitest.mutationtest.engine.gregor.mutators.NonVoidMethodCallMutator,addFields,282,KILLED,org.apache.ibatis.submitted.extend.ExtendTest.org.apache.ibatis.submitted.extend.ExtendTest
Reflector.java,org.apache.ibatis.reflection.Reflector,org.pitest.mutationtest.engine.gregor.mutators.NonVoidMethodCallMutator,addFields,283,KILLED,org.apache.ibatis.submitted.extend.ExtendTest.org.apache.ibatis.submitted.extend.ExtendTest
Reflector.java,org.apache.ibatis.reflection.Reflector,org.pitest.mutationtest.engine.gregor.mutators.RemoveConditionalMutator_EQUAL_ELSE,addFields,260,KILLED,org.apache.ibatis.submitted.extend.ExtendTest.org.apache.ibatis.submitted.extend.ExtendTest
Reflector.java,org.apache.ibatis.reflection.Reflector,org.pitest.mutationtest.engine.gregor.mutators.RemoveConditionalMutator_EQUAL_ELSE,addFields,267,KILLED,org.apache.ibatis.submitted.extend.ExtendTest.org.apache.ibatis.submitted.extend.ExtendTest
Reflector.java,org.apache.ibatis.reflection.Reflector,org.pitest.mutationtest.engine.gregor.mutators.RemoveConditionalMutator_EQUAL_ELSE,addFields,268,KILLED,org.apache.ibatis.submitted.extend.ExtendTest.org.apache.ibatis.submitted.extend.ExtendTest
Reflector.java,org.apache.ibatis.reflection.Reflector,org.pitest.mutationtest.engine.gregor.mutators.RemoveConditionalMutator_EQUAL_ELSE,addFields,273,KILLED,org.apache.ibatis.submitted.extend.ExtendTest.org.apache.ibatis.submitted.extend.ExtendTest
Reflector.java,org.apache.ibatis.reflection.Reflector,org.pitest.mutationtest.engine.gregor.mutators.RemoveConditionalMutator_EQUAL_ELSE,addFields,273,KILLED,org.apache.ibatis.submitted.extend.ExtendTest.org.apache.ibatis.submitted.extend.ExtendTest
Reflector.java,org.apache.ibatis.reflection.Reflector,org.pitest.mutationtest.engine.gregor.mutators.RemoveConditionalMutator_EQUAL_ELSE,addFields,277,KILLED,org.apache.ibatis.submitted.extend.ExtendTest.org.apache.ibatis.submitted.extend.ExtendTest
Reflector.java,org.apache.ibatis.reflection.Reflector,org.pitest.mutationtest.engine.gregor.mutators.RemoveConditionalMutator_EQUAL_ELSE,addFields,282,KILLED,org.apache.ibatis.submitted.extend.ExtendTest.org.apache.ibatis.submitted.extend.ExtendTest
Reflector.java,org.apache.ibatis.reflection.Reflector,org.pitest.mutationtest.engine.gregor.mutators.RemoveConditionalMutator_EQUAL_IF,addFields,260,KILLED,org.apache.ibatis.submitted.extend.ExtendTest.org.apache.ibatis.submitted.extend.ExtendTest
Reflector.java,org.apache.ibatis.reflection.Reflector,org.pitest.mutationtest.engine.gregor.mutators.RemoveConditionalMutator_EQUAL_IF,addFields,267,KILLED,org.apache.ibatis.submitted.extend.ExtendTest.org.apache.ibatis.submitted.extend.ExtendTest
Reflector.java,org.apache.ibatis.reflection.Reflector,org.pitest.mutationtest.engine.gregor.mutators.RemoveConditionalMutator_EQUAL_IF,addFields,268,KILLED,org.apache.ibatis.submitted.extend.ExtendTest.org.apache.ibatis.submitted.extend.ExtendTest
Reflector.java,org.apache.ibatis.reflection.Reflector,org.pitest.mutationtest.engine.gregor.mutators.RemoveConditionalMutator_EQUAL_IF,addFields,273,KILLED,org.apache.ibatis.submitted.extend.ExtendTest.org.apache.ibatis.submitted.extend.ExtendTest
Reflector.java,org.apache.ibatis.reflection.Reflector,org.pitest.mutationtest.engine.gregor.mutators.RemoveConditionalMutator_EQUAL_IF,addFields,273,KILLED,org.apache.ibatis.submitted.extend.ExtendTest.org.apache.ibatis.submitted.extend.ExtendTest
Reflector.java,org.apache.ibatis.reflection.Reflector,org.pitest.mutationtest.engine.gregor.mutators.RemoveConditionalMutator_EQUAL_IF,addFields,277,KILLED,org.apache.ibatis.submitted.extend.ExtendTest.org.apache.ibatis.submitted.extend.ExtendTest
Reflector.java,org.apache.ibatis.reflection.Reflector,org.pitest.mutationtest.engine.gregor.mutators.RemoveConditionalMutator_EQUAL_IF,addFields,282,KILLED,org.apache.ibatis.submitted.extend.ExtendTest.org.apache.ibatis.submitted.extend.ExtendTest
Reflector.java,org.apache.ibatis.reflection.Reflector,org.pitest.mutationtest.engine.gregor.mutators.RemoveConditionalMutator_ORDER_ELSE,addFields,259,KILLED,org.apache.ibatis.submitted.extend.ExtendTest.org.apache.ibatis.submitted.extend.ExtendTest
Reflector.java,org.apache.ibatis.reflection.Reflector,org.pitest.mutationtest.engine.gregor.mutators.RemoveConditionalMutator_ORDER_IF,addFields,259,KILLED,org.apache.ibatis.submitted.extend.ExtendTest.org.apache.ibatis.submitted.extend.ExtendTest
Reflector.java,org.apache.ibatis.reflection.Reflector,org.pitest.mutationtest.engine.gregor.mutators.VoidMethodCallMutator,addFields,274,KILLED,org.apache.ibatis.submitted.extend.ExtendTest.org.apache.ibatis.submitted.extend.ExtendTest
Reflector.java,org.apache.ibatis.reflection.Reflector,org.pitest.mutationtest.engine.gregor.mutators.VoidMethodCallMutator,addFields,278,KILLED,org.apache.ibatis.submitted.extend.ExtendTest.org.apache.ibatis.submitted.extend.ExtendTest
Reflector.java,org.apache.ibatis.reflection.Reflector,org.pitest.mutationtest.engine.gregor.mutators.VoidMethodCallMutator,addFields,283,KILLED,org.apache.ibatis.submitted.extend.ExtendTest.org.apache.ibatis.submitted.extend.ExtendTest
Reflector.java,org.apache.ibatis.reflection.Reflector,org.pitest.mutationtest.engine.gregor.mutators.ArgumentPropagationMutator,addGetField,297,KILLED,org.apache.ibatis.submitted.extend.ExtendTest.org.apache.ibatis.submitted.extend.ExtendTest
Reflector.java,org.apache.ibatis.reflection.Reflector,org.pitest.mutationtest.engine.gregor.mutators.ArgumentPropagationMutator,addGetField,298,KILLED,org.apache.ibatis.submitted.extend.ExtendTest.org.apache.ibatis.submitted.extend.ExtendTest
Reflector.java,org.apache.ibatis.reflection.Reflector,org.pitest.mutationtest.engine.gregor.mutators.ArgumentPropagationMutator,addGetField,299,KILLED,org.apache.ibatis.submitted.extend.ExtendTest.org.apache.ibatis.submitted.extend.ExtendTest
Reflector.java,org.apache.ibatis.reflection.Reflector,org.pitest.mutationtest.engine.gregor.mutators.ConstructorCallMutator,addGetField,297,KILLED,org.apache.ibatis.submitted.extend.ExtendTest.org.apache.ibatis.submitted.extend.ExtendTest
Reflector.java,org.apache.ibatis.reflection.Reflector,org.pitest.mutationtest.engine.gregor.mutators.NegateConditionalsMutator,addGetField,296,KILLED,org.apache.ibatis.submitted.extend.ExtendTest.org.apache.ibatis.submitted.extend.ExtendTest
Reflector.java,org.apache.ibatis.reflection.Reflector,org.pitest.mutationtest.engine.gregor.mutators.NonVoidMethodCallMutator,addGetField,296,KILLED,org.apache.ibatis.submitted.extend.ExtendTest.org.apache.ibatis.submitted.extend.ExtendTest
Reflector.java,org.apache.ibatis.reflection.Reflector,org.pitest.mutationtest.engine.gregor.mutators.NonVoidMethodCallMutator,addGetField,296,KILLED,org.apache.ibatis.submitted.extend.ExtendTest.org.apache.ibatis.submitted.extend.ExtendTest
Reflector.java,org.apache.ibatis.reflection.Reflector,org.pitest.mutationtest.engine.gregor.mutators.NonVoidMethodCallMutator,addGetField,297,KILLED,org.apache.ibatis.submitted.extend.ExtendTest.org.apache.ibatis.submitted.extend.ExtendTest
Reflector.java,org.apache.ibatis.reflection.Reflector,org.pitest.mutationtest.engine.gregor.mutators.NonVoidMethodCallMutator,addGetField,297,KILLED,org.apache.ibatis.submitted.extend.ExtendTest.org.apache.ibatis.submitted.extend.ExtendTest
Reflector.java,org.apache.ibatis.reflection.Reflector,org.pitest.mutationtest.engine.gregor.mutators.NonVoidMethodCallMutator,addGetField,298,KILLED,org.apache.ibatis.submitted.extend.ExtendTest.org.apache.ibatis.submitted.extend.ExtendTest
Reflector.java,org.apache.ibatis.reflection.Reflector,org.pitest.mutationtest.engine.gregor.mutators.NonVoidMethodCallMutator,addGetField,299,KILLED,org.apache.ibatis.submitted.extend.ExtendTest.org.apache.ibatis.submitted.extend.ExtendTest
Reflector.java,org.apache.ibatis.reflection.Reflector,org.pitest.mutationtest.engine.gregor.mutators.NonVoidMethodCallMutator,addGetField,299,KILLED,org.apache.ibatis.submitted.extend.ExtendTest.org.apache.ibatis.submitted.extend.ExtendTest
Reflector.java,org.apache.ibatis.reflection.Reflector,org.pitest.mutationtest.engine.gregor.mutators.NonVoidMethodCallMutator,addGetField,299,KILLED,org.apache.ibatis.submitted.extend.ExtendTest.org.apache.ibatis.submitted.extend.ExtendTest
Reflector.java,org.apache.ibatis.reflection.Reflector,org.pitest.mutationtest.engine.gregor.mutators.RemoveConditionalMutator_EQUAL_ELSE,addGetField,296,KILLED,org.apache.ibatis.submitted.extend.ExtendTest.org.apache.ibatis.submitted.extend.ExtendTest
Reflector.java,org.apache.ibatis.reflection.Reflector,org.pitest.mutationtest.engine.gregor.mutators.RemoveConditionalMutator_EQUAL_IF,addGetField,296,KILLED,org.apache.ibatis.submitted.extend.ExtendTest.org.apache.ibatis.submitted.extend.ExtendTest
Reflector.java,org.apache.ibatis.reflection.Reflector,org.pitest.mutationtest.engine.gregor.mutators.ArgumentPropagationMutator,addGetMethod,151,KILLED,org.apache.ibatis.submitted.extend.ExtendTest.org.apache.ibatis.submitted.extend.ExtendTest
Reflector.java,org.apache.ibatis.reflection.Reflector,org.pitest.mutationtest.engine.gregor.mutators.ArgumentPropagationMutator,addGetMethod,152,KILLED,org.apache.ibatis.submitted.extend.ExtendTest.org.apache.ibatis.submitted.extend.ExtendTest
Reflector.java,org.apache.ibatis.reflection.Reflector,org.pitest.mutationtest.engine.gregor.mutators.ArgumentPropagationMutator,addGetMethod,153,KILLED,org.apache.ibatis.submitted.extend.ExtendTest.org.apache.ibatis.submitted.extend.ExtendTest
Reflector.java,org.apache.ibatis.reflection.Reflector,org.pitest.mutationtest.engine.gregor.mutators.ConstructorCallMutator,addGetMethod,151,KILLED,org.apache.ibatis.submitted.extend.ExtendTest.org.apache.ibatis.submitted.extend.ExtendTest
Reflector.java,org.apache.ibatis.reflection.Reflector,org.pitest.mutationtest.engine.gregor.mutators.NegateConditionalsMutator,addGetMethod,150,KILLED,org.apache.ibatis.submitted.extend.ExtendTest.org.apache.ibatis.submitted.extend.ExtendTest
Reflector.java,org.apache.ibatis.reflection.Reflector,org.pitest.mutationtest.engine.gregor.mutators.NonVoidMethodCallMutator,addGetMethod,150,KILLED,org.apache.ibatis.submitted.extend.ExtendTest.org.apache.ibatis.submitted.extend.ExtendTest
Reflector.java,org.apache.ibatis.reflection.Reflector,org.pitest.mutationtest.engine.gregor.mutators.NonVoidMethodCallMutator,addGetMethod,151,KILLED,org.apache.ibatis.submitted.extend.ExtendTest.org.apache.ibatis.submitted.extend.ExtendTest
Reflector.java,org.apache.ibatis.reflection.Reflector,org.pitest.mutationtest.engine.gregor.mutators.NonVoidMethodCallMutator,addGetMethod,152,KILLED,org.apache.ibatis.submitted.extend.ExtendTest.org.apache.ibatis.submitted.extend.ExtendTest
Reflector.java,org.apache.ibatis.reflection.Reflector,org.pitest.mutationtest.engine.gregor.mutators.NonVoidMethodCallMutator,addGetMethod,153,KILLED,org.apache.ibatis.submitted.extend.ExtendTest.org.apache.ibatis.submitted.extend.ExtendTest
Reflector.java,org.apache.ibatis.reflection.Reflector,org.pitest.mutationtest.engine.gregor.mutators.NonVoidMethodCallMutator,addGetMethod,153,KILLED,org.apache.ibatis.submitted.extend.ExtendTest.org.apache.ibatis.submitted.extend.ExtendTest
Reflector.java,org.apache.ibatis.reflection.Reflector,org.pitest.mutationtest.engine.gregor.mutators.RemoveConditionalMutator_EQUAL_ELSE,addGetMethod,150,KILLED,org.apache.ibatis.submitted.extend.ExtendTest.org.apache.ibatis.submitted.extend.ExtendTest
Reflector.java,org.apache.ibatis.reflection.Reflector,org.pitest.mutationtest.engine.gregor.mutators.RemoveConditionalMutator_EQUAL_IF,addGetMethod,150,KILLED,org.apache.ibatis.submitted.extend.ExtendTest.org.apache.ibatis.submitted.extend.ExtendTest
Reflector.java,org.apache.ibatis.reflection.Reflector,org.pitest.mutationtest.engine.gregor.mutators.ArgumentPropagationMutator,addGetMethods,103,KILLED,org.apache.ibatis.submitted.extend.ExtendTest.org.apache.ibatis.submitted.extend.ExtendTest
Reflector.java,org.apache.ibatis.reflection.Reflector,org.pitest.mutationtest.engine.gregor.mutators.ArgumentPropagationMutator,addGetMethods,108,KILLED,org.apache.ibatis.submitted.extend.ExtendTest.org.apache.ibatis.submitted.extend.ExtendTest
Reflector.java,org.apache.ibatis.reflection.Reflector,org.pitest.mutationtest.engine.gregor.mutators.ConditionalsBoundaryMutator,addGetMethods,99,KILLED,org.apache.ibatis.submitted.extend.ExtendTest.org.apache.ibatis.submitted.extend.ExtendTest
Reflector.java,org.apache.ibatis.reflection.Reflector,org.pitest.mutationtest.engine.gregor.mutators.ConditionalsBoundaryMutator,addGetMethods,101,KILLED,org.apache.ibatis.submitted.extend.ExtendTest.org.apache.ibatis.submitted.extend.ExtendTest
Reflector.java,org.apache.ibatis.reflection.Reflector,org.pitest.mutationtest.engine.gregor.mutators.ConditionalsBoundaryMutator,addGetMethods,106,KILLED,org.apache.ibatis.submitted.extend.ExtendTest.org.apache.ibatis.submitted.extend.ExtendTest
Reflector.java,org.apache.ibatis.reflection.Reflector,org.pitest.mutationtest.engine.gregor.mutators.ConstructorCallMutator,addGetMethods,97,KILLED,org.apache.ibatis.submitted.extend.ExtendTest.org.apache.ibatis.submitted.extend.ExtendTest
Reflector.java,org.apache.ibatis.reflection.Reflector,org.pitest.mutationtest.engine.gregor.mutators.IncrementsMutator,addGetMethods,99,KILLED,org.apache.ibatis.submitted.extend.ExtendTest.org.apache.ibatis.submitted.extend.ExtendTest
Reflector.java,org.apache.ibatis.reflection.Reflector,org.pitest.mutationtest.engine.gregor.mutators.InlineConstantMutator,addGetMethods,99,KILLED,org.apache.ibatis.submitted.extend.ExtendTest.org.apache.ibatis.submitted.extend.ExtendTest
Reflector.java,org.apache.ibatis.reflection.Reflector,org.pitest.mutationtest.engine.gregor.mutators.InlineConstantMutator,addGetMethods,101,KILLED,org.apache.ibatis.submitted.extend.ExtendTest.org.apache.ibatis.submitted.extend.ExtendTest
Reflector.java,org.apache.ibatis.reflection.Reflector,org.pitest.mutationtest.engine.gregor.mutators.InlineConstantMutator,addGetMethods,106,KILLED,org.apache.ibatis.submitted.extend.ExtendTest.org.apache.ibatis.submitted.extend.ExtendTest
Reflector.java,org.apache.ibatis.reflection.Reflector,org.pitest.mutationtest.engine.gregor.mutators.NegateConditionalsMutator,addGetMethods,99,KILLED,org.apache.ibatis.submitted.extend.ExtendTest.org.apache.ibatis.submitted.extend.ExtendTest
Reflector.java,org.apache.ibatis.reflection.Reflector,org.pitest.mutationtest.engine.gregor.mutators.NegateConditionalsMutator,addGetMethods,101,KILLED,org.apache.ibatis.submitted.extend.ExtendTest.org.apache.ibatis.submitted.extend.ExtendTest
Reflector.java,org.apache.ibatis.reflection.Reflector,org.pitest.mutationtest.engine.gregor.mutators.NegateConditionalsMutator,addGetMethods,101,KILLED,org.apache.ibatis.submitted.extend.ExtendTest.org.apache.ibatis.submitted.extend.ExtendTest
Reflector.java,org.apache.ibatis.reflection.Reflector,org.pitest.mutationtest.engine.gregor.mutators.NegateConditionalsMutator,addGetMethods,102,KILLED,org.apache.ibatis.submitted.extend.ExtendTest.org.apache.ibatis.submitted.extend.ExtendTest
Reflector.java,org.apache.ibatis.reflection.Reflector,org.pitest.mutationtest.engine.gregor.mutators.NegateConditionalsMutator,addGetMethods,106,KILLED,org.apache.ibatis.submitted.extend.ExtendTest.org.apache.ibatis.submitted.extend.ExtendTest
Reflector.java,org.apache.ibatis.reflection.Reflector,org.pitest.mutationtest.engine.gregor.mutators.NegateConditionalsMutator,addGetMethods,106,KILLED,org.apache.ibatis.submitted.extend.ExtendTest.org.apache.ibatis.submitted.extend.ExtendTest
Reflector.java,org.apache.ibatis.reflection.Reflector,org.pitest.mutationtest.engine.gregor.mutators.NegateConditionalsMutator,addGetMethods,107,KILLED,org.apache.ibatis.submitted.extend.ExtendTest.org.apache.ibatis.submitted.extend.ExtendTest
Reflector.java,org.apache.ibatis.reflection.Reflector,org.pitest.mutationtest.engine.gregor.mutators.NonVoidMethodCallMutator,addGetMethods,98,KILLED,org.apache.ibatis.submitted.extend.ExtendTest.org.apache.ibatis.submitted.extend.ExtendTest
Reflector.java,org.apache.ibatis.reflection.Reflector,org.pitest.mutationtest.engine.gregor.mutators.NonVoidMethodCallMutator,addGetMethods,100,KILLED,org.apache.ibatis.submitted.extend.ExtendTest.org.apache.ibatis.submitted.extend.ExtendTest
Reflector.java,org.apache.ibatis.reflection.Reflector,org.pitest.mutationtest.engine.gregor.mutators.NonVoidMethodCallMutator,addGetMethods,101,KILLED,org.apache.ibatis.submitted.extend.ExtendTest.org.apache.ibatis.submitted.extend.ExtendTest
Reflector.java,org.apache.ibatis.reflection.Reflector,org.pitest.mutationtest.engine.gregor.mutators.NonVoidMethodCallMutator,addGetMethods,101,KILLED,org.apache.ibatis.submitted.extend.ExtendTest.org.apache.ibatis.submitted.extend.ExtendTest
Reflector.java,org.apache.ibatis.reflection.Reflector,org.pitest.mutationtest.engine.gregor.mutators.NonVoidMethodCallMutator,addGetMethods,103,KILLED,org.apache.ibatis.submitted.extend.ExtendTest.org.apache.ibatis.submitted.extend.ExtendTest
Reflector.java,org.apache.ibatis.reflection.Reflector,org.pitest.mutationtest.engine.gregor.mutators.NonVoidMethodCallMutator,addGetMethods,106,KILLED,org.apache.ibatis.submitted.extend.ExtendTest.org.apache.ibatis.submitted.extend.ExtendTest
Reflector.java,org.apache.ibatis.reflection.Reflector,org.pitest.mutationtest.engine.gregor.mutators.NonVoidMethodCallMutator,addGetMethods,106,KILLED,org.apache.ibatis.submitted.extend.ExtendTest.org.apache.ibatis.submitted.extend.ExtendTest
Reflector.java,org.apache.ibatis.reflection.Reflector,org.pitest.mutationtest.engine.gregor.mutators.NonVoidMethodCallMutator,addGetMethods,107,KILLED,org.apache.ibatis.submitted.extend.ExtendTest.org.apache.ibatis.submitted.extend.ExtendTest
Reflector.java,org.apache.ibatis.reflection.Reflector,org.pitest.mutationtest.engine.gregor.mutators.NonVoidMethodCallMutator,addGetMethods,108,KILLED,org.apache.ibatis.submitted.extend.ExtendTest.org.apache.ibatis.submitted.extend.ExtendTest
Reflector.java,org.apache.ibatis.reflection.Reflector,org.pitest.mutationtest.engine.gregor.mutators.RemoveConditionalMutator_EQUAL_ELSE,addGetMethods,101,KILLED,org.apache.ibatis.submitted.extend.ExtendTest.org.apache.ibatis.submitted.extend.ExtendTest
Reflector.java,org.apache.ibatis.reflection.Reflector,org.pitest.mutationtest.engine.gregor.mutators.RemoveConditionalMutator_EQUAL_ELSE,addGetMethods,102,KILLED,org.apache.ibatis.submitted.extend.ExtendTest.org.apache.ibatis.submitted.extend.ExtendTest
Reflector.java,org.apache.ibatis.reflection.Reflector,org.pitest.mutationtest.engine.gregor.mutators.RemoveConditionalMutator_EQUAL_ELSE,addGetMethods,106,KILLED,org.apache.ibatis.submitted.extend.ExtendTest.org.apache.ibatis.submitted.extend.ExtendTest
Reflector.java,org.apache.ibatis.reflection.Reflector,org.pitest.mutationtest.engine.gregor.mutators.RemoveConditionalMutator_EQUAL_ELSE,addGetMethods,107,KILLED,org.apache.ibatis.submitted.extend.ExtendTest.org.apache.ibatis.submitted.extend.ExtendTest
Reflector.java,org.apache.ibatis.reflection.Reflector,org.pitest.mutationtest.engine.gregor.mutators.RemoveConditionalMutator_EQUAL_IF,addGetMethods,101,KILLED,org.apache.ibatis.submitted.extend.ExtendTest.org.apache.ibatis.submitted.extend.ExtendTest
Reflector.java,org.apache.ibatis.reflection.Reflector,org.pitest.mutationtest.engine.gregor.mutators.RemoveConditionalMutator_EQUAL_IF,addGetMethods,102,KILLED,org.apache.ibatis.submitted.extend.ExtendTest.org.apache.ibatis.submitted.extend.ExtendTest
Reflector.java,org.apache.ibatis.reflection.Reflector,org.pitest.mutationtest.engine.gregor.mutators.RemoveConditionalMutator_EQUAL_IF,addGetMethods,106,KILLED,org.apache.ibatis.submitted.extend.ExtendTest.org.apache.ibatis.submitted.extend.ExtendTest
Reflector.java,org.apache.ibatis.reflection.Reflector,org.pitest.mutationtest.engine.gregor.mutators.RemoveConditionalMutator_EQUAL_IF,addGetMethods,107,KILLED,org.apache.ibatis.submitted.extend.ExtendTest.org.apache.ibatis.submitted.extend.ExtendTest
Reflector.java,org.apache.ibatis.reflection.Reflector,org.pitest.mutationtest.engine.gregor.mutators.RemoveConditionalMutator_ORDER_ELSE,addGetMethods,99,KILLED,org.apache.ibatis.submitted.extend.ExtendTest.org.apache.ibatis.submitted.extend.ExtendTest
Reflector.java,org.apache.ibatis.reflection.Reflector,org.pitest.mutationtest.engine.gregor.mutators.RemoveConditionalMutator_ORDER_ELSE,addGetMethods,101,KILLED,org.apache.ibatis.submitted.extend.ExtendTest.org.apache.ibatis.submitted.extend.ExtendTest
Reflector.java,org.apache.ibatis.reflection.Reflector,org.pitest.mutationtest.engine.gregor.mutators.RemoveConditionalMutator_ORDER_ELSE,addGetMethods,106,KILLED,org.apache.ibatis.submitted.extend.ExtendTest.org.apache.ibatis.submitted.extend.ExtendTest
Reflector.java,org.apache.ibatis.reflection.Reflector,org.pitest.mutationtest.engine.gregor.mutators.RemoveConditionalMutator_ORDER_IF,addGetMethods,99,KILLED,org.apache.ibatis.submitted.extend.ExtendTest.org.apache.ibatis.submitted.extend.ExtendTest
Reflector.java,org.apache.ibatis.reflection.Reflector,org.pitest.mutationtest.engine.gregor.mutators.RemoveConditionalMutator_ORDER_IF,addGetMethods,101,KILLED,org.apache.ibatis.submitted.extend.ExtendTest.org.apache.ibatis.submitted.extend.ExtendTest
Reflector.java,org.apache.ibatis.reflection.Reflector,org.pitest.mutationtest.engine.gregor.mutators.RemoveConditionalMutator_ORDER_IF,addGetMethods,106,KILLED,org.apache.ibatis.submitted.extend.ExtendTest.org.apache.ibatis.submitted.extend.ExtendTest
Reflector.java,org.apache.ibatis.reflection.Reflector,org.pitest.mutationtest.engine.gregor.mutators.VoidMethodCallMutator,addGetMethods,104,KILLED,org.apache.ibatis.submitted.extend.ExtendTest.org.apache.ibatis.submitted.extend.ExtendTest
Reflector.java,org.apache.ibatis.reflection.Reflector,org.pitest.mutationtest.engine.gregor.mutators.VoidMethodCallMutator,addGetMethods,109,KILLED,org.apache.ibatis.submitted.extend.ExtendTest.org.apache.ibatis.submitted.extend.ExtendTest
Reflector.java,org.apache.ibatis.reflection.Reflector,org.pitest.mutationtest.engine.gregor.mutators.VoidMethodCallMutator,addGetMethods,113,KILLED,org.apache.ibatis.submitted.extend.ExtendTest.org.apache.ibatis.submitted.extend.ExtendTest
Reflector.java,org.apache.ibatis.reflection.Reflector,org.pitest.mutationtest.engine.gregor.mutators.ArgumentPropagationMutator,addMethodConflict,173,KILLED,org.apache.ibatis.submitted.extend.ExtendTest.org.apache.ibatis.submitted.extend.ExtendTest
Reflector.java,org.apache.ibatis.reflection.Reflector,org.pitest.mutationtest.engine.gregor.mutators.ArgumentPropagationMutator,addMethodConflict,176,KILLED,org.apache.ibatis.submitted.extend.ExtendTest.org.apache.ibatis.submitted.extend.ExtendTest
Reflector.java,org.apache.ibatis.reflection.Reflector,org.pitest.mutationtest.engine.gregor.mutators.ConstructorCallMutator,addMethodConflict,175,KILLED,org.apache.ibatis.submitted.extend.ExtendTest.org.apache.ibatis.submitted.extend.ExtendTest
Reflector.java,org.apache.ibatis.reflection.Reflector,org.pitest.mutationtest.engine.gregor.mutators.NegateConditionalsMutator,addMethodConflict,174,KILLED,org.apache.ibatis.submitted.extend.ExtendTest.org.apache.ibatis.submitted.extend.ExtendTest
Reflector.java,org.apache.ibatis.reflection.Reflector,org.pitest.mutationtest.engine.gregor.mutators.NonVoidMethodCallMutator,addMethodConflict,173,KILLED,org.apache.ibatis.submitted.extend.ExtendTest.org.apache.ibatis.submitted.extend.ExtendTest
Reflector.java,org.apache.ibatis.reflection.Reflector,org.pitest.mutationtest.engine.gregor.mutators.NonVoidMethodCallMutator,addMethodConflict,176,KILLED,org.apache.ibatis.submitted.extend.ExtendTest.org.apache.ibatis.submitted.extend.ExtendTest
Reflector.java,org.apache.ibatis.reflection.Reflector,org.pitest.mutationtest.engine.gregor.mutators.NonVoidMethodCallMutator,addMethodConflict,178,KILLED,org.apache.ibatis.submitted.extend.ExtendTest.org.apache.ibatis.submitted.extend.ExtendTest
Reflector.java,org.apache.ibatis.reflection.Reflector,org.pitest.mutationtest.engine.gregor.mutators.RemoveConditionalMutator_EQUAL_ELSE,addMethodConflict,174,KILLED,org.apache.ibatis.submitted.extend.ExtendTest.org.apache.ibatis.submitted.extend.ExtendTest
Reflector.java,org.apache.ibatis.reflection.Reflector,org.pitest.mutationtest.engine.gregor.mutators.RemoveConditionalMutator_EQUAL_IF,addMethodConflict,174,KILLED,org.apache.ibatis.submitted.extend.ExtendTest.org.apache.ibatis.submitted.extend.ExtendTest
Reflector.java,org.apache.ibatis.reflection.Reflector,org.pitest.mutationtest.engine.gregor.mutators.ArgumentPropagationMutator,addSetField,289,KILLED,org.apache.ibatis.submitted.extend.ExtendTest.org.apache.ibatis.submitted.extend.ExtendTest
Reflector.java,org.apache.ibatis.reflection.Reflector,org.pitest.mutationtest.engine.gregor.mutators.ArgumentPropagationMutator,addSetField,290,KILLED,org.apache.ibatis.submitted.extend.ExtendTest.org.apache.ibatis.submitted.extend.ExtendTest
Reflector.java,org.apache.ibatis.reflection.Reflector,org.pitest.mutationtest.engine.gregor.mutators.ArgumentPropagationMutator,addSetField,291,KILLED,org.apache.ibatis.submitted.extend.ExtendTest.org.apache.ibatis.submitted.extend.ExtendTest
Reflector.java,org.apache.ibatis.reflection.Reflector,org.pitest.mutationtest.engine.gregor.mutators.ConstructorCallMutator,addSetField,289,KILLED,org.apache.ibatis.submitted.extend.ExtendTest.org.apache.ibatis.submitted.extend.ExtendTest
Reflector.java,org.apache.ibatis.reflection.Reflector,org.pitest.mutationtest.engine.gregor.mutators.NegateConditionalsMutator,addSetField,288,KILLED,org.apache.ibatis.submitted.extend.ExtendTest.org.apache.ibatis.submitted.extend.ExtendTest
Reflector.java,org.apache.ibatis.reflection.Reflector,org.pitest.mutationtest.engine.gregor.mutators.NonVoidMethodCallMutator,addSetField,288,KILLED,org.apache.ibatis.submitted.extend.ExtendTest.org.apache.ibatis.submitted.extend.ExtendTest
Reflector.java,org.apache.ibatis.reflection.Reflector,org.pitest.mutationtest.engine.gregor.mutators.NonVoidMethodCallMutator,addSetField,288,KILLED,org.apache.ibatis.submitted.extend.ExtendTest.org.apache.ibatis.submitted.extend.ExtendTest
Reflector.java,org.apache.ibatis.reflection.Reflector,org.pitest.mutationtest.engine.gregor.mutators.NonVoidMethodCallMutator,addSetField,289,KILLED,org.apache.ibatis.submitted.extend.ExtendTest.org.apache.ibatis.submitted.extend.ExtendTest
Reflector.java,org.apache.ibatis.reflection.Reflector,org.pitest.mutationtest.engine.gregor.mutators.NonVoidMethodCallMutator,addSetField,289,KILLED,org.apache.ibatis.submitted.extend.ExtendTest.org.apache.ibatis.submitted.extend.ExtendTest
Reflector.java,org.apache.ibatis.reflection.Reflector,org.pitest.mutationtest.engine.gregor.mutators.NonVoidMethodCallMutator,addSetField,290,KILLED,org.apache.ibatis.submitted.extend.ExtendTest.org.apache.ibatis.submitted.extend.ExtendTest
Reflector.java,org.apache.ibatis.reflection.Reflector,org.pitest.mutationtest.engine.gregor.mutators.NonVoidMethodCallMutator,addSetField,291,KILLED,org.apache.ibatis.submitted.extend.ExtendTest.org.apache.ibatis.submitted.extend.ExtendTest
Reflector.java,org.apache.ibatis.reflection.Reflector,org.pitest.mutationtest.engine.gregor.mutators.NonVoidMethodCallMutator,addSetField,291,KILLED,org.apache.ibatis.submitted.extend.ExtendTest.org.apache.ibatis.submitted.extend.ExtendTest
Reflector.java,org.apache.ibatis.reflection.Reflector,org.pitest.mutationtest.engine.gregor.mutators.NonVoidMethodCallMutator,addSetField,291,KILLED,org.apache.ibatis.submitted.extend.ExtendTest.org.apache.ibatis.submitted.extend.ExtendTest
Reflector.java,org.apache.ibatis.reflection.Reflector,org.pitest.mutationtest.engine.gregor.mutators.RemoveConditionalMutator_EQUAL_ELSE,addSetField,288,KILLED,org.apache.ibatis.submitted.extend.ExtendTest.org.apache.ibatis.submitted.extend.ExtendTest
Reflector.java,org.apache.ibatis.reflection.Reflector,org.pitest.mutationtest.engine.gregor.mutators.RemoveConditionalMutator_EQUAL_IF,addSetField,288,KILLED,org.apache.ibatis.submitted.extend.ExtendTest.org.apache.ibatis.submitted.extend.ExtendTest
Reflector.java,org.apache.ibatis.reflection.Reflector,org.pitest.mutationtest.engine.gregor.mutators.ArgumentPropagationMutator,addSetMethod,230,KILLED,org.apache.ibatis.submitted.extend.ExtendTest.org.apache.ibatis.submitted.extend.ExtendTest
Reflector.java,org.apache.ibatis.reflection.Reflector,org.pitest.mutationtest.engine.gregor.mutators.ArgumentPropagationMutator,addSetMethod,232,KILLED,org.apache.ibatis.submitted.extend.ExtendTest.org.apache.ibatis.submitted.extend.ExtendTest
Reflector.java,org.apache.ibatis.reflection.Reflector,org.pitest.mutationtest.engine.gregor.mutators.ConstructorCallMutator,addSetMethod,230,KILLED,org.apache.ibatis.submitted.extend.ExtendTest.org.apache.ibatis.submitted.extend.ExtendTest
Reflector.java,org.apache.ibatis.reflection.Reflector,org.pitest.mutationtest.engine.gregor.mutators.InlineConstantMutator,addSetMethod,232,KILLED,org.apache.ibatis.submitted.extend.ExtendTest.org.apache.ibatis.submitted.extend.ExtendTest
Reflector.java,org.apache.ibatis.reflection.Reflector,org.pitest.mutationtest.engine.gregor.mutators.NegateConditionalsMutator,addSetMethod,229,KILLED,org.apache.ibatis.submitted.extend.ExtendTest.org.apache.ibatis.submitted.extend.ExtendTest
Reflector.java,org.apache.ibatis.reflection.Reflector,org.pitest.mutationtest.engine.gregor.mutators.NonVoidMethodCallMutator,addSetMethod,229,KILLED,org.apache.ibatis.submitted.extend.ExtendTest.org.apache.ibatis.submitted.extend.ExtendTest
Reflector.java,org.apache.ibatis.reflection.Reflector,org.pitest.mutationtest.engine.gregor.mutators.NonVoidMethodCallMutator,addSetMethod,230,KILLED,org.apache.ibatis.submitted.extend.ExtendTest.org.apache.ibatis.submitted.extend.ExtendTest
Reflector.java,org.apache.ibatis.reflection.Reflector,org.pitest.mutationtest.engine.gregor.mutators.NonVoidMethodCallMutator,addSetMethod,231,KILLED,org.apache.ibatis.submitted.extend.ExtendTest.org.apache.ibatis.submitted.extend.ExtendTest
Reflector.java,org.apache.ibatis.reflection.Reflector,org.pitest.mutationtest.engine.gregor.mutators.NonVoidMethodCallMutator,addSetMethod,232,KILLED,org.apache.ibatis.submitted.extend.ExtendTest.org.apache.ibatis.submitted.extend.ExtendTest
Reflector.java,org.apache.ibatis.reflection.Reflector,org.pitest.mutationtest.engine.gregor.mutators.NonVoidMethodCallMutator,addSetMethod,232,KILLED,org.apache.ibatis.submitted.extend.ExtendTest.org.apache.ibatis.submitted.extend.ExtendTest
Reflector.java,org.apache.ibatis.reflection.Reflector,org.pitest.mutationtest.engine.gregor.mutators.RemoveConditionalMutator_EQUAL_ELSE,addSetMethod,229,KILLED,org.apache.ibatis.submitted.extend.ExtendTest.org.apache.ibatis.submitted.extend.ExtendTest
Reflector.java,org.apache.ibatis.reflection.Reflector,org.pitest.mutationtest.engine.gregor.mutators.RemoveConditionalMutator_EQUAL_IF,addSetMethod,229,KILLED,org.apache.ibatis.submitted.extend.ExtendTest.org.apache.ibatis.submitted.extend.ExtendTest
Reflector.java,org.apache.ibatis.reflection.Reflector,org.pitest.mutationtest.engine.gregor.mutators.ArgumentPropagationMutator,addSetMethods,164,KILLED,org.apache.ibatis.submitted.extend.ExtendTest.org.apache.ibatis.submitted.extend.ExtendTest
Reflector.java,org.apache.ibatis.reflection.Reflector,org.pitest.mutationtest.engine.gregor.mutators.ConditionalsBoundaryMutator,addSetMethods,160,KILLED,org.apache.ibatis.submitted.extend.ExtendTest.org.apache.ibatis.submitted.extend.ExtendTest
Reflector.java,org.apache.ibatis.reflection.Reflector,org.pitest.mutationtest.engine.gregor.mutators.ConditionalsBoundaryMutator,addSetMethods,162,KILLED,org.apache.ibatis.submitted.extend.ExtendTest.org.apache.ibatis.submitted.extend.ExtendTest
Reflector.java,org.apache.ibatis.reflection.Reflector,org.pitest.mutationtest.engine.gregor.mutators.ConstructorCallMutator,addSetMethods,158,KILLED,org.apache.ibatis.submitted.extend.ExtendTest.org.apache.ibatis.submitted.extend.ExtendTest
Reflector.java,org.apache.ibatis.reflection.Reflector,org.pitest.mutationtest.engine.gregor.mutators.IncrementsMutator,addSetMethods,160,KILLED,org.apache.ibatis.submitted.extend.ExtendTest.org.apache.ibatis.submitted.extend.ExtendTest
Reflector.java,org.apache.ibatis.reflection.Reflector,org.pitest.mutationtest.engine.gregor.mutators.InlineConstantMutator,addSetMethods,160,KILLED,org.apache.ibatis.submitted.extend.ExtendTest.org.apache.ibatis.submitted.extend.ExtendTest
Reflector.java,org.apache.ibatis.reflection.Reflector,org.pitest.mutationtest.engine.gregor.mutators.InlineConstantMutator,addSetMethods,162,KILLED,org.apache.ibatis.submitted.extend.ExtendTest.org.apache.ibatis.submitted.extend.ExtendTest
Reflector.java,org.apache.ibatis.reflection.Reflector,org.pitest.mutationtest.engine.gregor.mutators.InlineConstantMutator,addSetMethods,163,KILLED,org.apache.ibatis.submitted.extend.ExtendTest.org.apache.ibatis.submitted.extend.ExtendTest
Reflector.java,org.apache.ibatis.reflection.Reflector,org.pitest.mutationtest.engine.gregor.mutators.NegateConditionalsMutator,addSetMethods,160,KILLED,org.apache.ibatis.submitted.extend.ExtendTest.org.apache.ibatis.submitted.extend.ExtendTest
Reflector.java,org.apache.ibatis.reflection.Reflector,org.pitest.mutationtest.engine.gregor.mutators.NegateConditionalsMutator,addSetMethods,162,KILLED,org.apache.ibatis.submitted.extend.ExtendTest.org.apache.ibatis.submitted.extend.ExtendTest
Reflector.java,org.apache.ibatis.reflection.Reflector,org.pitest.mutationtest.engine.gregor.mutators.NegateConditionalsMutator,addSetMethods,162,KILLED,org.apache.ibatis.submitted.extend.ExtendTest.org.apache.ibatis.submitted.extend.ExtendTest
Reflector.java,org.apache.ibatis.reflection.Reflector,org.pitest.mutationtest.engine.gregor.mutators.NegateConditionalsMutator,addSetMethods,163,KILLED,org.apache.ibatis.submitted.extend.ExtendTest.org.apache.ibatis.submitted.extend.ExtendTest
Reflector.java,org.apache.ibatis.reflection.Reflector,org.pitest.mutationtest.engine.gregor.mutators.NonVoidMethodCallMutator,addSetMethods,159,KILLED,org.apache.ibatis.submitted.extend.ExtendTest.org.apache.ibatis.submitted.extend.ExtendTest
Reflector.java,org.apache.ibatis.reflection.Reflector,org.pitest.mutationtest.engine.gregor.mutators.NonVoidMethodCallMutator,addSetMethods,161,KILLED,org.apache.ibatis.submitted.extend.ExtendTest.org.apache.ibatis.submitted.extend.ExtendTest
Reflector.java,org.apache.ibatis.reflection.Reflector,org.pitest.mutationtest.engine.gregor.mutators.NonVoidMethodCallMutator,addSetMethods,162,KILLED,org.apache.ibatis.submitted.extend.ExtendTest.org.apache.ibatis.submitted.extend.ExtendTest
Reflector.java,org.apache.ibatis.reflection.Reflector,org.pitest.mutationtest.engine.gregor.mutators.NonVoidMethodCallMutator,addSetMethods,162,KILLED,org.apache.ibatis.submitted.extend.ExtendTest.org.apache.ibatis.submitted.extend.ExtendTest
Reflector.java,org.apache.ibatis.reflection.Reflector,org.pitest.mutationtest.engine.gregor.mutators.NonVoidMethodCallMutator,addSetMethods,163,KILLED,org.apache.ibatis.submitted.extend.ExtendTest.org.apache.ibatis.submitted.extend.ExtendTest
Reflector.java,org.apache.ibatis.reflection.Reflector,org.pitest.mutationtest.engine.gregor.mutators.NonVoidMethodCallMutator,addSetMethods,164,KILLED,org.apache.ibatis.submitted.extend.ExtendTest.org.apache.ibatis.submitted.extend.ExtendTest
Reflector.java,org.apache.ibatis.reflection.Reflector,org.pitest.mutationtest.engine.gregor.mutators.RemoveConditionalMutator_EQUAL_ELSE,addSetMethods,162,KILLED,org.apache.ibatis.submitted.extend.ExtendTest.org.apache.ibatis.submitted.extend.ExtendTest
Reflector.java,org.apache.ibatis.reflection.Reflector,org.pitest.mutationtest.engine.gregor.mutators.RemoveConditionalMutator_EQUAL_ELSE,addSetMethods,163,KILLED,org.apache.ibatis.submitted.extend.ExtendTest.org.apache.ibatis.submitted.extend.ExtendTest
Reflector.java,org.apache.ibatis.reflection.Reflector,org.pitest.mutationtest.engine.gregor.mutators.RemoveConditionalMutator_EQUAL_IF,addSetMethods,162,KILLED,org.apache.ibatis.submitted.extend.ExtendTest.org.apache.ibatis.submitted.extend.ExtendTest
Reflector.java,org.apache.ibatis.reflection.Reflector,org.pitest.mutationtest.engine.gregor.mutators.RemoveConditionalMutator_EQUAL_IF,addSetMethods,163,KILLED,org.apache.ibatis.submitted.extend.ExtendTest.org.apache.ibatis.submitted.extend.ExtendTest
Reflector.java,org.apache.ibatis.reflection.Reflector,org.pitest.mutationtest.engine.gregor.mutators.RemoveConditionalMutator_ORDER_ELSE,addSetMethods,160,KILLED,org.apache.ibatis.submitted.extend.ExtendTest.org.apache.ibatis.submitted.extend.ExtendTest
Reflector.java,org.apache.ibatis.reflection.Reflector,org.pitest.mutationtest.engine.gregor.mutators.RemoveConditionalMutator_ORDER_ELSE,addSetMethods,162,KILLED,org.apache.ibatis.submitted.extend.ExtendTest.org.apache.ibatis.submitted.extend.ExtendTest
Reflector.java,org.apache.ibatis.reflection.Reflector,org.pitest.mutationtest.engine.gregor.mutators.RemoveConditionalMutator_ORDER_IF,addSetMethods,160,KILLED,org.apache.ibatis.submitted.extend.ExtendTest.org.apache.ibatis.submitted.extend.ExtendTest
Reflector.java,org.apache.ibatis.reflection.Reflector,org.pitest.mutationtest.engine.gregor.mutators.RemoveConditionalMutator_ORDER_IF,addSetMethods,162,KILLED,org.apache.ibatis.submitted.extend.ExtendTest.org.apache.ibatis.submitted.extend.ExtendTest
Reflector.java,org.apache.ibatis.reflection.Reflector,org.pitest.mutationtest.engine.gregor.mutators.VoidMethodCallMutator,addSetMethods,165,KILLED,org.apache.ibatis.submitted.extend.ExtendTest.org.apache.ibatis.submitted.extend.ExtendTest
Reflector.java,org.apache.ibatis.reflection.Reflector,org.pitest.mutationtest.engine.gregor.mutators.VoidMethodCallMutator,addSetMethods,169,KILLED,org.apache.ibatis.submitted.extend.ExtendTest.org.apache.ibatis.submitted.extend.ExtendTest
Reflector.java,org.apache.ibatis.reflection.Reflector,org.pitest.mutationtest.engine.gregor.mutators.ArgumentPropagationMutator,addUniqueMethods,353,KILLED,org.apache.ibatis.submitted.extend.ExtendTest.org.apache.ibatis.submitted.extend.ExtendTest
Reflector.java,org.apache.ibatis.reflection.Reflector,org.pitest.mutationtest.engine.gregor.mutators.ConditionalsBoundaryMutator,addUniqueMethods,338,KILLED,org.apache.ibatis.submitted.extend.ExtendTest.org.apache.ibatis.submitted.extend.ExtendTest
Reflector.java,org.apache.ibatis.reflection.Reflector,org.pitest.mutationtest.engine.gregor.mutators.IncrementsMutator,addUniqueMethods,338,KILLED,org.apache.ibatis.submitted.extend.ExtendTest.org.apache.ibatis.submitted.extend.ExtendTest
Reflector.java,org.apache.ibatis.reflection.Reflector,org.pitest.mutationtest.engine.gregor.mutators.InlineConstantMutator,addUniqueMethods,338,KILLED,org.apache.ibatis.submitted.extend.ExtendTest.org.apache.ibatis.submitted.extend.ExtendTest
Reflector.java,org.apache.ibatis.reflection.Reflector,org.pitest.mutationtest.engine.gregor.mutators.InlineConstantMutator,addUniqueMethods,347,KILLED,org.apache.ibatis.submitted.extend.ExtendTest.org.apache.ibatis.submitted.extend.ExtendTest
Reflector.java,org.apache.ibatis.reflection.Reflector,org.pitest.mutationtest.engine.gregor.mutators.NegateConditionalsMutator,addUniqueMethods,339,KILLED,org.apache.ibatis.submitted.extend.ExtendTest.org.apache.ibatis.submitted.extend.ExtendTest
Reflector.java,org.apache.ibatis.reflection.Reflector,org.pitest.mutationtest.engine.gregor.mutators.NegateConditionalsMutator,addUniqueMethods,344,KILLED,org.apache.ibatis.submitted.extend.ExtendTest.org.apache.ibatis.submitted.extend.ExtendTest
Reflector.java,org.apache.ibatis.reflection.Reflector,org.pitest.mutationtest.engine.gregor.mutators.NegateConditionalsMutator,addUniqueMethods,345,KILLED,org.apache.ibatis.submitted.extend.ExtendTest.org.apache.ibatis.submitted.extend.ExtendTest
Reflector.java,org.apache.ibatis.reflection.Reflector,org.pitest.mutationtest.engine.gregor.mutators.NonVoidMethodCallMutator,addUniqueMethods,339,KILLED,org.apache.ibatis.submitted.extend.ExtendTest.org.apache.ibatis.submitted.extend.ExtendTest
Reflector.java,org.apache.ibatis.reflection.Reflector,org.pitest.mutationtest.engine.gregor.mutators.NonVoidMethodCallMutator,addUniqueMethods,340,KILLED,org.apache.ibatis.submitted.extend.ExtendTest.org.apache.ibatis.submitted.extend.ExtendTest
Reflector.java,org.apache.ibatis.reflection.Reflector,org.pitest.mutationtest.engine.gregor.mutators.NonVoidMethodCallMutator,addUniqueMethods,344,KILLED,org.apache.ibatis.submitted.extend.ExtendTest.org.apache.ibatis.submitted.extend.ExtendTest
Reflector.java,org.apache.ibatis.reflection.Reflector,org.pitest.mutationtest.engine.gregor.mutators.NonVoidMethodCallMutator,addUniqueMethods,345,KILLED,org.apache.ibatis.submitted.extend.ExtendTest.org.apache.ibatis.submitted.extend.ExtendTest
Reflector.java,org.apache.ibatis.reflection.Reflector,org.pitest.mutationtest.engine.gregor.mutators.NonVoidMethodCallMutator,addUniqueMethods,353,KILLED,org.apache.ibatis.submitted.extend.ExtendTest.org.apache.ibatis.submitted.extend.ExtendTest
Reflector.java,org.apache.ibatis.reflection.Reflector,org.pitest.mutationtest.engine.gregor.mutators.RemoveConditionalMutator_EQUAL_ELSE,addUniqueMethods,339,KILLED,org.apache.ibatis.submitted.extend.ExtendTest.org.apache.ibatis.submitted.extend.ExtendTest
Reflector.java,org.apache.ibatis.reflection.Reflector,org.pitest.mutationtest.engine.gregor.mutators.RemoveConditionalMutator_EQUAL_ELSE,addUniqueMethods,344,KILLED,org.apache.ibatis.submitted.extend.ExtendTest.org.apache.ibatis.submitted.extend.ExtendTest
Reflector.java,org.apache.ibatis.reflection.Reflector,org.pitest.mutationtest.engine.gregor.mutators.RemoveConditionalMutator_EQUAL_ELSE,addUniqueMethods,345,KILLED,org.apache.ibatis.submitted.extend.ExtendTest.org.apache.ibatis.submitted.extend.ExtendTest
Reflector.java,org.apache.ibatis.reflection.Reflector,org.pitest.mutationtest.engine.gregor.mutators.RemoveConditionalMutator_EQUAL_IF,addUniqueMethods,339,KILLED,org.apache.ibatis.submitted.extend.ExtendTest.org.apache.ibatis.submitted.extend.ExtendTest
Reflector.java,org.apache.ibatis.reflection.Reflector,org.pitest.mutationtest.engine.gregor.mutators.RemoveConditionalMutator_EQUAL_IF,addUniqueMethods,344,KILLED,org.apache.ibatis.submitted.extend.ExtendTest.org.apache.ibatis.submitted.extend.ExtendTest
Reflector.java,org.apache.ibatis.reflection.Reflector,org.pitest.mutationtest.engine.gregor.mutators.RemoveConditionalMutator_EQUAL_IF,addUniqueMethods,345,KILLED,org.apache.ibatis.submitted.extend.ExtendTest.org.apache.ibatis.submitted.extend.ExtendTest
Reflector.java,org.apache.ibatis.reflection.Reflector,org.pitest.mutationtest.engine.gregor.mutators.RemoveConditionalMutator_ORDER_ELSE,addUniqueMethods,338,KILLED,org.apache.ibatis.submitted.extend.ExtendTest.org.apache.ibatis.submitted.extend.ExtendTest
Reflector.java,org.apache.ibatis.reflection.Reflector,org.pitest.mutationtest.engine.gregor.mutators.RemoveConditionalMutator_ORDER_IF,addUniqueMethods,338,KILLED,org.apache.ibatis.submitted.extend.ExtendTest.org.apache.ibatis.submitted.extend.ExtendTest
Reflector.java,org.apache.ibatis.reflection.Reflector,org.pitest.mutationtest.engine.gregor.mutators.VoidMethodCallMutator,addUniqueMethods,347,KILLED,org.apache.ibatis.submitted.extend.ExtendTest.org.apache.ibatis.submitted.extend.ExtendTest
Reflector.java,org.apache.ibatis.reflection.Reflector,org.pitest.mutationtest.engine.gregor.mutators.ConstructorCallMutator,canAccessPrivateMethods,382,NO_COVERAGE,none
Reflector.java,org.apache.ibatis.reflection.Reflector,org.pitest.mutationtest.engine.gregor.mutators.InlineConstantMutator,canAccessPrivateMethods,385,NO_COVERAGE,none
Reflector.java,org.apache.ibatis.reflection.Reflector,org.pitest.mutationtest.engine.gregor.mutators.NegateConditionalsMutator,canAccessPrivateMethods,381,KILLED,org.apache.ibatis.submitted.extend.ExtendTest.org.apache.ibatis.submitted.extend.ExtendTest
Reflector.java,org.apache.ibatis.reflection.Reflector,org.pitest.mutationtest.engine.gregor.mutators.NonVoidMethodCallMutator,canAccessPrivateMethods,380,KILLED,org.apache.ibatis.submitted.extend.ExtendTest.org.apache.ibatis.submitted.extend.ExtendTest
Reflector.java,org.apache.ibatis.reflection.Reflector,org.pitest.mutationtest.engine.gregor.mutators.RemoveConditionalMutator_EQUAL_ELSE,canAccessPrivateMethods,381,KILLED,org.apache.ibatis.submitted.extend.ExtendTest.org.apache.ibatis.submitted.extend.ExtendTest
Reflector.java,org.apache.ibatis.reflection.Reflector,org.pitest.mutationtest.engine.gregor.mutators.RemoveConditionalMutator_EQUAL_IF,canAccessPrivateMethods,381,KILLED,org.apache.ibatis.submitted.extend.ExtendTest.org.apache.ibatis.submitted.extend.ExtendTest
Reflector.java,org.apache.ibatis.reflection.Reflector,org.pitest.mutationtest.engine.gregor.mutators.ReturnValsMutator,canAccessPrivateMethods,385,NO_COVERAGE,none
Reflector.java,org.apache.ibatis.reflection.Reflector,org.pitest.mutationtest.engine.gregor.mutators.VoidMethodCallMutator,canAccessPrivateMethods,382,NO_COVERAGE,none
Reflector.java,org.apache.ibatis.reflection.Reflector,org.pitest.mutationtest.engine.gregor.mutators.ArgumentPropagationMutator,findPropertyName,494,KILLED,org.apache.ibatis.submitted.extend.ExtendTest.org.apache.ibatis.submitted.extend.ExtendTest
Reflector.java,org.apache.ibatis.reflection.Reflector,org.pitest.mutationtest.engine.gregor.mutators.NonVoidMethodCallMutator,findPropertyName,494,KILLED,org.apache.ibatis.submitted.extend.ExtendTest.org.apache.ibatis.submitted.extend.ExtendTest
Reflector.java,org.apache.ibatis.reflection.Reflector,org.pitest.mutationtest.engine.gregor.mutators.NonVoidMethodCallMutator,findPropertyName,494,KILLED,org.apache.ibatis.submitted.extend.ExtendTest.org.apache.ibatis.submitted.extend.ExtendTest
Reflector.java,org.apache.ibatis.reflection.Reflector,org.pitest.mutationtest.engine.gregor.mutators.ReturnValsMutator,findPropertyName,494,KILLED,org.apache.ibatis.submitted.extend.ExtendTest.org.apache.ibatis.submitted.extend.ExtendTest
Reflector.java,org.apache.ibatis.reflection.Reflector,org.pitest.mutationtest.engine.gregor.mutators.ArgumentPropagationMutator,getClassMethods,334,KILLED,org.apache.ibatis.submitted.extend.ExtendTest.org.apache.ibatis.submitted.extend.ExtendTest
Reflector.java,org.apache.ibatis.reflection.Reflector,org.pitest.mutationtest.engine.gregor.mutators.ConditionalsBoundaryMutator,getClassMethods,325,KILLED,org.apache.ibatis.submitted.extend.ExtendTest.org.apache.ibatis.submitted.extend.ExtendTest
Reflector.java,org.apache.ibatis.reflection.Reflector,org.pitest.mutationtest.engine.gregor.mutators.ConstructorCallMutator,getClassMethods,317,KILLED,org.apache.ibatis.submitted.extend.ExtendTest.org.apache.ibatis.submitted.extend.ExtendTest
Reflector.java,org.apache.ibatis.reflection.Reflector,org.pitest.mutationtest.engine.gregor.mutators.IncrementsMutator,getClassMethods,325,KILLED,org.apache.ibatis.submitted.extend.ExtendTest.org.apache.ibatis.submitted.extend.ExtendTest
Reflector.java,org.apache.ibatis.reflection.Reflector,org.pitest.mutationtest.engine.gregor.mutators.InlineConstantMutator,getClassMethods,325,KILLED,org.apache.ibatis.submitted.extend.ExtendTest.org.apache.ibatis.submitted.extend.ExtendTest
Reflector.java,org.apache.ibatis.reflection.Reflector,org.pitest.mutationtest.engine.gregor.mutators.NegateConditionalsMutator,getClassMethods,319,KILLED,org.apache.ibatis.submitted.extend.ExtendTest.org.apache.ibatis.submitted.extend.ExtendTest
Reflector.java,org.apache.ibatis.reflection.Reflector,org.pitest.mutationtest.engine.gregor.mutators.NegateConditionalsMutator,getClassMethods,325,KILLED,org.apache.ibatis.submitted.extend.ExtendTest.org.apache.ibatis.submitted.extend.ExtendTest
Reflector.java,org.apache.ibatis.reflection.Reflector,org.pitest.mutationtest.engine.gregor.mutators.NonVoidMethodCallMutator,getClassMethods,320,KILLED,org.apache.ibatis.submitted.extend.ExtendTest.org.apache.ibatis.submitted.extend.ExtendTest
Reflector.java,org.apache.ibatis.reflection.Reflector,org.pitest.mutationtest.engine.gregor.mutators.NonVoidMethodCallMutator,getClassMethods,324,KILLED,org.apache.ibatis.submitted.extend.ExtendTest.org.apache.ibatis.submitted.extend.ExtendTest
Reflector.java,org.apache.ibatis.reflection.Reflector,org.pitest.mutationtest.engine.gregor.mutators.NonVoidMethodCallMutator,getClassMethods,326,KILLED,org.apache.ibatis.submitted.extend.ExtendTest.org.apache.ibatis.submitted.extend.ExtendTest
Reflector.java,org.apache.ibatis.reflection.Reflector,org.pitest.mutationtest.engine.gregor.mutators.NonVoidMethodCallMutator,getClassMethods,329,KILLED,org.apache.ibatis.submitted.extend.ExtendTest.org.apache.ibatis.submitted.extend.ExtendTest
Reflector.java,org.apache.ibatis.reflection.Reflector,org.pitest.mutationtest.engine.gregor.mutators.NonVoidMethodCallMutator,getClassMethods,332,KILLED,org.apache.ibatis.submitted.extend.ExtendTest.org.apache.ibatis.submitted.extend.ExtendTest
Reflector.java,org.apache.ibatis.reflection.Reflector,org.pitest.mutationtest.engine.gregor.mutators.NonVoidMethodCallMutator,getClassMethods,334,KILLED,org.apache.ibatis.submitted.extend.ExtendTest.org.apache.ibatis.submitted.extend.ExtendTest
Reflector.java,org.apache.ibatis.reflection.Reflector,org.pitest.mutationtest.engine.gregor.mutators.NonVoidMethodCallMutator,getClassMethods,334,KILLED,org.apache.ibatis.submitted.extend.ExtendTest.org.apache.ibatis.submitted.extend.ExtendTest
Reflector.java,org.apache.ibatis.reflection.Reflector,org.pitest.mutationtest.engine.gregor.mutators.RemoveConditionalMutator_EQUAL_ELSE,getClassMethods,319,KILLED,org.apache.ibatis.submitted.extend.ExtendTest.org.apache.ibatis.submitted.extend.ExtendTest
Reflector.java,org.apache.ibatis.reflection.Reflector,org.pitest.mutationtest.engine.gregor.mutators.RemoveConditionalMutator_EQUAL_IF,getClassMethods,319,KILLED,org.apache.ibatis.submitted.extend.ExtendTest.org.apache.ibatis.submitted.extend.ExtendTest
Reflector.java,org.apache.ibatis.reflection.Reflector,org.pitest.mutationtest.engine.gregor.mutators.RemoveConditionalMutator_ORDER_ELSE,getClassMethods,325,KILLED,org.apache.ibatis.submitted.extend.ExtendTest.org.apache.ibatis.submitted.extend.ExtendTest
Reflector.java,org.apache.ibatis.reflection.Reflector,org.pitest.mutationtest.engine.gregor.mutators.RemoveConditionalMutator_ORDER_IF,getClassMethods,325,KILLED,org.apache.ibatis.submitted.extend.ExtendTest.org.apache.ibatis.submitted.extend.ExtendTest
Reflector.java,org.apache.ibatis.reflection.Reflector,org.pitest.mutationtest.engine.gregor.mutators.ReturnValsMutator,getClassMethods,334,KILLED,org.apache.ibatis.submitted.extend.ExtendTest.org.apache.ibatis.submitted.extend.ExtendTest
Reflector.java,org.apache.ibatis.reflection.Reflector,org.pitest.mutationtest.engine.gregor.mutators.VoidMethodCallMutator,getClassMethods,320,KILLED,org.apache.ibatis.submitted.extend.ExtendTest.org.apache.ibatis.submitted.extend.ExtendTest
Reflector.java,org.apache.ibatis.reflection.Reflector,org.pitest.mutationtest.engine.gregor.mutators.VoidMethodCallMutator,getClassMethods,326,KILLED,org.apache.ibatis.submitted.extend.ExtendTest.org.apache.ibatis.submitted.extend.ExtendTest
Reflector.java,org.apache.ibatis.reflection.Reflector,org.pitest.mutationtest.engine.gregor.mutators.ConstructorCallMutator,getDefaultConstructor,403,NO_COVERAGE,none
Reflector.java,org.apache.ibatis.reflection.Reflector,org.pitest.mutationtest.engine.gregor.mutators.ConstructorCallMutator,getDefaultConstructor,403,NO_COVERAGE,none
Reflector.java,org.apache.ibatis.reflection.Reflector,org.pitest.mutationtest.engine.gregor.mutators.NegateConditionalsMutator,getDefaultConstructor,400,NO_COVERAGE,none
Reflector.java,org.apache.ibatis.reflection.Reflector,org.pitest.mutationtest.engine.gregor.mutators.NonVoidMethodCallMutator,getDefaultConstructor,403,NO_COVERAGE,none
Reflector.java,org.apache.ibatis.reflection.Reflector,org.pitest.mutationtest.engine.gregor.mutators.NonVoidMethodCallMutator,getDefaultConstructor,403,NO_COVERAGE,none
Reflector.java,org.apache.ibatis.reflection.Reflector,org.pitest.mutationtest.engine.gregor.mutators.NonVoidMethodCallMutator,getDefaultConstructor,403,NO_COVERAGE,none
Reflector.java,org.apache.ibatis.reflection.Reflector,org.pitest.mutationtest.engine.gregor.mutators.RemoveConditionalMutator_EQUAL_ELSE,getDefaultConstructor,400,NO_COVERAGE,none
Reflector.java,org.apache.ibatis.reflection.Reflector,org.pitest.mutationtest.engine.gregor.mutators.RemoveConditionalMutator_EQUAL_IF,getDefaultConstructor,400,NO_COVERAGE,none
Reflector.java,org.apache.ibatis.reflection.Reflector,org.pitest.mutationtest.engine.gregor.mutators.ReturnValsMutator,getDefaultConstructor,401,NO_COVERAGE,none
Reflector.java,org.apache.ibatis.reflection.Reflector,org.pitest.mutationtest.engine.gregor.mutators.ArgumentPropagationMutator,getGetInvoker,420,NO_COVERAGE,none
Reflector.java,org.apache.ibatis.reflection.Reflector,org.pitest.mutationtest.engine.gregor.mutators.ConstructorCallMutator,getGetInvoker,422,NO_COVERAGE,none
Reflector.java,org.apache.ibatis.reflection.Reflector,org.pitest.mutationtest.engine.gregor.mutators.ConstructorCallMutator,getGetInvoker,422,NO_COVERAGE,none
Reflector.java,org.apache.ibatis.reflection.Reflector,org.pitest.mutationtest.engine.gregor.mutators.NegateConditionalsMutator,getGetInvoker,421,NO_COVERAGE,none
Reflector.java,org.apache.ibatis.reflection.Reflector,org.pitest.mutationtest.engine.gregor.mutators.NonVoidMethodCallMutator,getGetInvoker,420,NO_COVERAGE,none
Reflector.java,org.apache.ibatis.reflection.Reflector,org.pitest.mutationtest.engine.gregor.mutators.NonVoidMethodCallMutator,getGetInvoker,422,NO_COVERAGE,none
Reflector.java,org.apache.ibatis.reflection.Reflector,org.pitest.mutationtest.engine.gregor.mutators.NonVoidMethodCallMutator,getGetInvoker,422,NO_COVERAGE,none
Reflector.java,org.apache.ibatis.reflection.Reflector,org.pitest.mutationtest.engine.gregor.mutators.NonVoidMethodCallMutator,getGetInvoker,422,NO_COVERAGE,none
Reflector.java,org.apache.ibatis.reflection.Reflector,org.pitest.mutationtest.engine.gregor.mutators.NonVoidMethodCallMutator,getGetInvoker,422,NO_COVERAGE,none
Reflector.java,org.apache.ibatis.reflection.Reflector,org.pitest.mutationtest.engine.gregor.mutators.NonVoidMethodCallMutator,getGetInvoker,422,NO_COVERAGE,none
Reflector.java,org.apache.ibatis.reflection.Reflector,org.pitest.mutationtest.engine.gregor.mutators.NonVoidMethodCallMutator,getGetInvoker,422,NO_COVERAGE,none
Reflector.java,org.apache.ibatis.reflection.Reflector,org.pitest.mutationtest.engine.gregor.mutators.RemoveConditionalMutator_EQUAL_ELSE,getGetInvoker,421,NO_COVERAGE,none
Reflector.java,org.apache.ibatis.reflection.Reflector,org.pitest.mutationtest.engine.gregor.mutators.RemoveConditionalMutator_EQUAL_IF,getGetInvoker,421,NO_COVERAGE,none
Reflector.java,org.apache.ibatis.reflection.Reflector,org.pitest.mutationtest.engine.gregor.mutators.ReturnValsMutator,getGetInvoker,424,NO_COVERAGE,none
Reflector.java,org.apache.ibatis.reflection.Reflector,org.pitest.mutationtest.engine.gregor.mutators.ReturnValsMutator,getGetablePropertyNames,461,NO_COVERAGE,none
Reflector.java,org.apache.ibatis.reflection.Reflector,org.pitest.mutationtest.engine.gregor.mutators.ArgumentPropagationMutator,getGetterType,448,NO_COVERAGE,none
Reflector.java,org.apache.ibatis.reflection.Reflector,org.pitest.mutationtest.engine.gregor.mutators.ConstructorCallMutator,getGetterType,450,NO_COVERAGE,none
Reflector.java,org.apache.ibatis.reflection.Reflector,org.pitest.mutationtest.engine.gregor.mutators.ConstructorCallMutator,getGetterType,450,NO_COVERAGE,none
Reflector.java,org.apache.ibatis.reflection.Reflector,org.pitest.mutationtest.engine.gregor.mutators.NegateConditionalsMutator,getGetterType,449,NO_COVERAGE,none
Reflector.java,org.apache.ibatis.reflection.Reflector,org.pitest.mutationtest.engine.gregor.mutators.NonVoidMethodCallMutator,getGetterType,448,NO_COVERAGE,none
Reflector.java,org.apache.ibatis.reflection.Reflector,org.pitest.mutationtest.engine.gregor.mutators.NonVoidMethodCallMutator,getGetterType,450,NO_COVERAGE,none
Reflector.java,org.apache.ibatis.reflection.Reflector,org.pitest.mutationtest.engine.gregor.mutators.NonVoidMethodCallMutator,getGetterType,450,NO_COVERAGE,none
Reflector.java,org.apache.ibatis.reflection.Reflector,org.pitest.mutationtest.engine.gregor.mutators.NonVoidMethodCallMutator,getGetterType,450,NO_COVERAGE,none
Reflector.java,org.apache.ibatis.reflection.Reflector,org.pitest.mutationtest.engine.gregor.mutators.NonVoidMethodCallMutator,getGetterType,450,NO_COVERAGE,none
Reflector.java,org.apache.ibatis.reflection.Reflector,org.pitest.mutationtest.engine.gregor.mutators.NonVoidMethodCallMutator,getGetterType,450,NO_COVERAGE,none
Reflector.java,org.apache.ibatis.reflection.Reflector,org.pitest.mutationtest.engine.gregor.mutators.NonVoidMethodCallMutator,getGetterType,450,NO_COVERAGE,none
Reflector.java,org.apache.ibatis.reflection.Reflector,org.pitest.mutationtest.engine.gregor.mutators.RemoveConditionalMutator_EQUAL_ELSE,getGetterType,449,NO_COVERAGE,none
Reflector.java,org.apache.ibatis.reflection.Reflector,org.pitest.mutationtest.engine.gregor.mutators.RemoveConditionalMutator_EQUAL_IF,getGetterType,449,NO_COVERAGE,none
Reflector.java,org.apache.ibatis.reflection.Reflector,org.pitest.mutationtest.engine.gregor.mutators.ReturnValsMutator,getGetterType,452,NO_COVERAGE,none
Reflector.java,org.apache.ibatis.reflection.Reflector,org.pitest.mutationtest.engine.gregor.mutators.ArgumentPropagationMutator,getSetInvoker,412,KILLED,org.apache.ibatis.submitted.extend.ExtendTest.org.apache.ibatis.submitted.extend.ExtendTest
Reflector.java,org.apache.ibatis.reflection.Reflector,org.pitest.mutationtest.engine.gregor.mutators.ConstructorCallMutator,getSetInvoker,414,NO_COVERAGE,none
Reflector.java,org.apache.ibatis.reflection.Reflector,org.pitest.mutationtest.engine.gregor.mutators.ConstructorCallMutator,getSetInvoker,414,NO_COVERAGE,none
Reflector.java,org.apache.ibatis.reflection.Reflector,org.pitest.mutationtest.engine.gregor.mutators.NegateConditionalsMutator,getSetInvoker,413,KILLED,org.apache.ibatis.submitted.extend.ExtendTest.org.apache.ibatis.submitted.extend.ExtendTest
Reflector.java,org.apache.ibatis.reflection.Reflector,org.pitest.mutationtest.engine.gregor.mutators.NonVoidMethodCallMutator,getSetInvoker,412,KILLED,org.apache.ibatis.submitted.extend.ExtendTest.org.apache.ibatis.submitted.extend.ExtendTest
Reflector.java,org.apache.ibatis.reflection.Reflector,org.pitest.mutationtest.engine.gregor.mutators.NonVoidMethodCallMutator,getSetInvoker,414,NO_COVERAGE,none
Reflector.java,org.apache.ibatis.reflection.Reflector,org.pitest.mutationtest.engine.gregor.mutators.NonVoidMethodCallMutator,getSetInvoker,414,NO_COVERAGE,none
Reflector.java,org.apache.ibatis.reflection.Reflector,org.pitest.mutationtest.engine.gregor.mutators.NonVoidMethodCallMutator,getSetInvoker,414,NO_COVERAGE,none
Reflector.java,org.apache.ibatis.reflection.Reflector,org.pitest.mutationtest.engine.gregor.mutators.NonVoidMethodCallMutator,getSetInvoker,414,NO_COVERAGE,none
Reflector.java,org.apache.ibatis.reflection.Reflector,org.pitest.mutationtest.engine.gregor.mutators.NonVoidMethodCallMutator,getSetInvoker,414,NO_COVERAGE,none
Reflector.java,org.apache.ibatis.reflection.Reflector,org.pitest.mutationtest.engine.gregor.mutators.NonVoidMethodCallMutator,getSetInvoker,414,NO_COVERAGE,none
Reflector.java,org.apache.ibatis.reflection.Reflector,org.pitest.mutationtest.engine.gregor.mutators.RemoveConditionalMutator_EQUAL_ELSE,getSetInvoker,413,KILLED,org.apache.ibatis.submitted.extend.ExtendTest.org.apache.ibatis.submitted.extend.ExtendTest
Reflector.java,org.apache.ibatis.reflection.Reflector,org.pitest.mutationtest.engine.gregor.mutators.RemoveConditionalMutator_EQUAL_IF,getSetInvoker,413,KILLED,org.apache.ibatis.submitted.extend.ExtendTest.org.apache.ibatis.submitted.extend.ExtendTest
Reflector.java,org.apache.ibatis.reflection.Reflector,org.pitest.mutationtest.engine.gregor.mutators.ReturnValsMutator,getSetInvoker,416,KILLED,org.apache.ibatis.submitted.extend.ExtendTest.org.apache.ibatis.submitted.extend.ExtendTest
Reflector.java,org.apache.ibatis.reflection.Reflector,org.pitest.mutationtest.engine.gregor.mutators.ReturnValsMutator,getSetablePropertyNames,470,NO_COVERAGE,none
Reflector.java,org.apache.ibatis.reflection.Reflector,org.pitest.mutationtest.engine.gregor.mutators.ArgumentPropagationMutator,getSetterType,434,KILLED,org.apache.ibatis.submitted.extend.ExtendTest.org.apache.ibatis.submitted.extend.ExtendTest
Reflector.java,org.apache.ibatis.reflection.Reflector,org.pitest.mutationtest.engine.gregor.mutators.ConstructorCallMutator,getSetterType,436,NO_COVERAGE,none
Reflector.java,org.apache.ibatis.reflection.Reflector,org.pitest.mutationtest.engine.gregor.mutators.ConstructorCallMutator,getSetterType,436,NO_COVERAGE,none
Reflector.java,org.apache.ibatis.reflection.Reflector,org.pitest.mutationtest.engine.gregor.mutators.NegateConditionalsMutator,getSetterType,435,KILLED,org.apache.ibatis.submitted.extend.ExtendTest.org.apache.ibatis.submitted.extend.ExtendTest
Reflector.java,org.apache.ibatis.reflection.Reflector,org.pitest.mutationtest.engine.gregor.mutators.NonVoidMethodCallMutator,getSetterType,434,KILLED,org.apache.ibatis.submitted.extend.ExtendTest.org.apache.ibatis.submitted.extend.ExtendTest
Reflector.java,org.apache.ibatis.reflection.Reflector,org.pitest.mutationtest.engine.gregor.mutators.NonVoidMethodCallMutator,getSetterType,436,NO_COVERAGE,none
Reflector.java,org.apache.ibatis.reflection.Reflector,org.pitest.mutationtest.engine.gregor.mutators.NonVoidMethodCallMutator,getSetterType,436,NO_COVERAGE,none
Reflector.java,org.apache.ibatis.reflection.Reflector,org.pitest.mutationtest.engine.gregor.mutators.NonVoidMethodCallMutator,getSetterType,436,NO_COVERAGE,none
Reflector.java,org.apache.ibatis.reflection.Reflector,org.pitest.mutationtest.engine.gregor.mutators.NonVoidMethodCallMutator,getSetterType,436,NO_COVERAGE,none
Reflector.java,org.apache.ibatis.reflection.Reflector,org.pitest.mutationtest.engine.gregor.mutators.NonVoidMethodCallMutator,getSetterType,436,NO_COVERAGE,none
Reflector.java,org.apache.ibatis.reflection.Reflector,org.pitest.mutationtest.engine.gregor.mutators.NonVoidMethodCallMutator,getSetterType,436,NO_COVERAGE,none
Reflector.java,org.apache.ibatis.reflection.Reflector,org.pitest.mutationtest.engine.gregor.mutators.RemoveConditionalMutator_EQUAL_ELSE,getSetterType,435,KILLED,org.apache.ibatis.submitted.extend.ExtendTest.org.apache.ibatis.submitted.extend.ExtendTest
Reflector.java,org.apache.ibatis.reflection.Reflector,org.pitest.mutationtest.engine.gregor.mutators.RemoveConditionalMutator_EQUAL_IF,getSetterType,435,KILLED,org.apache.ibatis.submitted.extend.ExtendTest.org.apache.ibatis.submitted.extend.ExtendTest
Reflector.java,org.apache.ibatis.reflection.Reflector,org.pitest.mutationtest.engine.gregor.mutators.ReturnValsMutator,getSetterType,438,KILLED,org.apache.ibatis.submitted.extend.ExtendTest.org.apache.ibatis.submitted.extend.ExtendTest
Reflector.java,org.apache.ibatis.reflection.Reflector,org.pitest.mutationtest.engine.gregor.mutators.ConditionalsBoundaryMutator,getSignature,367,KILLED,org.apache.ibatis.submitted.extend.ExtendTest.org.apache.ibatis.submitted.extend.ExtendTest
Reflector.java,org.apache.ibatis.reflection.Reflector,org.pitest.mutationtest.engine.gregor.mutators.ConstructorCallMutator,getSignature,360,KILLED,org.apache.ibatis.submitted.extend.ExtendTest.org.apache.ibatis.submitted.extend.ExtendTest
Reflector.java,org.apache.ibatis.reflection.Reflector,org.pitest.mutationtest.engine.gregor.mutators.IncrementsMutator,getSignature,367,KILLED,org.apache.ibatis.submitted.extend.ExtendTest.org.apache.ibatis.submitted.extend.ExtendTest
Reflector.java,org.apache.ibatis.reflection.Reflector,org.pitest.mutationtest.engine.gregor.mutators.InlineConstantMutator,getSignature,363,KILLED,org.apache.ibatis.submitted.extend.ExtendTest.org.apache.ibatis.submitted.extend.ExtendTest
Reflector.java,org.apache.ibatis.reflection.Reflector,org.pitest.mutationtest.engine.gregor.mutators.InlineConstantMutator,getSignature,367,KILLED,org.apache.ibatis.submitted.extend.ExtendTest.org.apache.ibatis.submitted.extend.ExtendTest
Reflector.java,org.apache.ibatis.reflection.Reflector,org.pitest.mutationtest.engine.gregor.mutators.InlineConstantMutator,getSignature,369,KILLED,org.apache.ibatis.submitted.extend.ExtendTest.org.apache.ibatis.submitted.extend.ExtendTest
Reflector.java,org.apache.ibatis.reflection.Reflector,org.pitest.mutationtest.engine.gregor.mutators.InlineConstantMutator,getSignature,371,KILLED,org.apache.ibatis.submitted.extend.ExtendTest.org.apache.ibatis.submitted.extend.ExtendTest
Reflector.java,org.apache.ibatis.reflection.Reflector,org.pitest.mutationtest.engine.gregor.mutators.NegateConditionalsMutator,getSignature,362,KILLED,org.apache.ibatis.submitted.extend.ExtendTest.org.apache.ibatis.submitted.extend.ExtendTest
Reflector.java,org.apache.ibatis.reflection.Reflector,org.pitest.mutationtest.engine.gregor.mutators.NegateConditionalsMutator,getSignature,367,KILLED,org.apache.ibatis.submitted.extend.ExtendTest.org.apache.ibatis.submitted.extend.ExtendTest
Reflector.java,org.apache.ibatis.reflection.Reflector,org.pitest.mutationtest.engine.gregor.mutators.NegateConditionalsMutator,getSignature,368,KILLED,org.apache.ibatis.submitted.extend.ExtendTest.org.apache.ibatis.submitted.extend.ExtendTest
Reflector.java,org.apache.ibatis.reflection.Reflector,org.pitest.mutationtest.engine.gregor.mutators.NonVoidMethodCallMutator,getSignature,361,KILLED,org.apache.ibatis.submitted.extend.ExtendTest.org.apache.ibatis.submitted.extend.ExtendTest
Reflector.java,org.apache.ibatis.reflection.Reflector,org.pitest.mutationtest.engine.gregor.mutators.NonVoidMethodCallMutator,getSignature,363,KILLED,org.apache.ibatis.submitted.extend.ExtendTest.org.apache.ibatis.submitted.extend.ExtendTest
Reflector.java,org.apache.ibatis.reflection.Reflector,org.pitest.mutationtest.engine.gregor.mutators.NonVoidMethodCallMutator,getSignature,363,KILLED,org.apache.ibatis.submitted.extend.ExtendTest.org.apache.ibatis.submitted.extend.ExtendTest
Reflector.java,org.apache.ibatis.reflection.Reflector,org.pitest.mutationtest.engine.gregor.mutators.NonVoidMethodCallMutator,getSignature,363,KILLED,org.apache.ibatis.submitted.extend.ExtendTest.org.apache.ibatis.submitted.extend.ExtendTest
Reflector.java,org.apache.ibatis.reflection.Reflector,org.pitest.mutationtest.engine.gregor.mutators.NonVoidMethodCallMutator,getSignature,365,KILLED,org.apache.ibatis.submitted.extend.ExtendTest.org.apache.ibatis.submitted.extend.ExtendTest
Reflector.java,org.apache.ibatis.reflection.Reflector,org.pitest.mutationtest.engine.gregor.mutators.NonVoidMethodCallMutator,getSignature,365,KILLED,org.apache.ibatis.submitted.extend.ExtendTest.org.apache.ibatis.submitted.extend.ExtendTest
Reflector.java,org.apache.ibatis.reflection.Reflector,org.pitest.mutationtest.engine.gregor.mutators.NonVoidMethodCallMutator,getSignature,366,KILLED,org.apache.ibatis.submitted.extend.ExtendTest.org.apache.ibatis.submitted.extend.ExtendTest
Reflector.java,org.apache.ibatis.reflection.Reflector,org.pitest.mutationtest.engine.gregor.mutators.NonVoidMethodCallMutator,getSignature,369,KILLED,org.apache.ibatis.submitted.extend.ExtendTest.org.apache.ibatis.submitted.extend.ExtendTest
Reflector.java,org.apache.ibatis.reflection.Reflector,org.pitest.mutationtest.engine.gregor.mutators.NonVoidMethodCallMutator,getSignature,371,KILLED,org.apache.ibatis.submitted.extend.ExtendTest.org.apache.ibatis.submitted.extend.ExtendTest
Reflector.java,org.apache.ibatis.reflection.Reflector,org.pitest.mutationtest.engine.gregor.mutators.NonVoidMethodCallMutator,getSignature,373,KILLED,org.apache.ibatis.submitted.extend.ExtendTest.org.apache.ibatis.submitted.extend.ExtendTest
Reflector.java,org.apache.ibatis.reflection.Reflector,org.pitest.mutationtest.engine.gregor.mutators.NonVoidMethodCallMutator,getSignature,373,KILLED,org.apache.ibatis.submitted.extend.ExtendTest.org.apache.ibatis.submitted.extend.ExtendTest
Reflector.java,org.apache.ibatis.reflection.Reflector,org.pitest.mutationtest.engine.gregor.mutators.NonVoidMethodCallMutator,getSignature,375,KILLED,org.apache.ibatis.submitted.extend.ExtendTest.org.apache.ibatis.submitted.extend.ExtendTest
Reflector.java,org.apache.ibatis.reflection.Reflector,org.pitest.mutationtest.engine.gregor.mutators.RemoveConditionalMutator_EQUAL_ELSE,getSignature,362,KILLED,org.apache.ibatis.submitted.extend.ExtendTest.org.apache.ibatis.submitted.extend.ExtendTest
Reflector.java,org.apache.ibatis.reflection.Reflector,org.pitest.mutationtest.engine.gregor.mutators.RemoveConditionalMutator_EQUAL_ELSE,getSignature,368,KILLED,org.apache.ibatis.submitted.extend.ExtendTest.org.apache.ibatis.submitted.extend.ExtendTest
Reflector.java,org.apache.ibatis.reflection.Reflector,org.pitest.mutationtest.engine.gregor.mutators.RemoveConditionalMutator_EQUAL_IF,getSignature,362,KILLED,org.apache.ibatis.submitted.extend.ExtendTest.org.apache.ibatis.submitted.extend.ExtendTest
Reflector.java,org.apache.ibatis.reflection.Reflector,org.pitest.mutationtest.engine.gregor.mutators.RemoveConditionalMutator_EQUAL_IF,getSignature,368,KILLED,org.apache.ibatis.submitted.extend.ExtendTest.org.apache.ibatis.submitted.extend.ExtendTest
Reflector.java,org.apache.ibatis.reflection.Reflector,org.pitest.mutationtest.engine.gregor.mutators.RemoveConditionalMutator_ORDER_ELSE,getSignature,367,KILLED,org.apache.ibatis.submitted.extend.ExtendTest.org.apache.ibatis.submitted.extend.ExtendTest
Reflector.java,org.apache.ibatis.reflection.Reflector,org.pitest.mutationtest.engine.gregor.mutators.RemoveConditionalMutator_ORDER_IF,getSignature,367,KILLED,org.apache.ibatis.submitted.extend.ExtendTest.org.apache.ibatis.submitted.extend.ExtendTest
Reflector.java,org.apache.ibatis.reflection.Reflector,org.pitest.mutationtest.engine.gregor.mutators.ReturnValsMutator,getSignature,375,KILLED,org.apache.ibatis.submitted.extend.ExtendTest.org.apache.ibatis.submitted.extend.ExtendTest
Reflector.java,org.apache.ibatis.reflection.Reflector,org.pitest.mutationtest.engine.gregor.mutators.ReturnValsMutator,getType,396,NO_COVERAGE,none
Reflector.java,org.apache.ibatis.reflection.Reflector,org.pitest.mutationtest.engine.gregor.mutators.InlineConstantMutator,hasDefaultConstructor,408,KILLED,org.apache.ibatis.submitted.extend.ExtendTest.org.apache.ibatis.submitted.extend.ExtendTest
Reflector.java,org.apache.ibatis.reflection.Reflector,org.pitest.mutationtest.engine.gregor.mutators.RemoveConditionalMutator_EQUAL_IF,hasDefaultConstructor,408,KILLED,org.apache.ibatis.submitted.extend.ExtendTest.org.apache.ibatis.submitted.extend.ExtendTest
Reflector.java,org.apache.ibatis.reflection.Reflector,org.pitest.mutationtest.engine.gregor.mutators.NonVoidMethodCallMutator,hasGetter,490,NO_COVERAGE,none
Reflector.java,org.apache.ibatis.reflection.Reflector,org.pitest.mutationtest.engine.gregor.mutators.NonVoidMethodCallMutator,hasGetter,490,NO_COVERAGE,none
Reflector.java,org.apache.ibatis.reflection.Reflector,org.pitest.mutationtest.engine.gregor.mutators.ReturnValsMutator,hasGetter,490,NO_COVERAGE,none
Reflector.java,org.apache.ibatis.reflection.Reflector,org.pitest.mutationtest.engine.gregor.mutators.NonVoidMethodCallMutator,hasSetter,480,KILLED,org.apache.ibatis.submitted.extend.ExtendTest.org.apache.ibatis.submitted.extend.ExtendTest
Reflector.java,org.apache.ibatis.reflection.Reflector,org.pitest.mutationtest.engine.gregor.mutators.NonVoidMethodCallMutator,hasSetter,480,KILLED,org.apache.ibatis.submitted.extend.ExtendTest.org.apache.ibatis.submitted.extend.ExtendTest
Reflector.java,org.apache.ibatis.reflection.Reflector,org.pitest.mutationtest.engine.gregor.mutators.ReturnValsMutator,hasSetter,480,KILLED,org.apache.ibatis.submitted.extend.ExtendTest.org.apache.ibatis.submitted.extend.ExtendTest
Reflector.java,org.apache.ibatis.reflection.Reflector,org.pitest.mutationtest.engine.gregor.mutators.InlineConstantMutator,isValidPropertyName,304,KILLED,org.apache.ibatis.submitted.extend.ExtendTest.org.apache.ibatis.submitted.extend.ExtendTest
Reflector.java,org.apache.ibatis.reflection.Reflector,org.pitest.mutationtest.engine.gregor.mutators.InlineConstantMutator,isValidPropertyName,304,KILLED,org.apache.ibatis.submitted.extend.ExtendTest.org.apache.ibatis.submitted.extend.ExtendTest
Reflector.java,org.apache.ibatis.reflection.Reflector,org.pitest.mutationtest.engine.gregor.mutators.NegateConditionalsMutator,isValidPropertyName,304,KILLED,org.apache.ibatis.submitted.extend.ExtendTest.org.apache.ibatis.submitted.extend.ExtendTest
Reflector.java,org.apache.ibatis.reflection.Reflector,org.pitest.mutationtest.engine.gregor.mutators.NegateConditionalsMutator,isValidPropertyName,304,KILLED,org.apache.ibatis.submitted.extend.ExtendTest.org.apache.ibatis.submitted.extend.ExtendTest
Reflector.java,org.apache.ibatis.reflection.Reflector,org.pitest.mutationtest.engine.gregor.mutators.NegateConditionalsMutator,isValidPropertyName,304,KILLED,org.apache.ibatis.submitted.extend.ExtendTest.org.apache.ibatis.submitted.extend.ExtendTest
Reflector.java,org.apache.ibatis.reflection.Reflector,org.pitest.mutationtest.engine.gregor.mutators.NonVoidMethodCallMutator,isValidPropertyName,304,KILLED,org.apache.ibatis.submitted.extend.ExtendTest.org.apache.ibatis.submitted.extend.ExtendTest
Reflector.java,org.apache.ibatis.reflection.Reflector,org.pitest.mutationtest.engine.gregor.mutators.NonVoidMethodCallMutator,isValidPropertyName,304,KILLED,org.apache.ibatis.submitted.extend.ExtendTest.org.apache.ibatis.submitted.extend.ExtendTest
Reflector.java,org.apache.ibatis.reflection.Reflector,org.pitest.mutationtest.engine.gregor.mutators.NonVoidMethodCallMutator,isValidPropertyName,304,KILLED,org.apache.ibatis.submitted.extend.ExtendTest.org.apache.ibatis.submitted.extend.ExtendTest
Reflector.java,org.apache.ibatis.reflection.Reflector,org.pitest.mutationtest.engine.gregor.mutators.RemoveConditionalMutator_EQUAL_ELSE,isValidPropertyName,304,KILLED,org.apache.ibatis.submitted.extend.ExtendTest.org.apache.ibatis.submitted.extend.ExtendTest
Reflector.java,org.apache.ibatis.reflection.Reflector,org.pitest.mutationtest.engine.gregor.mutators.RemoveConditionalMutator_EQUAL_ELSE,isValidPropertyName,304,KILLED,org.apache.ibatis.submitted.extend.ExtendTest.org.apache.ibatis.submitted.extend.ExtendTest
Reflector.java,org.apache.ibatis.reflection.Reflector,org.pitest.mutationtest.engine.gregor.mutators.RemoveConditionalMutator_EQUAL_ELSE,isValidPropertyName,304,KILLED,org.apache.ibatis.submitted.extend.ExtendTest.org.apache.ibatis.submitted.extend.ExtendTest
Reflector.java,org.apache.ibatis.reflection.Reflector,org.pitest.mutationtest.engine.gregor.mutators.RemoveConditionalMutator_EQUAL_IF,isValidPropertyName,304,KILLED,org.apache.ibatis.submitted.extend.ExtendTest.org.apache.ibatis.submitted.extend.ExtendTest
Reflector.java,org.apache.ibatis.reflection.Reflector,org.pitest.mutationtest.engine.gregor.mutators.RemoveConditionalMutator_EQUAL_IF,isValidPropertyName,304,KILLED,org.apache.ibatis.submitted.extend.ExtendTest.org.apache.ibatis.submitted.extend.ExtendTest
Reflector.java,org.apache.ibatis.reflection.Reflector,org.pitest.mutationtest.engine.gregor.mutators.RemoveConditionalMutator_EQUAL_IF,isValidPropertyName,304,KILLED,org.apache.ibatis.submitted.extend.ExtendTest.org.apache.ibatis.submitted.extend.ExtendTest
Reflector.java,org.apache.ibatis.reflection.Reflector,org.pitest.mutationtest.engine.gregor.mutators.ReturnValsMutator,isValidPropertyName,304,KILLED,org.apache.ibatis.submitted.extend.ExtendTest.org.apache.ibatis.submitted.extend.ExtendTest
Reflector.java,org.apache.ibatis.reflection.Reflector,org.pitest.mutationtest.engine.gregor.mutators.ConstructorCallMutator,pickBetterSetter,223,NO_COVERAGE,none
Reflector.java,org.apache.ibatis.reflection.Reflector,org.pitest.mutationtest.engine.gregor.mutators.ConstructorCallMutator,pickBetterSetter,225,NO_COVERAGE,none
Reflector.java,org.apache.ibatis.reflection.Reflector,org.pitest.mutationtest.engine.gregor.mutators.InlineConstantMutator,pickBetterSetter,216,NO_COVERAGE,none
Reflector.java,org.apache.ibatis.reflection.Reflector,org.pitest.mutationtest.engine.gregor.mutators.InlineConstantMutator,pickBetterSetter,217,NO_COVERAGE,none
Reflector.java,org.apache.ibatis.reflection.Reflector,org.pitest.mutationtest.engine.gregor.mutators.NegateConditionalsMutator,pickBetterSetter,213,NO_COVERAGE,none
Reflector.java,org.apache.ibatis.reflection.Reflector,org.pitest.mutationtest.engine.gregor.mutators.NegateConditionalsMutator,pickBetterSetter,218,NO_COVERAGE,none
Reflector.java,org.apache.ibatis.reflection.Reflector,org.pitest.mutationtest.engine.gregor.mutators.NegateConditionalsMutator,pickBetterSetter,220,NO_COVERAGE,none
Reflector.java,org.apache.ibatis.reflection.Reflector,org.pitest.mutationtest.engine.gregor.mutators.NonVoidMethodCallMutator,pickBetterSetter,216,NO_COVERAGE,none
Reflector.java,org.apache.ibatis.reflection.Reflector,org.pitest.mutationtest.engine.gregor.mutators.NonVoidMethodCallMutator,pickBetterSetter,217,NO_COVERAGE,none
Reflector.java,org.apache.ibatis.reflection.Reflector,org.pitest.mutationtest.engine.gregor.mutators.NonVoidMethodCallMutator,pickBetterSetter,218,NO_COVERAGE,none
Reflector.java,org.apache.ibatis.reflection.Reflector,org.pitest.mutationtest.engine.gregor.mutators.NonVoidMethodCallMutator,pickBetterSetter,220,NO_COVERAGE,none
Reflector.java,org.apache.ibatis.reflection.Reflector,org.pitest.mutationtest.engine.gregor.mutators.NonVoidMethodCallMutator,pickBetterSetter,223,NO_COVERAGE,none
Reflector.java,org.apache.ibatis.reflection.Reflector,org.pitest.mutationtest.engine.gregor.mutators.NonVoidMethodCallMutator,pickBetterSetter,223,NO_COVERAGE,none
Reflector.java,org.apache.ibatis.reflection.Reflector,org.pitest.mutationtest.engine.gregor.mutators.NonVoidMethodCallMutator,pickBetterSetter,223,NO_COVERAGE,none
Reflector.java,org.apache.ibatis.reflection.Reflector,org.pitest.mutationtest.engine.gregor.mutators.NonVoidMethodCallMutator,pickBetterSetter,224,NO_COVERAGE,none
Reflector.java,org.apache.ibatis.reflection.Reflector,org.pitest.mutationtest.engine.gregor.mutators.NonVoidMethodCallMutator,pickBetterSetter,224,NO_COVERAGE,none
Reflector.java,org.apache.ibatis.reflection.Reflector,org.pitest.mutationtest.engine.gregor.mutators.NonVoidMethodCallMutator,pickBetterSetter,224,NO_COVERAGE,none
Reflector.java,org.apache.ibatis.reflection.Reflector,org.pitest.mutationtest.engine.gregor.mutators.NonVoidMethodCallMutator,pickBetterSetter,224,NO_COVERAGE,none
Reflector.java,org.apache.ibatis.reflection.Reflector,org.pitest.mutationtest.engine.gregor.mutators.NonVoidMethodCallMutator,pickBetterSetter,224,NO_COVERAGE,none
Reflector.java,org.apache.ibatis.reflection.Reflector,org.pitest.mutationtest.engine.gregor.mutators.NonVoidMethodCallMutator,pickBetterSetter,224,NO_COVERAGE,none
Reflector.java,org.apache.ibatis.reflection.Reflector,org.pitest.mutationtest.engine.gregor.mutators.NonVoidMethodCallMutator,pickBetterSetter,225,NO_COVERAGE,none
Reflector.java,org.apache.ibatis.reflection.Reflector,org.pitest.mutationtest.engine.gregor.mutators.NonVoidMethodCallMutator,pickBetterSetter,225,NO_COVERAGE,none
Reflector.java,org.apache.ibatis.reflection.Reflector,org.pitest.mutationtest.engine.gregor.mutators.NonVoidMethodCallMutator,pickBetterSetter,225,NO_COVERAGE,none
Reflector.java,org.apache.ibatis.reflection.Reflector,org.pitest.mutationtest.engine.gregor.mutators.NonVoidMethodCallMutator,pickBetterSetter,225,NO_COVERAGE,none
Reflector.java,org.apache.ibatis.reflection.Reflector,org.pitest.mutationtest.engine.gregor.mutators.RemoveConditionalMutator_EQUAL_ELSE,pickBetterSetter,213,NO_COVERAGE,none
Reflector.java,org.apache.ibatis.reflection.Reflector,org.pitest.mutationtest.engine.gregor.mutators.RemoveConditionalMutator_EQUAL_ELSE,pickBetterSetter,218,NO_COVERAGE,none
Reflector.java,org.apache.ibatis.reflection.Reflector,org.pitest.mutationtest.engine.gregor.mutators.RemoveConditionalMutator_EQUAL_ELSE,pickBetterSetter,220,NO_COVERAGE,none
Reflector.java,org.apache.ibatis.reflection.Reflector,org.pitest.mutationtest.engine.gregor.mutators.RemoveConditionalMutator_EQUAL_IF,pickBetterSetter,213,NO_COVERAGE,none
Reflector.java,org.apache.ibatis.reflection.Reflector,org.pitest.mutationtest.engine.gregor.mutators.RemoveConditionalMutator_EQUAL_IF,pickBetterSetter,218,NO_COVERAGE,none
Reflector.java,org.apache.ibatis.reflection.Reflector,org.pitest.mutationtest.engine.gregor.mutators.RemoveConditionalMutator_EQUAL_IF,pickBetterSetter,220,NO_COVERAGE,none
Reflector.java,org.apache.ibatis.reflection.Reflector,org.pitest.mutationtest.engine.gregor.mutators.ReturnValsMutator,pickBetterSetter,214,NO_COVERAGE,none
Reflector.java,org.apache.ibatis.reflection.Reflector,org.pitest.mutationtest.engine.gregor.mutators.ReturnValsMutator,pickBetterSetter,219,NO_COVERAGE,none
Reflector.java,org.apache.ibatis.reflection.Reflector,org.pitest.mutationtest.engine.gregor.mutators.ReturnValsMutator,pickBetterSetter,221,NO_COVERAGE,none
Reflector.java,org.apache.ibatis.reflection.Reflector,org.pitest.mutationtest.engine.gregor.mutators.ArgumentPropagationMutator,resolveGetterConflicts,118,KILLED,org.apache.ibatis.submitted.extend.ExtendTest.org.apache.ibatis.submitted.extend.ExtendTest
Reflector.java,org.apache.ibatis.reflection.Reflector,org.pitest.mutationtest.engine.gregor.mutators.ConstructorCallMutator,resolveGetterConflicts,130,NO_COVERAGE,none
Reflector.java,org.apache.ibatis.reflection.Reflector,org.pitest.mutationtest.engine.gregor.mutators.ConstructorCallMutator,resolveGetterConflicts,131,NO_COVERAGE,none
Reflector.java,org.apache.ibatis.reflection.Reflector,org.pitest.mutationtest.engine.gregor.mutators.ConstructorCallMutator,resolveGetterConflicts,139,NO_COVERAGE,none
Reflector.java,org.apache.ibatis.reflection.Reflector,org.pitest.mutationtest.engine.gregor.mutators.ConstructorCallMutator,resolveGetterConflicts,140,NO_COVERAGE,none
Reflector.java,org.apache.ibatis.reflection.Reflector,org.pitest.mutationtest.engine.gregor.mutators.InlineConstantMutator,resolveGetterConflicts,121,KILLED,org.apache.ibatis.submitted.extend.ExtendTest.org.apache.ibatis.submitted.extend.ExtendTest
Reflector.java,org.apache.ibatis.reflection.Reflector,org.pitest.mutationtest.engine.gregor.mutators.NegateConditionalsMutator,resolveGetterConflicts,117,KILLED,org.apache.ibatis.submitted.extend.ExtendTest.org.apache.ibatis.submitted.extend.ExtendTest
Reflector.java,org.apache.ibatis.reflection.Reflector,org.pitest.mutationtest.engine.gregor.mutators.NegateConditionalsMutator,resolveGetterConflicts,121,KILLED,org.apache.ibatis.submitted.extend.ExtendTest.org.apache.ibatis.submitted.extend.ExtendTest
Reflector.java,org.apache.ibatis.reflection.Reflector,org.pitest.mutationtest.engine.gregor.mutators.NegateConditionalsMutator,resolveGetterConflicts,126,NO_COVERAGE,none
Reflector.java,org.apache.ibatis.reflection.Reflector,org.pitest.mutationtest.engine.gregor.mutators.NegateConditionalsMutator,resolveGetterConflicts,129,NO_COVERAGE,none
Reflector.java,org.apache.ibatis.reflection.Reflector,org.pitest.mutationtest.engine.gregor.mutators.NegateConditionalsMutator,resolveGetterConflicts,133,NO_COVERAGE,none
Reflector.java,org.apache.ibatis.reflection.Reflector,org.pitest.mutationtest.engine.gregor.mutators.NegateConditionalsMutator,resolveGetterConflicts,135,NO_COVERAGE,none
Reflector.java,org.apache.ibatis.reflection.Reflector,org.pitest.mutationtest.engine.gregor.mutators.NonVoidMethodCallMutator,resolveGetterConflicts,117,KILLED,org.apache.ibatis.submitted.extend.ExtendTest.org.apache.ibatis.submitted.extend.ExtendTest
Reflector.java,org.apache.ibatis.reflection.Reflector,org.pitest.mutationtest.engine.gregor.mutators.NonVoidMethodCallMutator,resolveGetterConflicts,117,KILLED,org.apache.ibatis.submitted.extend.ExtendTest.org.apache.ibatis.submitted.extend.ExtendTest
Reflector.java,org.apache.ibatis.reflection.Reflector,org.pitest.mutationtest.engine.gregor.mutators.NonVoidMethodCallMutator,resolveGetterConflicts,117,KILLED,org.apache.ibatis.submitted.extend.ExtendTest.org.apache.ibatis.submitted.extend.ExtendTest
Reflector.java,org.apache.ibatis.reflection.Reflector,org.pitest.mutationtest.engine.gregor.mutators.NonVoidMethodCallMutator,resolveGetterConflicts,117,KILLED,org.apache.ibatis.submitted.extend.ExtendTest.org.apache.ibatis.submitted.extend.ExtendTest
Reflector.java,org.apache.ibatis.reflection.Reflector,org.pitest.mutationtest.engine.gregor.mutators.NonVoidMethodCallMutator,resolveGetterConflicts,118,KILLED,org.apache.ibatis.submitted.extend.ExtendTest.org.apache.ibatis.submitted.extend.ExtendTest
Reflector.java,org.apache.ibatis.reflection.Reflector,org.pitest.mutationtest.engine.gregor.mutators.NonVoidMethodCallMutator,resolveGetterConflicts,119,KILLED,org.apache.ibatis.submitted.extend.ExtendTest.org.apache.ibatis.submitted.extend.ExtendTest
Reflector.java,org.apache.ibatis.reflection.Reflector,org.pitest.mutationtest.engine.gregor.mutators.NonVoidMethodCallMutator,resolveGetterConflicts,120,KILLED,org.apache.ibatis.submitted.extend.ExtendTest.org.apache.ibatis.submitted.extend.ExtendTest
Reflector.java,org.apache.ibatis.reflection.Reflector,org.pitest.mutationtest.engine.gregor.mutators.NonVoidMethodCallMutator,resolveGetterConflicts,121,KILLED,org.apache.ibatis.submitted.extend.ExtendTest.org.apache.ibatis.submitted.extend.ExtendTest
Reflector.java,org.apache.ibatis.reflection.Reflector,org.pitest.mutationtest.engine.gregor.mutators.NonVoidMethodCallMutator,resolveGetterConflicts,125,NO_COVERAGE,none
Reflector.java,org.apache.ibatis.reflection.Reflector,org.pitest.mutationtest.engine.gregor.mutators.NonVoidMethodCallMutator,resolveGetterConflicts,126,NO_COVERAGE,none
Reflector.java,org.apache.ibatis.reflection.Reflector,org.pitest.mutationtest.engine.gregor.mutators.NonVoidMethodCallMutator,resolveGetterConflicts,127,NO_COVERAGE,none
Reflector.java,org.apache.ibatis.reflection.Reflector,org.pitest.mutationtest.engine.gregor.mutators.NonVoidMethodCallMutator,resolveGetterConflicts,128,NO_COVERAGE,none
Reflector.java,org.apache.ibatis.reflection.Reflector,org.pitest.mutationtest.engine.gregor.mutators.NonVoidMethodCallMutator,resolveGetterConflicts,129,NO_COVERAGE,none
Reflector.java,org.apache.ibatis.reflection.Reflector,org.pitest.mutationtest.engine.gregor.mutators.NonVoidMethodCallMutator,resolveGetterConflicts,130,NO_COVERAGE,none
Reflector.java,org.apache.ibatis.reflection.Reflector,org.pitest.mutationtest.engine.gregor.mutators.NonVoidMethodCallMutator,resolveGetterConflicts,130,NO_COVERAGE,none
Reflector.java,org.apache.ibatis.reflection.Reflector,org.pitest.mutationtest.engine.gregor.mutators.NonVoidMethodCallMutator,resolveGetterConflicts,130,NO_COVERAGE,none
Reflector.java,org.apache.ibatis.reflection.Reflector,org.pitest.mutationtest.engine.gregor.mutators.NonVoidMethodCallMutator,resolveGetterConflicts,131,NO_COVERAGE,none
Reflector.java,org.apache.ibatis.reflection.Reflector,org.pitest.mutationtest.engine.gregor.mutators.NonVoidMethodCallMutator,resolveGetterConflicts,131,NO_COVERAGE,none
Reflector.java,org.apache.ibatis.reflection.Reflector,org.pitest.mutationtest.engine.gregor.mutators.NonVoidMethodCallMutator,resolveGetterConflicts,131,NO_COVERAGE,none
Reflector.java,org.apache.ibatis.reflection.Reflector,org.pitest.mutationtest.engine.gregor.mutators.NonVoidMethodCallMutator,resolveGetterConflicts,131,NO_COVERAGE,none
Reflector.java,org.apache.ibatis.reflection.Reflector,org.pitest.mutationtest.engine.gregor.mutators.NonVoidMethodCallMutator,resolveGetterConflicts,133,NO_COVERAGE,none
Reflector.java,org.apache.ibatis.reflection.Reflector,org.pitest.mutationtest.engine.gregor.mutators.NonVoidMethodCallMutator,resolveGetterConflicts,135,NO_COVERAGE,none
Reflector.java,org.apache.ibatis.reflection.Reflector,org.pitest.mutationtest.engine.gregor.mutators.NonVoidMethodCallMutator,resolveGetterConflicts,139,NO_COVERAGE,none
Reflector.java,org.apache.ibatis.reflection.Reflector,org.pitest.mutationtest.engine.gregor.mutators.NonVoidMethodCallMutator,resolveGetterConflicts,139,NO_COVERAGE,none
Reflector.java,org.apache.ibatis.reflection.Reflector,org.pitest.mutationtest.engine.gregor.mutators.NonVoidMethodCallMutator,resolveGetterConflicts,139,NO_COVERAGE,none
Reflector.java,org.apache.ibatis.reflection.Reflector,org.pitest.mutationtest.engine.gregor.mutators.NonVoidMethodCallMutator,resolveGetterConflicts,140,NO_COVERAGE,none
Reflector.java,org.apache.ibatis.reflection.Reflector,org.pitest.mutationtest.engine.gregor.mutators.NonVoidMethodCallMutator,resolveGetterConflicts,140,NO_COVERAGE,none
Reflector.java,org.apache.ibatis.reflection.Reflector,org.pitest.mutationtest.engine.gregor.mutators.NonVoidMethodCallMutator,resolveGetterConflicts,140,NO_COVERAGE,none
Reflector.java,org.apache.ibatis.reflection.Reflector,org.pitest.mutationtest.engine.gregor.mutators.NonVoidMethodCallMutator,resolveGetterConflicts,140,NO_COVERAGE,none
Reflector.java,org.apache.ibatis.reflection.Reflector,org.pitest.mutationtest.engine.gregor.mutators.RemoveConditionalMutator_EQUAL_ELSE,resolveGetterConflicts,117,KILLED,org.apache.ibatis.submitted.extend.ExtendTest.org.apache.ibatis.submitted.extend.ExtendTest
Reflector.java,org.apache.ibatis.reflection.Reflector,org.pitest.mutationtest.engine.gregor.mutators.RemoveConditionalMutator_EQUAL_ELSE,resolveGetterConflicts,121,KILLED,org.apache.ibatis.submitted.extend.ExtendTest.org.apache.ibatis.submitted.extend.ExtendTest
Reflector.java,org.apache.ibatis.reflection.Reflector,org.pitest.mutationtest.engine.gregor.mutators.RemoveConditionalMutator_EQUAL_ELSE,resolveGetterConflicts,126,NO_COVERAGE,none
Reflector.java,org.apache.ibatis.reflection.Reflector,org.pitest.mutationtest.engine.gregor.mutators.RemoveConditionalMutator_EQUAL_ELSE,resolveGetterConflicts,129,NO_COVERAGE,none
Reflector.java,org.apache.ibatis.reflection.Reflector,org.pitest.mutationtest.engine.gregor.mutators.RemoveConditionalMutator_EQUAL_ELSE,resolveGetterConflicts,133,NO_COVERAGE,none
Reflector.java,org.apache.ibatis.reflection.Reflector,org.pitest.mutationtest.engine.gregor.mutators.RemoveConditionalMutator_EQUAL_ELSE,resolveGetterConflicts,135,NO_COVERAGE,none
Reflector.java,org.apache.ibatis.reflection.Reflector,org.pitest.mutationtest.engine.gregor.mutators.RemoveConditionalMutator_EQUAL_IF,resolveGetterConflicts,117,KILLED,org.apache.ibatis.submitted.extend.ExtendTest.org.apache.ibatis.submitted.extend.ExtendTest
Reflector.java,org.apache.ibatis.reflection.Reflector,org.pitest.mutationtest.engine.gregor.mutators.RemoveConditionalMutator_EQUAL_IF,resolveGetterConflicts,121,KILLED,org.apache.ibatis.submitted.extend.ExtendTest.org.apache.ibatis.submitted.extend.ExtendTest
Reflector.java,org.apache.ibatis.reflection.Reflector,org.pitest.mutationtest.engine.gregor.mutators.RemoveConditionalMutator_EQUAL_IF,resolveGetterConflicts,126,NO_COVERAGE,none
Reflector.java,org.apache.ibatis.reflection.Reflector,org.pitest.mutationtest.engine.gregor.mutators.RemoveConditionalMutator_EQUAL_IF,resolveGetterConflicts,129,NO_COVERAGE,none
Reflector.java,org.apache.ibatis.reflection.Reflector,org.pitest.mutationtest.engine.gregor.mutators.RemoveConditionalMutator_EQUAL_IF,resolveGetterConflicts,133,NO_COVERAGE,none
Reflector.java,org.apache.ibatis.reflection.Reflector,org.pitest.mutationtest.engine.gregor.mutators.RemoveConditionalMutator_EQUAL_IF,resolveGetterConflicts,135,NO_COVERAGE,none
Reflector.java,org.apache.ibatis.reflection.Reflector,org.pitest.mutationtest.engine.gregor.mutators.VoidMethodCallMutator,resolveGetterConflicts,122,KILLED,org.apache.ibatis.submitted.extend.ExtendTest.org.apache.ibatis.submitted.extend.ExtendTest
Reflector.java,org.apache.ibatis.reflection.Reflector,org.pitest.mutationtest.engine.gregor.mutators.VoidMethodCallMutator,resolveGetterConflicts,144,NO_COVERAGE,none
Reflector.java,org.apache.ibatis.reflection.Reflector,org.pitest.mutationtest.engine.gregor.mutators.ArgumentPropagationMutator,resolveSetterConflicts,183,KILLED,org.apache.ibatis.submitted.extend.ExtendTest.org.apache.ibatis.submitted.extend.ExtendTest
Reflector.java,org.apache.ibatis.reflection.Reflector,org.pitest.mutationtest.engine.gregor.mutators.ArgumentPropagationMutator,resolveSetterConflicts,184,KILLED,org.apache.ibatis.submitted.extend.ExtendTest.org.apache.ibatis.submitted.extend.ExtendTest
Reflector.java,org.apache.ibatis.reflection.Reflector,org.pitest.mutationtest.engine.gregor.mutators.ArgumentPropagationMutator,resolveSetterConflicts,196,NO_COVERAGE,none
Reflector.java,org.apache.ibatis.reflection.Reflector,org.pitest.mutationtest.engine.gregor.mutators.InlineConstantMutator,resolveSetterConflicts,188,KILLED,org.apache.ibatis.submitted.extend.ExtendTest.org.apache.ibatis.submitted.extend.ExtendTest
Reflector.java,org.apache.ibatis.reflection.Reflector,org.pitest.mutationtest.engine.gregor.mutators.NegateConditionalsMutator,resolveSetterConflicts,182,KILLED,org.apache.ibatis.submitted.extend.ExtendTest.org.apache.ibatis.submitted.extend.ExtendTest
Reflector.java,org.apache.ibatis.reflection.Reflector,org.pitest.mutationtest.engine.gregor.mutators.NegateConditionalsMutator,resolveSetterConflicts,187,KILLED,org.apache.ibatis.submitted.extend.ExtendTest.org.apache.ibatis.submitted.extend.ExtendTest
Reflector.java,org.apache.ibatis.reflection.Reflector,org.pitest.mutationtest.engine.gregor.mutators.NegateConditionalsMutator,resolveSetterConflicts,189,KILLED,org.apache.ibatis.submitted.extend.ExtendTest.org.apache.ibatis.submitted.extend.ExtendTest
Reflector.java,org.apache.ibatis.reflection.Reflector,org.pitest.mutationtest.engine.gregor.mutators.NegateConditionalsMutator,resolveSetterConflicts,194,NO_COVERAGE,none
Reflector.java,org.apache.ibatis.reflection.Reflector,org.pitest.mutationtest.engine.gregor.mutators.NegateConditionalsMutator,resolveSetterConflicts,204,KILLED,org.apache.ibatis.submitted.extend.ExtendTest.org.apache.ibatis.submitted.extend.ExtendTest
Reflector.java,org.apache.ibatis.reflection.Reflector,org.pitest.mutationtest.engine.gregor.mutators.NonVoidMethodCallMutator,resolveSetterConflicts,182,KILLED,org.apache.ibatis.submitted.extend.ExtendTest.org.apache.ibatis.submitted.extend.ExtendTest
Reflector.java,org.apache.ibatis.reflection.Reflector,org.pitest.mutationtest.engine.gregor.mutators.NonVoidMethodCallMutator,resolveSetterConflicts,182,KILLED,org.apache.ibatis.submitted.extend.ExtendTest.org.apache.ibatis.submitted.extend.ExtendTest
Reflector.java,org.apache.ibatis.reflection.Reflector,org.pitest.mutationtest.engine.gregor.mutators.NonVoidMethodCallMutator,resolveSetterConflicts,182,KILLED,org.apache.ibatis.submitted.extend.ExtendTest.org.apache.ibatis.submitted.extend.ExtendTest
Reflector.java,org.apache.ibatis.reflection.Reflector,org.pitest.mutationtest.engine.gregor.mutators.NonVoidMethodCallMutator,resolveSetterConflicts,182,KILLED,org.apache.ibatis.submitted.extend.ExtendTest.org.apache.ibatis.submitted.extend.ExtendTest
Reflector.java,org.apache.ibatis.reflection.Reflector,org.pitest.mutationtest.engine.gregor.mutators.NonVoidMethodCallMutator,resolveSetterConflicts,183,KILLED,org.apache.ibatis.submitted.extend.ExtendTest.org.apache.ibatis.submitted.extend.ExtendTest
Reflector.java,org.apache.ibatis.reflection.Reflector,org.pitest.mutationtest.engine.gregor.mutators.NonVoidMethodCallMutator,resolveSetterConflicts,184,KILLED,org.apache.ibatis.submitted.extend.ExtendTest.org.apache.ibatis.submitted.extend.ExtendTest
Reflector.java,org.apache.ibatis.reflection.Reflector,org.pitest.mutationtest.engine.gregor.mutators.NonVoidMethodCallMutator,resolveSetterConflicts,187,KILLED,org.apache.ibatis.submitted.extend.ExtendTest.org.apache.ibatis.submitted.extend.ExtendTest
Reflector.java,org.apache.ibatis.reflection.Reflector,org.pitest.mutationtest.engine.gregor.mutators.NonVoidMethodCallMutator,resolveSetterConflicts,187,KILLED,org.apache.ibatis.submitted.extend.ExtendTest.org.apache.ibatis.submitted.extend.ExtendTest
Reflector.java,org.apache.ibatis.reflection.Reflector,org.pitest.mutationtest.engine.gregor.mutators.NonVoidMethodCallMutator,resolveSetterConflicts,187,KILLED,org.apache.ibatis.submitted.extend.ExtendTest.org.apache.ibatis.submitted.extend.ExtendTest
Reflector.java,org.apache.ibatis.reflection.Reflector,org.pitest.mutationtest.engine.gregor.mutators.NonVoidMethodCallMutator,resolveSetterConflicts,188,KILLED,org.apache.ibatis.submitted.extend.ExtendTest.org.apache.ibatis.submitted.extend.ExtendTest
Reflector.java,org.apache.ibatis.reflection.Reflector,org.pitest.mutationtest.engine.gregor.mutators.NonVoidMethodCallMutator,resolveSetterConflicts,189,KILLED,org.apache.ibatis.submitted.extend.ExtendTest.org.apache.ibatis.submitted.extend.ExtendTest
Reflector.java,org.apache.ibatis.reflection.Reflector,org.pitest.mutationtest.engine.gregor.mutators.NonVoidMethodCallMutator,resolveSetterConflicts,196,NO_COVERAGE,none
Reflector.java,org.apache.ibatis.reflection.Reflector,org.pitest.mutationtest.engine.gregor.mutators.RemoveConditionalMutator_EQUAL_ELSE,resolveSetterConflicts,182,KILLED,org.apache.ibatis.submitted.extend.ExtendTest.org.apache.ibatis.submitted.extend.ExtendTest
Reflector.java,org.apache.ibatis.reflection.Reflector,org.pitest.mutationtest.engine.gregor.mutators.RemoveConditionalMutator_EQUAL_ELSE,resolveSetterConflicts,187,KILLED,org.apache.ibatis.submitted.extend.ExtendTest.org.apache.ibatis.submitted.extend.ExtendTest
Reflector.java,org.apache.ibatis.reflection.Reflector,org.pitest.mutationtest.engine.gregor.mutators.RemoveConditionalMutator_EQUAL_ELSE,resolveSetterConflicts,189,KILLED,org.apache.ibatis.submitted.extend.ExtendTest.org.apache.ibatis.submitted.extend.ExtendTest
Reflector.java,org.apache.ibatis.reflection.Reflector,org.pitest.mutationtest.engine.gregor.mutators.RemoveConditionalMutator_EQUAL_ELSE,resolveSetterConflicts,194,NO_COVERAGE,none
Reflector.java,org.apache.ibatis.reflection.Reflector,org.pitest.mutationtest.engine.gregor.mutators.RemoveConditionalMutator_EQUAL_ELSE,resolveSetterConflicts,204,KILLED,org.apache.ibatis.submitted.extend.ExtendTest.org.apache.ibatis.submitted.extend.ExtendTest
Reflector.java,org.apache.ibatis.reflection.Reflector,org.pitest.mutationtest.engine.gregor.mutators.RemoveConditionalMutator_EQUAL_IF,resolveSetterConflicts,182,KILLED,org.apache.ibatis.submitted.extend.ExtendTest.org.apache.ibatis.submitted.extend.ExtendTest
Reflector.java,org.apache.ibatis.reflection.Reflector,org.pitest.mutationtest.engine.gregor.mutators.RemoveConditionalMutator_EQUAL_IF,resolveSetterConflicts,187,KILLED,org.apache.ibatis.submitted.extend.ExtendTest.org.apache.ibatis.submitted.extend.ExtendTest
Reflector.java,org.apache.ibatis.reflection.Reflector,org.pitest.mutationtest.engine.gregor.mutators.RemoveConditionalMutator_EQUAL_IF,resolveSetterConflicts,189,KILLED,org.apache.ibatis.submitted.extend.ExtendTest.org.apache.ibatis.submitted.extend.ExtendTest
Reflector.java,org.apache.ibatis.reflection.Reflector,org.pitest.mutationtest.engine.gregor.mutators.RemoveConditionalMutator_EQUAL_IF,resolveSetterConflicts,194,NO_COVERAGE,none
Reflector.java,org.apache.ibatis.reflection.Reflector,org.pitest.mutationtest.engine.gregor.mutators.RemoveConditionalMutator_EQUAL_IF,resolveSetterConflicts,204,KILLED,org.apache.ibatis.submitted.extend.ExtendTest.org.apache.ibatis.submitted.extend.ExtendTest
Reflector.java,org.apache.ibatis.reflection.Reflector,org.pitest.mutationtest.engine.gregor.mutators.VoidMethodCallMutator,resolveSetterConflicts,207,KILLED,org.apache.ibatis.submitted.extend.ExtendTest.org.apache.ibatis.submitted.extend.ExtendTest
Reflector.java,org.apache.ibatis.reflection.Reflector,org.pitest.mutationtest.engine.gregor.mutators.InlineConstantMutator,typeToClass,245,NO_COVERAGE,none
Reflector.java,org.apache.ibatis.reflection.Reflector,org.pitest.mutationtest.engine.gregor.mutators.InlineConstantMutator,typeToClass,248,KILLED,org.apache.ibatis.submitted.extend.ExtendTest.org.apache.ibatis.submitted.extend.ExtendTest
Reflector.java,org.apache.ibatis.reflection.Reflector,org.pitest.mutationtest.engine.gregor.mutators.NegateConditionalsMutator,typeToClass,238,KILLED,org.apache.ibatis.submitted.extend.ExtendTest.org.apache.ibatis.submitted.extend.ExtendTest
Reflector.java,org.apache.ibatis.reflection.Reflector,org.pitest.mutationtest.engine.gregor.mutators.NegateConditionalsMutator,typeToClass,240,KILLED,org.apache.ibatis.submitted.extend.ExtendTest.org.apache.ibatis.submitted.extend.ExtendTest
Reflector.java,org.apache.ibatis.reflection.Reflector,org.pitest.mutationtest.engine.gregor.mutators.NegateConditionalsMutator,typeToClass,242,KILLED,org.apache.ibatis.submitted.extend.ExtendTest.org.apache.ibatis.submitted.extend.ExtendTest
Reflector.java,org.apache.ibatis.reflection.Reflector,org.pitest.mutationtest.engine.gregor.mutators.NegateConditionalsMutator,typeToClass,244,KILLED,org.apache.ibatis.submitted.extend.ExtendTest.org.apache.ibatis.submitted.extend.ExtendTest
Reflector.java,org.apache.ibatis.reflection.Reflector,org.pitest.mutationtest.engine.gregor.mutators.NegateConditionalsMutator,typeToClass,251,KILLED,org.apache.ibatis.submitted.extend.ExtendTest.org.apache.ibatis.submitted.extend.ExtendTest
Reflector.java,org.apache.ibatis.reflection.Reflector,org.pitest.mutationtest.engine.gregor.mutators.NonVoidMethodCallMutator,typeToClass,241,KILLED,org.apache.ibatis.submitted.extend.ExtendTest.org.apache.ibatis.submitted.extend.ExtendTest
Reflector.java,org.apache.ibatis.reflection.Reflector,org.pitest.mutationtest.engine.gregor.mutators.NonVoidMethodCallMutator,typeToClass,243,KILLED,org.apache.ibatis.submitted.extend.ExtendTest.org.apache.ibatis.submitted.extend.ExtendTest
Reflector.java,org.apache.ibatis.reflection.Reflector,org.pitest.mutationtest.engine.gregor.mutators.NonVoidMethodCallMutator,typeToClass,245,NO_COVERAGE,none
Reflector.java,org.apache.ibatis.reflection.Reflector,org.pitest.mutationtest.engine.gregor.mutators.NonVoidMethodCallMutator,typeToClass,245,NO_COVERAGE,none
Reflector.java,org.apache.ibatis.reflection.Reflector,org.pitest.mutationtest.engine.gregor.mutators.NonVoidMethodCallMutator,typeToClass,247,KILLED,org.apache.ibatis.submitted.extend.ExtendTest.org.apache.ibatis.submitted.extend.ExtendTest
Reflector.java,org.apache.ibatis.reflection.Reflector,org.pitest.mutationtest.engine.gregor.mutators.NonVoidMethodCallMutator,typeToClass,248,KILLED,org.apache.ibatis.submitted.extend.ExtendTest.org.apache.ibatis.submitted.extend.ExtendTest
Reflector.java,org.apache.ibatis.reflection.Reflector,org.pitest.mutationtest.engine.gregor.mutators.RemoveConditionalMutator_EQUAL_ELSE,typeToClass,238,KILLED,org.apache.ibatis.submitted.extend.ExtendTest.org.apache.ibatis.submitted.extend.ExtendTest
Reflector.java,org.apache.ibatis.reflection.Reflector,org.pitest.mutationtest.engine.gregor.mutators.RemoveConditionalMutator_EQUAL_ELSE,typeToClass,240,KILLED,org.apache.ibatis.submitted.extend.ExtendTest.org.apache.ibatis.submitted.extend.ExtendTest
Reflector.java,org.apache.ibatis.reflection.Reflector,org.pitest.mutationtest.engine.gregor.mutators.RemoveConditionalMutator_EQUAL_ELSE,typeToClass,242,KILLED,org.apache.ibatis.submitted.extend.ExtendTest.org.apache.ibatis.submitted.extend.ExtendTest
Reflector.java,org.apache.ibatis.reflection.Reflector,org.pitest.mutationtest.engine.gregor.mutators.RemoveConditionalMutator_EQUAL_ELSE,typeToClass,244,KILLED,org.apache.ibatis.submitted.extend.ExtendTest.org.apache.ibatis.submitted.extend.ExtendTest
Reflector.java,org.apache.ibatis.reflection.Reflector,org.pitest.mutationtest.engine.gregor.mutators.RemoveConditionalMutator_EQUAL_ELSE,typeToClass,251,KILLED,org.apache.ibatis.submitted.extend.ExtendTest.org.apache.ibatis.submitted.extend.ExtendTest
Reflector.java,org.apache.ibatis.reflection.Reflector,org.pitest.mutationtest.engine.gregor.mutators.RemoveConditionalMutator_EQUAL_IF,typeToClass,238,KILLED,org.apache.ibatis.submitted.extend.ExtendTest.org.apache.ibatis.submitted.extend.ExtendTest
Reflector.java,org.apache.ibatis.reflection.Reflector,org.pitest.mutationtest.engine.gregor.mutators.RemoveConditionalMutator_EQUAL_IF,typeToClass,240,KILLED,org.apache.ibatis.submitted.extend.ExtendTest.org.apache.ibatis.submitted.extend.ExtendTest
Reflector.java,org.apache.ibatis.reflection.Reflector,org.pitest.mutationtest.engine.gregor.mutators.RemoveConditionalMutator_EQUAL_IF,typeToClass,242,KILLED,org.apache.ibatis.submitted.extend.ExtendTest.org.apache.ibatis.submitted.extend.ExtendTest
Reflector.java,org.apache.ibatis.reflection.Reflector,org.pitest.mutationtest.engine.gregor.mutators.RemoveConditionalMutator_EQUAL_IF,typeToClass,244,KILLED,org.apache.ibatis.submitted.extend.ExtendTest.org.apache.ibatis.submitted.extend.ExtendTest
Reflector.java,org.apache.ibatis.reflection.Reflector,org.pitest.mutationtest.engine.gregor.mutators.RemoveConditionalMutator_EQUAL_IF,typeToClass,251,KILLED,org.apache.ibatis.submitted.extend.ExtendTest.org.apache.ibatis.submitted.extend.ExtendTest
Reflector.java,org.apache.ibatis.reflection.Reflector,org.pitest.mutationtest.engine.gregor.mutators.ReturnValsMutator,typeToClass,254,KILLED,org.apache.ibatis.submitted.extend.ExtendTest.org.apache.ibatis.submitted.extend.ExtendTest
DefaultVFS.java,org.apache.ibatis.io.DefaultVFS,org.pitest.mutationtest.engine.gregor.mutators.ArgumentPropagationMutator,findJarForResource,270,NO_COVERAGE,none
DefaultVFS.java,org.apache.ibatis.io.DefaultVFS,org.pitest.mutationtest.engine.gregor.mutators.ConditionalsBoundaryMutator,findJarForResource,240,NO_COVERAGE,none
DefaultVFS.java,org.apache.ibatis.io.DefaultVFS,org.pitest.mutationtest.engine.gregor.mutators.ConstructorCallMutator,findJarForResource,222,NO_COVERAGE,none
DefaultVFS.java,org.apache.ibatis.io.DefaultVFS,org.pitest.mutationtest.engine.gregor.mutators.ConstructorCallMutator,findJarForResource,228,NO_COVERAGE,none
DefaultVFS.java,org.apache.ibatis.io.DefaultVFS,org.pitest.mutationtest.engine.gregor.mutators.ConstructorCallMutator,findJarForResource,230,NO_COVERAGE,none
DefaultVFS.java,org.apache.ibatis.io.DefaultVFS,org.pitest.mutationtest.engine.gregor.mutators.ConstructorCallMutator,findJarForResource,238,NO_COVERAGE,none
DefaultVFS.java,org.apache.ibatis.io.DefaultVFS,org.pitest.mutationtest.engine.gregor.mutators.ConstructorCallMutator,findJarForResource,243,NO_COVERAGE,none
DefaultVFS.java,org.apache.ibatis.io.DefaultVFS,org.pitest.mutationtest.engine.gregor.mutators.ConstructorCallMutator,findJarForResource,248,NO_COVERAGE,none
DefaultVFS.java,org.apache.ibatis.io.DefaultVFS,org.pitest.mutationtest.engine.gregor.mutators.ConstructorCallMutator,findJarForResource,255,NO_COVERAGE,none
DefaultVFS.java,org.apache.ibatis.io.DefaultVFS,org.pitest.mutationtest.engine.gregor.mutators.ConstructorCallMutator,findJarForResource,262,NO_COVERAGE,none
DefaultVFS.java,org.apache.ibatis.io.DefaultVFS,org.pitest.mutationtest.engine.gregor.mutators.ConstructorCallMutator,findJarForResource,265,NO_COVERAGE,none
DefaultVFS.java,org.apache.ibatis.io.DefaultVFS,org.pitest.mutationtest.engine.gregor.mutators.ConstructorCallMutator,findJarForResource,270,NO_COVERAGE,none
DefaultVFS.java,org.apache.ibatis.io.DefaultVFS,org.pitest.mutationtest.engine.gregor.mutators.ConstructorCallMutator,findJarForResource,272,NO_COVERAGE,none
DefaultVFS.java,org.apache.ibatis.io.DefaultVFS,org.pitest.mutationtest.engine.gregor.mutators.ConstructorCallMutator,findJarForResource,278,NO_COVERAGE,none
DefaultVFS.java,org.apache.ibatis.io.DefaultVFS,org.pitest.mutationtest.engine.gregor.mutators.ConstructorCallMutator,findJarForResource,287,NO_COVERAGE,none
DefaultVFS.java,org.apache.ibatis.io.DefaultVFS,org.pitest.mutationtest.engine.gregor.mutators.ConstructorCallMutator,findJarForResource,291,NO_COVERAGE,none
DefaultVFS.java,org.apache.ibatis.io.DefaultVFS,org.pitest.mutationtest.engine.gregor.mutators.InlineConstantMutator,findJarForResource,241,NO_COVERAGE,none
DefaultVFS.java,org.apache.ibatis.io.DefaultVFS,org.pitest.mutationtest.engine.gregor.mutators.InlineConstantMutator,findJarForResource,264,NO_COVERAGE,none
DefaultVFS.java,org.apache.ibatis.io.DefaultVFS,org.pitest.mutationtest.engine.gregor.mutators.MathMutator,findJarForResource,241,NO_COVERAGE,none
DefaultVFS.java,org.apache.ibatis.io.DefaultVFS,org.pitest.mutationtest.engine.gregor.mutators.NegateConditionalsMutator,findJarForResource,221,NO_COVERAGE,none
DefaultVFS.java,org.apache.ibatis.io.DefaultVFS,org.pitest.mutationtest.engine.gregor.mutators.NegateConditionalsMutator,findJarForResource,229,NO_COVERAGE,none
DefaultVFS.java,org.apache.ibatis.io.DefaultVFS,org.pitest.mutationtest.engine.gregor.mutators.NegateConditionalsMutator,findJarForResource,240,NO_COVERAGE,none
DefaultVFS.java,org.apache.ibatis.io.DefaultVFS,org.pitest.mutationtest.engine.gregor.mutators.NegateConditionalsMutator,findJarForResource,242,NO_COVERAGE,none
DefaultVFS.java,org.apache.ibatis.io.DefaultVFS,org.pitest.mutationtest.engine.gregor.mutators.NegateConditionalsMutator,findJarForResource,247,NO_COVERAGE,none
DefaultVFS.java,org.apache.ibatis.io.DefaultVFS,org.pitest.mutationtest.engine.gregor.mutators.NegateConditionalsMutator,findJarForResource,256,NO_COVERAGE,none
DefaultVFS.java,org.apache.ibatis.io.DefaultVFS,org.pitest.mutationtest.engine.gregor.mutators.NegateConditionalsMutator,findJarForResource,261,NO_COVERAGE,none
DefaultVFS.java,org.apache.ibatis.io.DefaultVFS,org.pitest.mutationtest.engine.gregor.mutators.NegateConditionalsMutator,findJarForResource,268,NO_COVERAGE,none
DefaultVFS.java,org.apache.ibatis.io.DefaultVFS,org.pitest.mutationtest.engine.gregor.mutators.NegateConditionalsMutator,findJarForResource,276,NO_COVERAGE,none
DefaultVFS.java,org.apache.ibatis.io.DefaultVFS,org.pitest.mutationtest.engine.gregor.mutators.NegateConditionalsMutator,findJarForResource,277,NO_COVERAGE,none
DefaultVFS.java,org.apache.ibatis.io.DefaultVFS,org.pitest.mutationtest.engine.gregor.mutators.NegateConditionalsMutator,findJarForResource,281,NO_COVERAGE,none
DefaultVFS.java,org.apache.ibatis.io.DefaultVFS,org.pitest.mutationtest.engine.gregor.mutators.NegateConditionalsMutator,findJarForResource,290,NO_COVERAGE,none
DefaultVFS.java,org.apache.ibatis.io.DefaultVFS,org.pitest.mutationtest.engine.gregor.mutators.NonVoidMethodCallMutator,findJarForResource,221,NO_COVERAGE,none
DefaultVFS.java,org.apache.ibatis.io.DefaultVFS,org.pitest.mutationtest.engine.gregor.mutators.NonVoidMethodCallMutator,findJarForResource,222,NO_COVERAGE,none
DefaultVFS.java,org.apache.ibatis.io.DefaultVFS,org.pitest.mutationtest.engine.gregor.mutators.NonVoidMethodCallMutator,findJarForResource,222,NO_COVERAGE,none
DefaultVFS.java,org.apache.ibatis.io.DefaultVFS,org.pitest.mutationtest.engine.gregor.mutators.NonVoidMethodCallMutator,findJarForResource,222,NO_COVERAGE,none
DefaultVFS.java,org.apache.ibatis.io.DefaultVFS,org.pitest.mutationtest.engine.gregor.mutators.NonVoidMethodCallMutator,findJarForResource,228,NO_COVERAGE,none
DefaultVFS.java,org.apache.ibatis.io.DefaultVFS,org.pitest.mutationtest.engine.gregor.mutators.NonVoidMethodCallMutator,findJarForResource,229,NO_COVERAGE,none
DefaultVFS.java,org.apache.ibatis.io.DefaultVFS,org.pitest.mutationtest.engine.gregor.mutators.NonVoidMethodCallMutator,findJarForResource,230,NO_COVERAGE,none
DefaultVFS.java,org.apache.ibatis.io.DefaultVFS,org.pitest.mutationtest.engine.gregor.mutators.NonVoidMethodCallMutator,findJarForResource,230,NO_COVERAGE,none
DefaultVFS.java,org.apache.ibatis.io.DefaultVFS,org.pitest.mutationtest.engine.gregor.mutators.NonVoidMethodCallMutator,findJarForResource,230,NO_COVERAGE,none
DefaultVFS.java,org.apache.ibatis.io.DefaultVFS,org.pitest.mutationtest.engine.gregor.mutators.NonVoidMethodCallMutator,findJarForResource,238,NO_COVERAGE,none
DefaultVFS.java,org.apache.ibatis.io.DefaultVFS,org.pitest.mutationtest.engine.gregor.mutators.NonVoidMethodCallMutator,findJarForResource,239,NO_COVERAGE,none
DefaultVFS.java,org.apache.ibatis.io.DefaultVFS,org.pitest.mutationtest.engine.gregor.mutators.NonVoidMethodCallMutator,findJarForResource,242,NO_COVERAGE,none
DefaultVFS.java,org.apache.ibatis.io.DefaultVFS,org.pitest.mutationtest.engine.gregor.mutators.NonVoidMethodCallMutator,findJarForResource,243,NO_COVERAGE,none
DefaultVFS.java,org.apache.ibatis.io.DefaultVFS,org.pitest.mutationtest.engine.gregor.mutators.NonVoidMethodCallMutator,findJarForResource,243,NO_COVERAGE,none
DefaultVFS.java,org.apache.ibatis.io.DefaultVFS,org.pitest.mutationtest.engine.gregor.mutators.NonVoidMethodCallMutator,findJarForResource,243,NO_COVERAGE,none
DefaultVFS.java,org.apache.ibatis.io.DefaultVFS,org.pitest.mutationtest.engine.gregor.mutators.NonVoidMethodCallMutator,findJarForResource,247,NO_COVERAGE,none
DefaultVFS.java,org.apache.ibatis.io.DefaultVFS,org.pitest.mutationtest.engine.gregor.mutators.NonVoidMethodCallMutator,findJarForResource,248,NO_COVERAGE,none
DefaultVFS.java,org.apache.ibatis.io.DefaultVFS,org.pitest.mutationtest.engine.gregor.mutators.NonVoidMethodCallMutator,findJarForResource,248,NO_COVERAGE,none
DefaultVFS.java,org.apache.ibatis.io.DefaultVFS,org.pitest.mutationtest.engine.gregor.mutators.NonVoidMethodCallMutator,findJarForResource,248,NO_COVERAGE,none
DefaultVFS.java,org.apache.ibatis.io.DefaultVFS,org.pitest.mutationtest.engine.gregor.mutators.NonVoidMethodCallMutator,findJarForResource,255,NO_COVERAGE,none
DefaultVFS.java,org.apache.ibatis.io.DefaultVFS,org.pitest.mutationtest.engine.gregor.mutators.NonVoidMethodCallMutator,findJarForResource,256,NO_COVERAGE,none
DefaultVFS.java,org.apache.ibatis.io.DefaultVFS,org.pitest.mutationtest.engine.gregor.mutators.NonVoidMethodCallMutator,findJarForResource,261,NO_COVERAGE,none
DefaultVFS.java,org.apache.ibatis.io.DefaultVFS,org.pitest.mutationtest.engine.gregor.mutators.NonVoidMethodCallMutator,findJarForResource,262,NO_COVERAGE,none
DefaultVFS.java,org.apache.ibatis.io.DefaultVFS,org.pitest.mutationtest.engine.gregor.mutators.NonVoidMethodCallMutator,findJarForResource,262,NO_COVERAGE,none
DefaultVFS.java,org.apache.ibatis.io.DefaultVFS,org.pitest.mutationtest.engine.gregor.mutators.NonVoidMethodCallMutator,findJarForResource,262,NO_COVERAGE,none
DefaultVFS.java,org.apache.ibatis.io.DefaultVFS,org.pitest.mutationtest.engine.gregor.mutators.NonVoidMethodCallMutator,findJarForResource,264,NO_COVERAGE,none
DefaultVFS.java,org.apache.ibatis.io.DefaultVFS,org.pitest.mutationtest.engine.gregor.mutators.NonVoidMethodCallMutator,findJarForResource,264,NO_COVERAGE,none
DefaultVFS.java,org.apache.ibatis.io.DefaultVFS,org.pitest.mutationtest.engine.gregor.mutators.NonVoidMethodCallMutator,findJarForResource,264,NO_COVERAGE,none
DefaultVFS.java,org.apache.ibatis.io.DefaultVFS,org.pitest.mutationtest.engine.gregor.mutators.NonVoidMethodCallMutator,findJarForResource,265,NO_COVERAGE,none
DefaultVFS.java,org.apache.ibatis.io.DefaultVFS,org.pitest.mutationtest.engine.gregor.mutators.NonVoidMethodCallMutator,findJarForResource,268,NO_COVERAGE,none
DefaultVFS.java,org.apache.ibatis.io.DefaultVFS,org.pitest.mutationtest.engine.gregor.mutators.NonVoidMethodCallMutator,findJarForResource,270,NO_COVERAGE,none
DefaultVFS.java,org.apache.ibatis.io.DefaultVFS,org.pitest.mutationtest.engine.gregor.mutators.NonVoidMethodCallMutator,findJarForResource,270,NO_COVERAGE,none
DefaultVFS.java,org.apache.ibatis.io.DefaultVFS,org.pitest.mutationtest.engine.gregor.mutators.NonVoidMethodCallMutator,findJarForResource,276,NO_COVERAGE,none
DefaultVFS.java,org.apache.ibatis.io.DefaultVFS,org.pitest.mutationtest.engine.gregor.mutators.NonVoidMethodCallMutator,findJarForResource,277,NO_COVERAGE,none
DefaultVFS.java,org.apache.ibatis.io.DefaultVFS,org.pitest.mutationtest.engine.gregor.mutators.NonVoidMethodCallMutator,findJarForResource,278,NO_COVERAGE,none
DefaultVFS.java,org.apache.ibatis.io.DefaultVFS,org.pitest.mutationtest.engine.gregor.mutators.NonVoidMethodCallMutator,findJarForResource,278,NO_COVERAGE,none
DefaultVFS.java,org.apache.ibatis.io.DefaultVFS,org.pitest.mutationtest.engine.gregor.mutators.NonVoidMethodCallMutator,findJarForResource,278,NO_COVERAGE,none
DefaultVFS.java,org.apache.ibatis.io.DefaultVFS,org.pitest.mutationtest.engine.gregor.mutators.NonVoidMethodCallMutator,findJarForResource,278,NO_COVERAGE,none
DefaultVFS.java,org.apache.ibatis.io.DefaultVFS,org.pitest.mutationtest.engine.gregor.mutators.NonVoidMethodCallMutator,findJarForResource,280,NO_COVERAGE,none
DefaultVFS.java,org.apache.ibatis.io.DefaultVFS,org.pitest.mutationtest.engine.gregor.mutators.NonVoidMethodCallMutator,findJarForResource,280,NO_COVERAGE,none
DefaultVFS.java,org.apache.ibatis.io.DefaultVFS,org.pitest.mutationtest.engine.gregor.mutators.NonVoidMethodCallMutator,findJarForResource,281,NO_COVERAGE,none
DefaultVFS.java,org.apache.ibatis.io.DefaultVFS,org.pitest.mutationtest.engine.gregor.mutators.NonVoidMethodCallMutator,findJarForResource,287,NO_COVERAGE,none
DefaultVFS.java,org.apache.ibatis.io.DefaultVFS,org.pitest.mutationtest.engine.gregor.mutators.NonVoidMethodCallMutator,findJarForResource,287,NO_COVERAGE,none
DefaultVFS.java,org.apache.ibatis.io.DefaultVFS,org.pitest.mutationtest.engine.gregor.mutators.NonVoidMethodCallMutator,findJarForResource,287,NO_COVERAGE,none
DefaultVFS.java,org.apache.ibatis.io.DefaultVFS,org.pitest.mutationtest.engine.gregor.mutators.NonVoidMethodCallMutator,findJarForResource,290,NO_COVERAGE,none
DefaultVFS.java,org.apache.ibatis.io.DefaultVFS,org.pitest.mutationtest.engine.gregor.mutators.NonVoidMethodCallMutator,findJarForResource,291,NO_COVERAGE,none
DefaultVFS.java,org.apache.ibatis.io.DefaultVFS,org.pitest.mutationtest.engine.gregor.mutators.NonVoidMethodCallMutator,findJarForResource,291,NO_COVERAGE,none
DefaultVFS.java,org.apache.ibatis.io.DefaultVFS,org.pitest.mutationtest.engine.gregor.mutators.NonVoidMethodCallMutator,findJarForResource,291,NO_COVERAGE,none
DefaultVFS.java,org.apache.ibatis.io.DefaultVFS,org.pitest.mutationtest.engine.gregor.mutators.RemoveConditionalMutator_EQUAL_ELSE,findJarForResource,221,NO_COVERAGE,none
DefaultVFS.java,org.apache.ibatis.io.DefaultVFS,org.pitest.mutationtest.engine.gregor.mutators.RemoveConditionalMutator_EQUAL_ELSE,findJarForResource,229,NO_COVERAGE,none
DefaultVFS.java,org.apache.ibatis.io.DefaultVFS,org.pitest.mutationtest.engine.gregor.mutators.RemoveConditionalMutator_EQUAL_ELSE,findJarForResource,242,NO_COVERAGE,none
DefaultVFS.java,org.apache.ibatis.io.DefaultVFS,org.pitest.mutationtest.engine.gregor.mutators.RemoveConditionalMutator_EQUAL_ELSE,findJarForResource,247,NO_COVERAGE,none
DefaultVFS.java,org.apache.ibatis.io.DefaultVFS,org.pitest.mutationtest.engine.gregor.mutators.RemoveConditionalMutator_EQUAL_ELSE,findJarForResource,256,NO_COVERAGE,none
DefaultVFS.java,org.apache.ibatis.io.DefaultVFS,org.pitest.mutationtest.engine.gregor.mutators.RemoveConditionalMutator_EQUAL_ELSE,findJarForResource,261,NO_COVERAGE,none
DefaultVFS.java,org.apache.ibatis.io.DefaultVFS,org.pitest.mutationtest.engine.gregor.mutators.RemoveConditionalMutator_EQUAL_ELSE,findJarForResource,268,NO_COVERAGE,none
DefaultVFS.java,org.apache.ibatis.io.DefaultVFS,org.pitest.mutationtest.engine.gregor.mutators.RemoveConditionalMutator_EQUAL_ELSE,findJarForResource,276,NO_COVERAGE,none
DefaultVFS.java,org.apache.ibatis.io.DefaultVFS,org.pitest.mutationtest.engine.gregor.mutators.RemoveConditionalMutator_EQUAL_ELSE,findJarForResource,277,NO_COVERAGE,none
DefaultVFS.java,org.apache.ibatis.io.DefaultVFS,org.pitest.mutationtest.engine.gregor.mutators.RemoveConditionalMutator_EQUAL_ELSE,findJarForResource,281,NO_COVERAGE,none
DefaultVFS.java,org.apache.ibatis.io.DefaultVFS,org.pitest.mutationtest.engine.gregor.mutators.RemoveConditionalMutator_EQUAL_ELSE,findJarForResource,290,NO_COVERAGE,none
DefaultVFS.java,org.apache.ibatis.io.DefaultVFS,org.pitest.mutationtest.engine.gregor.mutators.RemoveConditionalMutator_EQUAL_IF,findJarForResource,221,NO_COVERAGE,none
DefaultVFS.java,org.apache.ibatis.io.DefaultVFS,org.pitest.mutationtest.engine.gregor.mutators.RemoveConditionalMutator_EQUAL_IF,findJarForResource,229,NO_COVERAGE,none
DefaultVFS.java,org.apache.ibatis.io.DefaultVFS,org.pitest.mutationtest.engine.gregor.mutators.RemoveConditionalMutator_EQUAL_IF,findJarForResource,242,NO_COVERAGE,none
DefaultVFS.java,org.apache.ibatis.io.DefaultVFS,org.pitest.mutationtest.engine.gregor.mutators.RemoveConditionalMutator_EQUAL_IF,findJarForResource,247,NO_COVERAGE,none
DefaultVFS.java,org.apache.ibatis.io.DefaultVFS,org.pitest.mutationtest.engine.gregor.mutators.RemoveConditionalMutator_EQUAL_IF,findJarForResource,256,NO_COVERAGE,none
DefaultVFS.java,org.apache.ibatis.io.DefaultVFS,org.pitest.mutationtest.engine.gregor.mutators.RemoveConditionalMutator_EQUAL_IF,findJarForResource,261,NO_COVERAGE,none
DefaultVFS.java,org.apache.ibatis.io.DefaultVFS,org.pitest.mutationtest.engine.gregor.mutators.RemoveConditionalMutator_EQUAL_IF,findJarForResource,268,NO_COVERAGE,none
DefaultVFS.java,org.apache.ibatis.io.DefaultVFS,org.pitest.mutationtest.engine.gregor.mutators.RemoveConditionalMutator_EQUAL_IF,findJarForResource,276,NO_COVERAGE,none
DefaultVFS.java,org.apache.ibatis.io.DefaultVFS,org.pitest.mutationtest.engine.gregor.mutators.RemoveConditionalMutator_EQUAL_IF,findJarForResource,277,NO_COVERAGE,none
DefaultVFS.java,org.apache.ibatis.io.DefaultVFS,org.pitest.mutationtest.engine.gregor.mutators.RemoveConditionalMutator_EQUAL_IF,findJarForResource,281,NO_COVERAGE,none
DefaultVFS.java,org.apache.ibatis.io.DefaultVFS,org.pitest.mutationtest.engine.gregor.mutators.RemoveConditionalMutator_EQUAL_IF,findJarForResource,290,NO_COVERAGE,none
DefaultVFS.java,org.apache.ibatis.io.DefaultVFS,org.pitest.mutationtest.engine.gregor.mutators.RemoveConditionalMutator_ORDER_ELSE,findJarForResource,240,NO_COVERAGE,none
DefaultVFS.java,org.apache.ibatis.io.DefaultVFS,org.pitest.mutationtest.engine.gregor.mutators.RemoveConditionalMutator_ORDER_IF,findJarForResource,240,NO_COVERAGE,none
DefaultVFS.java,org.apache.ibatis.io.DefaultVFS,org.pitest.mutationtest.engine.gregor.mutators.ReturnValsMutator,findJarForResource,250,NO_COVERAGE,none
DefaultVFS.java,org.apache.ibatis.io.DefaultVFS,org.pitest.mutationtest.engine.gregor.mutators.ReturnValsMutator,findJarForResource,257,NO_COVERAGE,none
DefaultVFS.java,org.apache.ibatis.io.DefaultVFS,org.pitest.mutationtest.engine.gregor.mutators.ReturnValsMutator,findJarForResource,282,NO_COVERAGE,none
DefaultVFS.java,org.apache.ibatis.io.DefaultVFS,org.pitest.mutationtest.engine.gregor.mutators.ReturnValsMutator,findJarForResource,293,NO_COVERAGE,none
DefaultVFS.java,org.apache.ibatis.io.DefaultVFS,org.pitest.mutationtest.engine.gregor.mutators.VoidMethodCallMutator,findJarForResource,222,NO_COVERAGE,none
DefaultVFS.java,org.apache.ibatis.io.DefaultVFS,org.pitest.mutationtest.engine.gregor.mutators.VoidMethodCallMutator,findJarForResource,230,NO_COVERAGE,none
DefaultVFS.java,org.apache.ibatis.io.DefaultVFS,org.pitest.mutationtest.engine.gregor.mutators.VoidMethodCallMutator,findJarForResource,241,NO_COVERAGE,none
DefaultVFS.java,org.apache.ibatis.io.DefaultVFS,org.pitest.mutationtest.engine.gregor.mutators.VoidMethodCallMutator,findJarForResource,243,NO_COVERAGE,none
DefaultVFS.java,org.apache.ibatis.io.DefaultVFS,org.pitest.mutationtest.engine.gregor.mutators.VoidMethodCallMutator,findJarForResource,248,NO_COVERAGE,none
DefaultVFS.java,org.apache.ibatis.io.DefaultVFS,org.pitest.mutationtest.engine.gregor.mutators.VoidMethodCallMutator,findJarForResource,262,NO_COVERAGE,none
DefaultVFS.java,org.apache.ibatis.io.DefaultVFS,org.pitest.mutationtest.engine.gregor.mutators.VoidMethodCallMutator,findJarForResource,278,NO_COVERAGE,none
DefaultVFS.java,org.apache.ibatis.io.DefaultVFS,org.pitest.mutationtest.engine.gregor.mutators.VoidMethodCallMutator,findJarForResource,287,NO_COVERAGE,none
DefaultVFS.java,org.apache.ibatis.io.DefaultVFS,org.pitest.mutationtest.engine.gregor.mutators.VoidMethodCallMutator,findJarForResource,291,NO_COVERAGE,none
DefaultVFS.java,org.apache.ibatis.io.DefaultVFS,org.pitest.mutationtest.engine.gregor.mutators.InlineConstantMutator,getPackagePath,303,NO_COVERAGE,none
DefaultVFS.java,org.apache.ibatis.io.DefaultVFS,org.pitest.mutationtest.engine.gregor.mutators.InlineConstantMutator,getPackagePath,303,NO_COVERAGE,none
DefaultVFS.java,org.apache.ibatis.io.DefaultVFS,org.pitest.mutationtest.engine.gregor.mutators.NegateConditionalsMutator,getPackagePath,303,NO_COVERAGE,none
DefaultVFS.java,org.apache.ibatis.io.DefaultVFS,org.pitest.mutationtest.engine.gregor.mutators.NonVoidMethodCallMutator,getPackagePath,303,NO_COVERAGE,none
DefaultVFS.java,org.apache.ibatis.io.DefaultVFS,org.pitest.mutationtest.engine.gregor.mutators.RemoveConditionalMutator_EQUAL_ELSE,getPackagePath,303,NO_COVERAGE,none
DefaultVFS.java,org.apache.ibatis.io.DefaultVFS,org.pitest.mutationtest.engine.gregor.mutators.RemoveConditionalMutator_EQUAL_IF,getPackagePath,303,NO_COVERAGE,none
DefaultVFS.java,org.apache.ibatis.io.DefaultVFS,org.pitest.mutationtest.engine.gregor.mutators.ReturnValsMutator,getPackagePath,303,NO_COVERAGE,none
DefaultVFS.java,org.apache.ibatis.io.DefaultVFS,org.pitest.mutationtest.engine.gregor.mutators.NonVoidMethodCallMutator,isJar,312,NO_COVERAGE,none
DefaultVFS.java,org.apache.ibatis.io.DefaultVFS,org.pitest.mutationtest.engine.gregor.mutators.ReturnValsMutator,isJar,312,NO_COVERAGE,none
DefaultVFS.java,org.apache.ibatis.io.DefaultVFS,org.pitest.mutationtest.engine.gregor.mutators.ArgumentPropagationMutator,isJar,327,NO_COVERAGE,none
DefaultVFS.java,org.apache.ibatis.io.DefaultVFS,org.pitest.mutationtest.engine.gregor.mutators.ConstructorCallMutator,isJar,330,NO_COVERAGE,none
DefaultVFS.java,org.apache.ibatis.io.DefaultVFS,org.pitest.mutationtest.engine.gregor.mutators.InlineConstantMutator,isJar,327,NO_COVERAGE,none
DefaultVFS.java,org.apache.ibatis.io.DefaultVFS,org.pitest.mutationtest.engine.gregor.mutators.InlineConstantMutator,isJar,332,NO_COVERAGE,none
DefaultVFS.java,org.apache.ibatis.io.DefaultVFS,org.pitest.mutationtest.engine.gregor.mutators.InlineConstantMutator,isJar,346,NO_COVERAGE,none
DefaultVFS.java,org.apache.ibatis.io.DefaultVFS,org.pitest.mutationtest.engine.gregor.mutators.NegateConditionalsMutator,isJar,328,NO_COVERAGE,none
DefaultVFS.java,org.apache.ibatis.io.DefaultVFS,org.pitest.mutationtest.engine.gregor.mutators.NegateConditionalsMutator,isJar,329,NO_COVERAGE,none
DefaultVFS.java,org.apache.ibatis.io.DefaultVFS,org.pitest.mutationtest.engine.gregor.mutators.NegateConditionalsMutator,isJar,337,NO_COVERAGE,none
DefaultVFS.java,org.apache.ibatis.io.DefaultVFS,org.pitest.mutationtest.engine.gregor.mutators.NonVoidMethodCallMutator,isJar,326,NO_COVERAGE,none
DefaultVFS.java,org.apache.ibatis.io.DefaultVFS,org.pitest.mutationtest.engine.gregor.mutators.NonVoidMethodCallMutator,isJar,327,NO_COVERAGE,none
DefaultVFS.java,org.apache.ibatis.io.DefaultVFS,org.pitest.mutationtest.engine.gregor.mutators.NonVoidMethodCallMutator,isJar,328,NO_COVERAGE,none
DefaultVFS.java,org.apache.ibatis.io.DefaultVFS,org.pitest.mutationtest.engine.gregor.mutators.NonVoidMethodCallMutator,isJar,329,NO_COVERAGE,none
DefaultVFS.java,org.apache.ibatis.io.DefaultVFS,org.pitest.mutationtest.engine.gregor.mutators.NonVoidMethodCallMutator,isJar,330,NO_COVERAGE,none
DefaultVFS.java,org.apache.ibatis.io.DefaultVFS,org.pitest.mutationtest.engine.gregor.mutators.NonVoidMethodCallMutator,isJar,330,NO_COVERAGE,none
DefaultVFS.java,org.apache.ibatis.io.DefaultVFS,org.pitest.mutationtest.engine.gregor.mutators.NonVoidMethodCallMutator,isJar,330,NO_COVERAGE,none
DefaultVFS.java,org.apache.ibatis.io.DefaultVFS,org.pitest.mutationtest.engine.gregor.mutators.RemoveConditionalMutator_EQUAL_ELSE,isJar,328,NO_COVERAGE,none
DefaultVFS.java,org.apache.ibatis.io.DefaultVFS,org.pitest.mutationtest.engine.gregor.mutators.RemoveConditionalMutator_EQUAL_ELSE,isJar,329,NO_COVERAGE,none
DefaultVFS.java,org.apache.ibatis.io.DefaultVFS,org.pitest.mutationtest.engine.gregor.mutators.RemoveConditionalMutator_EQUAL_ELSE,isJar,337,NO_COVERAGE,none
DefaultVFS.java,org.apache.ibatis.io.DefaultVFS,org.pitest.mutationtest.engine.gregor.mutators.RemoveConditionalMutator_EQUAL_IF,isJar,328,NO_COVERAGE,none
DefaultVFS.java,org.apache.ibatis.io.DefaultVFS,org.pitest.mutationtest.engine.gregor.mutators.RemoveConditionalMutator_EQUAL_IF,isJar,329,NO_COVERAGE,none
DefaultVFS.java,org.apache.ibatis.io.DefaultVFS,org.pitest.mutationtest.engine.gregor.mutators.RemoveConditionalMutator_EQUAL_IF,isJar,337,NO_COVERAGE,none
DefaultVFS.java,org.apache.ibatis.io.DefaultVFS,org.pitest.mutationtest.engine.gregor.mutators.ReturnValsMutator,isJar,332,NO_COVERAGE,none
DefaultVFS.java,org.apache.ibatis.io.DefaultVFS,org.pitest.mutationtest.engine.gregor.mutators.ReturnValsMutator,isJar,346,NO_COVERAGE,none
DefaultVFS.java,org.apache.ibatis.io.DefaultVFS,org.pitest.mutationtest.engine.gregor.mutators.VoidMethodCallMutator,isJar,330,NO_COVERAGE,none
DefaultVFS.java,org.apache.ibatis.io.DefaultVFS,org.pitest.mutationtest.engine.gregor.mutators.VoidMethodCallMutator,isJar,339,NO_COVERAGE,none
DefaultVFS.java,org.apache.ibatis.io.DefaultVFS,org.pitest.mutationtest.engine.gregor.mutators.InlineConstantMutator,isValid,50,NO_COVERAGE,none
DefaultVFS.java,org.apache.ibatis.io.DefaultVFS,org.pitest.mutationtest.engine.gregor.mutators.ReturnValsMutator,isValid,50,NO_COVERAGE,none
DefaultVFS.java,org.apache.ibatis.io.DefaultVFS,org.pitest.mutationtest.engine.gregor.mutators.ArgumentPropagationMutator,list,61,NO_COVERAGE,none
DefaultVFS.java,org.apache.ibatis.io.DefaultVFS,org.pitest.mutationtest.engine.gregor.mutators.ConstructorCallMutator,list,57,NO_COVERAGE,none
DefaultVFS.java,org.apache.ibatis.io.DefaultVFS,org.pitest.mutationtest.engine.gregor.mutators.ConstructorCallMutator,list,65,NO_COVERAGE,none
DefaultVFS.java,org.apache.ibatis.io.DefaultVFS,org.pitest.mutationtest.engine.gregor.mutators.ConstructorCallMutator,list,67,NO_COVERAGE,none
DefaultVFS.java,org.apache.ibatis.io.DefaultVFS,org.pitest.mutationtest.engine.gregor.mutators.ConstructorCallMutator,list,70,NO_COVERAGE,none
DefaultVFS.java,org.apache.ibatis.io.DefaultVFS,org.pitest.mutationtest.engine.gregor.mutators.ConstructorCallMutator,list,76,NO_COVERAGE,none
DefaultVFS.java,org.apache.ibatis.io.DefaultVFS,org.pitest.mutationtest.engine.gregor.mutators.ConstructorCallMutator,list,78,NO_COVERAGE,none
DefaultVFS.java,org.apache.ibatis.io.DefaultVFS,org.pitest.mutationtest.engine.gregor.mutators.ConstructorCallMutator,list,82,NO_COVERAGE,none
DefaultVFS.java,org.apache.ibatis.io.DefaultVFS,org.pitest.mutationtest.engine.gregor.mutators.ConstructorCallMutator,list,98,NO_COVERAGE,none
DefaultVFS.java,org.apache.ibatis.io.DefaultVFS,org.pitest.mutationtest.engine.gregor.mutators.ConstructorCallMutator,list,98,NO_COVERAGE,none
DefaultVFS.java,org.apache.ibatis.io.DefaultVFS,org.pitest.mutationtest.engine.gregor.mutators.ConstructorCallMutator,list,99,NO_COVERAGE,none
DefaultVFS.java,org.apache.ibatis.io.DefaultVFS,org.pitest.mutationtest.engine.gregor.mutators.ConstructorCallMutator,list,102,NO_COVERAGE,none
DefaultVFS.java,org.apache.ibatis.io.DefaultVFS,org.pitest.mutationtest.engine.gregor.mutators.ConstructorCallMutator,list,105,NO_COVERAGE,none
DefaultVFS.java,org.apache.ibatis.io.DefaultVFS,org.pitest.mutationtest.engine.gregor.mutators.ConstructorCallMutator,list,113,NO_COVERAGE,none
DefaultVFS.java,org.apache.ibatis.io.DefaultVFS,org.pitest.mutationtest.engine.gregor.mutators.ConstructorCallMutator,list,125,NO_COVERAGE,none
DefaultVFS.java,org.apache.ibatis.io.DefaultVFS,org.pitest.mutationtest.engine.gregor.mutators.ConstructorCallMutator,list,127,NO_COVERAGE,none
DefaultVFS.java,org.apache.ibatis.io.DefaultVFS,org.pitest.mutationtest.engine.gregor.mutators.ConstructorCallMutator,list,131,NO_COVERAGE,none
DefaultVFS.java,org.apache.ibatis.io.DefaultVFS,org.pitest.mutationtest.engine.gregor.mutators.ConstructorCallMutator,list,145,NO_COVERAGE,none
DefaultVFS.java,org.apache.ibatis.io.DefaultVFS,org.pitest.mutationtest.engine.gregor.mutators.ConstructorCallMutator,list,150,NO_COVERAGE,none
DefaultVFS.java,org.apache.ibatis.io.DefaultVFS,org.pitest.mutationtest.engine.gregor.mutators.ConstructorCallMutator,list,152,NO_COVERAGE,none
DefaultVFS.java,org.apache.ibatis.io.DefaultVFS,org.pitest.mutationtest.engine.gregor.mutators.ConstructorCallMutator,list,152,NO_COVERAGE,none
DefaultVFS.java,org.apache.ibatis.io.DefaultVFS,org.pitest.mutationtest.engine.gregor.mutators.NegateConditionalsMutator,list,62,NO_COVERAGE,none
DefaultVFS.java,org.apache.ibatis.io.DefaultVFS,org.pitest.mutationtest.engine.gregor.mutators.NegateConditionalsMutator,list,64,NO_COVERAGE,none
DefaultVFS.java,org.apache.ibatis.io.DefaultVFS,org.pitest.mutationtest.engine.gregor.mutators.NegateConditionalsMutator,list,72,NO_COVERAGE,none
DefaultVFS.java,org.apache.ibatis.io.DefaultVFS,org.pitest.mutationtest.engine.gregor.mutators.NegateConditionalsMutator,list,77,NO_COVERAGE,none
DefaultVFS.java,org.apache.ibatis.io.DefaultVFS,org.pitest.mutationtest.engine.gregor.mutators.NegateConditionalsMutator,list,80,NO_COVERAGE,none
DefaultVFS.java,org.apache.ibatis.io.DefaultVFS,org.pitest.mutationtest.engine.gregor.mutators.NegateConditionalsMutator,list,81,NO_COVERAGE,none
DefaultVFS.java,org.apache.ibatis.io.DefaultVFS,org.pitest.mutationtest.engine.gregor.mutators.NegateConditionalsMutator,list,100,NO_COVERAGE,none
DefaultVFS.java,org.apache.ibatis.io.DefaultVFS,org.pitest.mutationtest.engine.gregor.mutators.NegateConditionalsMutator,list,101,NO_COVERAGE,none
DefaultVFS.java,org.apache.ibatis.io.DefaultVFS,org.pitest.mutationtest.engine.gregor.mutators.NegateConditionalsMutator,list,105,NO_COVERAGE,none
DefaultVFS.java,org.apache.ibatis.io.DefaultVFS,org.pitest.mutationtest.engine.gregor.mutators.NegateConditionalsMutator,list,111,NO_COVERAGE,none
DefaultVFS.java,org.apache.ibatis.io.DefaultVFS,org.pitest.mutationtest.engine.gregor.mutators.NegateConditionalsMutator,list,112,NO_COVERAGE,none
DefaultVFS.java,org.apache.ibatis.io.DefaultVFS,org.pitest.mutationtest.engine.gregor.mutators.NegateConditionalsMutator,list,124,NO_COVERAGE,none
DefaultVFS.java,org.apache.ibatis.io.DefaultVFS,org.pitest.mutationtest.engine.gregor.mutators.NegateConditionalsMutator,list,126,NO_COVERAGE,none
DefaultVFS.java,org.apache.ibatis.io.DefaultVFS,org.pitest.mutationtest.engine.gregor.mutators.NegateConditionalsMutator,list,129,NO_COVERAGE,none
DefaultVFS.java,org.apache.ibatis.io.DefaultVFS,org.pitest.mutationtest.engine.gregor.mutators.NegateConditionalsMutator,list,130,NO_COVERAGE,none
DefaultVFS.java,org.apache.ibatis.io.DefaultVFS,org.pitest.mutationtest.engine.gregor.mutators.NegateConditionalsMutator,list,144,NO_COVERAGE,none
DefaultVFS.java,org.apache.ibatis.io.DefaultVFS,org.pitest.mutationtest.engine.gregor.mutators.NegateConditionalsMutator,list,149,NO_COVERAGE,none
DefaultVFS.java,org.apache.ibatis.io.DefaultVFS,org.pitest.mutationtest.engine.gregor.mutators.NegateConditionalsMutator,list,159,NO_COVERAGE,none
DefaultVFS.java,org.apache.ibatis.io.DefaultVFS,org.pitest.mutationtest.engine.gregor.mutators.NonVoidMethodCallMutator,list,61,NO_COVERAGE,none
DefaultVFS.java,org.apache.ibatis.io.DefaultVFS,org.pitest.mutationtest.engine.gregor.mutators.NonVoidMethodCallMutator,list,63,NO_COVERAGE,none
DefaultVFS.java,org.apache.ibatis.io.DefaultVFS,org.pitest.mutationtest.engine.gregor.mutators.NonVoidMethodCallMutator,list,64,NO_COVERAGE,none
DefaultVFS.java,org.apache.ibatis.io.DefaultVFS,org.pitest.mutationtest.engine.gregor.mutators.NonVoidMethodCallMutator,list,65,NO_COVERAGE,none
DefaultVFS.java,org.apache.ibatis.io.DefaultVFS,org.pitest.mutationtest.engine.gregor.mutators.NonVoidMethodCallMutator,list,65,NO_COVERAGE,none
DefaultVFS.java,org.apache.ibatis.io.DefaultVFS,org.pitest.mutationtest.engine.gregor.mutators.NonVoidMethodCallMutator,list,65,NO_COVERAGE,none
DefaultVFS.java,org.apache.ibatis.io.DefaultVFS,org.pitest.mutationtest.engine.gregor.mutators.NonVoidMethodCallMutator,list,67,NO_COVERAGE,none
DefaultVFS.java,org.apache.ibatis.io.DefaultVFS,org.pitest.mutationtest.engine.gregor.mutators.NonVoidMethodCallMutator,list,72,NO_COVERAGE,none
DefaultVFS.java,org.apache.ibatis.io.DefaultVFS,org.pitest.mutationtest.engine.gregor.mutators.NonVoidMethodCallMutator,list,75,NO_COVERAGE,none
DefaultVFS.java,org.apache.ibatis.io.DefaultVFS,org.pitest.mutationtest.engine.gregor.mutators.NonVoidMethodCallMutator,list,77,NO_COVERAGE,none
DefaultVFS.java,org.apache.ibatis.io.DefaultVFS,org.pitest.mutationtest.engine.gregor.mutators.NonVoidMethodCallMutator,list,78,NO_COVERAGE,none
DefaultVFS.java,org.apache.ibatis.io.DefaultVFS,org.pitest.mutationtest.engine.gregor.mutators.NonVoidMethodCallMutator,list,78,NO_COVERAGE,none
DefaultVFS.java,org.apache.ibatis.io.DefaultVFS,org.pitest.mutationtest.engine.gregor.mutators.NonVoidMethodCallMutator,list,78,NO_COVERAGE,none
DefaultVFS.java,org.apache.ibatis.io.DefaultVFS,org.pitest.mutationtest.engine.gregor.mutators.NonVoidMethodCallMutator,list,80,NO_COVERAGE,none
DefaultVFS.java,org.apache.ibatis.io.DefaultVFS,org.pitest.mutationtest.engine.gregor.mutators.NonVoidMethodCallMutator,list,81,NO_COVERAGE,none
DefaultVFS.java,org.apache.ibatis.io.DefaultVFS,org.pitest.mutationtest.engine.gregor.mutators.NonVoidMethodCallMutator,list,82,NO_COVERAGE,none
DefaultVFS.java,org.apache.ibatis.io.DefaultVFS,org.pitest.mutationtest.engine.gregor.mutators.NonVoidMethodCallMutator,list,82,NO_COVERAGE,none
DefaultVFS.java,org.apache.ibatis.io.DefaultVFS,org.pitest.mutationtest.engine.gregor.mutators.NonVoidMethodCallMutator,list,82,NO_COVERAGE,none
DefaultVFS.java,org.apache.ibatis.io.DefaultVFS,org.pitest.mutationtest.engine.gregor.mutators.NonVoidMethodCallMutator,list,82,NO_COVERAGE,none
DefaultVFS.java,org.apache.ibatis.io.DefaultVFS,org.pitest.mutationtest.engine.gregor.mutators.NonVoidMethodCallMutator,list,84,NO_COVERAGE,none
DefaultVFS.java,org.apache.ibatis.io.DefaultVFS,org.pitest.mutationtest.engine.gregor.mutators.NonVoidMethodCallMutator,list,84,NO_COVERAGE,none
DefaultVFS.java,org.apache.ibatis.io.DefaultVFS,org.pitest.mutationtest.engine.gregor.mutators.NonVoidMethodCallMutator,list,97,NO_COVERAGE,none
DefaultVFS.java,org.apache.ibatis.io.DefaultVFS,org.pitest.mutationtest.engine.gregor.mutators.NonVoidMethodCallMutator,list,100,NO_COVERAGE,none
DefaultVFS.java,org.apache.ibatis.io.DefaultVFS,org.pitest.mutationtest.engine.gregor.mutators.NonVoidMethodCallMutator,list,101,NO_COVERAGE,none
DefaultVFS.java,org.apache.ibatis.io.DefaultVFS,org.pitest.mutationtest.engine.gregor.mutators.NonVoidMethodCallMutator,list,102,NO_COVERAGE,none
DefaultVFS.java,org.apache.ibatis.io.DefaultVFS,org.pitest.mutationtest.engine.gregor.mutators.NonVoidMethodCallMutator,list,102,NO_COVERAGE,none
DefaultVFS.java,org.apache.ibatis.io.DefaultVFS,org.pitest.mutationtest.engine.gregor.mutators.NonVoidMethodCallMutator,list,102,NO_COVERAGE,none
DefaultVFS.java,org.apache.ibatis.io.DefaultVFS,org.pitest.mutationtest.engine.gregor.mutators.NonVoidMethodCallMutator,list,104,NO_COVERAGE,none
DefaultVFS.java,org.apache.ibatis.io.DefaultVFS,org.pitest.mutationtest.engine.gregor.mutators.NonVoidMethodCallMutator,list,105,NO_COVERAGE,none
DefaultVFS.java,org.apache.ibatis.io.DefaultVFS,org.pitest.mutationtest.engine.gregor.mutators.NonVoidMethodCallMutator,list,105,NO_COVERAGE,none
DefaultVFS.java,org.apache.ibatis.io.DefaultVFS,org.pitest.mutationtest.engine.gregor.mutators.NonVoidMethodCallMutator,list,105,NO_COVERAGE,none
DefaultVFS.java,org.apache.ibatis.io.DefaultVFS,org.pitest.mutationtest.engine.gregor.mutators.NonVoidMethodCallMutator,list,105,NO_COVERAGE,none
DefaultVFS.java,org.apache.ibatis.io.DefaultVFS,org.pitest.mutationtest.engine.gregor.mutators.NonVoidMethodCallMutator,list,105,NO_COVERAGE,none
DefaultVFS.java,org.apache.ibatis.io.DefaultVFS,org.pitest.mutationtest.engine.gregor.mutators.NonVoidMethodCallMutator,list,111,NO_COVERAGE,none
DefaultVFS.java,org.apache.ibatis.io.DefaultVFS,org.pitest.mutationtest.engine.gregor.mutators.NonVoidMethodCallMutator,list,112,NO_COVERAGE,none
DefaultVFS.java,org.apache.ibatis.io.DefaultVFS,org.pitest.mutationtest.engine.gregor.mutators.NonVoidMethodCallMutator,list,113,NO_COVERAGE,none
DefaultVFS.java,org.apache.ibatis.io.DefaultVFS,org.pitest.mutationtest.engine.gregor.mutators.NonVoidMethodCallMutator,list,113,NO_COVERAGE,none
DefaultVFS.java,org.apache.ibatis.io.DefaultVFS,org.pitest.mutationtest.engine.gregor.mutators.NonVoidMethodCallMutator,list,113,NO_COVERAGE,none
DefaultVFS.java,org.apache.ibatis.io.DefaultVFS,org.pitest.mutationtest.engine.gregor.mutators.NonVoidMethodCallMutator,list,115,NO_COVERAGE,none
DefaultVFS.java,org.apache.ibatis.io.DefaultVFS,org.pitest.mutationtest.engine.gregor.mutators.NonVoidMethodCallMutator,list,124,NO_COVERAGE,none
DefaultVFS.java,org.apache.ibatis.io.DefaultVFS,org.pitest.mutationtest.engine.gregor.mutators.NonVoidMethodCallMutator,list,124,NO_COVERAGE,none
DefaultVFS.java,org.apache.ibatis.io.DefaultVFS,org.pitest.mutationtest.engine.gregor.mutators.NonVoidMethodCallMutator,list,125,NO_COVERAGE,none
DefaultVFS.java,org.apache.ibatis.io.DefaultVFS,org.pitest.mutationtest.engine.gregor.mutators.NonVoidMethodCallMutator,list,126,NO_COVERAGE,none
DefaultVFS.java,org.apache.ibatis.io.DefaultVFS,org.pitest.mutationtest.engine.gregor.mutators.NonVoidMethodCallMutator,list,127,NO_COVERAGE,none
DefaultVFS.java,org.apache.ibatis.io.DefaultVFS,org.pitest.mutationtest.engine.gregor.mutators.NonVoidMethodCallMutator,list,127,NO_COVERAGE,none
DefaultVFS.java,org.apache.ibatis.io.DefaultVFS,org.pitest.mutationtest.engine.gregor.mutators.NonVoidMethodCallMutator,list,127,NO_COVERAGE,none
DefaultVFS.java,org.apache.ibatis.io.DefaultVFS,org.pitest.mutationtest.engine.gregor.mutators.NonVoidMethodCallMutator,list,127,NO_COVERAGE,none
DefaultVFS.java,org.apache.ibatis.io.DefaultVFS,org.pitest.mutationtest.engine.gregor.mutators.NonVoidMethodCallMutator,list,129,NO_COVERAGE,none
DefaultVFS.java,org.apache.ibatis.io.DefaultVFS,org.pitest.mutationtest.engine.gregor.mutators.NonVoidMethodCallMutator,list,130,NO_COVERAGE,none
DefaultVFS.java,org.apache.ibatis.io.DefaultVFS,org.pitest.mutationtest.engine.gregor.mutators.NonVoidMethodCallMutator,list,131,NO_COVERAGE,none
DefaultVFS.java,org.apache.ibatis.io.DefaultVFS,org.pitest.mutationtest.engine.gregor.mutators.NonVoidMethodCallMutator,list,131,NO_COVERAGE,none
DefaultVFS.java,org.apache.ibatis.io.DefaultVFS,org.pitest.mutationtest.engine.gregor.mutators.NonVoidMethodCallMutator,list,131,NO_COVERAGE,none
DefaultVFS.java,org.apache.ibatis.io.DefaultVFS,org.pitest.mutationtest.engine.gregor.mutators.NonVoidMethodCallMutator,list,133,NO_COVERAGE,none
DefaultVFS.java,org.apache.ibatis.io.DefaultVFS,org.pitest.mutationtest.engine.gregor.mutators.NonVoidMethodCallMutator,list,133,NO_COVERAGE,none
DefaultVFS.java,org.apache.ibatis.io.DefaultVFS,org.pitest.mutationtest.engine.gregor.mutators.NonVoidMethodCallMutator,list,143,NO_COVERAGE,none
DefaultVFS.java,org.apache.ibatis.io.DefaultVFS,org.pitest.mutationtest.engine.gregor.mutators.NonVoidMethodCallMutator,list,144,NO_COVERAGE,none
DefaultVFS.java,org.apache.ibatis.io.DefaultVFS,org.pitest.mutationtest.engine.gregor.mutators.NonVoidMethodCallMutator,list,145,NO_COVERAGE,none
DefaultVFS.java,org.apache.ibatis.io.DefaultVFS,org.pitest.mutationtest.engine.gregor.mutators.NonVoidMethodCallMutator,list,145,NO_COVERAGE,none
DefaultVFS.java,org.apache.ibatis.io.DefaultVFS,org.pitest.mutationtest.engine.gregor.mutators.NonVoidMethodCallMutator,list,145,NO_COVERAGE,none
DefaultVFS.java,org.apache.ibatis.io.DefaultVFS,org.pitest.mutationtest.engine.gregor.mutators.NonVoidMethodCallMutator,list,149,NO_COVERAGE,none
DefaultVFS.java,org.apache.ibatis.io.DefaultVFS,org.pitest.mutationtest.engine.gregor.mutators.NonVoidMethodCallMutator,list,149,NO_COVERAGE,none
DefaultVFS.java,org.apache.ibatis.io.DefaultVFS,org.pitest.mutationtest.engine.gregor.mutators.NonVoidMethodCallMutator,list,150,NO_COVERAGE,none
DefaultVFS.java,org.apache.ibatis.io.DefaultVFS,org.pitest.mutationtest.engine.gregor.mutators.NonVoidMethodCallMutator,list,150,NO_COVERAGE,none
DefaultVFS.java,org.apache.ibatis.io.DefaultVFS,org.pitest.mutationtest.engine.gregor.mutators.NonVoidMethodCallMutator,list,150,NO_COVERAGE,none
DefaultVFS.java,org.apache.ibatis.io.DefaultVFS,org.pitest.mutationtest.engine.gregor.mutators.NonVoidMethodCallMutator,list,150,NO_COVERAGE,none
DefaultVFS.java,org.apache.ibatis.io.DefaultVFS,org.pitest.mutationtest.engine.gregor.mutators.NonVoidMethodCallMutator,list,151,NO_COVERAGE,none
DefaultVFS.java,org.apache.ibatis.io.DefaultVFS,org.pitest.mutationtest.engine.gregor.mutators.NonVoidMethodCallMutator,list,152,NO_COVERAGE,none
DefaultVFS.java,org.apache.ibatis.io.DefaultVFS,org.pitest.mutationtest.engine.gregor.mutators.NonVoidMethodCallMutator,list,152,NO_COVERAGE,none
DefaultVFS.java,org.apache.ibatis.io.DefaultVFS,org.pitest.mutationtest.engine.gregor.mutators.NonVoidMethodCallMutator,list,152,NO_COVERAGE,none
DefaultVFS.java,org.apache.ibatis.io.DefaultVFS,org.pitest.mutationtest.engine.gregor.mutators.NonVoidMethodCallMutator,list,153,NO_COVERAGE,none
DefaultVFS.java,org.apache.ibatis.io.DefaultVFS,org.pitest.mutationtest.engine.gregor.mutators.NonVoidMethodCallMutator,list,153,NO_COVERAGE,none
DefaultVFS.java,org.apache.ibatis.io.DefaultVFS,org.pitest.mutationtest.engine.gregor.mutators.RemoveConditionalMutator_EQUAL_ELSE,list,62,NO_COVERAGE,none
DefaultVFS.java,org.apache.ibatis.io.DefaultVFS,org.pitest.mutationtest.engine.gregor.mutators.RemoveConditionalMutator_EQUAL_ELSE,list,64,NO_COVERAGE,none
DefaultVFS.java,org.apache.ibatis.io.DefaultVFS,org.pitest.mutationtest.engine.gregor.mutators.RemoveConditionalMutator_EQUAL_ELSE,list,72,NO_COVERAGE,none
DefaultVFS.java,org.apache.ibatis.io.DefaultVFS,org.pitest.mutationtest.engine.gregor.mutators.RemoveConditionalMutator_EQUAL_ELSE,list,77,NO_COVERAGE,none
DefaultVFS.java,org.apache.ibatis.io.DefaultVFS,org.pitest.mutationtest.engine.gregor.mutators.RemoveConditionalMutator_EQUAL_ELSE,list,80,NO_COVERAGE,none
DefaultVFS.java,org.apache.ibatis.io.DefaultVFS,org.pitest.mutationtest.engine.gregor.mutators.RemoveConditionalMutator_EQUAL_ELSE,list,81,NO_COVERAGE,none
DefaultVFS.java,org.apache.ibatis.io.DefaultVFS,org.pitest.mutationtest.engine.gregor.mutators.RemoveConditionalMutator_EQUAL_ELSE,list,100,NO_COVERAGE,none
DefaultVFS.java,org.apache.ibatis.io.DefaultVFS,org.pitest.mutationtest.engine.gregor.mutators.RemoveConditionalMutator_EQUAL_ELSE,list,101,NO_COVERAGE,none
DefaultVFS.java,org.apache.ibatis.io.DefaultVFS,org.pitest.mutationtest.engine.gregor.mutators.RemoveConditionalMutator_EQUAL_ELSE,list,111,NO_COVERAGE,none
DefaultVFS.java,org.apache.ibatis.io.DefaultVFS,org.pitest.mutationtest.engine.gregor.mutators.RemoveConditionalMutator_EQUAL_ELSE,list,112,NO_COVERAGE,none
DefaultVFS.java,org.apache.ibatis.io.DefaultVFS,org.pitest.mutationtest.engine.gregor.mutators.RemoveConditionalMutator_EQUAL_ELSE,list,124,NO_COVERAGE,none
DefaultVFS.java,org.apache.ibatis.io.DefaultVFS,org.pitest.mutationtest.engine.gregor.mutators.RemoveConditionalMutator_EQUAL_ELSE,list,126,NO_COVERAGE,none
DefaultVFS.java,org.apache.ibatis.io.DefaultVFS,org.pitest.mutationtest.engine.gregor.mutators.RemoveConditionalMutator_EQUAL_ELSE,list,129,NO_COVERAGE,none
DefaultVFS.java,org.apache.ibatis.io.DefaultVFS,org.pitest.mutationtest.engine.gregor.mutators.RemoveConditionalMutator_EQUAL_ELSE,list,130,NO_COVERAGE,none
DefaultVFS.java,org.apache.ibatis.io.DefaultVFS,org.pitest.mutationtest.engine.gregor.mutators.RemoveConditionalMutator_EQUAL_ELSE,list,144,NO_COVERAGE,none
DefaultVFS.java,org.apache.ibatis.io.DefaultVFS,org.pitest.mutationtest.engine.gregor.mutators.RemoveConditionalMutator_EQUAL_ELSE,list,149,NO_COVERAGE,none
DefaultVFS.java,org.apache.ibatis.io.DefaultVFS,org.pitest.mutationtest.engine.gregor.mutators.RemoveConditionalMutator_EQUAL_ELSE,list,159,NO_COVERAGE,none
DefaultVFS.java,org.apache.ibatis.io.DefaultVFS,org.pitest.mutationtest.engine.gregor.mutators.RemoveConditionalMutator_EQUAL_IF,list,62,NO_COVERAGE,none
DefaultVFS.java,org.apache.ibatis.io.DefaultVFS,org.pitest.mutationtest.engine.gregor.mutators.RemoveConditionalMutator_EQUAL_IF,list,64,NO_COVERAGE,none
DefaultVFS.java,org.apache.ibatis.io.DefaultVFS,org.pitest.mutationtest.engine.gregor.mutators.RemoveConditionalMutator_EQUAL_IF,list,72,NO_COVERAGE,none
DefaultVFS.java,org.apache.ibatis.io.DefaultVFS,org.pitest.mutationtest.engine.gregor.mutators.RemoveConditionalMutator_EQUAL_IF,list,77,NO_COVERAGE,none
DefaultVFS.java,org.apache.ibatis.io.DefaultVFS,org.pitest.mutationtest.engine.gregor.mutators.RemoveConditionalMutator_EQUAL_IF,list,80,NO_COVERAGE,none
DefaultVFS.java,org.apache.ibatis.io.DefaultVFS,org.pitest.mutationtest.engine.gregor.mutators.RemoveConditionalMutator_EQUAL_IF,list,81,NO_COVERAGE,none
DefaultVFS.java,org.apache.ibatis.io.DefaultVFS,org.pitest.mutationtest.engine.gregor.mutators.RemoveConditionalMutator_EQUAL_IF,list,100,NO_COVERAGE,none
DefaultVFS.java,org.apache.ibatis.io.DefaultVFS,org.pitest.mutationtest.engine.gregor.mutators.RemoveConditionalMutator_EQUAL_IF,list,101,NO_COVERAGE,none
DefaultVFS.java,org.apache.ibatis.io.DefaultVFS,org.pitest.mutationtest.engine.gregor.mutators.RemoveConditionalMutator_EQUAL_IF,list,105,NO_COVERAGE,none
DefaultVFS.java,org.apache.ibatis.io.DefaultVFS,org.pitest.mutationtest.engine.gregor.mutators.RemoveConditionalMutator_EQUAL_IF,list,111,NO_COVERAGE,none
DefaultVFS.java,org.apache.ibatis.io.DefaultVFS,org.pitest.mutationtest.engine.gregor.mutators.RemoveConditionalMutator_EQUAL_IF,list,112,NO_COVERAGE,none
DefaultVFS.java,org.apache.ibatis.io.DefaultVFS,org.pitest.mutationtest.engine.gregor.mutators.RemoveConditionalMutator_EQUAL_IF,list,124,NO_COVERAGE,none
DefaultVFS.java,org.apache.ibatis.io.DefaultVFS,org.pitest.mutationtest.engine.gregor.mutators.RemoveConditionalMutator_EQUAL_IF,list,126,NO_COVERAGE,none
DefaultVFS.java,org.apache.ibatis.io.DefaultVFS,org.pitest.mutationtest.engine.gregor.mutators.RemoveConditionalMutator_EQUAL_IF,list,129,NO_COVERAGE,none
DefaultVFS.java,org.apache.ibatis.io.DefaultVFS,org.pitest.mutationtest.engine.gregor.mutators.RemoveConditionalMutator_EQUAL_IF,list,130,NO_COVERAGE,none
DefaultVFS.java,org.apache.ibatis.io.DefaultVFS,org.pitest.mutationtest.engine.gregor.mutators.RemoveConditionalMutator_EQUAL_IF,list,144,NO_COVERAGE,none
DefaultVFS.java,org.apache.ibatis.io.DefaultVFS,org.pitest.mutationtest.engine.gregor.mutators.RemoveConditionalMutator_EQUAL_IF,list,149,NO_COVERAGE,none
DefaultVFS.java,org.apache.ibatis.io.DefaultVFS,org.pitest.mutationtest.engine.gregor.mutators.RemoveConditionalMutator_EQUAL_IF,list,159,NO_COVERAGE,none
DefaultVFS.java,org.apache.ibatis.io.DefaultVFS,org.pitest.mutationtest.engine.gregor.mutators.ReturnValsMutator,list,157,NO_COVERAGE,none
DefaultVFS.java,org.apache.ibatis.io.DefaultVFS,org.pitest.mutationtest.engine.gregor.mutators.VoidMethodCallMutator,list,65,NO_COVERAGE,none
DefaultVFS.java,org.apache.ibatis.io.DefaultVFS,org.pitest.mutationtest.engine.gregor.mutators.VoidMethodCallMutator,list,78,NO_COVERAGE,none
DefaultVFS.java,org.apache.ibatis.io.DefaultVFS,org.pitest.mutationtest.engine.gregor.mutators.VoidMethodCallMutator,list,82,NO_COVERAGE,none
DefaultVFS.java,org.apache.ibatis.io.DefaultVFS,org.pitest.mutationtest.engine.gregor.mutators.VoidMethodCallMutator,list,86,NO_COVERAGE,none
DefaultVFS.java,org.apache.ibatis.io.DefaultVFS,org.pitest.mutationtest.engine.gregor.mutators.VoidMethodCallMutator,list,102,NO_COVERAGE,none
DefaultVFS.java,org.apache.ibatis.io.DefaultVFS,org.pitest.mutationtest.engine.gregor.mutators.VoidMethodCallMutator,list,106,NO_COVERAGE,none
DefaultVFS.java,org.apache.ibatis.io.DefaultVFS,org.pitest.mutationtest.engine.gregor.mutators.VoidMethodCallMutator,list,113,NO_COVERAGE,none
DefaultVFS.java,org.apache.ibatis.io.DefaultVFS,org.pitest.mutationtest.engine.gregor.mutators.VoidMethodCallMutator,list,127,NO_COVERAGE,none
DefaultVFS.java,org.apache.ibatis.io.DefaultVFS,org.pitest.mutationtest.engine.gregor.mutators.VoidMethodCallMutator,list,131,NO_COVERAGE,none
DefaultVFS.java,org.apache.ibatis.io.DefaultVFS,org.pitest.mutationtest.engine.gregor.mutators.VoidMethodCallMutator,list,161,NO_COVERAGE,none
DefaultVFS.java,org.apache.ibatis.io.DefaultVFS,org.pitest.mutationtest.engine.gregor.mutators.ConstructorCallMutator,listResources,181,NO_COVERAGE,none
DefaultVFS.java,org.apache.ibatis.io.DefaultVFS,org.pitest.mutationtest.engine.gregor.mutators.ConstructorCallMutator,listResources,184,NO_COVERAGE,none
DefaultVFS.java,org.apache.ibatis.io.DefaultVFS,org.pitest.mutationtest.engine.gregor.mutators.ConstructorCallMutator,listResources,188,NO_COVERAGE,none
DefaultVFS.java,org.apache.ibatis.io.DefaultVFS,org.pitest.mutationtest.engine.gregor.mutators.ConstructorCallMutator,listResources,194,NO_COVERAGE,none
DefaultVFS.java,org.apache.ibatis.io.DefaultVFS,org.pitest.mutationtest.engine.gregor.mutators.ConstructorCallMutator,listResources,200,NO_COVERAGE,none
DefaultVFS.java,org.apache.ibatis.io.DefaultVFS,org.pitest.mutationtest.engine.gregor.mutators.InlineConstantMutator,listResources,203,NO_COVERAGE,none
DefaultVFS.java,org.apache.ibatis.io.DefaultVFS,org.pitest.mutationtest.engine.gregor.mutators.NegateConditionalsMutator,listResources,180,NO_COVERAGE,none
DefaultVFS.java,org.apache.ibatis.io.DefaultVFS,org.pitest.mutationtest.engine.gregor.mutators.NegateConditionalsMutator,listResources,183,NO_COVERAGE,none
DefaultVFS.java,org.apache.ibatis.io.DefaultVFS,org.pitest.mutationtest.engine.gregor.mutators.NegateConditionalsMutator,listResources,189,NO_COVERAGE,none
DefaultVFS.java,org.apache.ibatis.io.DefaultVFS,org.pitest.mutationtest.engine.gregor.mutators.NegateConditionalsMutator,listResources,190,NO_COVERAGE,none
DefaultVFS.java,org.apache.ibatis.io.DefaultVFS,org.pitest.mutationtest.engine.gregor.mutators.NegateConditionalsMutator,listResources,193,NO_COVERAGE,none
DefaultVFS.java,org.apache.ibatis.io.DefaultVFS,org.pitest.mutationtest.engine.gregor.mutators.NegateConditionalsMutator,listResources,198,NO_COVERAGE,none
DefaultVFS.java,org.apache.ibatis.io.DefaultVFS,org.pitest.mutationtest.engine.gregor.mutators.NegateConditionalsMutator,listResources,199,NO_COVERAGE,none
DefaultVFS.java,org.apache.ibatis.io.DefaultVFS,org.pitest.mutationtest.engine.gregor.mutators.NonVoidMethodCallMutator,listResources,180,NO_COVERAGE,none
DefaultVFS.java,org.apache.ibatis.io.DefaultVFS,org.pitest.mutationtest.engine.gregor.mutators.NonVoidMethodCallMutator,listResources,181,NO_COVERAGE,none
DefaultVFS.java,org.apache.ibatis.io.DefaultVFS,org.pitest.mutationtest.engine.gregor.mutators.NonVoidMethodCallMutator,listResources,181,NO_COVERAGE,none
DefaultVFS.java,org.apache.ibatis.io.DefaultVFS,org.pitest.mutationtest.engine.gregor.mutators.NonVoidMethodCallMutator,listResources,181,NO_COVERAGE,none
DefaultVFS.java,org.apache.ibatis.io.DefaultVFS,org.pitest.mutationtest.engine.gregor.mutators.NonVoidMethodCallMutator,listResources,183,NO_COVERAGE,none
DefaultVFS.java,org.apache.ibatis.io.DefaultVFS,org.pitest.mutationtest.engine.gregor.mutators.NonVoidMethodCallMutator,listResources,184,NO_COVERAGE,none
DefaultVFS.java,org.apache.ibatis.io.DefaultVFS,org.pitest.mutationtest.engine.gregor.mutators.NonVoidMethodCallMutator,listResources,184,NO_COVERAGE,none
DefaultVFS.java,org.apache.ibatis.io.DefaultVFS,org.pitest.mutationtest.engine.gregor.mutators.NonVoidMethodCallMutator,listResources,184,NO_COVERAGE,none
DefaultVFS.java,org.apache.ibatis.io.DefaultVFS,org.pitest.mutationtest.engine.gregor.mutators.NonVoidMethodCallMutator,listResources,189,NO_COVERAGE,none
DefaultVFS.java,org.apache.ibatis.io.DefaultVFS,org.pitest.mutationtest.engine.gregor.mutators.NonVoidMethodCallMutator,listResources,190,NO_COVERAGE,none
DefaultVFS.java,org.apache.ibatis.io.DefaultVFS,org.pitest.mutationtest.engine.gregor.mutators.NonVoidMethodCallMutator,listResources,192,NO_COVERAGE,none
DefaultVFS.java,org.apache.ibatis.io.DefaultVFS,org.pitest.mutationtest.engine.gregor.mutators.NonVoidMethodCallMutator,listResources,193,NO_COVERAGE,none
DefaultVFS.java,org.apache.ibatis.io.DefaultVFS,org.pitest.mutationtest.engine.gregor.mutators.NonVoidMethodCallMutator,listResources,194,NO_COVERAGE,none
DefaultVFS.java,org.apache.ibatis.io.DefaultVFS,org.pitest.mutationtest.engine.gregor.mutators.NonVoidMethodCallMutator,listResources,194,NO_COVERAGE,none
DefaultVFS.java,org.apache.ibatis.io.DefaultVFS,org.pitest.mutationtest.engine.gregor.mutators.NonVoidMethodCallMutator,listResources,194,NO_COVERAGE,none
DefaultVFS.java,org.apache.ibatis.io.DefaultVFS,org.pitest.mutationtest.engine.gregor.mutators.NonVoidMethodCallMutator,listResources,198,NO_COVERAGE,none
DefaultVFS.java,org.apache.ibatis.io.DefaultVFS,org.pitest.mutationtest.engine.gregor.mutators.NonVoidMethodCallMutator,listResources,199,NO_COVERAGE,none
DefaultVFS.java,org.apache.ibatis.io.DefaultVFS,org.pitest.mutationtest.engine.gregor.mutators.NonVoidMethodCallMutator,listResources,200,NO_COVERAGE,none
DefaultVFS.java,org.apache.ibatis.io.DefaultVFS,org.pitest.mutationtest.engine.gregor.mutators.NonVoidMethodCallMutator,listResources,200,NO_COVERAGE,none
DefaultVFS.java,org.apache.ibatis.io.DefaultVFS,org.pitest.mutationtest.engine.gregor.mutators.NonVoidMethodCallMutator,listResources,200,NO_COVERAGE,none
DefaultVFS.java,org.apache.ibatis.io.DefaultVFS,org.pitest.mutationtest.engine.gregor.mutators.NonVoidMethodCallMutator,listResources,203,NO_COVERAGE,none
DefaultVFS.java,org.apache.ibatis.io.DefaultVFS,org.pitest.mutationtest.engine.gregor.mutators.NonVoidMethodCallMutator,listResources,203,NO_COVERAGE,none
DefaultVFS.java,org.apache.ibatis.io.DefaultVFS,org.pitest.mutationtest.engine.gregor.mutators.RemoveConditionalMutator_EQUAL_ELSE,listResources,180,NO_COVERAGE,none
DefaultVFS.java,org.apache.ibatis.io.DefaultVFS,org.pitest.mutationtest.engine.gregor.mutators.RemoveConditionalMutator_EQUAL_ELSE,listResources,183,NO_COVERAGE,none
DefaultVFS.java,org.apache.ibatis.io.DefaultVFS,org.pitest.mutationtest.engine.gregor.mutators.RemoveConditionalMutator_EQUAL_ELSE,listResources,189,NO_COVERAGE,none
DefaultVFS.java,org.apache.ibatis.io.DefaultVFS,org.pitest.mutationtest.engine.gregor.mutators.RemoveConditionalMutator_EQUAL_ELSE,listResources,190,NO_COVERAGE,none
DefaultVFS.java,org.apache.ibatis.io.DefaultVFS,org.pitest.mutationtest.engine.gregor.mutators.RemoveConditionalMutator_EQUAL_ELSE,listResources,193,NO_COVERAGE,none
DefaultVFS.java,org.apache.ibatis.io.DefaultVFS,org.pitest.mutationtest.engine.gregor.mutators.RemoveConditionalMutator_EQUAL_ELSE,listResources,198,NO_COVERAGE,none
DefaultVFS.java,org.apache.ibatis.io.DefaultVFS,org.pitest.mutationtest.engine.gregor.mutators.RemoveConditionalMutator_EQUAL_ELSE,listResources,199,NO_COVERAGE,none
DefaultVFS.java,org.apache.ibatis.io.DefaultVFS,org.pitest.mutationtest.engine.gregor.mutators.RemoveConditionalMutator_EQUAL_IF,listResources,180,NO_COVERAGE,none
DefaultVFS.java,org.apache.ibatis.io.DefaultVFS,org.pitest.mutationtest.engine.gregor.mutators.RemoveConditionalMutator_EQUAL_IF,listResources,183,NO_COVERAGE,none
DefaultVFS.java,org.apache.ibatis.io.DefaultVFS,org.pitest.mutationtest.engine.gregor.mutators.RemoveConditionalMutator_EQUAL_IF,listResources,189,NO_COVERAGE,none
DefaultVFS.java,org.apache.ibatis.io.DefaultVFS,org.pitest.mutationtest.engine.gregor.mutators.RemoveConditionalMutator_EQUAL_IF,listResources,190,NO_COVERAGE,none
DefaultVFS.java,org.apache.ibatis.io.DefaultVFS,org.pitest.mutationtest.engine.gregor.mutators.RemoveConditionalMutator_EQUAL_IF,listResources,193,NO_COVERAGE,none
DefaultVFS.java,org.apache.ibatis.io.DefaultVFS,org.pitest.mutationtest.engine.gregor.mutators.RemoveConditionalMutator_EQUAL_IF,listResources,198,NO_COVERAGE,none
DefaultVFS.java,org.apache.ibatis.io.DefaultVFS,org.pitest.mutationtest.engine.gregor.mutators.RemoveConditionalMutator_EQUAL_IF,listResources,199,NO_COVERAGE,none
DefaultVFS.java,org.apache.ibatis.io.DefaultVFS,org.pitest.mutationtest.engine.gregor.mutators.ReturnValsMutator,listResources,207,NO_COVERAGE,none
DefaultVFS.java,org.apache.ibatis.io.DefaultVFS,org.pitest.mutationtest.engine.gregor.mutators.VoidMethodCallMutator,listResources,200,NO_COVERAGE,none
XMLConfigBuilder.java,org.apache.ibatis.builder.xml.XMLConfigBuilder,org.pitest.mutationtest.engine.gregor.mutators.ConstructorCallMutator,<init>,81,NO_COVERAGE,none
XMLConfigBuilder.java,org.apache.ibatis.builder.xml.XMLConfigBuilder,org.pitest.mutationtest.engine.gregor.mutators.ConstructorCallMutator,<init>,81,NO_COVERAGE,none
XMLConfigBuilder.java,org.apache.ibatis.builder.xml.XMLConfigBuilder,org.pitest.mutationtest.engine.gregor.mutators.InlineConstantMutator,<init>,81,NO_COVERAGE,none
XMLConfigBuilder.java,org.apache.ibatis.builder.xml.XMLConfigBuilder,org.pitest.mutationtest.engine.gregor.mutators.ConstructorCallMutator,<init>,69,KILLED,org.apache.ibatis.submitted.extend.ExtendTest.org.apache.ibatis.submitted.extend.ExtendTest
XMLConfigBuilder.java,org.apache.ibatis.builder.xml.XMLConfigBuilder,org.pitest.mutationtest.engine.gregor.mutators.InlineConstantMutator,<init>,69,KILLED,org.apache.ibatis.submitted.extend.ExtendTest.org.apache.ibatis.submitted.extend.ExtendTest
XMLConfigBuilder.java,org.apache.ibatis.builder.xml.XMLConfigBuilder,org.pitest.mutationtest.engine.gregor.mutators.ConstructorCallMutator,<init>,85,KILLED,org.apache.ibatis.submitted.extend.ExtendTest.org.apache.ibatis.submitted.extend.ExtendTest
XMLConfigBuilder.java,org.apache.ibatis.builder.xml.XMLConfigBuilder,org.pitest.mutationtest.engine.gregor.mutators.ConstructorCallMutator,<init>,58,KILLED,org.apache.ibatis.submitted.extend.ExtendTest.org.apache.ibatis.submitted.extend.ExtendTest
XMLConfigBuilder.java,org.apache.ibatis.builder.xml.XMLConfigBuilder,org.pitest.mutationtest.engine.gregor.mutators.NonVoidMethodCallMutator,<init>,86,KILLED,org.apache.ibatis.submitted.extend.ExtendTest.org.apache.ibatis.submitted.extend.ExtendTest
XMLConfigBuilder.java,org.apache.ibatis.builder.xml.XMLConfigBuilder,org.pitest.mutationtest.engine.gregor.mutators.experimental.MemberVariableMutator,<init>,88,KILLED,org.apache.ibatis.submitted.extend.ExtendTest.org.apache.ibatis.submitted.extend.ExtendTest
XMLConfigBuilder.java,org.apache.ibatis.builder.xml.XMLConfigBuilder,org.pitest.mutationtest.engine.gregor.mutators.experimental.MemberVariableMutator,<init>,89,KILLED,org.apache.ibatis.submitted.extend.ExtendTest.org.apache.ibatis.submitted.extend.ExtendTest
XMLConfigBuilder.java,org.apache.ibatis.builder.xml.XMLConfigBuilder,org.pitest.mutationtest.engine.gregor.mutators.experimental.MemberVariableMutator,<init>,90,KILLED,org.apache.ibatis.submitted.extend.ExtendTest.org.apache.ibatis.submitted.extend.ExtendTest
XMLConfigBuilder.java,org.apache.ibatis.builder.xml.XMLConfigBuilder,org.pitest.mutationtest.engine.gregor.mutators.ArgumentPropagationMutator,dataSourceElement,319,KILLED,org.apache.ibatis.submitted.extend.ExtendTest.org.apache.ibatis.submitted.extend.ExtendTest
XMLConfigBuilder.java,org.apache.ibatis.builder.xml.XMLConfigBuilder,org.pitest.mutationtest.engine.gregor.mutators.ConstructorCallMutator,dataSourceElement,325,NO_COVERAGE,none
XMLConfigBuilder.java,org.apache.ibatis.builder.xml.XMLConfigBuilder,org.pitest.mutationtest.engine.gregor.mutators.NegateConditionalsMutator,dataSourceElement,318,KILLED,org.apache.ibatis.submitted.extend.ExtendTest.org.apache.ibatis.submitted.extend.ExtendTest
XMLConfigBuilder.java,org.apache.ibatis.builder.xml.XMLConfigBuilder,org.pitest.mutationtest.engine.gregor.mutators.NonVoidMethodCallMutator,dataSourceElement,321,KILLED,org.apache.ibatis.submitted.extend.ExtendTest.org.apache.ibatis.submitted.extend.ExtendTest
XMLConfigBuilder.java,org.apache.ibatis.builder.xml.XMLConfigBuilder,org.pitest.mutationtest.engine.gregor.mutators.ArgumentPropagationMutator,databaseIdProviderElement,290,NO_COVERAGE,none
XMLConfigBuilder.java,org.apache.ibatis.builder.xml.XMLConfigBuilder,org.pitest.mutationtest.engine.gregor.mutators.NegateConditionalsMutator,databaseIdProviderElement,292,NO_COVERAGE,none
XMLConfigBuilder.java,org.apache.ibatis.builder.xml.XMLConfigBuilder,org.pitest.mutationtest.engine.gregor.mutators.NegateConditionalsMutator,databaseIdProviderElement,300,KILLED,org.apache.ibatis.submitted.extend.ExtendTest.org.apache.ibatis.submitted.extend.ExtendTest
XMLConfigBuilder.java,org.apache.ibatis.builder.xml.XMLConfigBuilder,org.pitest.mutationtest.engine.gregor.mutators.NonVoidMethodCallMutator,databaseIdProviderElement,290,NO_COVERAGE,none
XMLConfigBuilder.java,org.apache.ibatis.builder.xml.XMLConfigBuilder,org.pitest.mutationtest.engine.gregor.mutators.NonVoidMethodCallMutator,databaseIdProviderElement,292,NO_COVERAGE,none
XMLConfigBuilder.java,org.apache.ibatis.builder.xml.XMLConfigBuilder,org.pitest.mutationtest.engine.gregor.mutators.NonVoidMethodCallMutator,databaseIdProviderElement,295,NO_COVERAGE,none
XMLConfigBuilder.java,org.apache.ibatis.builder.xml.XMLConfigBuilder,org.pitest.mutationtest.engine.gregor.mutators.NonVoidMethodCallMutator,databaseIdProviderElement,296,NO_COVERAGE,none
XMLConfigBuilder.java,org.apache.ibatis.builder.xml.XMLConfigBuilder,org.pitest.mutationtest.engine.gregor.mutators.NonVoidMethodCallMutator,databaseIdProviderElement,296,NO_COVERAGE,none
XMLConfigBuilder.java,org.apache.ibatis.builder.xml.XMLConfigBuilder,org.pitest.mutationtest.engine.gregor.mutators.NonVoidMethodCallMutator,databaseIdProviderElement,299,KILLED,org.apache.ibatis.submitted.extend.ExtendTest.org.apache.ibatis.submitted.extend.ExtendTest
XMLConfigBuilder.java,org.apache.ibatis.builder.xml.XMLConfigBuilder,org.pitest.mutationtest.engine.gregor.mutators.NonVoidMethodCallMutator,databaseIdProviderElement,301,NO_COVERAGE,none
XMLConfigBuilder.java,org.apache.ibatis.builder.xml.XMLConfigBuilder,org.pitest.mutationtest.engine.gregor.mutators.NonVoidMethodCallMutator,databaseIdProviderElement,301,NO_COVERAGE,none
XMLConfigBuilder.java,org.apache.ibatis.builder.xml.XMLConfigBuilder,org.pitest.mutationtest.engine.gregor.mutators.RemoveConditionalMutator_EQUAL_ELSE,databaseIdProviderElement,292,NO_COVERAGE,none
XMLConfigBuilder.java,org.apache.ibatis.builder.xml.XMLConfigBuilder,org.pitest.mutationtest.engine.gregor.mutators.RemoveConditionalMutator_EQUAL_ELSE,databaseIdProviderElement,300,KILLED,org.apache.ibatis.submitted.extend.ExtendTest.org.apache.ibatis.submitted.extend.ExtendTest
XMLConfigBuilder.java,org.apache.ibatis.builder.xml.XMLConfigBuilder,org.pitest.mutationtest.engine.gregor.mutators.RemoveConditionalMutator_EQUAL_IF,databaseIdProviderElement,292,NO_COVERAGE,none
XMLConfigBuilder.java,org.apache.ibatis.builder.xml.XMLConfigBuilder,org.pitest.mutationtest.engine.gregor.mutators.RemoveConditionalMutator_EQUAL_IF,databaseIdProviderElement,300,KILLED,org.apache.ibatis.submitted.extend.ExtendTest.org.apache.ibatis.submitted.extend.ExtendTest
XMLConfigBuilder.java,org.apache.ibatis.builder.xml.XMLConfigBuilder,org.pitest.mutationtest.engine.gregor.mutators.VoidMethodCallMutator,databaseIdProviderElement,297,NO_COVERAGE,none
XMLConfigBuilder.java,org.apache.ibatis.builder.xml.XMLConfigBuilder,org.pitest.mutationtest.engine.gregor.mutators.VoidMethodCallMutator,databaseIdProviderElement,302,NO_COVERAGE,none
XMLConfigBuilder.java,org.apache.ibatis.builder.xml.XMLConfigBuilder,org.pitest.mutationtest.engine.gregor.mutators.ArgumentPropagationMutator,environmentsElement,273,KILLED,org.apache.ibatis.submitted.extend.ExtendTest.org.apache.ibatis.submitted.extend.ExtendTest
XMLConfigBuilder.java,org.apache.ibatis.builder.xml.XMLConfigBuilder,org.pitest.mutationtest.engine.gregor.mutators.NegateConditionalsMutator,environmentsElement,272,KILLED,org.apache.ibatis.submitted.extend.ExtendTest.org.apache.ibatis.submitted.extend.ExtendTest
XMLConfigBuilder.java,org.apache.ibatis.builder.xml.XMLConfigBuilder,org.pitest.mutationtest.engine.gregor.mutators.NonVoidMethodCallMutator,environmentsElement,270,KILLED,org.apache.ibatis.submitted.extend.ExtendTest.org.apache.ibatis.submitted.extend.ExtendTest
XMLConfigBuilder.java,org.apache.ibatis.builder.xml.XMLConfigBuilder,org.pitest.mutationtest.engine.gregor.mutators.NonVoidMethodCallMutator,environmentsElement,272,KILLED,org.apache.ibatis.submitted.extend.ExtendTest.org.apache.ibatis.submitted.extend.ExtendTest
XMLConfigBuilder.java,org.apache.ibatis.builder.xml.XMLConfigBuilder,org.pitest.mutationtest.engine.gregor.mutators.NonVoidMethodCallMutator,environmentsElement,272,KILLED,org.apache.ibatis.submitted.extend.ExtendTest.org.apache.ibatis.submitted.extend.ExtendTest
XMLConfigBuilder.java,org.apache.ibatis.builder.xml.XMLConfigBuilder,org.pitest.mutationtest.engine.gregor.mutators.NonVoidMethodCallMutator,environmentsElement,272,KILLED,org.apache.ibatis.submitted.extend.ExtendTest.org.apache.ibatis.submitted.extend.ExtendTest
XMLConfigBuilder.java,org.apache.ibatis.builder.xml.XMLConfigBuilder,org.pitest.mutationtest.engine.gregor.mutators.NonVoidMethodCallMutator,environmentsElement,272,KILLED,org.apache.ibatis.submitted.extend.ExtendTest.org.apache.ibatis.submitted.extend.ExtendTest
XMLConfigBuilder.java,org.apache.ibatis.builder.xml.XMLConfigBuilder,org.pitest.mutationtest.engine.gregor.mutators.NonVoidMethodCallMutator,environmentsElement,273,KILLED,org.apache.ibatis.submitted.extend.ExtendTest.org.apache.ibatis.submitted.extend.ExtendTest
XMLConfigBuilder.java,org.apache.ibatis.builder.xml.XMLConfigBuilder,org.pitest.mutationtest.engine.gregor.mutators.NonVoidMethodCallMutator,environmentsElement,274,KILLED,org.apache.ibatis.submitted.extend.ExtendTest.org.apache.ibatis.submitted.extend.ExtendTest
XMLConfigBuilder.java,org.apache.ibatis.builder.xml.XMLConfigBuilder,org.pitest.mutationtest.engine.gregor.mutators.NonVoidMethodCallMutator,environmentsElement,275,KILLED,org.apache.ibatis.submitted.extend.ExtendTest.org.apache.ibatis.submitted.extend.ExtendTest
XMLConfigBuilder.java,org.apache.ibatis.builder.xml.XMLConfigBuilder,org.pitest.mutationtest.engine.gregor.mutators.NonVoidMethodCallMutator,environmentsElement,276,KILLED,org.apache.ibatis.submitted.extend.ExtendTest.org.apache.ibatis.submitted.extend.ExtendTest
XMLConfigBuilder.java,org.apache.ibatis.builder.xml.XMLConfigBuilder,org.pitest.mutationtest.engine.gregor.mutators.NonVoidMethodCallMutator,environmentsElement,277,KILLED,org.apache.ibatis.submitted.extend.ExtendTest.org.apache.ibatis.submitted.extend.ExtendTest
XMLConfigBuilder.java,org.apache.ibatis.builder.xml.XMLConfigBuilder,org.pitest.mutationtest.engine.gregor.mutators.NonVoidMethodCallMutator,environmentsElement,281,KILLED,org.apache.ibatis.submitted.extend.ExtendTest.org.apache.ibatis.submitted.extend.ExtendTest
XMLConfigBuilder.java,org.apache.ibatis.builder.xml.XMLConfigBuilder,org.pitest.mutationtest.engine.gregor.mutators.RemoveConditionalMutator_EQUAL_ELSE,environmentsElement,268,KILLED,org.apache.ibatis.submitted.extend.ExtendTest.org.apache.ibatis.submitted.extend.ExtendTest
XMLConfigBuilder.java,org.apache.ibatis.builder.xml.XMLConfigBuilder,org.pitest.mutationtest.engine.gregor.mutators.RemoveConditionalMutator_EQUAL_ELSE,environmentsElement,269,KILLED,org.apache.ibatis.submitted.extend.ExtendTest.org.apache.ibatis.submitted.extend.ExtendTest
XMLConfigBuilder.java,org.apache.ibatis.builder.xml.XMLConfigBuilder,org.pitest.mutationtest.engine.gregor.mutators.RemoveConditionalMutator_EQUAL_IF,environmentsElement,269,KILLED,org.apache.ibatis.submitted.extend.ExtendTest.org.apache.ibatis.submitted.extend.ExtendTest
XMLConfigBuilder.java,org.apache.ibatis.builder.xml.XMLConfigBuilder,org.pitest.mutationtest.engine.gregor.mutators.experimental.MemberVariableMutator,environmentsElement,270,KILLED,org.apache.ibatis.submitted.extend.ExtendTest.org.apache.ibatis.submitted.extend.ExtendTest
XMLConfigBuilder.java,org.apache.ibatis.builder.xml.XMLConfigBuilder,org.pitest.mutationtest.engine.gregor.mutators.ConstructorCallMutator,isSpecifiedEnvironment,388,NO_COVERAGE,none
XMLConfigBuilder.java,org.apache.ibatis.builder.xml.XMLConfigBuilder,org.pitest.mutationtest.engine.gregor.mutators.ConstructorCallMutator,isSpecifiedEnvironment,390,NO_COVERAGE,none
XMLConfigBuilder.java,org.apache.ibatis.builder.xml.XMLConfigBuilder,org.pitest.mutationtest.engine.gregor.mutators.InlineConstantMutator,isSpecifiedEnvironment,392,KILLED,org.apache.ibatis.submitted.extend.ExtendTest.org.apache.ibatis.submitted.extend.ExtendTest
XMLConfigBuilder.java,org.apache.ibatis.builder.xml.XMLConfigBuilder,org.pitest.mutationtest.engine.gregor.mutators.InlineConstantMutator,isSpecifiedEnvironment,394,NO_COVERAGE,none
XMLConfigBuilder.java,org.apache.ibatis.builder.xml.XMLConfigBuilder,org.pitest.mutationtest.engine.gregor.mutators.NegateConditionalsMutator,isSpecifiedEnvironment,387,KILLED,org.apache.ibatis.submitted.extend.ExtendTest.org.apache.ibatis.submitted.extend.ExtendTest
XMLConfigBuilder.java,org.apache.ibatis.builder.xml.XMLConfigBuilder,org.pitest.mutationtest.engine.gregor.mutators.NegateConditionalsMutator,isSpecifiedEnvironment,389,KILLED,org.apache.ibatis.submitted.extend.ExtendTest.org.apache.ibatis.submitted.extend.ExtendTest
XMLConfigBuilder.java,org.apache.ibatis.builder.xml.XMLConfigBuilder,org.pitest.mutationtest.engine.gregor.mutators.NegateConditionalsMutator,isSpecifiedEnvironment,391,KILLED,org.apache.ibatis.submitted.extend.ExtendTest.org.apache.ibatis.submitted.extend.ExtendTest
XMLConfigBuilder.java,org.apache.ibatis.builder.xml.XMLConfigBuilder,org.pitest.mutationtest.engine.gregor.mutators.NonVoidMethodCallMutator,isSpecifiedEnvironment,391,KILLED,org.apache.ibatis.submitted.extend.ExtendTest.org.apache.ibatis.submitted.extend.ExtendTest
XMLConfigBuilder.java,org.apache.ibatis.builder.xml.XMLConfigBuilder,org.pitest.mutationtest.engine.gregor.mutators.RemoveConditionalMutator_EQUAL_ELSE,isSpecifiedEnvironment,387,KILLED,org.apache.ibatis.submitted.extend.ExtendTest.org.apache.ibatis.submitted.extend.ExtendTest
XMLConfigBuilder.java,org.apache.ibatis.builder.xml.XMLConfigBuilder,org.pitest.mutationtest.engine.gregor.mutators.RemoveConditionalMutator_EQUAL_ELSE,isSpecifiedEnvironment,391,KILLED,org.apache.ibatis.submitted.extend.ExtendTest.org.apache.ibatis.submitted.extend.ExtendTest
XMLConfigBuilder.java,org.apache.ibatis.builder.xml.XMLConfigBuilder,org.pitest.mutationtest.engine.gregor.mutators.RemoveConditionalMutator_EQUAL_IF,isSpecifiedEnvironment,387,KILLED,org.apache.ibatis.submitted.extend.ExtendTest.org.apache.ibatis.submitted.extend.ExtendTest
XMLConfigBuilder.java,org.apache.ibatis.builder.xml.XMLConfigBuilder,org.pitest.mutationtest.engine.gregor.mutators.ReturnValsMutator,isSpecifiedEnvironment,394,NO_COVERAGE,none
XMLConfigBuilder.java,org.apache.ibatis.builder.xml.XMLConfigBuilder,org.pitest.mutationtest.engine.gregor.mutators.ArgumentPropagationMutator,loadCustomVfs,140,KILLED,org.apache.ibatis.submitted.extend.ExtendTest.org.apache.ibatis.submitted.extend.ExtendTest
XMLConfigBuilder.java,org.apache.ibatis.builder.xml.XMLConfigBuilder,org.pitest.mutationtest.engine.gregor.mutators.ConditionalsBoundaryMutator,loadCustomVfs,143,NO_COVERAGE,none
XMLConfigBuilder.java,org.apache.ibatis.builder.xml.XMLConfigBuilder,org.pitest.mutationtest.engine.gregor.mutators.IncrementsMutator,loadCustomVfs,143,NO_COVERAGE,none
XMLConfigBuilder.java,org.apache.ibatis.builder.xml.XMLConfigBuilder,org.pitest.mutationtest.engine.gregor.mutators.InlineConstantMutator,loadCustomVfs,143,NO_COVERAGE,none
XMLConfigBuilder.java,org.apache.ibatis.builder.xml.XMLConfigBuilder,org.pitest.mutationtest.engine.gregor.mutators.NegateConditionalsMutator,loadCustomVfs,141,KILLED,org.apache.ibatis.submitted.extend.ExtendTest.org.apache.ibatis.submitted.extend.ExtendTest
XMLConfigBuilder.java,org.apache.ibatis.builder.xml.XMLConfigBuilder,org.pitest.mutationtest.engine.gregor.mutators.NegateConditionalsMutator,loadCustomVfs,143,NO_COVERAGE,none
XMLConfigBuilder.java,org.apache.ibatis.builder.xml.XMLConfigBuilder,org.pitest.mutationtest.engine.gregor.mutators.NegateConditionalsMutator,loadCustomVfs,144,NO_COVERAGE,none
XMLConfigBuilder.java,org.apache.ibatis.builder.xml.XMLConfigBuilder,org.pitest.mutationtest.engine.gregor.mutators.NonVoidMethodCallMutator,loadCustomVfs,140,KILLED,org.apache.ibatis.submitted.extend.ExtendTest.org.apache.ibatis.submitted.extend.ExtendTest
XMLConfigBuilder.java,org.apache.ibatis.builder.xml.XMLConfigBuilder,org.pitest.mutationtest.engine.gregor.mutators.NonVoidMethodCallMutator,loadCustomVfs,142,NO_COVERAGE,none
XMLConfigBuilder.java,org.apache.ibatis.builder.xml.XMLConfigBuilder,org.pitest.mutationtest.engine.gregor.mutators.NonVoidMethodCallMutator,loadCustomVfs,144,NO_COVERAGE,none
XMLConfigBuilder.java,org.apache.ibatis.builder.xml.XMLConfigBuilder,org.pitest.mutationtest.engine.gregor.mutators.NonVoidMethodCallMutator,loadCustomVfs,146,NO_COVERAGE,none
XMLConfigBuilder.java,org.apache.ibatis.builder.xml.XMLConfigBuilder,org.pitest.mutationtest.engine.gregor.mutators.RemoveConditionalMutator_EQUAL_ELSE,loadCustomVfs,144,NO_COVERAGE,none
XMLConfigBuilder.java,org.apache.ibatis.builder.xml.XMLConfigBuilder,org.pitest.mutationtest.engine.gregor.mutators.RemoveConditionalMutator_EQUAL_IF,loadCustomVfs,144,NO_COVERAGE,none
XMLConfigBuilder.java,org.apache.ibatis.builder.xml.XMLConfigBuilder,org.pitest.mutationtest.engine.gregor.mutators.RemoveConditionalMutator_ORDER_ELSE,loadCustomVfs,143,NO_COVERAGE,none
XMLConfigBuilder.java,org.apache.ibatis.builder.xml.XMLConfigBuilder,org.pitest.mutationtest.engine.gregor.mutators.RemoveConditionalMutator_ORDER_IF,loadCustomVfs,143,NO_COVERAGE,none
XMLConfigBuilder.java,org.apache.ibatis.builder.xml.XMLConfigBuilder,org.pitest.mutationtest.engine.gregor.mutators.VoidMethodCallMutator,loadCustomVfs,147,NO_COVERAGE,none
XMLConfigBuilder.java,org.apache.ibatis.builder.xml.XMLConfigBuilder,org.pitest.mutationtest.engine.gregor.mutators.ArgumentPropagationMutator,mapperElement,359,NO_COVERAGE,none
XMLConfigBuilder.java,org.apache.ibatis.builder.xml.XMLConfigBuilder,org.pitest.mutationtest.engine.gregor.mutators.ArgumentPropagationMutator,mapperElement,362,KILLED,org.apache.ibatis.submitted.extend.ExtendTest.org.apache.ibatis.submitted.extend.ExtendTest
XMLConfigBuilder.java,org.apache.ibatis.builder.xml.XMLConfigBuilder,org.pitest.mutationtest.engine.gregor.mutators.ArgumentPropagationMutator,mapperElement,364,KILLED,org.apache.ibatis.submitted.extend.ExtendTest.org.apache.ibatis.submitted.extend.ExtendTest
XMLConfigBuilder.java,org.apache.ibatis.builder.xml.XMLConfigBuilder,org.pitest.mutationtest.engine.gregor.mutators.ConstructorCallMutator,mapperElement,368,KILLED,org.apache.ibatis.submitted.extend.ExtendTest.org.apache.ibatis.submitted.extend.ExtendTest
XMLConfigBuilder.java,org.apache.ibatis.builder.xml.XMLConfigBuilder,org.pitest.mutationtest.engine.gregor.mutators.ConstructorCallMutator,mapperElement,373,NO_COVERAGE,none
XMLConfigBuilder.java,org.apache.ibatis.builder.xml.XMLConfigBuilder,org.pitest.mutationtest.engine.gregor.mutators.ConstructorCallMutator,mapperElement,379,NO_COVERAGE,none
XMLConfigBuilder.java,org.apache.ibatis.builder.xml.XMLConfigBuilder,org.pitest.mutationtest.engine.gregor.mutators.NegateConditionalsMutator,mapperElement,365,KILLED,org.apache.ibatis.submitted.extend.ExtendTest.org.apache.ibatis.submitted.extend.ExtendTest
XMLConfigBuilder.java,org.apache.ibatis.builder.xml.XMLConfigBuilder,org.pitest.mutationtest.engine.gregor.mutators.NegateConditionalsMutator,mapperElement,370,KILLED,org.apache.ibatis.submitted.extend.ExtendTest.org.apache.ibatis.submitted.extend.ExtendTest
XMLConfigBuilder.java,org.apache.ibatis.builder.xml.XMLConfigBuilder,org.pitest.mutationtest.engine.gregor.mutators.NegateConditionalsMutator,mapperElement,375,NO_COVERAGE,none
XMLConfigBuilder.java,org.apache.ibatis.builder.xml.XMLConfigBuilder,org.pitest.mutationtest.engine.gregor.mutators.NegateConditionalsMutator,mapperElement,375,NO_COVERAGE,none
XMLConfigBuilder.java,org.apache.ibatis.builder.xml.XMLConfigBuilder,org.pitest.mutationtest.engine.gregor.mutators.NegateConditionalsMutator,mapperElement,375,NO_COVERAGE,none
XMLConfigBuilder.java,org.apache.ibatis.builder.xml.XMLConfigBuilder,org.pitest.mutationtest.engine.gregor.mutators.NonVoidMethodCallMutator,mapperElement,357,KILLED,org.apache.ibatis.submitted.extend.ExtendTest.org.apache.ibatis.submitted.extend.ExtendTest
XMLConfigBuilder.java,org.apache.ibatis.builder.xml.XMLConfigBuilder,org.pitest.mutationtest.engine.gregor.mutators.NonVoidMethodCallMutator,mapperElement,357,KILLED,org.apache.ibatis.submitted.extend.ExtendTest.org.apache.ibatis.submitted.extend.ExtendTest
XMLConfigBuilder.java,org.apache.ibatis.builder.xml.XMLConfigBuilder,org.pitest.mutationtest.engine.gregor.mutators.NonVoidMethodCallMutator,mapperElement,357,KILLED,org.apache.ibatis.submitted.extend.ExtendTest.org.apache.ibatis.submitted.extend.ExtendTest
XMLConfigBuilder.java,org.apache.ibatis.builder.xml.XMLConfigBuilder,org.pitest.mutationtest.engine.gregor.mutators.NonVoidMethodCallMutator,mapperElement,359,NO_COVERAGE,none
XMLConfigBuilder.java,org.apache.ibatis.builder.xml.XMLConfigBuilder,org.pitest.mutationtest.engine.gregor.mutators.NonVoidMethodCallMutator,mapperElement,364,KILLED,org.apache.ibatis.submitted.extend.ExtendTest.org.apache.ibatis.submitted.extend.ExtendTest
XMLConfigBuilder.java,org.apache.ibatis.builder.xml.XMLConfigBuilder,org.pitest.mutationtest.engine.gregor.mutators.NonVoidMethodCallMutator,mapperElement,366,KILLED,org.apache.ibatis.submitted.extend.ExtendTest.org.apache.ibatis.submitted.extend.ExtendTest
XMLConfigBuilder.java,org.apache.ibatis.builder.xml.XMLConfigBuilder,org.pitest.mutationtest.engine.gregor.mutators.NonVoidMethodCallMutator,mapperElement,366,KILLED,org.apache.ibatis.submitted.extend.ExtendTest.org.apache.ibatis.submitted.extend.ExtendTest
XMLConfigBuilder.java,org.apache.ibatis.builder.xml.XMLConfigBuilder,org.pitest.mutationtest.engine.gregor.mutators.NonVoidMethodCallMutator,mapperElement,371,NO_COVERAGE,none
XMLConfigBuilder.java,org.apache.ibatis.builder.xml.XMLConfigBuilder,org.pitest.mutationtest.engine.gregor.mutators.NonVoidMethodCallMutator,mapperElement,371,NO_COVERAGE,none
XMLConfigBuilder.java,org.apache.ibatis.builder.xml.XMLConfigBuilder,org.pitest.mutationtest.engine.gregor.mutators.NonVoidMethodCallMutator,mapperElement,372,NO_COVERAGE,none
XMLConfigBuilder.java,org.apache.ibatis.builder.xml.XMLConfigBuilder,org.pitest.mutationtest.engine.gregor.mutators.NonVoidMethodCallMutator,mapperElement,373,NO_COVERAGE,none
XMLConfigBuilder.java,org.apache.ibatis.builder.xml.XMLConfigBuilder,org.pitest.mutationtest.engine.gregor.mutators.NonVoidMethodCallMutator,mapperElement,376,NO_COVERAGE,none
XMLConfigBuilder.java,org.apache.ibatis.builder.xml.XMLConfigBuilder,org.pitest.mutationtest.engine.gregor.mutators.RemoveConditionalMutator_EQUAL_ELSE,mapperElement,365,KILLED,org.apache.ibatis.submitted.extend.ExtendTest.org.apache.ibatis.submitted.extend.ExtendTest
XMLConfigBuilder.java,org.apache.ibatis.builder.xml.XMLConfigBuilder,org.pitest.mutationtest.engine.gregor.mutators.RemoveConditionalMutator_EQUAL_ELSE,mapperElement,370,KILLED,org.apache.ibatis.submitted.extend.ExtendTest.org.apache.ibatis.submitted.extend.ExtendTest
XMLConfigBuilder.java,org.apache.ibatis.builder.xml.XMLConfigBuilder,org.pitest.mutationtest.engine.gregor.mutators.RemoveConditionalMutator_EQUAL_ELSE,mapperElement,375,NO_COVERAGE,none
XMLConfigBuilder.java,org.apache.ibatis.builder.xml.XMLConfigBuilder,org.pitest.mutationtest.engine.gregor.mutators.RemoveConditionalMutator_EQUAL_ELSE,mapperElement,375,NO_COVERAGE,none
XMLConfigBuilder.java,org.apache.ibatis.builder.xml.XMLConfigBuilder,org.pitest.mutationtest.engine.gregor.mutators.RemoveConditionalMutator_EQUAL_ELSE,mapperElement,375,NO_COVERAGE,none
XMLConfigBuilder.java,org.apache.ibatis.builder.xml.XMLConfigBuilder,org.pitest.mutationtest.engine.gregor.mutators.RemoveConditionalMutator_EQUAL_IF,mapperElement,356,KILLED,org.apache.ibatis.submitted.extend.ExtendTest.org.apache.ibatis.submitted.extend.ExtendTest
XMLConfigBuilder.java,org.apache.ibatis.builder.xml.XMLConfigBuilder,org.pitest.mutationtest.engine.gregor.mutators.RemoveConditionalMutator_EQUAL_IF,mapperElement,357,KILLED,org.apache.ibatis.submitted.extend.ExtendTest.org.apache.ibatis.submitted.extend.ExtendTest
XMLConfigBuilder.java,org.apache.ibatis.builder.xml.XMLConfigBuilder,org.pitest.mutationtest.engine.gregor.mutators.RemoveConditionalMutator_EQUAL_IF,mapperElement,365,KILLED,org.apache.ibatis.submitted.extend.ExtendTest.org.apache.ibatis.submitted.extend.ExtendTest
XMLConfigBuilder.java,org.apache.ibatis.builder.xml.XMLConfigBuilder,org.pitest.mutationtest.engine.gregor.mutators.RemoveConditionalMutator_EQUAL_IF,mapperElement,365,KILLED,org.apache.ibatis.submitted.extend.ExtendTest.org.apache.ibatis.submitted.extend.ExtendTest
XMLConfigBuilder.java,org.apache.ibatis.builder.xml.XMLConfigBuilder,org.pitest.mutationtest.engine.gregor.mutators.RemoveConditionalMutator_EQUAL_IF,mapperElement,370,KILLED,org.apache.ibatis.submitted.extend.ExtendTest.org.apache.ibatis.submitted.extend.ExtendTest
XMLConfigBuilder.java,org.apache.ibatis.builder.xml.XMLConfigBuilder,org.pitest.mutationtest.engine.gregor.mutators.RemoveConditionalMutator_EQUAL_IF,mapperElement,370,KILLED,org.apache.ibatis.submitted.extend.ExtendTest.org.apache.ibatis.submitted.extend.ExtendTest
XMLConfigBuilder.java,org.apache.ibatis.builder.xml.XMLConfigBuilder,org.pitest.mutationtest.engine.gregor.mutators.RemoveConditionalMutator_EQUAL_IF,mapperElement,375,NO_COVERAGE,none
XMLConfigBuilder.java,org.apache.ibatis.builder.xml.XMLConfigBuilder,org.pitest.mutationtest.engine.gregor.mutators.RemoveConditionalMutator_EQUAL_IF,mapperElement,375,NO_COVERAGE,none
XMLConfigBuilder.java,org.apache.ibatis.builder.xml.XMLConfigBuilder,org.pitest.mutationtest.engine.gregor.mutators.RemoveConditionalMutator_EQUAL_IF,mapperElement,375,NO_COVERAGE,none
XMLConfigBuilder.java,org.apache.ibatis.builder.xml.XMLConfigBuilder,org.pitest.mutationtest.engine.gregor.mutators.VoidMethodCallMutator,mapperElement,360,NO_COVERAGE,none
XMLConfigBuilder.java,org.apache.ibatis.builder.xml.XMLConfigBuilder,org.pitest.mutationtest.engine.gregor.mutators.VoidMethodCallMutator,mapperElement,369,KILLED,org.apache.ibatis.submitted.extend.ExtendTest.org.apache.ibatis.submitted.extend.ExtendTest
XMLConfigBuilder.java,org.apache.ibatis.builder.xml.XMLConfigBuilder,org.pitest.mutationtest.engine.gregor.mutators.VoidMethodCallMutator,mapperElement,374,NO_COVERAGE,none
XMLConfigBuilder.java,org.apache.ibatis.builder.xml.XMLConfigBuilder,org.pitest.mutationtest.engine.gregor.mutators.VoidMethodCallMutator,mapperElement,377,NO_COVERAGE,none
XMLConfigBuilder.java,org.apache.ibatis.builder.xml.XMLConfigBuilder,org.pitest.mutationtest.engine.gregor.mutators.ArgumentPropagationMutator,objectFactoryElement,191,NO_COVERAGE,none
XMLConfigBuilder.java,org.apache.ibatis.builder.xml.XMLConfigBuilder,org.pitest.mutationtest.engine.gregor.mutators.NonVoidMethodCallMutator,objectFactoryElement,191,NO_COVERAGE,none
XMLConfigBuilder.java,org.apache.ibatis.builder.xml.XMLConfigBuilder,org.pitest.mutationtest.engine.gregor.mutators.NonVoidMethodCallMutator,objectFactoryElement,192,NO_COVERAGE,none
XMLConfigBuilder.java,org.apache.ibatis.builder.xml.XMLConfigBuilder,org.pitest.mutationtest.engine.gregor.mutators.NonVoidMethodCallMutator,objectFactoryElement,193,NO_COVERAGE,none
XMLConfigBuilder.java,org.apache.ibatis.builder.xml.XMLConfigBuilder,org.pitest.mutationtest.engine.gregor.mutators.NonVoidMethodCallMutator,objectFactoryElement,193,NO_COVERAGE,none
XMLConfigBuilder.java,org.apache.ibatis.builder.xml.XMLConfigBuilder,org.pitest.mutationtest.engine.gregor.mutators.VoidMethodCallMutator,objectFactoryElement,194,NO_COVERAGE,none
XMLConfigBuilder.java,org.apache.ibatis.builder.xml.XMLConfigBuilder,org.pitest.mutationtest.engine.gregor.mutators.VoidMethodCallMutator,objectFactoryElement,195,NO_COVERAGE,none
XMLConfigBuilder.java,org.apache.ibatis.builder.xml.XMLConfigBuilder,org.pitest.mutationtest.engine.gregor.mutators.ArgumentPropagationMutator,objectWrapperFactoryElement,201,NO_COVERAGE,none
XMLConfigBuilder.java,org.apache.ibatis.builder.xml.XMLConfigBuilder,org.pitest.mutationtest.engine.gregor.mutators.NegateConditionalsMutator,objectWrapperFactoryElement,200,KILLED,org.apache.ibatis.submitted.extend.ExtendTest.org.apache.ibatis.submitted.extend.ExtendTest
XMLConfigBuilder.java,org.apache.ibatis.builder.xml.XMLConfigBuilder,org.pitest.mutationtest.engine.gregor.mutators.NonVoidMethodCallMutator,objectWrapperFactoryElement,201,NO_COVERAGE,none
XMLConfigBuilder.java,org.apache.ibatis.builder.xml.XMLConfigBuilder,org.pitest.mutationtest.engine.gregor.mutators.NonVoidMethodCallMutator,objectWrapperFactoryElement,202,NO_COVERAGE,none
XMLConfigBuilder.java,org.apache.ibatis.builder.xml.XMLConfigBuilder,org.pitest.mutationtest.engine.gregor.mutators.NonVoidMethodCallMutator,objectWrapperFactoryElement,202,NO_COVERAGE,none
XMLConfigBuilder.java,org.apache.ibatis.builder.xml.XMLConfigBuilder,org.pitest.mutationtest.engine.gregor.mutators.VoidMethodCallMutator,objectWrapperFactoryElement,203,NO_COVERAGE,none
XMLConfigBuilder.java,org.apache.ibatis.builder.xml.XMLConfigBuilder,org.pitest.mutationtest.engine.gregor.mutators.ConstructorCallMutator,parse,95,NO_COVERAGE,none
XMLConfigBuilder.java,org.apache.ibatis.builder.xml.XMLConfigBuilder,org.pitest.mutationtest.engine.gregor.mutators.InlineConstantMutator,parse,97,KILLED,org.apache.ibatis.submitted.extend.ExtendTest.org.apache.ibatis.submitted.extend.ExtendTest
XMLConfigBuilder.java,org.apache.ibatis.builder.xml.XMLConfigBuilder,org.pitest.mutationtest.engine.gregor.mutators.NonVoidMethodCallMutator,parse,98,KILLED,org.apache.ibatis.submitted.extend.ExtendTest.org.apache.ibatis.submitted.extend.ExtendTest
XMLConfigBuilder.java,org.apache.ibatis.builder.xml.XMLConfigBuilder,org.pitest.mutationtest.engine.gregor.mutators.RemoveConditionalMutator_EQUAL_IF,parse,94,KILLED,org.apache.ibatis.submitted.extend.ExtendTest.org.apache.ibatis.submitted.extend.ExtendTest
XMLConfigBuilder.java,org.apache.ibatis.builder.xml.XMLConfigBuilder,org.pitest.mutationtest.engine.gregor.mutators.VoidMethodCallMutator,parse,98,KILLED,org.apache.ibatis.submitted.extend.ExtendTest.org.apache.ibatis.submitted.extend.ExtendTest
XMLConfigBuilder.java,org.apache.ibatis.builder.xml.XMLConfigBuilder,org.pitest.mutationtest.engine.gregor.mutators.ConstructorCallMutator,parseConfiguration,120,NO_COVERAGE,none
XMLConfigBuilder.java,org.apache.ibatis.builder.xml.XMLConfigBuilder,org.pitest.mutationtest.engine.gregor.mutators.ConstructorCallMutator,parseConfiguration,120,NO_COVERAGE,none
XMLConfigBuilder.java,org.apache.ibatis.builder.xml.XMLConfigBuilder,org.pitest.mutationtest.engine.gregor.mutators.NonVoidMethodCallMutator,parseConfiguration,105,KILLED,org.apache.ibatis.submitted.extend.ExtendTest.org.apache.ibatis.submitted.extend.ExtendTest
XMLConfigBuilder.java,org.apache.ibatis.builder.xml.XMLConfigBuilder,org.pitest.mutationtest.engine.gregor.mutators.NonVoidMethodCallMutator,parseConfiguration,106,KILLED,org.apache.ibatis.submitted.extend.ExtendTest.org.apache.ibatis.submitted.extend.ExtendTest
XMLConfigBuilder.java,org.apache.ibatis.builder.xml.XMLConfigBuilder,org.pitest.mutationtest.engine.gregor.mutators.NonVoidMethodCallMutator,parseConfiguration,109,KILLED,org.apache.ibatis.submitted.extend.ExtendTest.org.apache.ibatis.submitted.extend.ExtendTest
XMLConfigBuilder.java,org.apache.ibatis.builder.xml.XMLConfigBuilder,org.pitest.mutationtest.engine.gregor.mutators.NonVoidMethodCallMutator,parseConfiguration,112,KILLED,org.apache.ibatis.submitted.extend.ExtendTest.org.apache.ibatis.submitted.extend.ExtendTest
XMLConfigBuilder.java,org.apache.ibatis.builder.xml.XMLConfigBuilder,org.pitest.mutationtest.engine.gregor.mutators.NonVoidMethodCallMutator,parseConfiguration,116,KILLED,org.apache.ibatis.submitted.extend.ExtendTest.org.apache.ibatis.submitted.extend.ExtendTest
XMLConfigBuilder.java,org.apache.ibatis.builder.xml.XMLConfigBuilder,org.pitest.mutationtest.engine.gregor.mutators.NonVoidMethodCallMutator,parseConfiguration,118,KILLED,org.apache.ibatis.submitted.extend.ExtendTest.org.apache.ibatis.submitted.extend.ExtendTest
XMLConfigBuilder.java,org.apache.ibatis.builder.xml.XMLConfigBuilder,org.pitest.mutationtest.engine.gregor.mutators.NonVoidMethodCallMutator,parseConfiguration,120,NO_COVERAGE,none
XMLConfigBuilder.java,org.apache.ibatis.builder.xml.XMLConfigBuilder,org.pitest.mutationtest.engine.gregor.mutators.NonVoidMethodCallMutator,parseConfiguration,120,NO_COVERAGE,none
XMLConfigBuilder.java,org.apache.ibatis.builder.xml.XMLConfigBuilder,org.pitest.mutationtest.engine.gregor.mutators.NonVoidMethodCallMutator,parseConfiguration,120,NO_COVERAGE,none
XMLConfigBuilder.java,org.apache.ibatis.builder.xml.XMLConfigBuilder,org.pitest.mutationtest.engine.gregor.mutators.VoidMethodCallMutator,parseConfiguration,105,KILLED,org.apache.ibatis.submitted.extend.ExtendTest.org.apache.ibatis.submitted.extend.ExtendTest
XMLConfigBuilder.java,org.apache.ibatis.builder.xml.XMLConfigBuilder,org.pitest.mutationtest.engine.gregor.mutators.VoidMethodCallMutator,parseConfiguration,107,KILLED,org.apache.ibatis.submitted.extend.ExtendTest.org.apache.ibatis.submitted.extend.ExtendTest
XMLConfigBuilder.java,org.apache.ibatis.builder.xml.XMLConfigBuilder,org.pitest.mutationtest.engine.gregor.mutators.VoidMethodCallMutator,parseConfiguration,108,KILLED,org.apache.ibatis.submitted.extend.ExtendTest.org.apache.ibatis.submitted.extend.ExtendTest
XMLConfigBuilder.java,org.apache.ibatis.builder.xml.XMLConfigBuilder,org.pitest.mutationtest.engine.gregor.mutators.VoidMethodCallMutator,parseConfiguration,110,KILLED,org.apache.ibatis.submitted.extend.ExtendTest.org.apache.ibatis.submitted.extend.ExtendTest
XMLConfigBuilder.java,org.apache.ibatis.builder.xml.XMLConfigBuilder,org.pitest.mutationtest.engine.gregor.mutators.VoidMethodCallMutator,parseConfiguration,111,KILLED,org.apache.ibatis.submitted.extend.ExtendTest.org.apache.ibatis.submitted.extend.ExtendTest
XMLConfigBuilder.java,org.apache.ibatis.builder.xml.XMLConfigBuilder,org.pitest.mutationtest.engine.gregor.mutators.VoidMethodCallMutator,parseConfiguration,116,KILLED,org.apache.ibatis.submitted.extend.ExtendTest.org.apache.ibatis.submitted.extend.ExtendTest
XMLConfigBuilder.java,org.apache.ibatis.builder.xml.XMLConfigBuilder,org.pitest.mutationtest.engine.gregor.mutators.VoidMethodCallMutator,parseConfiguration,118,KILLED,org.apache.ibatis.submitted.extend.ExtendTest.org.apache.ibatis.submitted.extend.ExtendTest
XMLConfigBuilder.java,org.apache.ibatis.builder.xml.XMLConfigBuilder,org.pitest.mutationtest.engine.gregor.mutators.ArgumentPropagationMutator,pluginElement,180,NO_COVERAGE,none
XMLConfigBuilder.java,org.apache.ibatis.builder.xml.XMLConfigBuilder,org.pitest.mutationtest.engine.gregor.mutators.NegateConditionalsMutator,pluginElement,179,NO_COVERAGE,none
XMLConfigBuilder.java,org.apache.ibatis.builder.xml.XMLConfigBuilder,org.pitest.mutationtest.engine.gregor.mutators.NonVoidMethodCallMutator,pluginElement,179,NO_COVERAGE,none
XMLConfigBuilder.java,org.apache.ibatis.builder.xml.XMLConfigBuilder,org.pitest.mutationtest.engine.gregor.mutators.NonVoidMethodCallMutator,pluginElement,179,NO_COVERAGE,none
XMLConfigBuilder.java,org.apache.ibatis.builder.xml.XMLConfigBuilder,org.pitest.mutationtest.engine.gregor.mutators.NonVoidMethodCallMutator,pluginElement,179,NO_COVERAGE,none
XMLConfigBuilder.java,org.apache.ibatis.builder.xml.XMLConfigBuilder,org.pitest.mutationtest.engine.gregor.mutators.NonVoidMethodCallMutator,pluginElement,179,NO_COVERAGE,none
XMLConfigBuilder.java,org.apache.ibatis.builder.xml.XMLConfigBuilder,org.pitest.mutationtest.engine.gregor.mutators.NonVoidMethodCallMutator,pluginElement,180,NO_COVERAGE,none
XMLConfigBuilder.java,org.apache.ibatis.builder.xml.XMLConfigBuilder,org.pitest.mutationtest.engine.gregor.mutators.NonVoidMethodCallMutator,pluginElement,181,NO_COVERAGE,none
XMLConfigBuilder.java,org.apache.ibatis.builder.xml.XMLConfigBuilder,org.pitest.mutationtest.engine.gregor.mutators.NonVoidMethodCallMutator,pluginElement,182,NO_COVERAGE,none
XMLConfigBuilder.java,org.apache.ibatis.builder.xml.XMLConfigBuilder,org.pitest.mutationtest.engine.gregor.mutators.NonVoidMethodCallMutator,pluginElement,182,NO_COVERAGE,none
XMLConfigBuilder.java,org.apache.ibatis.builder.xml.XMLConfigBuilder,org.pitest.mutationtest.engine.gregor.mutators.RemoveConditionalMutator_EQUAL_ELSE,pluginElement,178,KILLED,org.apache.ibatis.submitted.extend.ExtendTest.org.apache.ibatis.submitted.extend.ExtendTest
XMLConfigBuilder.java,org.apache.ibatis.builder.xml.XMLConfigBuilder,org.pitest.mutationtest.engine.gregor.mutators.RemoveConditionalMutator_EQUAL_ELSE,pluginElement,179,NO_COVERAGE,none
XMLConfigBuilder.java,org.apache.ibatis.builder.xml.XMLConfigBuilder,org.pitest.mutationtest.engine.gregor.mutators.RemoveConditionalMutator_EQUAL_IF,pluginElement,179,NO_COVERAGE,none
XMLConfigBuilder.java,org.apache.ibatis.builder.xml.XMLConfigBuilder,org.pitest.mutationtest.engine.gregor.mutators.VoidMethodCallMutator,pluginElement,183,NO_COVERAGE,none
XMLConfigBuilder.java,org.apache.ibatis.builder.xml.XMLConfigBuilder,org.pitest.mutationtest.engine.gregor.mutators.VoidMethodCallMutator,pluginElement,184,NO_COVERAGE,none
XMLConfigBuilder.java,org.apache.ibatis.builder.xml.XMLConfigBuilder,org.pitest.mutationtest.engine.gregor.mutators.ArgumentPropagationMutator,propertiesElement,218,NO_COVERAGE,none
XMLConfigBuilder.java,org.apache.ibatis.builder.xml.XMLConfigBuilder,org.pitest.mutationtest.engine.gregor.mutators.ArgumentPropagationMutator,propertiesElement,219,NO_COVERAGE,none
XMLConfigBuilder.java,org.apache.ibatis.builder.xml.XMLConfigBuilder,org.pitest.mutationtest.engine.gregor.mutators.ConstructorCallMutator,propertiesElement,221,NO_COVERAGE,none
XMLConfigBuilder.java,org.apache.ibatis.builder.xml.XMLConfigBuilder,org.pitest.mutationtest.engine.gregor.mutators.NegateConditionalsMutator,propertiesElement,220,NO_COVERAGE,none
XMLConfigBuilder.java,org.apache.ibatis.builder.xml.XMLConfigBuilder,org.pitest.mutationtest.engine.gregor.mutators.NegateConditionalsMutator,propertiesElement,220,NO_COVERAGE,none
XMLConfigBuilder.java,org.apache.ibatis.builder.xml.XMLConfigBuilder,org.pitest.mutationtest.engine.gregor.mutators.NegateConditionalsMutator,propertiesElement,223,NO_COVERAGE,none
XMLConfigBuilder.java,org.apache.ibatis.builder.xml.XMLConfigBuilder,org.pitest.mutationtest.engine.gregor.mutators.NegateConditionalsMutator,propertiesElement,225,NO_COVERAGE,none
XMLConfigBuilder.java,org.apache.ibatis.builder.xml.XMLConfigBuilder,org.pitest.mutationtest.engine.gregor.mutators.NegateConditionalsMutator,propertiesElement,229,NO_COVERAGE,none
XMLConfigBuilder.java,org.apache.ibatis.builder.xml.XMLConfigBuilder,org.pitest.mutationtest.engine.gregor.mutators.NonVoidMethodCallMutator,propertiesElement,217,NO_COVERAGE,none
XMLConfigBuilder.java,org.apache.ibatis.builder.xml.XMLConfigBuilder,org.pitest.mutationtest.engine.gregor.mutators.NonVoidMethodCallMutator,propertiesElement,218,NO_COVERAGE,none
XMLConfigBuilder.java,org.apache.ibatis.builder.xml.XMLConfigBuilder,org.pitest.mutationtest.engine.gregor.mutators.NonVoidMethodCallMutator,propertiesElement,219,NO_COVERAGE,none
XMLConfigBuilder.java,org.apache.ibatis.builder.xml.XMLConfigBuilder,org.pitest.mutationtest.engine.gregor.mutators.NonVoidMethodCallMutator,propertiesElement,224,NO_COVERAGE,none
XMLConfigBuilder.java,org.apache.ibatis.builder.xml.XMLConfigBuilder,org.pitest.mutationtest.engine.gregor.mutators.NonVoidMethodCallMutator,propertiesElement,226,NO_COVERAGE,none
XMLConfigBuilder.java,org.apache.ibatis.builder.xml.XMLConfigBuilder,org.pitest.mutationtest.engine.gregor.mutators.NonVoidMethodCallMutator,propertiesElement,228,NO_COVERAGE,none
XMLConfigBuilder.java,org.apache.ibatis.builder.xml.XMLConfigBuilder,org.pitest.mutationtest.engine.gregor.mutators.RemoveConditionalMutator_EQUAL_ELSE,propertiesElement,220,NO_COVERAGE,none
XMLConfigBuilder.java,org.apache.ibatis.builder.xml.XMLConfigBuilder,org.pitest.mutationtest.engine.gregor.mutators.RemoveConditionalMutator_EQUAL_ELSE,propertiesElement,220,NO_COVERAGE,none
XMLConfigBuilder.java,org.apache.ibatis.builder.xml.XMLConfigBuilder,org.pitest.mutationtest.engine.gregor.mutators.RemoveConditionalMutator_EQUAL_ELSE,propertiesElement,223,NO_COVERAGE,none
XMLConfigBuilder.java,org.apache.ibatis.builder.xml.XMLConfigBuilder,org.pitest.mutationtest.engine.gregor.mutators.RemoveConditionalMutator_EQUAL_ELSE,propertiesElement,225,NO_COVERAGE,none
XMLConfigBuilder.java,org.apache.ibatis.builder.xml.XMLConfigBuilder,org.pitest.mutationtest.engine.gregor.mutators.RemoveConditionalMutator_EQUAL_ELSE,propertiesElement,229,NO_COVERAGE,none
XMLConfigBuilder.java,org.apache.ibatis.builder.xml.XMLConfigBuilder,org.pitest.mutationtest.engine.gregor.mutators.RemoveConditionalMutator_EQUAL_IF,propertiesElement,220,NO_COVERAGE,none
XMLConfigBuilder.java,org.apache.ibatis.builder.xml.XMLConfigBuilder,org.pitest.mutationtest.engine.gregor.mutators.RemoveConditionalMutator_EQUAL_IF,propertiesElement,220,NO_COVERAGE,none
XMLConfigBuilder.java,org.apache.ibatis.builder.xml.XMLConfigBuilder,org.pitest.mutationtest.engine.gregor.mutators.RemoveConditionalMutator_EQUAL_IF,propertiesElement,223,NO_COVERAGE,none
XMLConfigBuilder.java,org.apache.ibatis.builder.xml.XMLConfigBuilder,org.pitest.mutationtest.engine.gregor.mutators.RemoveConditionalMutator_EQUAL_IF,propertiesElement,225,NO_COVERAGE,none
XMLConfigBuilder.java,org.apache.ibatis.builder.xml.XMLConfigBuilder,org.pitest.mutationtest.engine.gregor.mutators.RemoveConditionalMutator_EQUAL_IF,propertiesElement,229,NO_COVERAGE,none
XMLConfigBuilder.java,org.apache.ibatis.builder.xml.XMLConfigBuilder,org.pitest.mutationtest.engine.gregor.mutators.VoidMethodCallMutator,propertiesElement,224,NO_COVERAGE,none
XMLConfigBuilder.java,org.apache.ibatis.builder.xml.XMLConfigBuilder,org.pitest.mutationtest.engine.gregor.mutators.VoidMethodCallMutator,propertiesElement,226,NO_COVERAGE,none
XMLConfigBuilder.java,org.apache.ibatis.builder.xml.XMLConfigBuilder,org.pitest.mutationtest.engine.gregor.mutators.VoidMethodCallMutator,propertiesElement,230,NO_COVERAGE,none
XMLConfigBuilder.java,org.apache.ibatis.builder.xml.XMLConfigBuilder,org.pitest.mutationtest.engine.gregor.mutators.VoidMethodCallMutator,propertiesElement,232,NO_COVERAGE,none
XMLConfigBuilder.java,org.apache.ibatis.builder.xml.XMLConfigBuilder,org.pitest.mutationtest.engine.gregor.mutators.VoidMethodCallMutator,propertiesElement,233,NO_COVERAGE,none
XMLConfigBuilder.java,org.apache.ibatis.builder.xml.XMLConfigBuilder,org.pitest.mutationtest.engine.gregor.mutators.ArgumentPropagationMutator,reflectorFactoryElement,209,NO_COVERAGE,none
XMLConfigBuilder.java,org.apache.ibatis.builder.xml.XMLConfigBuilder,org.pitest.mutationtest.engine.gregor.mutators.NegateConditionalsMutator,reflectorFactoryElement,208,KILLED,org.apache.ibatis.submitted.extend.ExtendTest.org.apache.ibatis.submitted.extend.ExtendTest
XMLConfigBuilder.java,org.apache.ibatis.builder.xml.XMLConfigBuilder,org.pitest.mutationtest.engine.gregor.mutators.NonVoidMethodCallMutator,reflectorFactoryElement,209,NO_COVERAGE,none
XMLConfigBuilder.java,org.apache.ibatis.builder.xml.XMLConfigBuilder,org.pitest.mutationtest.engine.gregor.mutators.NonVoidMethodCallMutator,reflectorFactoryElement,210,NO_COVERAGE,none
XMLConfigBuilder.java,org.apache.ibatis.builder.xml.XMLConfigBuilder,org.pitest.mutationtest.engine.gregor.mutators.NonVoidMethodCallMutator,reflectorFactoryElement,210,NO_COVERAGE,none
XMLConfigBuilder.java,org.apache.ibatis.builder.xml.XMLConfigBuilder,org.pitest.mutationtest.engine.gregor.mutators.VoidMethodCallMutator,reflectorFactoryElement,211,NO_COVERAGE,none
XMLConfigBuilder.java,org.apache.ibatis.builder.xml.XMLConfigBuilder,org.pitest.mutationtest.engine.gregor.mutators.ConstructorCallMutator,settingsAsProperties,133,NO_COVERAGE,none
XMLConfigBuilder.java,org.apache.ibatis.builder.xml.XMLConfigBuilder,org.pitest.mutationtest.engine.gregor.mutators.ConstructorCallMutator,settingsAsProperties,133,NO_COVERAGE,none
XMLConfigBuilder.java,org.apache.ibatis.builder.xml.XMLConfigBuilder,org.pitest.mutationtest.engine.gregor.mutators.NegateConditionalsMutator,settingsAsProperties,125,KILLED,org.apache.ibatis.submitted.extend.ExtendTest.org.apache.ibatis.submitted.extend.ExtendTest
XMLConfigBuilder.java,org.apache.ibatis.builder.xml.XMLConfigBuilder,org.pitest.mutationtest.engine.gregor.mutators.NegateConditionalsMutator,settingsAsProperties,131,NO_COVERAGE,none
XMLConfigBuilder.java,org.apache.ibatis.builder.xml.XMLConfigBuilder,org.pitest.mutationtest.engine.gregor.mutators.NegateConditionalsMutator,settingsAsProperties,132,NO_COVERAGE,none
XMLConfigBuilder.java,org.apache.ibatis.builder.xml.XMLConfigBuilder,org.pitest.mutationtest.engine.gregor.mutators.NonVoidMethodCallMutator,settingsAsProperties,128,NO_COVERAGE,none
XMLConfigBuilder.java,org.apache.ibatis.builder.xml.XMLConfigBuilder,org.pitest.mutationtest.engine.gregor.mutators.NonVoidMethodCallMutator,settingsAsProperties,130,NO_COVERAGE,none
XMLConfigBuilder.java,org.apache.ibatis.builder.xml.XMLConfigBuilder,org.pitest.mutationtest.engine.gregor.mutators.NonVoidMethodCallMutator,settingsAsProperties,131,NO_COVERAGE,none
XMLConfigBuilder.java,org.apache.ibatis.builder.xml.XMLConfigBuilder,org.pitest.mutationtest.engine.gregor.mutators.NonVoidMethodCallMutator,settingsAsProperties,131,NO_COVERAGE,none
XMLConfigBuilder.java,org.apache.ibatis.builder.xml.XMLConfigBuilder,org.pitest.mutationtest.engine.gregor.mutators.NonVoidMethodCallMutator,settingsAsProperties,132,NO_COVERAGE,none
XMLConfigBuilder.java,org.apache.ibatis.builder.xml.XMLConfigBuilder,org.pitest.mutationtest.engine.gregor.mutators.NonVoidMethodCallMutator,settingsAsProperties,133,NO_COVERAGE,none
XMLConfigBuilder.java,org.apache.ibatis.builder.xml.XMLConfigBuilder,org.pitest.mutationtest.engine.gregor.mutators.NonVoidMethodCallMutator,settingsAsProperties,133,NO_COVERAGE,none
XMLConfigBuilder.java,org.apache.ibatis.builder.xml.XMLConfigBuilder,org.pitest.mutationtest.engine.gregor.mutators.NonVoidMethodCallMutator,settingsAsProperties,133,NO_COVERAGE,none
XMLConfigBuilder.java,org.apache.ibatis.builder.xml.XMLConfigBuilder,org.pitest.mutationtest.engine.gregor.mutators.NonVoidMethodCallMutator,settingsAsProperties,133,NO_COVERAGE,none
XMLConfigBuilder.java,org.apache.ibatis.builder.xml.XMLConfigBuilder,org.pitest.mutationtest.engine.gregor.mutators.RemoveConditionalMutator_EQUAL_ELSE,settingsAsProperties,125,KILLED,org.apache.ibatis.submitted.extend.ExtendTest.org.apache.ibatis.submitted.extend.ExtendTest
XMLConfigBuilder.java,org.apache.ibatis.builder.xml.XMLConfigBuilder,org.pitest.mutationtest.engine.gregor.mutators.RemoveConditionalMutator_EQUAL_ELSE,settingsAsProperties,132,NO_COVERAGE,none
XMLConfigBuilder.java,org.apache.ibatis.builder.xml.XMLConfigBuilder,org.pitest.mutationtest.engine.gregor.mutators.RemoveConditionalMutator_EQUAL_IF,settingsAsProperties,131,NO_COVERAGE,none
XMLConfigBuilder.java,org.apache.ibatis.builder.xml.XMLConfigBuilder,org.pitest.mutationtest.engine.gregor.mutators.RemoveConditionalMutator_EQUAL_IF,settingsAsProperties,132,NO_COVERAGE,none
XMLConfigBuilder.java,org.apache.ibatis.builder.xml.XMLConfigBuilder,org.pitest.mutationtest.engine.gregor.mutators.ReturnValsMutator,settingsAsProperties,136,NO_COVERAGE,none
XMLConfigBuilder.java,org.apache.ibatis.builder.xml.XMLConfigBuilder,org.pitest.mutationtest.engine.gregor.mutators.ArgumentPropagationMutator,settingsElement,242,KILLED,org.apache.ibatis.submitted.extend.ExtendTest.org.apache.ibatis.submitted.extend.ExtendTest
XMLConfigBuilder.java,org.apache.ibatis.builder.xml.XMLConfigBuilder,org.pitest.mutationtest.engine.gregor.mutators.ArgumentPropagationMutator,settingsElement,243,KILLED,org.apache.ibatis.submitted.extend.ExtendTest.org.apache.ibatis.submitted.extend.ExtendTest
XMLConfigBuilder.java,org.apache.ibatis.builder.xml.XMLConfigBuilder,org.pitest.mutationtest.engine.gregor.mutators.ArgumentPropagationMutator,settingsElement,248,KILLED,org.apache.ibatis.submitted.extend.ExtendTest.org.apache.ibatis.submitted.extend.ExtendTest
XMLConfigBuilder.java,org.apache.ibatis.builder.xml.XMLConfigBuilder,org.pitest.mutationtest.engine.gregor.mutators.ArgumentPropagationMutator,settingsElement,255,KILLED,org.apache.ibatis.submitted.extend.ExtendTest.org.apache.ibatis.submitted.extend.ExtendTest
XMLConfigBuilder.java,org.apache.ibatis.builder.xml.XMLConfigBuilder,org.pitest.mutationtest.engine.gregor.mutators.ArgumentPropagationMutator,settingsElement,255,KILLED,org.apache.ibatis.submitted.extend.ExtendTest.org.apache.ibatis.submitted.extend.ExtendTest
XMLConfigBuilder.java,org.apache.ibatis.builder.xml.XMLConfigBuilder,org.pitest.mutationtest.engine.gregor.mutators.ArgumentPropagationMutator,settingsElement,256,KILLED,org.apache.ibatis.submitted.extend.ExtendTest.org.apache.ibatis.submitted.extend.ExtendTest
XMLConfigBuilder.java,org.apache.ibatis.builder.xml.XMLConfigBuilder,org.pitest.mutationtest.engine.gregor.mutators.ArgumentPropagationMutator,settingsElement,258,KILLED,org.apache.ibatis.submitted.extend.ExtendTest.org.apache.ibatis.submitted.extend.ExtendTest
XMLConfigBuilder.java,org.apache.ibatis.builder.xml.XMLConfigBuilder,org.pitest.mutationtest.engine.gregor.mutators.ArgumentPropagationMutator,settingsElement,259,KILLED,org.apache.ibatis.submitted.extend.ExtendTest.org.apache.ibatis.submitted.extend.ExtendTest
XMLConfigBuilder.java,org.apache.ibatis.builder.xml.XMLConfigBuilder,org.pitest.mutationtest.engine.gregor.mutators.ArgumentPropagationMutator,settingsElement,260,KILLED,org.apache.ibatis.submitted.extend.ExtendTest.org.apache.ibatis.submitted.extend.ExtendTest
XMLConfigBuilder.java,org.apache.ibatis.builder.xml.XMLConfigBuilder,org.pitest.mutationtest.engine.gregor.mutators.ArgumentPropagationMutator,settingsElement,264,KILLED,org.apache.ibatis.submitted.extend.ExtendTest.org.apache.ibatis.submitted.extend.ExtendTest
XMLConfigBuilder.java,org.apache.ibatis.builder.xml.XMLConfigBuilder,org.pitest.mutationtest.engine.gregor.mutators.InlineConstantMutator,settingsElement,245,KILLED,org.apache.ibatis.submitted.extend.ExtendTest.org.apache.ibatis.submitted.extend.ExtendTest
XMLConfigBuilder.java,org.apache.ibatis.builder.xml.XMLConfigBuilder,org.pitest.mutationtest.engine.gregor.mutators.InlineConstantMutator,settingsElement,246,KILLED,org.apache.ibatis.submitted.extend.ExtendTest.org.apache.ibatis.submitted.extend.ExtendTest
XMLConfigBuilder.java,org.apache.ibatis.builder.xml.XMLConfigBuilder,org.pitest.mutationtest.engine.gregor.mutators.InlineConstantMutator,settingsElement,255,KILLED,org.apache.ibatis.submitted.extend.ExtendTest.org.apache.ibatis.submitted.extend.ExtendTest
XMLConfigBuilder.java,org.apache.ibatis.builder.xml.XMLConfigBuilder,org.pitest.mutationtest.engine.gregor.mutators.InlineConstantMutator,settingsElement,258,KILLED,org.apache.ibatis.submitted.extend.ExtendTest.org.apache.ibatis.submitted.extend.ExtendTest
XMLConfigBuilder.java,org.apache.ibatis.builder.xml.XMLConfigBuilder,org.pitest.mutationtest.engine.gregor.mutators.NonVoidMethodCallMutator,settingsElement,238,KILLED,org.apache.ibatis.submitted.extend.ExtendTest.org.apache.ibatis.submitted.extend.ExtendTest
XMLConfigBuilder.java,org.apache.ibatis.builder.xml.XMLConfigBuilder,org.pitest.mutationtest.engine.gregor.mutators.NonVoidMethodCallMutator,settingsElement,239,KILLED,org.apache.ibatis.submitted.extend.ExtendTest.org.apache.ibatis.submitted.extend.ExtendTest
XMLConfigBuilder.java,org.apache.ibatis.builder.xml.XMLConfigBuilder,org.pitest.mutationtest.engine.gregor.mutators.NonVoidMethodCallMutator,settingsElement,240,KILLED,org.apache.ibatis.submitted.extend.ExtendTest.org.apache.ibatis.submitted.extend.ExtendTest
XMLConfigBuilder.java,org.apache.ibatis.builder.xml.XMLConfigBuilder,org.pitest.mutationtest.engine.gregor.mutators.NonVoidMethodCallMutator,settingsElement,240,KILLED,org.apache.ibatis.submitted.extend.ExtendTest.org.apache.ibatis.submitted.extend.ExtendTest
XMLConfigBuilder.java,org.apache.ibatis.builder.xml.XMLConfigBuilder,org.pitest.mutationtest.engine.gregor.mutators.NonVoidMethodCallMutator,settingsElement,240,KILLED,org.apache.ibatis.submitted.extend.ExtendTest.org.apache.ibatis.submitted.extend.ExtendTest
XMLConfigBuilder.java,org.apache.ibatis.builder.xml.XMLConfigBuilder,org.pitest.mutationtest.engine.gregor.mutators.NonVoidMethodCallMutator,settingsElement,243,KILLED,org.apache.ibatis.submitted.extend.ExtendTest.org.apache.ibatis.submitted.extend.ExtendTest
XMLConfigBuilder.java,org.apache.ibatis.builder.xml.XMLConfigBuilder,org.pitest.mutationtest.engine.gregor.mutators.NonVoidMethodCallMutator,settingsElement,243,KILLED,org.apache.ibatis.submitted.extend.ExtendTest.org.apache.ibatis.submitted.extend.ExtendTest
XMLConfigBuilder.java,org.apache.ibatis.builder.xml.XMLConfigBuilder,org.pitest.mutationtest.engine.gregor.mutators.NonVoidMethodCallMutator,settingsElement,244,KILLED,org.apache.ibatis.submitted.extend.ExtendTest.org.apache.ibatis.submitted.extend.ExtendTest
XMLConfigBuilder.java,org.apache.ibatis.builder.xml.XMLConfigBuilder,org.pitest.mutationtest.engine.gregor.mutators.NonVoidMethodCallMutator,settingsElement,245,KILLED,org.apache.ibatis.submitted.extend.ExtendTest.org.apache.ibatis.submitted.extend.ExtendTest
XMLConfigBuilder.java,org.apache.ibatis.builder.xml.XMLConfigBuilder,org.pitest.mutationtest.engine.gregor.mutators.NonVoidMethodCallMutator,settingsElement,249,KILLED,org.apache.ibatis.submitted.extend.ExtendTest.org.apache.ibatis.submitted.extend.ExtendTest
XMLConfigBuilder.java,org.apache.ibatis.builder.xml.XMLConfigBuilder,org.pitest.mutationtest.engine.gregor.mutators.NonVoidMethodCallMutator,settingsElement,250,KILLED,org.apache.ibatis.submitted.extend.ExtendTest.org.apache.ibatis.submitted.extend.ExtendTest
XMLConfigBuilder.java,org.apache.ibatis.builder.xml.XMLConfigBuilder,org.pitest.mutationtest.engine.gregor.mutators.NonVoidMethodCallMutator,settingsElement,251,KILLED,org.apache.ibatis.submitted.extend.ExtendTest.org.apache.ibatis.submitted.extend.ExtendTest
XMLConfigBuilder.java,org.apache.ibatis.builder.xml.XMLConfigBuilder,org.pitest.mutationtest.engine.gregor.mutators.NonVoidMethodCallMutator,settingsElement,251,KILLED,org.apache.ibatis.submitted.extend.ExtendTest.org.apache.ibatis.submitted.extend.ExtendTest
XMLConfigBuilder.java,org.apache.ibatis.builder.xml.XMLConfigBuilder,org.pitest.mutationtest.engine.gregor.mutators.NonVoidMethodCallMutator,settingsElement,251,KILLED,org.apache.ibatis.submitted.extend.ExtendTest.org.apache.ibatis.submitted.extend.ExtendTest
XMLConfigBuilder.java,org.apache.ibatis.builder.xml.XMLConfigBuilder,org.pitest.mutationtest.engine.gregor.mutators.NonVoidMethodCallMutator,settingsElement,253,KILLED,org.apache.ibatis.submitted.extend.ExtendTest.org.apache.ibatis.submitted.extend.ExtendTest
XMLConfigBuilder.java,org.apache.ibatis.builder.xml.XMLConfigBuilder,org.pitest.mutationtest.engine.gregor.mutators.NonVoidMethodCallMutator,settingsElement,256,KILLED,org.apache.ibatis.submitted.extend.ExtendTest.org.apache.ibatis.submitted.extend.ExtendTest
XMLConfigBuilder.java,org.apache.ibatis.builder.xml.XMLConfigBuilder,org.pitest.mutationtest.engine.gregor.mutators.NonVoidMethodCallMutator,settingsElement,256,KILLED,org.apache.ibatis.submitted.extend.ExtendTest.org.apache.ibatis.submitted.extend.ExtendTest
XMLConfigBuilder.java,org.apache.ibatis.builder.xml.XMLConfigBuilder,org.pitest.mutationtest.engine.gregor.mutators.NonVoidMethodCallMutator,settingsElement,257,KILLED,org.apache.ibatis.submitted.extend.ExtendTest.org.apache.ibatis.submitted.extend.ExtendTest
XMLConfigBuilder.java,org.apache.ibatis.builder.xml.XMLConfigBuilder,org.pitest.mutationtest.engine.gregor.mutators.NonVoidMethodCallMutator,settingsElement,257,KILLED,org.apache.ibatis.submitted.extend.ExtendTest.org.apache.ibatis.submitted.extend.ExtendTest
XMLConfigBuilder.java,org.apache.ibatis.builder.xml.XMLConfigBuilder,org.pitest.mutationtest.engine.gregor.mutators.NonVoidMethodCallMutator,settingsElement,257,KILLED,org.apache.ibatis.submitted.extend.ExtendTest.org.apache.ibatis.submitted.extend.ExtendTest
XMLConfigBuilder.java,org.apache.ibatis.builder.xml.XMLConfigBuilder,org.pitest.mutationtest.engine.gregor.mutators.NonVoidMethodCallMutator,settingsElement,258,KILLED,org.apache.ibatis.submitted.extend.ExtendTest.org.apache.ibatis.submitted.extend.ExtendTest
XMLConfigBuilder.java,org.apache.ibatis.builder.xml.XMLConfigBuilder,org.pitest.mutationtest.engine.gregor.mutators.NonVoidMethodCallMutator,settingsElement,259,KILLED,org.apache.ibatis.submitted.extend.ExtendTest.org.apache.ibatis.submitted.extend.ExtendTest
XMLConfigBuilder.java,org.apache.ibatis.builder.xml.XMLConfigBuilder,org.pitest.mutationtest.engine.gregor.mutators.NonVoidMethodCallMutator,settingsElement,259,KILLED,org.apache.ibatis.submitted.extend.ExtendTest.org.apache.ibatis.submitted.extend.ExtendTest
XMLConfigBuilder.java,org.apache.ibatis.builder.xml.XMLConfigBuilder,org.pitest.mutationtest.engine.gregor.mutators.NonVoidMethodCallMutator,settingsElement,262,KILLED,org.apache.ibatis.submitted.extend.ExtendTest.org.apache.ibatis.submitted.extend.ExtendTest
XMLConfigBuilder.java,org.apache.ibatis.builder.xml.XMLConfigBuilder,org.pitest.mutationtest.engine.gregor.mutators.NonVoidMethodCallMutator,settingsElement,264,KILLED,org.apache.ibatis.submitted.extend.ExtendTest.org.apache.ibatis.submitted.extend.ExtendTest
XMLConfigBuilder.java,org.apache.ibatis.builder.xml.XMLConfigBuilder,org.pitest.mutationtest.engine.gregor.mutators.NonVoidMethodCallMutator,settingsElement,264,KILLED,org.apache.ibatis.submitted.extend.ExtendTest.org.apache.ibatis.submitted.extend.ExtendTest
XMLConfigBuilder.java,org.apache.ibatis.builder.xml.XMLConfigBuilder,org.pitest.mutationtest.engine.gregor.mutators.VoidMethodCallMutator,settingsElement,240,KILLED,org.apache.ibatis.submitted.extend.ExtendTest.org.apache.ibatis.submitted.extend.ExtendTest
XMLConfigBuilder.java,org.apache.ibatis.builder.xml.XMLConfigBuilder,org.pitest.mutationtest.engine.gregor.mutators.VoidMethodCallMutator,settingsElement,242,KILLED,org.apache.ibatis.submitted.extend.ExtendTest.org.apache.ibatis.submitted.extend.ExtendTest
XMLConfigBuilder.java,org.apache.ibatis.builder.xml.XMLConfigBuilder,org.pitest.mutationtest.engine.gregor.mutators.VoidMethodCallMutator,settingsElement,247,KILLED,org.apache.ibatis.submitted.extend.ExtendTest.org.apache.ibatis.submitted.extend.ExtendTest
XMLConfigBuilder.java,org.apache.ibatis.builder.xml.XMLConfigBuilder,org.pitest.mutationtest.engine.gregor.mutators.VoidMethodCallMutator,settingsElement,249,KILLED,org.apache.ibatis.submitted.extend.ExtendTest.org.apache.ibatis.submitted.extend.ExtendTest
XMLConfigBuilder.java,org.apache.ibatis.builder.xml.XMLConfigBuilder,org.pitest.mutationtest.engine.gregor.mutators.VoidMethodCallMutator,settingsElement,250,KILLED,org.apache.ibatis.submitted.extend.ExtendTest.org.apache.ibatis.submitted.extend.ExtendTest
XMLConfigBuilder.java,org.apache.ibatis.builder.xml.XMLConfigBuilder,org.pitest.mutationtest.engine.gregor.mutators.VoidMethodCallMutator,settingsElement,252,KILLED,org.apache.ibatis.submitted.extend.ExtendTest.org.apache.ibatis.submitted.extend.ExtendTest
XMLConfigBuilder.java,org.apache.ibatis.builder.xml.XMLConfigBuilder,org.pitest.mutationtest.engine.gregor.mutators.VoidMethodCallMutator,settingsElement,253,KILLED,org.apache.ibatis.submitted.extend.ExtendTest.org.apache.ibatis.submitted.extend.ExtendTest
XMLConfigBuilder.java,org.apache.ibatis.builder.xml.XMLConfigBuilder,org.pitest.mutationtest.engine.gregor.mutators.VoidMethodCallMutator,settingsElement,254,KILLED,org.apache.ibatis.submitted.extend.ExtendTest.org.apache.ibatis.submitted.extend.ExtendTest
XMLConfigBuilder.java,org.apache.ibatis.builder.xml.XMLConfigBuilder,org.pitest.mutationtest.engine.gregor.mutators.VoidMethodCallMutator,settingsElement,255,KILLED,org.apache.ibatis.submitted.extend.ExtendTest.org.apache.ibatis.submitted.extend.ExtendTest
XMLConfigBuilder.java,org.apache.ibatis.builder.xml.XMLConfigBuilder,org.pitest.mutationtest.engine.gregor.mutators.VoidMethodCallMutator,settingsElement,256,KILLED,org.apache.ibatis.submitted.extend.ExtendTest.org.apache.ibatis.submitted.extend.ExtendTest
XMLConfigBuilder.java,org.apache.ibatis.builder.xml.XMLConfigBuilder,org.pitest.mutationtest.engine.gregor.mutators.ArgumentPropagationMutator,transactionManagerElement,308,KILLED,org.apache.ibatis.submitted.extend.ExtendTest.org.apache.ibatis.submitted.extend.ExtendTest
XMLConfigBuilder.java,org.apache.ibatis.builder.xml.XMLConfigBuilder,org.pitest.mutationtest.engine.gregor.mutators.ConstructorCallMutator,transactionManagerElement,314,NO_COVERAGE,none
XMLConfigBuilder.java,org.apache.ibatis.builder.xml.XMLConfigBuilder,org.pitest.mutationtest.engine.gregor.mutators.NegateConditionalsMutator,transactionManagerElement,307,KILLED,org.apache.ibatis.submitted.extend.ExtendTest.org.apache.ibatis.submitted.extend.ExtendTest
XMLConfigBuilder.java,org.apache.ibatis.builder.xml.XMLConfigBuilder,org.pitest.mutationtest.engine.gregor.mutators.NonVoidMethodCallMutator,transactionManagerElement,308,KILLED,org.apache.ibatis.submitted.extend.ExtendTest.org.apache.ibatis.submitted.extend.ExtendTest
XMLConfigBuilder.java,org.apache.ibatis.builder.xml.XMLConfigBuilder,org.pitest.mutationtest.engine.gregor.mutators.ReturnValsMutator,transactionManagerElement,312,KILLED,org.apache.ibatis.submitted.extend.ExtendTest.org.apache.ibatis.submitted.extend.ExtendTest
XMLConfigBuilder.java,org.apache.ibatis.builder.xml.XMLConfigBuilder,org.pitest.mutationtest.engine.gregor.mutators.ArgumentPropagationMutator,typeAliasesElement,157,NO_COVERAGE,none
XMLConfigBuilder.java,org.apache.ibatis.builder.xml.XMLConfigBuilder,org.pitest.mutationtest.engine.gregor.mutators.ConstructorCallMutator,typeAliasesElement,170,NO_COVERAGE,none
XMLConfigBuilder.java,org.apache.ibatis.builder.xml.XMLConfigBuilder,org.pitest.mutationtest.engine.gregor.mutators.ConstructorCallMutator,typeAliasesElement,170,NO_COVERAGE,none
XMLConfigBuilder.java,org.apache.ibatis.builder.xml.XMLConfigBuilder,org.pitest.mutationtest.engine.gregor.mutators.NegateConditionalsMutator,typeAliasesElement,154,KILLED,org.apache.ibatis.submitted.extend.ExtendTest.org.apache.ibatis.submitted.extend.ExtendTest
XMLConfigBuilder.java,org.apache.ibatis.builder.xml.XMLConfigBuilder,org.pitest.mutationtest.engine.gregor.mutators.NegateConditionalsMutator,typeAliasesElement,155,NO_COVERAGE,none
XMLConfigBuilder.java,org.apache.ibatis.builder.xml.XMLConfigBuilder,org.pitest.mutationtest.engine.gregor.mutators.NegateConditionalsMutator,typeAliasesElement,156,NO_COVERAGE,none
XMLConfigBuilder.java,org.apache.ibatis.builder.xml.XMLConfigBuilder,org.pitest.mutationtest.engine.gregor.mutators.NegateConditionalsMutator,typeAliasesElement,164,NO_COVERAGE,none
XMLConfigBuilder.java,org.apache.ibatis.builder.xml.XMLConfigBuilder,org.pitest.mutationtest.engine.gregor.mutators.NonVoidMethodCallMutator,typeAliasesElement,155,NO_COVERAGE,none
XMLConfigBuilder.java,org.apache.ibatis.builder.xml.XMLConfigBuilder,org.pitest.mutationtest.engine.gregor.mutators.NonVoidMethodCallMutator,typeAliasesElement,155,NO_COVERAGE,none
XMLConfigBuilder.java,org.apache.ibatis.builder.xml.XMLConfigBuilder,org.pitest.mutationtest.engine.gregor.mutators.NonVoidMethodCallMutator,typeAliasesElement,156,NO_COVERAGE,none
XMLConfigBuilder.java,org.apache.ibatis.builder.xml.XMLConfigBuilder,org.pitest.mutationtest.engine.gregor.mutators.NonVoidMethodCallMutator,typeAliasesElement,156,NO_COVERAGE,none
XMLConfigBuilder.java,org.apache.ibatis.builder.xml.XMLConfigBuilder,org.pitest.mutationtest.engine.gregor.mutators.NonVoidMethodCallMutator,typeAliasesElement,157,NO_COVERAGE,none
XMLConfigBuilder.java,org.apache.ibatis.builder.xml.XMLConfigBuilder,org.pitest.mutationtest.engine.gregor.mutators.NonVoidMethodCallMutator,typeAliasesElement,158,NO_COVERAGE,none
XMLConfigBuilder.java,org.apache.ibatis.builder.xml.XMLConfigBuilder,org.pitest.mutationtest.engine.gregor.mutators.NonVoidMethodCallMutator,typeAliasesElement,160,NO_COVERAGE,none
XMLConfigBuilder.java,org.apache.ibatis.builder.xml.XMLConfigBuilder,org.pitest.mutationtest.engine.gregor.mutators.NonVoidMethodCallMutator,typeAliasesElement,170,NO_COVERAGE,none
XMLConfigBuilder.java,org.apache.ibatis.builder.xml.XMLConfigBuilder,org.pitest.mutationtest.engine.gregor.mutators.NonVoidMethodCallMutator,typeAliasesElement,170,NO_COVERAGE,none
XMLConfigBuilder.java,org.apache.ibatis.builder.xml.XMLConfigBuilder,org.pitest.mutationtest.engine.gregor.mutators.NonVoidMethodCallMutator,typeAliasesElement,170,NO_COVERAGE,none
XMLConfigBuilder.java,org.apache.ibatis.builder.xml.XMLConfigBuilder,org.pitest.mutationtest.engine.gregor.mutators.NonVoidMethodCallMutator,typeAliasesElement,170,NO_COVERAGE,none
XMLConfigBuilder.java,org.apache.ibatis.builder.xml.XMLConfigBuilder,org.pitest.mutationtest.engine.gregor.mutators.NonVoidMethodCallMutator,typeAliasesElement,170,NO_COVERAGE,none
XMLConfigBuilder.java,org.apache.ibatis.builder.xml.XMLConfigBuilder,org.pitest.mutationtest.engine.gregor.mutators.RemoveConditionalMutator_EQUAL_IF,typeAliasesElement,164,NO_COVERAGE,none
XMLConfigBuilder.java,org.apache.ibatis.builder.xml.XMLConfigBuilder,org.pitest.mutationtest.engine.gregor.mutators.VoidMethodCallMutator,typeAliasesElement,158,NO_COVERAGE,none
XMLConfigBuilder.java,org.apache.ibatis.builder.xml.XMLConfigBuilder,org.pitest.mutationtest.engine.gregor.mutators.VoidMethodCallMutator,typeAliasesElement,165,NO_COVERAGE,none
XMLConfigBuilder.java,org.apache.ibatis.builder.xml.XMLConfigBuilder,org.pitest.mutationtest.engine.gregor.mutators.VoidMethodCallMutator,typeAliasesElement,167,NO_COVERAGE,none
XMLConfigBuilder.java,org.apache.ibatis.builder.xml.XMLConfigBuilder,org.pitest.mutationtest.engine.gregor.mutators.ArgumentPropagationMutator,typeHandlerElement,332,NO_COVERAGE,none
XMLConfigBuilder.java,org.apache.ibatis.builder.xml.XMLConfigBuilder,org.pitest.mutationtest.engine.gregor.mutators.ArgumentPropagationMutator,typeHandlerElement,335,NO_COVERAGE,none
XMLConfigBuilder.java,org.apache.ibatis.builder.xml.XMLConfigBuilder,org.pitest.mutationtest.engine.gregor.mutators.ArgumentPropagationMutator,typeHandlerElement,336,NO_COVERAGE,none
XMLConfigBuilder.java,org.apache.ibatis.builder.xml.XMLConfigBuilder,org.pitest.mutationtest.engine.gregor.mutators.ArgumentPropagationMutator,typeHandlerElement,337,NO_COVERAGE,none
XMLConfigBuilder.java,org.apache.ibatis.builder.xml.XMLConfigBuilder,org.pitest.mutationtest.engine.gregor.mutators.NegateConditionalsMutator,typeHandlerElement,329,KILLED,org.apache.ibatis.submitted.extend.ExtendTest.org.apache.ibatis.submitted.extend.ExtendTest
XMLConfigBuilder.java,org.apache.ibatis.builder.xml.XMLConfigBuilder,org.pitest.mutationtest.engine.gregor.mutators.NegateConditionalsMutator,typeHandlerElement,330,NO_COVERAGE,none
XMLConfigBuilder.java,org.apache.ibatis.builder.xml.XMLConfigBuilder,org.pitest.mutationtest.engine.gregor.mutators.NegateConditionalsMutator,typeHandlerElement,331,NO_COVERAGE,none
XMLConfigBuilder.java,org.apache.ibatis.builder.xml.XMLConfigBuilder,org.pitest.mutationtest.engine.gregor.mutators.NegateConditionalsMutator,typeHandlerElement,341,NO_COVERAGE,none
XMLConfigBuilder.java,org.apache.ibatis.builder.xml.XMLConfigBuilder,org.pitest.mutationtest.engine.gregor.mutators.NegateConditionalsMutator,typeHandlerElement,342,NO_COVERAGE,none
XMLConfigBuilder.java,org.apache.ibatis.builder.xml.XMLConfigBuilder,org.pitest.mutationtest.engine.gregor.mutators.NonVoidMethodCallMutator,typeHandlerElement,330,NO_COVERAGE,none
XMLConfigBuilder.java,org.apache.ibatis.builder.xml.XMLConfigBuilder,org.pitest.mutationtest.engine.gregor.mutators.NonVoidMethodCallMutator,typeHandlerElement,330,NO_COVERAGE,none
XMLConfigBuilder.java,org.apache.ibatis.builder.xml.XMLConfigBuilder,org.pitest.mutationtest.engine.gregor.mutators.NonVoidMethodCallMutator,typeHandlerElement,330,NO_COVERAGE,none
XMLConfigBuilder.java,org.apache.ibatis.builder.xml.XMLConfigBuilder,org.pitest.mutationtest.engine.gregor.mutators.NonVoidMethodCallMutator,typeHandlerElement,330,NO_COVERAGE,none
XMLConfigBuilder.java,org.apache.ibatis.builder.xml.XMLConfigBuilder,org.pitest.mutationtest.engine.gregor.mutators.NonVoidMethodCallMutator,typeHandlerElement,331,NO_COVERAGE,none
XMLConfigBuilder.java,org.apache.ibatis.builder.xml.XMLConfigBuilder,org.pitest.mutationtest.engine.gregor.mutators.NonVoidMethodCallMutator,typeHandlerElement,331,NO_COVERAGE,none
XMLConfigBuilder.java,org.apache.ibatis.builder.xml.XMLConfigBuilder,org.pitest.mutationtest.engine.gregor.mutators.NonVoidMethodCallMutator,typeHandlerElement,332,NO_COVERAGE,none
XMLConfigBuilder.java,org.apache.ibatis.builder.xml.XMLConfigBuilder,org.pitest.mutationtest.engine.gregor.mutators.NonVoidMethodCallMutator,typeHandlerElement,335,NO_COVERAGE,none
XMLConfigBuilder.java,org.apache.ibatis.builder.xml.XMLConfigBuilder,org.pitest.mutationtest.engine.gregor.mutators.NonVoidMethodCallMutator,typeHandlerElement,336,NO_COVERAGE,none
XMLConfigBuilder.java,org.apache.ibatis.builder.xml.XMLConfigBuilder,org.pitest.mutationtest.engine.gregor.mutators.NonVoidMethodCallMutator,typeHandlerElement,337,NO_COVERAGE,none
XMLConfigBuilder.java,org.apache.ibatis.builder.xml.XMLConfigBuilder,org.pitest.mutationtest.engine.gregor.mutators.NonVoidMethodCallMutator,typeHandlerElement,338,NO_COVERAGE,none
XMLConfigBuilder.java,org.apache.ibatis.builder.xml.XMLConfigBuilder,org.pitest.mutationtest.engine.gregor.mutators.NonVoidMethodCallMutator,typeHandlerElement,339,NO_COVERAGE,none
XMLConfigBuilder.java,org.apache.ibatis.builder.xml.XMLConfigBuilder,org.pitest.mutationtest.engine.gregor.mutators.NonVoidMethodCallMutator,typeHandlerElement,340,NO_COVERAGE,none
XMLConfigBuilder.java,org.apache.ibatis.builder.xml.XMLConfigBuilder,org.pitest.mutationtest.engine.gregor.mutators.RemoveConditionalMutator_EQUAL_ELSE,typeHandlerElement,330,NO_COVERAGE,none
XMLConfigBuilder.java,org.apache.ibatis.builder.xml.XMLConfigBuilder,org.pitest.mutationtest.engine.gregor.mutators.RemoveConditionalMutator_EQUAL_ELSE,typeHandlerElement,331,NO_COVERAGE,none
XMLConfigBuilder.java,org.apache.ibatis.builder.xml.XMLConfigBuilder,org.pitest.mutationtest.engine.gregor.mutators.RemoveConditionalMutator_EQUAL_ELSE,typeHandlerElement,341,NO_COVERAGE,none
XMLConfigBuilder.java,org.apache.ibatis.builder.xml.XMLConfigBuilder,org.pitest.mutationtest.engine.gregor.mutators.RemoveConditionalMutator_EQUAL_ELSE,typeHandlerElement,342,NO_COVERAGE,none
XMLConfigBuilder.java,org.apache.ibatis.builder.xml.XMLConfigBuilder,org.pitest.mutationtest.engine.gregor.mutators.RemoveConditionalMutator_EQUAL_IF,typeHandlerElement,330,NO_COVERAGE,none
XMLConfigBuilder.java,org.apache.ibatis.builder.xml.XMLConfigBuilder,org.pitest.mutationtest.engine.gregor.mutators.RemoveConditionalMutator_EQUAL_IF,typeHandlerElement,331,NO_COVERAGE,none
XMLConfigBuilder.java,org.apache.ibatis.builder.xml.XMLConfigBuilder,org.pitest.mutationtest.engine.gregor.mutators.RemoveConditionalMutator_EQUAL_IF,typeHandlerElement,341,NO_COVERAGE,none
XMLConfigBuilder.java,org.apache.ibatis.builder.xml.XMLConfigBuilder,org.pitest.mutationtest.engine.gregor.mutators.RemoveConditionalMutator_EQUAL_IF,typeHandlerElement,342,NO_COVERAGE,none
XMLConfigBuilder.java,org.apache.ibatis.builder.xml.XMLConfigBuilder,org.pitest.mutationtest.engine.gregor.mutators.VoidMethodCallMutator,typeHandlerElement,333,NO_COVERAGE,none
XMLConfigBuilder.java,org.apache.ibatis.builder.xml.XMLConfigBuilder,org.pitest.mutationtest.engine.gregor.mutators.VoidMethodCallMutator,typeHandlerElement,343,NO_COVERAGE,none
XMLConfigBuilder.java,org.apache.ibatis.builder.xml.XMLConfigBuilder,org.pitest.mutationtest.engine.gregor.mutators.VoidMethodCallMutator,typeHandlerElement,345,NO_COVERAGE,none
XMLConfigBuilder.java,org.apache.ibatis.builder.xml.XMLConfigBuilder,org.pitest.mutationtest.engine.gregor.mutators.VoidMethodCallMutator,typeHandlerElement,348,NO_COVERAGE,none
MapperBuilderAssistant.java,org.apache.ibatis.builder.MapperBuilderAssistant,org.pitest.mutationtest.engine.gregor.mutators.NonVoidMethodCallMutator,<init>,64,KILLED,org.apache.ibatis.submitted.extend.ExtendTest.org.apache.ibatis.submitted.extend.ExtendTest
MapperBuilderAssistant.java,org.apache.ibatis.builder.MapperBuilderAssistant,org.pitest.mutationtest.engine.gregor.mutators.NonVoidMethodCallMutator,<init>,64,KILLED,org.apache.ibatis.submitted.extend.ExtendTest.org.apache.ibatis.submitted.extend.ExtendTest
MapperBuilderAssistant.java,org.apache.ibatis.builder.MapperBuilderAssistant,org.pitest.mutationtest.engine.gregor.mutators.NonVoidMethodCallMutator,addMappedStatement,508,NO_COVERAGE,none
MapperBuilderAssistant.java,org.apache.ibatis.builder.MapperBuilderAssistant,org.pitest.mutationtest.engine.gregor.mutators.ReturnValsMutator,addMappedStatement,508,NO_COVERAGE,none
MapperBuilderAssistant.java,org.apache.ibatis.builder.MapperBuilderAssistant,org.pitest.mutationtest.engine.gregor.mutators.ArgumentPropagationMutator,addMappedStatement,292,KILLED,org.apache.ibatis.submitted.extend.ExtendTest.org.apache.ibatis.submitted.extend.ExtendTest
MapperBuilderAssistant.java,org.apache.ibatis.builder.MapperBuilderAssistant,org.pitest.mutationtest.engine.gregor.mutators.ConstructorCallMutator,addMappedStatement,272,NO_COVERAGE,none
MapperBuilderAssistant.java,org.apache.ibatis.builder.MapperBuilderAssistant,org.pitest.mutationtest.engine.gregor.mutators.ConstructorCallMutator,addMappedStatement,278,KILLED,org.apache.ibatis.submitted.extend.ExtendTest.org.apache.ibatis.submitted.extend.ExtendTest
MapperBuilderAssistant.java,org.apache.ibatis.builder.MapperBuilderAssistant,org.pitest.mutationtest.engine.gregor.mutators.InlineConstantMutator,addMappedStatement,275,KILLED,org.apache.ibatis.submitted.extend.ExtendTest.org.apache.ibatis.submitted.extend.ExtendTest
MapperBuilderAssistant.java,org.apache.ibatis.builder.MapperBuilderAssistant,org.pitest.mutationtest.engine.gregor.mutators.InlineConstantMutator,addMappedStatement,292,KILLED,org.apache.ibatis.submitted.extend.ExtendTest.org.apache.ibatis.submitted.extend.ExtendTest
MapperBuilderAssistant.java,org.apache.ibatis.builder.MapperBuilderAssistant,org.pitest.mutationtest.engine.gregor.mutators.InlineConstantMutator,addMappedStatement,292,KILLED,org.apache.ibatis.submitted.extend.ExtendTest.org.apache.ibatis.submitted.extend.ExtendTest
MapperBuilderAssistant.java,org.apache.ibatis.builder.MapperBuilderAssistant,org.pitest.mutationtest.engine.gregor.mutators.NegateConditionalsMutator,addMappedStatement,276,KILLED,org.apache.ibatis.submitted.extend.ExtendTest.org.apache.ibatis.submitted.extend.ExtendTest
MapperBuilderAssistant.java,org.apache.ibatis.builder.MapperBuilderAssistant,org.pitest.mutationtest.engine.gregor.mutators.NegateConditionalsMutator,addMappedStatement,292,KILLED,org.apache.ibatis.submitted.extend.ExtendTest.org.apache.ibatis.submitted.extend.ExtendTest
MapperBuilderAssistant.java,org.apache.ibatis.builder.MapperBuilderAssistant,org.pitest.mutationtest.engine.gregor.mutators.NegateConditionalsMutator,addMappedStatement,297,KILLED,org.apache.ibatis.submitted.extend.ExtendTest.org.apache.ibatis.submitted.extend.ExtendTest
MapperBuilderAssistant.java,org.apache.ibatis.builder.MapperBuilderAssistant,org.pitest.mutationtest.engine.gregor.mutators.NonVoidMethodCallMutator,addMappedStatement,280,KILLED,org.apache.ibatis.submitted.extend.ExtendTest.org.apache.ibatis.submitted.extend.ExtendTest
MapperBuilderAssistant.java,org.apache.ibatis.builder.MapperBuilderAssistant,org.pitest.mutationtest.engine.gregor.mutators.NonVoidMethodCallMutator,addMappedStatement,288,KILLED,org.apache.ibatis.submitted.extend.ExtendTest.org.apache.ibatis.submitted.extend.ExtendTest
MapperBuilderAssistant.java,org.apache.ibatis.builder.MapperBuilderAssistant,org.pitest.mutationtest.engine.gregor.mutators.NonVoidMethodCallMutator,addMappedStatement,289,KILLED,org.apache.ibatis.submitted.extend.ExtendTest.org.apache.ibatis.submitted.extend.ExtendTest
MapperBuilderAssistant.java,org.apache.ibatis.builder.MapperBuilderAssistant,org.pitest.mutationtest.engine.gregor.mutators.NonVoidMethodCallMutator,addMappedStatement,292,KILLED,org.apache.ibatis.submitted.extend.ExtendTest.org.apache.ibatis.submitted.extend.ExtendTest
MapperBuilderAssistant.java,org.apache.ibatis.builder.MapperBuilderAssistant,org.pitest.mutationtest.engine.gregor.mutators.NonVoidMethodCallMutator,addMappedStatement,292,KILLED,org.apache.ibatis.submitted.extend.ExtendTest.org.apache.ibatis.submitted.extend.ExtendTest
MapperBuilderAssistant.java,org.apache.ibatis.builder.MapperBuilderAssistant,org.pitest.mutationtest.engine.gregor.mutators.NonVoidMethodCallMutator,addMappedStatement,292,KILLED,org.apache.ibatis.submitted.extend.ExtendTest.org.apache.ibatis.submitted.extend.ExtendTest
MapperBuilderAssistant.java,org.apache.ibatis.builder.MapperBuilderAssistant,org.pitest.mutationtest.engine.gregor.mutators.NonVoidMethodCallMutator,addMappedStatement,293,KILLED,org.apache.ibatis.submitted.extend.ExtendTest.org.apache.ibatis.submitted.extend.ExtendTest
MapperBuilderAssistant.java,org.apache.ibatis.builder.MapperBuilderAssistant,org.pitest.mutationtest.engine.gregor.mutators.NonVoidMethodCallMutator,addMappedStatement,293,KILLED,org.apache.ibatis.submitted.extend.ExtendTest.org.apache.ibatis.submitted.extend.ExtendTest
MapperBuilderAssistant.java,org.apache.ibatis.builder.MapperBuilderAssistant,org.pitest.mutationtest.engine.gregor.mutators.NonVoidMethodCallMutator,addMappedStatement,293,KILLED,org.apache.ibatis.submitted.extend.ExtendTest.org.apache.ibatis.submitted.extend.ExtendTest
MapperBuilderAssistant.java,org.apache.ibatis.builder.MapperBuilderAssistant,org.pitest.mutationtest.engine.gregor.mutators.RemoveConditionalMutator_EQUAL_ELSE,addMappedStatement,271,KILLED,org.apache.ibatis.submitted.extend.ExtendTest.org.apache.ibatis.submitted.extend.ExtendTest
MapperBuilderAssistant.java,org.apache.ibatis.builder.MapperBuilderAssistant,org.pitest.mutationtest.engine.gregor.mutators.RemoveConditionalMutator_EQUAL_ELSE,addMappedStatement,297,KILLED,org.apache.ibatis.submitted.extend.ExtendTest.org.apache.ibatis.submitted.extend.ExtendTest
MapperBuilderAssistant.java,org.apache.ibatis.builder.MapperBuilderAssistant,org.pitest.mutationtest.engine.gregor.mutators.RemoveConditionalMutator_EQUAL_IF,addMappedStatement,271,KILLED,org.apache.ibatis.submitted.extend.ExtendTest.org.apache.ibatis.submitted.extend.ExtendTest
MapperBuilderAssistant.java,org.apache.ibatis.builder.MapperBuilderAssistant,org.pitest.mutationtest.engine.gregor.mutators.ReturnValsMutator,addMappedStatement,303,KILLED,org.apache.ibatis.submitted.extend.ExtendTest.org.apache.ibatis.submitted.extend.ExtendTest
MapperBuilderAssistant.java,org.apache.ibatis.builder.MapperBuilderAssistant,org.pitest.mutationtest.engine.gregor.mutators.ArgumentPropagationMutator,addParameterMap,146,NO_COVERAGE,none
MapperBuilderAssistant.java,org.apache.ibatis.builder.MapperBuilderAssistant,org.pitest.mutationtest.engine.gregor.mutators.ConstructorCallMutator,addParameterMap,147,NO_COVERAGE,none
MapperBuilderAssistant.java,org.apache.ibatis.builder.MapperBuilderAssistant,org.pitest.mutationtest.engine.gregor.mutators.InlineConstantMutator,addParameterMap,146,NO_COVERAGE,none
MapperBuilderAssistant.java,org.apache.ibatis.builder.MapperBuilderAssistant,org.pitest.mutationtest.engine.gregor.mutators.NonVoidMethodCallMutator,addParameterMap,146,NO_COVERAGE,none
MapperBuilderAssistant.java,org.apache.ibatis.builder.MapperBuilderAssistant,org.pitest.mutationtest.engine.gregor.mutators.NonVoidMethodCallMutator,addParameterMap,147,NO_COVERAGE,none
MapperBuilderAssistant.java,org.apache.ibatis.builder.MapperBuilderAssistant,org.pitest.mutationtest.engine.gregor.mutators.ReturnValsMutator,addParameterMap,149,NO_COVERAGE,none
MapperBuilderAssistant.java,org.apache.ibatis.builder.MapperBuilderAssistant,org.pitest.mutationtest.engine.gregor.mutators.VoidMethodCallMutator,addParameterMap,148,NO_COVERAGE,none
MapperBuilderAssistant.java,org.apache.ibatis.builder.MapperBuilderAssistant,org.pitest.mutationtest.engine.gregor.mutators.ArgumentPropagationMutator,addResultMap,183,KILLED,org.apache.ibatis.submitted.extend.ExtendTest.org.apache.ibatis.submitted.extend.ExtendTest
MapperBuilderAssistant.java,org.apache.ibatis.builder.MapperBuilderAssistant,org.pitest.mutationtest.engine.gregor.mutators.ConstructorCallMutator,addResultMap,188,NO_COVERAGE,none
MapperBuilderAssistant.java,org.apache.ibatis.builder.MapperBuilderAssistant,org.pitest.mutationtest.engine.gregor.mutators.ConstructorCallMutator,addResultMap,188,NO_COVERAGE,none
MapperBuilderAssistant.java,org.apache.ibatis.builder.MapperBuilderAssistant,org.pitest.mutationtest.engine.gregor.mutators.ConstructorCallMutator,addResultMap,191,KILLED,org.apache.ibatis.submitted.extend.ExtendTest.org.apache.ibatis.submitted.extend.ExtendTest
MapperBuilderAssistant.java,org.apache.ibatis.builder.MapperBuilderAssistant,org.pitest.mutationtest.engine.gregor.mutators.InlineConstantMutator,addResultMap,184,KILLED,org.apache.ibatis.submitted.extend.ExtendTest.org.apache.ibatis.submitted.extend.ExtendTest
MapperBuilderAssistant.java,org.apache.ibatis.builder.MapperBuilderAssistant,org.pitest.mutationtest.engine.gregor.mutators.InlineConstantMutator,addResultMap,194,KILLED,org.apache.ibatis.submitted.extend.ExtendTest.org.apache.ibatis.submitted.extend.ExtendTest
MapperBuilderAssistant.java,org.apache.ibatis.builder.MapperBuilderAssistant,org.pitest.mutationtest.engine.gregor.mutators.InlineConstantMutator,addResultMap,197,NO_COVERAGE,none
MapperBuilderAssistant.java,org.apache.ibatis.builder.MapperBuilderAssistant,org.pitest.mutationtest.engine.gregor.mutators.NegateConditionalsMutator,addResultMap,187,KILLED,org.apache.ibatis.submitted.extend.ExtendTest.org.apache.ibatis.submitted.extend.ExtendTest
MapperBuilderAssistant.java,org.apache.ibatis.builder.MapperBuilderAssistant,org.pitest.mutationtest.engine.gregor.mutators.NegateConditionalsMutator,addResultMap,195,KILLED,org.apache.ibatis.submitted.extend.ExtendTest.org.apache.ibatis.submitted.extend.ExtendTest
MapperBuilderAssistant.java,org.apache.ibatis.builder.MapperBuilderAssistant,org.pitest.mutationtest.engine.gregor.mutators.NegateConditionalsMutator,addResultMap,196,KILLED,org.apache.ibatis.submitted.extend.ExtendTest.org.apache.ibatis.submitted.extend.ExtendTest
MapperBuilderAssistant.java,org.apache.ibatis.builder.MapperBuilderAssistant,org.pitest.mutationtest.engine.gregor.mutators.NegateConditionalsMutator,addResultMap,201,KILLED,org.apache.ibatis.submitted.extend.ExtendTest.org.apache.ibatis.submitted.extend.ExtendTest
MapperBuilderAssistant.java,org.apache.ibatis.builder.MapperBuilderAssistant,org.pitest.mutationtest.engine.gregor.mutators.NegateConditionalsMutator,addResultMap,203,NO_COVERAGE,none
MapperBuilderAssistant.java,org.apache.ibatis.builder.MapperBuilderAssistant,org.pitest.mutationtest.engine.gregor.mutators.NegateConditionalsMutator,addResultMap,204,NO_COVERAGE,none
MapperBuilderAssistant.java,org.apache.ibatis.builder.MapperBuilderAssistant,org.pitest.mutationtest.engine.gregor.mutators.NonVoidMethodCallMutator,addResultMap,183,KILLED,org.apache.ibatis.submitted.extend.ExtendTest.org.apache.ibatis.submitted.extend.ExtendTest
MapperBuilderAssistant.java,org.apache.ibatis.builder.MapperBuilderAssistant,org.pitest.mutationtest.engine.gregor.mutators.NonVoidMethodCallMutator,addResultMap,187,KILLED,org.apache.ibatis.submitted.extend.ExtendTest.org.apache.ibatis.submitted.extend.ExtendTest
MapperBuilderAssistant.java,org.apache.ibatis.builder.MapperBuilderAssistant,org.pitest.mutationtest.engine.gregor.mutators.NonVoidMethodCallMutator,addResultMap,188,NO_COVERAGE,none
MapperBuilderAssistant.java,org.apache.ibatis.builder.MapperBuilderAssistant,org.pitest.mutationtest.engine.gregor.mutators.NonVoidMethodCallMutator,addResultMap,188,NO_COVERAGE,none
MapperBuilderAssistant.java,org.apache.ibatis.builder.MapperBuilderAssistant,org.pitest.mutationtest.engine.gregor.mutators.NonVoidMethodCallMutator,addResultMap,188,NO_COVERAGE,none
MapperBuilderAssistant.java,org.apache.ibatis.builder.MapperBuilderAssistant,org.pitest.mutationtest.engine.gregor.mutators.NonVoidMethodCallMutator,addResultMap,188,NO_COVERAGE,none
MapperBuilderAssistant.java,org.apache.ibatis.builder.MapperBuilderAssistant,org.pitest.mutationtest.engine.gregor.mutators.NonVoidMethodCallMutator,addResultMap,190,KILLED,org.apache.ibatis.submitted.extend.ExtendTest.org.apache.ibatis.submitted.extend.ExtendTest
MapperBuilderAssistant.java,org.apache.ibatis.builder.MapperBuilderAssistant,org.pitest.mutationtest.engine.gregor.mutators.NonVoidMethodCallMutator,addResultMap,191,KILLED,org.apache.ibatis.submitted.extend.ExtendTest.org.apache.ibatis.submitted.extend.ExtendTest
MapperBuilderAssistant.java,org.apache.ibatis.builder.MapperBuilderAssistant,org.pitest.mutationtest.engine.gregor.mutators.NonVoidMethodCallMutator,addResultMap,192,KILLED,org.apache.ibatis.submitted.extend.ExtendTest.org.apache.ibatis.submitted.extend.ExtendTest
MapperBuilderAssistant.java,org.apache.ibatis.builder.MapperBuilderAssistant,org.pitest.mutationtest.engine.gregor.mutators.NonVoidMethodCallMutator,addResultMap,195,KILLED,org.apache.ibatis.submitted.extend.ExtendTest.org.apache.ibatis.submitted.extend.ExtendTest
MapperBuilderAssistant.java,org.apache.ibatis.builder.MapperBuilderAssistant,org.pitest.mutationtest.engine.gregor.mutators.NonVoidMethodCallMutator,addResultMap,195,KILLED,org.apache.ibatis.submitted.extend.ExtendTest.org.apache.ibatis.submitted.extend.ExtendTest
MapperBuilderAssistant.java,org.apache.ibatis.builder.MapperBuilderAssistant,org.pitest.mutationtest.engine.gregor.mutators.NonVoidMethodCallMutator,addResultMap,195,KILLED,org.apache.ibatis.submitted.extend.ExtendTest.org.apache.ibatis.submitted.extend.ExtendTest
MapperBuilderAssistant.java,org.apache.ibatis.builder.MapperBuilderAssistant,org.pitest.mutationtest.engine.gregor.mutators.NonVoidMethodCallMutator,addResultMap,196,KILLED,org.apache.ibatis.submitted.extend.ExtendTest.org.apache.ibatis.submitted.extend.ExtendTest
MapperBuilderAssistant.java,org.apache.ibatis.builder.MapperBuilderAssistant,org.pitest.mutationtest.engine.gregor.mutators.NonVoidMethodCallMutator,addResultMap,196,KILLED,org.apache.ibatis.submitted.extend.ExtendTest.org.apache.ibatis.submitted.extend.ExtendTest
MapperBuilderAssistant.java,org.apache.ibatis.builder.MapperBuilderAssistant,org.pitest.mutationtest.engine.gregor.mutators.NonVoidMethodCallMutator,addResultMap,202,NO_COVERAGE,none
MapperBuilderAssistant.java,org.apache.ibatis.builder.MapperBuilderAssistant,org.pitest.mutationtest.engine.gregor.mutators.NonVoidMethodCallMutator,addResultMap,203,NO_COVERAGE,none
MapperBuilderAssistant.java,org.apache.ibatis.builder.MapperBuilderAssistant,org.pitest.mutationtest.engine.gregor.mutators.NonVoidMethodCallMutator,addResultMap,204,NO_COVERAGE,none
MapperBuilderAssistant.java,org.apache.ibatis.builder.MapperBuilderAssistant,org.pitest.mutationtest.engine.gregor.mutators.NonVoidMethodCallMutator,addResultMap,204,NO_COVERAGE,none
MapperBuilderAssistant.java,org.apache.ibatis.builder.MapperBuilderAssistant,org.pitest.mutationtest.engine.gregor.mutators.NonVoidMethodCallMutator,addResultMap,204,NO_COVERAGE,none
MapperBuilderAssistant.java,org.apache.ibatis.builder.MapperBuilderAssistant,org.pitest.mutationtest.engine.gregor.mutators.NonVoidMethodCallMutator,addResultMap,209,KILLED,org.apache.ibatis.submitted.extend.ExtendTest.org.apache.ibatis.submitted.extend.ExtendTest
MapperBuilderAssistant.java,org.apache.ibatis.builder.MapperBuilderAssistant,org.pitest.mutationtest.engine.gregor.mutators.NonVoidMethodCallMutator,addResultMap,212,KILLED,org.apache.ibatis.submitted.extend.ExtendTest.org.apache.ibatis.submitted.extend.ExtendTest
MapperBuilderAssistant.java,org.apache.ibatis.builder.MapperBuilderAssistant,org.pitest.mutationtest.engine.gregor.mutators.NonVoidMethodCallMutator,addResultMap,213,KILLED,org.apache.ibatis.submitted.extend.ExtendTest.org.apache.ibatis.submitted.extend.ExtendTest
MapperBuilderAssistant.java,org.apache.ibatis.builder.MapperBuilderAssistant,org.pitest.mutationtest.engine.gregor.mutators.RemoveConditionalMutator_EQUAL_ELSE,addResultMap,187,KILLED,org.apache.ibatis.submitted.extend.ExtendTest.org.apache.ibatis.submitted.extend.ExtendTest
MapperBuilderAssistant.java,org.apache.ibatis.builder.MapperBuilderAssistant,org.pitest.mutationtest.engine.gregor.mutators.RemoveConditionalMutator_EQUAL_ELSE,addResultMap,195,KILLED,org.apache.ibatis.submitted.extend.ExtendTest.org.apache.ibatis.submitted.extend.ExtendTest
MapperBuilderAssistant.java,org.apache.ibatis.builder.MapperBuilderAssistant,org.pitest.mutationtest.engine.gregor.mutators.RemoveConditionalMutator_EQUAL_ELSE,addResultMap,196,KILLED,org.apache.ibatis.submitted.extend.ExtendTest.org.apache.ibatis.submitted.extend.ExtendTest
MapperBuilderAssistant.java,org.apache.ibatis.builder.MapperBuilderAssistant,org.pitest.mutationtest.engine.gregor.mutators.RemoveConditionalMutator_EQUAL_ELSE,addResultMap,201,KILLED,org.apache.ibatis.submitted.extend.ExtendTest.org.apache.ibatis.submitted.extend.ExtendTest
MapperBuilderAssistant.java,org.apache.ibatis.builder.MapperBuilderAssistant,org.pitest.mutationtest.engine.gregor.mutators.RemoveConditionalMutator_EQUAL_ELSE,addResultMap,203,NO_COVERAGE,none
MapperBuilderAssistant.java,org.apache.ibatis.builder.MapperBuilderAssistant,org.pitest.mutationtest.engine.gregor.mutators.RemoveConditionalMutator_EQUAL_ELSE,addResultMap,204,NO_COVERAGE,none
MapperBuilderAssistant.java,org.apache.ibatis.builder.MapperBuilderAssistant,org.pitest.mutationtest.engine.gregor.mutators.RemoveConditionalMutator_EQUAL_IF,addResultMap,187,KILLED,org.apache.ibatis.submitted.extend.ExtendTest.org.apache.ibatis.submitted.extend.ExtendTest
MapperBuilderAssistant.java,org.apache.ibatis.builder.MapperBuilderAssistant,org.pitest.mutationtest.engine.gregor.mutators.RemoveConditionalMutator_EQUAL_IF,addResultMap,195,KILLED,org.apache.ibatis.submitted.extend.ExtendTest.org.apache.ibatis.submitted.extend.ExtendTest
MapperBuilderAssistant.java,org.apache.ibatis.builder.MapperBuilderAssistant,org.pitest.mutationtest.engine.gregor.mutators.RemoveConditionalMutator_EQUAL_IF,addResultMap,196,KILLED,org.apache.ibatis.submitted.extend.ExtendTest.org.apache.ibatis.submitted.extend.ExtendTest
MapperBuilderAssistant.java,org.apache.ibatis.builder.MapperBuilderAssistant,org.pitest.mutationtest.engine.gregor.mutators.RemoveConditionalMutator_EQUAL_IF,addResultMap,201,KILLED,org.apache.ibatis.submitted.extend.ExtendTest.org.apache.ibatis.submitted.extend.ExtendTest
MapperBuilderAssistant.java,org.apache.ibatis.builder.MapperBuilderAssistant,org.pitest.mutationtest.engine.gregor.mutators.RemoveConditionalMutator_EQUAL_IF,addResultMap,203,NO_COVERAGE,none
MapperBuilderAssistant.java,org.apache.ibatis.builder.MapperBuilderAssistant,org.pitest.mutationtest.engine.gregor.mutators.RemoveConditionalMutator_EQUAL_IF,addResultMap,204,NO_COVERAGE,none
MapperBuilderAssistant.java,org.apache.ibatis.builder.MapperBuilderAssistant,org.pitest.mutationtest.engine.gregor.mutators.VoidMethodCallMutator,addResultMap,205,NO_COVERAGE,none
MapperBuilderAssistant.java,org.apache.ibatis.builder.MapperBuilderAssistant,org.pitest.mutationtest.engine.gregor.mutators.ConstructorCallMutator,applyCurrentNamespace,96,KILLED,org.apache.ibatis.submitted.extend.ExtendTest.org.apache.ibatis.submitted.extend.ExtendTest
MapperBuilderAssistant.java,org.apache.ibatis.builder.MapperBuilderAssistant,org.pitest.mutationtest.engine.gregor.mutators.ConstructorCallMutator,applyCurrentNamespace,100,NO_COVERAGE,none
MapperBuilderAssistant.java,org.apache.ibatis.builder.MapperBuilderAssistant,org.pitest.mutationtest.engine.gregor.mutators.ConstructorCallMutator,applyCurrentNamespace,100,NO_COVERAGE,none
MapperBuilderAssistant.java,org.apache.ibatis.builder.MapperBuilderAssistant,org.pitest.mutationtest.engine.gregor.mutators.NegateConditionalsMutator,applyCurrentNamespace,86,KILLED,org.apache.ibatis.submitted.extend.ExtendTest.org.apache.ibatis.submitted.extend.ExtendTest
MapperBuilderAssistant.java,org.apache.ibatis.builder.MapperBuilderAssistant,org.pitest.mutationtest.engine.gregor.mutators.NegateConditionalsMutator,applyCurrentNamespace,89,KILLED,org.apache.ibatis.submitted.extend.ExtendTest.org.apache.ibatis.submitted.extend.ExtendTest
MapperBuilderAssistant.java,org.apache.ibatis.builder.MapperBuilderAssistant,org.pitest.mutationtest.engine.gregor.mutators.NonVoidMethodCallMutator,applyCurrentNamespace,96,KILLED,org.apache.ibatis.submitted.extend.ExtendTest.org.apache.ibatis.submitted.extend.ExtendTest
MapperBuilderAssistant.java,org.apache.ibatis.builder.MapperBuilderAssistant,org.pitest.mutationtest.engine.gregor.mutators.NonVoidMethodCallMutator,applyCurrentNamespace,100,NO_COVERAGE,none
MapperBuilderAssistant.java,org.apache.ibatis.builder.MapperBuilderAssistant,org.pitest.mutationtest.engine.gregor.mutators.NonVoidMethodCallMutator,applyCurrentNamespace,100,NO_COVERAGE,none
MapperBuilderAssistant.java,org.apache.ibatis.builder.MapperBuilderAssistant,org.pitest.mutationtest.engine.gregor.mutators.NonVoidMethodCallMutator,applyCurrentNamespace,100,NO_COVERAGE,none
MapperBuilderAssistant.java,org.apache.ibatis.builder.MapperBuilderAssistant,org.pitest.mutationtest.engine.gregor.mutators.NonVoidMethodCallMutator,applyCurrentNamespace,103,KILLED,org.apache.ibatis.submitted.extend.ExtendTest.org.apache.ibatis.submitted.extend.ExtendTest
MapperBuilderAssistant.java,org.apache.ibatis.builder.MapperBuilderAssistant,org.pitest.mutationtest.engine.gregor.mutators.NonVoidMethodCallMutator,applyCurrentNamespace,103,KILLED,org.apache.ibatis.submitted.extend.ExtendTest.org.apache.ibatis.submitted.extend.ExtendTest
MapperBuilderAssistant.java,org.apache.ibatis.builder.MapperBuilderAssistant,org.pitest.mutationtest.engine.gregor.mutators.RemoveConditionalMutator_EQUAL_ELSE,applyCurrentNamespace,86,KILLED,org.apache.ibatis.submitted.extend.ExtendTest.org.apache.ibatis.submitted.extend.ExtendTest
MapperBuilderAssistant.java,org.apache.ibatis.builder.MapperBuilderAssistant,org.pitest.mutationtest.engine.gregor.mutators.RemoveConditionalMutator_EQUAL_ELSE,applyCurrentNamespace,89,KILLED,org.apache.ibatis.submitted.extend.ExtendTest.org.apache.ibatis.submitted.extend.ExtendTest
MapperBuilderAssistant.java,org.apache.ibatis.builder.MapperBuilderAssistant,org.pitest.mutationtest.engine.gregor.mutators.RemoveConditionalMutator_EQUAL_IF,applyCurrentNamespace,89,KILLED,org.apache.ibatis.submitted.extend.ExtendTest.org.apache.ibatis.submitted.extend.ExtendTest
MapperBuilderAssistant.java,org.apache.ibatis.builder.MapperBuilderAssistant,org.pitest.mutationtest.engine.gregor.mutators.ReturnValsMutator,applyCurrentNamespace,87,KILLED,org.apache.ibatis.submitted.extend.ExtendTest.org.apache.ibatis.submitted.extend.ExtendTest
MapperBuilderAssistant.java,org.apache.ibatis.builder.MapperBuilderAssistant,org.pitest.mutationtest.engine.gregor.mutators.ReturnValsMutator,applyCurrentNamespace,92,NO_COVERAGE,none
MapperBuilderAssistant.java,org.apache.ibatis.builder.MapperBuilderAssistant,org.pitest.mutationtest.engine.gregor.mutators.ReturnValsMutator,applyCurrentNamespace,97,NO_COVERAGE,none
MapperBuilderAssistant.java,org.apache.ibatis.builder.MapperBuilderAssistant,org.pitest.mutationtest.engine.gregor.mutators.ReturnValsMutator,applyCurrentNamespace,103,KILLED,org.apache.ibatis.submitted.extend.ExtendTest.org.apache.ibatis.submitted.extend.ExtendTest
MapperBuilderAssistant.java,org.apache.ibatis.builder.MapperBuilderAssistant,org.pitest.mutationtest.engine.gregor.mutators.ArgumentPropagationMutator,buildDiscriminator,243,NO_COVERAGE,none
MapperBuilderAssistant.java,org.apache.ibatis.builder.MapperBuilderAssistant,org.pitest.mutationtest.engine.gregor.mutators.ArgumentPropagationMutator,buildDiscriminator,244,NO_COVERAGE,none
MapperBuilderAssistant.java,org.apache.ibatis.builder.MapperBuilderAssistant,org.pitest.mutationtest.engine.gregor.mutators.ConstructorCallMutator,buildDiscriminator,225,NO_COVERAGE,none
MapperBuilderAssistant.java,org.apache.ibatis.builder.MapperBuilderAssistant,org.pitest.mutationtest.engine.gregor.mutators.ConstructorCallMutator,buildDiscriminator,240,NO_COVERAGE,none
MapperBuilderAssistant.java,org.apache.ibatis.builder.MapperBuilderAssistant,org.pitest.mutationtest.engine.gregor.mutators.ConstructorCallMutator,buildDiscriminator,246,NO_COVERAGE,none
MapperBuilderAssistant.java,org.apache.ibatis.builder.MapperBuilderAssistant,org.pitest.mutationtest.engine.gregor.mutators.InlineConstantMutator,buildDiscriminator,225,NO_COVERAGE,none
MapperBuilderAssistant.java,org.apache.ibatis.builder.MapperBuilderAssistant,org.pitest.mutationtest.engine.gregor.mutators.InlineConstantMutator,buildDiscriminator,243,NO_COVERAGE,none
MapperBuilderAssistant.java,org.apache.ibatis.builder.MapperBuilderAssistant,org.pitest.mutationtest.engine.gregor.mutators.NegateConditionalsMutator,buildDiscriminator,241,NO_COVERAGE,none
MapperBuilderAssistant.java,org.apache.ibatis.builder.MapperBuilderAssistant,org.pitest.mutationtest.engine.gregor.mutators.NonVoidMethodCallMutator,buildDiscriminator,225,NO_COVERAGE,none
MapperBuilderAssistant.java,org.apache.ibatis.builder.MapperBuilderAssistant,org.pitest.mutationtest.engine.gregor.mutators.NonVoidMethodCallMutator,buildDiscriminator,241,NO_COVERAGE,none
MapperBuilderAssistant.java,org.apache.ibatis.builder.MapperBuilderAssistant,org.pitest.mutationtest.engine.gregor.mutators.NonVoidMethodCallMutator,buildDiscriminator,241,NO_COVERAGE,none
MapperBuilderAssistant.java,org.apache.ibatis.builder.MapperBuilderAssistant,org.pitest.mutationtest.engine.gregor.mutators.NonVoidMethodCallMutator,buildDiscriminator,241,NO_COVERAGE,none
MapperBuilderAssistant.java,org.apache.ibatis.builder.MapperBuilderAssistant,org.pitest.mutationtest.engine.gregor.mutators.NonVoidMethodCallMutator,buildDiscriminator,241,NO_COVERAGE,none
MapperBuilderAssistant.java,org.apache.ibatis.builder.MapperBuilderAssistant,org.pitest.mutationtest.engine.gregor.mutators.NonVoidMethodCallMutator,buildDiscriminator,242,NO_COVERAGE,none
MapperBuilderAssistant.java,org.apache.ibatis.builder.MapperBuilderAssistant,org.pitest.mutationtest.engine.gregor.mutators.NonVoidMethodCallMutator,buildDiscriminator,243,NO_COVERAGE,none
MapperBuilderAssistant.java,org.apache.ibatis.builder.MapperBuilderAssistant,org.pitest.mutationtest.engine.gregor.mutators.NonVoidMethodCallMutator,buildDiscriminator,244,NO_COVERAGE,none
MapperBuilderAssistant.java,org.apache.ibatis.builder.MapperBuilderAssistant,org.pitest.mutationtest.engine.gregor.mutators.NonVoidMethodCallMutator,buildDiscriminator,244,NO_COVERAGE,none
MapperBuilderAssistant.java,org.apache.ibatis.builder.MapperBuilderAssistant,org.pitest.mutationtest.engine.gregor.mutators.NonVoidMethodCallMutator,buildDiscriminator,246,NO_COVERAGE,none
MapperBuilderAssistant.java,org.apache.ibatis.builder.MapperBuilderAssistant,org.pitest.mutationtest.engine.gregor.mutators.RemoveConditionalMutator_EQUAL_ELSE,buildDiscriminator,241,NO_COVERAGE,none
MapperBuilderAssistant.java,org.apache.ibatis.builder.MapperBuilderAssistant,org.pitest.mutationtest.engine.gregor.mutators.RemoveConditionalMutator_EQUAL_IF,buildDiscriminator,241,NO_COVERAGE,none
MapperBuilderAssistant.java,org.apache.ibatis.builder.MapperBuilderAssistant,org.pitest.mutationtest.engine.gregor.mutators.ReturnValsMutator,buildDiscriminator,246,NO_COVERAGE,none
MapperBuilderAssistant.java,org.apache.ibatis.builder.MapperBuilderAssistant,org.pitest.mutationtest.engine.gregor.mutators.ArgumentPropagationMutator,buildParameterMapping,161,NO_COVERAGE,none
MapperBuilderAssistant.java,org.apache.ibatis.builder.MapperBuilderAssistant,org.pitest.mutationtest.engine.gregor.mutators.ArgumentPropagationMutator,buildParameterMapping,164,NO_COVERAGE,none
MapperBuilderAssistant.java,org.apache.ibatis.builder.MapperBuilderAssistant,org.pitest.mutationtest.engine.gregor.mutators.ConstructorCallMutator,buildParameterMapping,167,NO_COVERAGE,none
MapperBuilderAssistant.java,org.apache.ibatis.builder.MapperBuilderAssistant,org.pitest.mutationtest.engine.gregor.mutators.InlineConstantMutator,buildParameterMapping,161,NO_COVERAGE,none
MapperBuilderAssistant.java,org.apache.ibatis.builder.MapperBuilderAssistant,org.pitest.mutationtest.engine.gregor.mutators.NonVoidMethodCallMutator,buildParameterMapping,161,NO_COVERAGE,none
MapperBuilderAssistant.java,org.apache.ibatis.builder.MapperBuilderAssistant,org.pitest.mutationtest.engine.gregor.mutators.NonVoidMethodCallMutator,buildParameterMapping,164,NO_COVERAGE,none
MapperBuilderAssistant.java,org.apache.ibatis.builder.MapperBuilderAssistant,org.pitest.mutationtest.engine.gregor.mutators.NonVoidMethodCallMutator,buildParameterMapping,165,NO_COVERAGE,none
MapperBuilderAssistant.java,org.apache.ibatis.builder.MapperBuilderAssistant,org.pitest.mutationtest.engine.gregor.mutators.NonVoidMethodCallMutator,buildParameterMapping,168,NO_COVERAGE,none
MapperBuilderAssistant.java,org.apache.ibatis.builder.MapperBuilderAssistant,org.pitest.mutationtest.engine.gregor.mutators.NonVoidMethodCallMutator,buildParameterMapping,169,NO_COVERAGE,none
MapperBuilderAssistant.java,org.apache.ibatis.builder.MapperBuilderAssistant,org.pitest.mutationtest.engine.gregor.mutators.NonVoidMethodCallMutator,buildParameterMapping,170,NO_COVERAGE,none
MapperBuilderAssistant.java,org.apache.ibatis.builder.MapperBuilderAssistant,org.pitest.mutationtest.engine.gregor.mutators.NonVoidMethodCallMutator,buildParameterMapping,171,NO_COVERAGE,none
MapperBuilderAssistant.java,org.apache.ibatis.builder.MapperBuilderAssistant,org.pitest.mutationtest.engine.gregor.mutators.NonVoidMethodCallMutator,buildParameterMapping,172,NO_COVERAGE,none
MapperBuilderAssistant.java,org.apache.ibatis.builder.MapperBuilderAssistant,org.pitest.mutationtest.engine.gregor.mutators.NonVoidMethodCallMutator,buildParameterMapping,173,NO_COVERAGE,none
MapperBuilderAssistant.java,org.apache.ibatis.builder.MapperBuilderAssistant,org.pitest.mutationtest.engine.gregor.mutators.ReturnValsMutator,buildParameterMapping,167,NO_COVERAGE,none
MapperBuilderAssistant.java,org.apache.ibatis.builder.MapperBuilderAssistant,org.pitest.mutationtest.engine.gregor.mutators.NonVoidMethodCallMutator,buildResultMapping,475,NO_COVERAGE,none
MapperBuilderAssistant.java,org.apache.ibatis.builder.MapperBuilderAssistant,org.pitest.mutationtest.engine.gregor.mutators.NonVoidMethodCallMutator,buildResultMapping,473,NO_COVERAGE,none
MapperBuilderAssistant.java,org.apache.ibatis.builder.MapperBuilderAssistant,org.pitest.mutationtest.engine.gregor.mutators.ReturnValsMutator,buildResultMapping,473,NO_COVERAGE,none
MapperBuilderAssistant.java,org.apache.ibatis.builder.MapperBuilderAssistant,org.pitest.mutationtest.engine.gregor.mutators.ConditionalsBoundaryMutator,buildResultMapping,379,KILLED,org.apache.ibatis.submitted.extend.ExtendTest.org.apache.ibatis.submitted.extend.ExtendTest
MapperBuilderAssistant.java,org.apache.ibatis.builder.MapperBuilderAssistant,org.pitest.mutationtest.engine.gregor.mutators.ConstructorCallMutator,buildResultMapping,382,KILLED,org.apache.ibatis.submitted.extend.ExtendTest.org.apache.ibatis.submitted.extend.ExtendTest
MapperBuilderAssistant.java,org.apache.ibatis.builder.MapperBuilderAssistant,org.pitest.mutationtest.engine.gregor.mutators.InlineConstantMutator,buildResultMapping,383,KILLED,org.apache.ibatis.submitted.extend.ExtendTest.org.apache.ibatis.submitted.extend.ExtendTest
MapperBuilderAssistant.java,org.apache.ibatis.builder.MapperBuilderAssistant,org.pitest.mutationtest.engine.gregor.mutators.NonVoidMethodCallMutator,buildResultMapping,376,KILLED,org.apache.ibatis.submitted.extend.ExtendTest.org.apache.ibatis.submitted.extend.ExtendTest
MapperBuilderAssistant.java,org.apache.ibatis.builder.MapperBuilderAssistant,org.pitest.mutationtest.engine.gregor.mutators.NonVoidMethodCallMutator,buildResultMapping,377,KILLED,org.apache.ibatis.submitted.extend.ExtendTest.org.apache.ibatis.submitted.extend.ExtendTest
MapperBuilderAssistant.java,org.apache.ibatis.builder.MapperBuilderAssistant,org.pitest.mutationtest.engine.gregor.mutators.NonVoidMethodCallMutator,buildResultMapping,378,KILLED,org.apache.ibatis.submitted.extend.ExtendTest.org.apache.ibatis.submitted.extend.ExtendTest
MapperBuilderAssistant.java,org.apache.ibatis.builder.MapperBuilderAssistant,org.pitest.mutationtest.engine.gregor.mutators.NonVoidMethodCallMutator,buildResultMapping,379,KILLED,org.apache.ibatis.submitted.extend.ExtendTest.org.apache.ibatis.submitted.extend.ExtendTest
MapperBuilderAssistant.java,org.apache.ibatis.builder.MapperBuilderAssistant,org.pitest.mutationtest.engine.gregor.mutators.NonVoidMethodCallMutator,buildResultMapping,384,KILLED,org.apache.ibatis.submitted.extend.ExtendTest.org.apache.ibatis.submitted.extend.ExtendTest
MapperBuilderAssistant.java,org.apache.ibatis.builder.MapperBuilderAssistant,org.pitest.mutationtest.engine.gregor.mutators.NonVoidMethodCallMutator,buildResultMapping,387,KILLED,org.apache.ibatis.submitted.extend.ExtendTest.org.apache.ibatis.submitted.extend.ExtendTest
MapperBuilderAssistant.java,org.apache.ibatis.builder.MapperBuilderAssistant,org.pitest.mutationtest.engine.gregor.mutators.NonVoidMethodCallMutator,buildResultMapping,388,KILLED,org.apache.ibatis.submitted.extend.ExtendTest.org.apache.ibatis.submitted.extend.ExtendTest
MapperBuilderAssistant.java,org.apache.ibatis.builder.MapperBuilderAssistant,org.pitest.mutationtest.engine.gregor.mutators.RemoveConditionalMutator_EQUAL_ELSE,buildResultMapping,387,KILLED,org.apache.ibatis.submitted.extend.ExtendTest.org.apache.ibatis.submitted.extend.ExtendTest
MapperBuilderAssistant.java,org.apache.ibatis.builder.MapperBuilderAssistant,org.pitest.mutationtest.engine.gregor.mutators.NegateConditionalsMutator,getLanguageDriver,479,KILLED,org.apache.ibatis.submitted.extend.ExtendTest.org.apache.ibatis.submitted.extend.ExtendTest
MapperBuilderAssistant.java,org.apache.ibatis.builder.MapperBuilderAssistant,org.pitest.mutationtest.engine.gregor.mutators.NonVoidMethodCallMutator,getLanguageDriver,480,NO_COVERAGE,none
MapperBuilderAssistant.java,org.apache.ibatis.builder.MapperBuilderAssistant,org.pitest.mutationtest.engine.gregor.mutators.NonVoidMethodCallMutator,getLanguageDriver,482,KILLED,org.apache.ibatis.submitted.extend.ExtendTest.org.apache.ibatis.submitted.extend.ExtendTest
MapperBuilderAssistant.java,org.apache.ibatis.builder.MapperBuilderAssistant,org.pitest.mutationtest.engine.gregor.mutators.NonVoidMethodCallMutator,getLanguageDriver,484,KILLED,org.apache.ibatis.submitted.extend.ExtendTest.org.apache.ibatis.submitted.extend.ExtendTest
MapperBuilderAssistant.java,org.apache.ibatis.builder.MapperBuilderAssistant,org.pitest.mutationtest.engine.gregor.mutators.RemoveConditionalMutator_EQUAL_ELSE,getLanguageDriver,479,KILLED,org.apache.ibatis.submitted.extend.ExtendTest.org.apache.ibatis.submitted.extend.ExtendTest
MapperBuilderAssistant.java,org.apache.ibatis.builder.MapperBuilderAssistant,org.pitest.mutationtest.engine.gregor.mutators.RemoveConditionalMutator_EQUAL_IF,getLanguageDriver,479,KILLED,org.apache.ibatis.submitted.extend.ExtendTest.org.apache.ibatis.submitted.extend.ExtendTest
MapperBuilderAssistant.java,org.apache.ibatis.builder.MapperBuilderAssistant,org.pitest.mutationtest.engine.gregor.mutators.VoidMethodCallMutator,getLanguageDriver,480,NO_COVERAGE,none
MapperBuilderAssistant.java,org.apache.ibatis.builder.MapperBuilderAssistant,org.pitest.mutationtest.engine.gregor.mutators.ConstructorCallMutator,getStatementParameterMap,320,NO_COVERAGE,none
MapperBuilderAssistant.java,org.apache.ibatis.builder.MapperBuilderAssistant,org.pitest.mutationtest.engine.gregor.mutators.ConstructorCallMutator,getStatementParameterMap,320,NO_COVERAGE,none
MapperBuilderAssistant.java,org.apache.ibatis.builder.MapperBuilderAssistant,org.pitest.mutationtest.engine.gregor.mutators.ConstructorCallMutator,getStatementParameterMap,324,NO_COVERAGE,none
MapperBuilderAssistant.java,org.apache.ibatis.builder.MapperBuilderAssistant,org.pitest.mutationtest.engine.gregor.mutators.NonVoidMethodCallMutator,getStatementParameterMap,318,NO_COVERAGE,none
MapperBuilderAssistant.java,org.apache.ibatis.builder.MapperBuilderAssistant,org.pitest.mutationtest.engine.gregor.mutators.NonVoidMethodCallMutator,getStatementParameterMap,320,NO_COVERAGE,none
MapperBuilderAssistant.java,org.apache.ibatis.builder.MapperBuilderAssistant,org.pitest.mutationtest.engine.gregor.mutators.NonVoidMethodCallMutator,getStatementParameterMap,320,NO_COVERAGE,none
MapperBuilderAssistant.java,org.apache.ibatis.builder.MapperBuilderAssistant,org.pitest.mutationtest.engine.gregor.mutators.NonVoidMethodCallMutator,getStatementParameterMap,320,NO_COVERAGE,none
MapperBuilderAssistant.java,org.apache.ibatis.builder.MapperBuilderAssistant,org.pitest.mutationtest.engine.gregor.mutators.NonVoidMethodCallMutator,getStatementParameterMap,324,NO_COVERAGE,none
MapperBuilderAssistant.java,org.apache.ibatis.builder.MapperBuilderAssistant,org.pitest.mutationtest.engine.gregor.mutators.NonVoidMethodCallMutator,getStatementParameterMap,324,NO_COVERAGE,none
MapperBuilderAssistant.java,org.apache.ibatis.builder.MapperBuilderAssistant,org.pitest.mutationtest.engine.gregor.mutators.RemoveConditionalMutator_EQUAL_IF,getStatementParameterMap,322,KILLED,org.apache.ibatis.submitted.extend.ExtendTest.org.apache.ibatis.submitted.extend.ExtendTest
MapperBuilderAssistant.java,org.apache.ibatis.builder.MapperBuilderAssistant,org.pitest.mutationtest.engine.gregor.mutators.ReturnValsMutator,getStatementParameterMap,330,KILLED,org.apache.ibatis.submitted.extend.ExtendTest.org.apache.ibatis.submitted.extend.ExtendTest
MapperBuilderAssistant.java,org.apache.ibatis.builder.MapperBuilderAssistant,org.pitest.mutationtest.engine.gregor.mutators.ConstructorCallMutator,getStatementResultMaps,339,KILLED,org.apache.ibatis.submitted.extend.ExtendTest.org.apache.ibatis.submitted.extend.ExtendTest
MapperBuilderAssistant.java,org.apache.ibatis.builder.MapperBuilderAssistant,org.pitest.mutationtest.engine.gregor.mutators.ConstructorCallMutator,getStatementResultMaps,346,NO_COVERAGE,none
MapperBuilderAssistant.java,org.apache.ibatis.builder.MapperBuilderAssistant,org.pitest.mutationtest.engine.gregor.mutators.ConstructorCallMutator,getStatementResultMaps,346,NO_COVERAGE,none
MapperBuilderAssistant.java,org.apache.ibatis.builder.MapperBuilderAssistant,org.pitest.mutationtest.engine.gregor.mutators.ConstructorCallMutator,getStatementResultMaps,350,NO_COVERAGE,none
MapperBuilderAssistant.java,org.apache.ibatis.builder.MapperBuilderAssistant,org.pitest.mutationtest.engine.gregor.mutators.ConstructorCallMutator,getStatementResultMaps,350,NO_COVERAGE,none
MapperBuilderAssistant.java,org.apache.ibatis.builder.MapperBuilderAssistant,org.pitest.mutationtest.engine.gregor.mutators.ConstructorCallMutator,getStatementResultMaps,350,NO_COVERAGE,none
MapperBuilderAssistant.java,org.apache.ibatis.builder.MapperBuilderAssistant,org.pitest.mutationtest.engine.gregor.mutators.IncrementsMutator,getStatementResultMaps,342,KILLED,org.apache.ibatis.submitted.extend.ExtendTest.org.apache.ibatis.submitted.extend.ExtendTest
MapperBuilderAssistant.java,org.apache.ibatis.builder.MapperBuilderAssistant,org.pitest.mutationtest.engine.gregor.mutators.NegateConditionalsMutator,getStatementResultMaps,349,KILLED,org.apache.ibatis.submitted.extend.ExtendTest.org.apache.ibatis.submitted.extend.ExtendTest
MapperBuilderAssistant.java,org.apache.ibatis.builder.MapperBuilderAssistant,org.pitest.mutationtest.engine.gregor.mutators.NonVoidMethodCallMutator,getStatementResultMaps,344,KILLED,org.apache.ibatis.submitted.extend.ExtendTest.org.apache.ibatis.submitted.extend.ExtendTest
MapperBuilderAssistant.java,org.apache.ibatis.builder.MapperBuilderAssistant,org.pitest.mutationtest.engine.gregor.mutators.NonVoidMethodCallMutator,getStatementResultMaps,346,NO_COVERAGE,none
MapperBuilderAssistant.java,org.apache.ibatis.builder.MapperBuilderAssistant,org.pitest.mutationtest.engine.gregor.mutators.NonVoidMethodCallMutator,getStatementResultMaps,346,NO_COVERAGE,none
MapperBuilderAssistant.java,org.apache.ibatis.builder.MapperBuilderAssistant,org.pitest.mutationtest.engine.gregor.mutators.NonVoidMethodCallMutator,getStatementResultMaps,346,NO_COVERAGE,none
MapperBuilderAssistant.java,org.apache.ibatis.builder.MapperBuilderAssistant,org.pitest.mutationtest.engine.gregor.mutators.NonVoidMethodCallMutator,getStatementResultMaps,350,NO_COVERAGE,none
MapperBuilderAssistant.java,org.apache.ibatis.builder.MapperBuilderAssistant,org.pitest.mutationtest.engine.gregor.mutators.NonVoidMethodCallMutator,getStatementResultMaps,350,NO_COVERAGE,none
MapperBuilderAssistant.java,org.apache.ibatis.builder.MapperBuilderAssistant,org.pitest.mutationtest.engine.gregor.mutators.NonVoidMethodCallMutator,getStatementResultMaps,350,NO_COVERAGE,none
MapperBuilderAssistant.java,org.apache.ibatis.builder.MapperBuilderAssistant,org.pitest.mutationtest.engine.gregor.mutators.NonVoidMethodCallMutator,getStatementResultMaps,355,NO_COVERAGE,none
MapperBuilderAssistant.java,org.apache.ibatis.builder.MapperBuilderAssistant,org.pitest.mutationtest.engine.gregor.mutators.NonVoidMethodCallMutator,getStatementResultMaps,356,NO_COVERAGE,none
MapperBuilderAssistant.java,org.apache.ibatis.builder.MapperBuilderAssistant,org.pitest.mutationtest.engine.gregor.mutators.RemoveConditionalMutator_EQUAL_IF,getStatementResultMaps,340,KILLED,org.apache.ibatis.submitted.extend.ExtendTest.org.apache.ibatis.submitted.extend.ExtendTest
MapperBuilderAssistant.java,org.apache.ibatis.builder.MapperBuilderAssistant,org.pitest.mutationtest.engine.gregor.mutators.ArgumentPropagationMutator,parseCompositeColumnName,415,KILLED,org.apache.ibatis.submitted.extend.ExtendTest.org.apache.ibatis.submitted.extend.ExtendTest
MapperBuilderAssistant.java,org.apache.ibatis.builder.MapperBuilderAssistant,org.pitest.mutationtest.engine.gregor.mutators.ConditionalsBoundaryMutator,parseCompositeColumnName,415,KILLED,org.apache.ibatis.submitted.extend.ExtendTest.org.apache.ibatis.submitted.extend.ExtendTest
MapperBuilderAssistant.java,org.apache.ibatis.builder.MapperBuilderAssistant,org.pitest.mutationtest.engine.gregor.mutators.ConstructorCallMutator,parseCompositeColumnName,414,KILLED,org.apache.ibatis.submitted.extend.ExtendTest.org.apache.ibatis.submitted.extend.ExtendTest
MapperBuilderAssistant.java,org.apache.ibatis.builder.MapperBuilderAssistant,org.pitest.mutationtest.engine.gregor.mutators.ConstructorCallMutator,parseCompositeColumnName,416,NO_COVERAGE,none
MapperBuilderAssistant.java,org.apache.ibatis.builder.MapperBuilderAssistant,org.pitest.mutationtest.engine.gregor.mutators.ConstructorCallMutator,parseCompositeColumnName,421,NO_COVERAGE,none
MapperBuilderAssistant.java,org.apache.ibatis.builder.MapperBuilderAssistant,org.pitest.mutationtest.engine.gregor.mutators.InlineConstantMutator,parseCompositeColumnName,415,SURVIVED,none
MapperBuilderAssistant.java,org.apache.ibatis.builder.MapperBuilderAssistant,org.pitest.mutationtest.engine.gregor.mutators.InlineConstantMutator,parseCompositeColumnName,415,KILLED,org.apache.ibatis.submitted.extend.ExtendTest.org.apache.ibatis.submitted.extend.ExtendTest
MapperBuilderAssistant.java,org.apache.ibatis.builder.MapperBuilderAssistant,org.pitest.mutationtest.engine.gregor.mutators.InlineConstantMutator,parseCompositeColumnName,416,NO_COVERAGE,none
MapperBuilderAssistant.java,org.apache.ibatis.builder.MapperBuilderAssistant,org.pitest.mutationtest.engine.gregor.mutators.NegateConditionalsMutator,parseCompositeColumnName,415,KILLED,org.apache.ibatis.submitted.extend.ExtendTest.org.apache.ibatis.submitted.extend.ExtendTest
MapperBuilderAssistant.java,org.apache.ibatis.builder.MapperBuilderAssistant,org.pitest.mutationtest.engine.gregor.mutators.NegateConditionalsMutator,parseCompositeColumnName,417,NO_COVERAGE,none
MapperBuilderAssistant.java,org.apache.ibatis.builder.MapperBuilderAssistant,org.pitest.mutationtest.engine.gregor.mutators.NonVoidMethodCallMutator,parseCompositeColumnName,415,KILLED,org.apache.ibatis.submitted.extend.ExtendTest.org.apache.ibatis.submitted.extend.ExtendTest
MapperBuilderAssistant.java,org.apache.ibatis.builder.MapperBuilderAssistant,org.pitest.mutationtest.engine.gregor.mutators.NonVoidMethodCallMutator,parseCompositeColumnName,417,NO_COVERAGE,none
MapperBuilderAssistant.java,org.apache.ibatis.builder.MapperBuilderAssistant,org.pitest.mutationtest.engine.gregor.mutators.NonVoidMethodCallMutator,parseCompositeColumnName,418,NO_COVERAGE,none
MapperBuilderAssistant.java,org.apache.ibatis.builder.MapperBuilderAssistant,org.pitest.mutationtest.engine.gregor.mutators.NonVoidMethodCallMutator,parseCompositeColumnName,419,NO_COVERAGE,none
MapperBuilderAssistant.java,org.apache.ibatis.builder.MapperBuilderAssistant,org.pitest.mutationtest.engine.gregor.mutators.NonVoidMethodCallMutator,parseCompositeColumnName,421,NO_COVERAGE,none
MapperBuilderAssistant.java,org.apache.ibatis.builder.MapperBuilderAssistant,org.pitest.mutationtest.engine.gregor.mutators.NonVoidMethodCallMutator,parseCompositeColumnName,421,NO_COVERAGE,none
MapperBuilderAssistant.java,org.apache.ibatis.builder.MapperBuilderAssistant,org.pitest.mutationtest.engine.gregor.mutators.NonVoidMethodCallMutator,parseCompositeColumnName,421,NO_COVERAGE,none
MapperBuilderAssistant.java,org.apache.ibatis.builder.MapperBuilderAssistant,org.pitest.mutationtest.engine.gregor.mutators.NonVoidMethodCallMutator,parseCompositeColumnName,422,NO_COVERAGE,none
MapperBuilderAssistant.java,org.apache.ibatis.builder.MapperBuilderAssistant,org.pitest.mutationtest.engine.gregor.mutators.RemoveConditionalMutator_EQUAL_ELSE,parseCompositeColumnName,417,NO_COVERAGE,none
MapperBuilderAssistant.java,org.apache.ibatis.builder.MapperBuilderAssistant,org.pitest.mutationtest.engine.gregor.mutators.RemoveConditionalMutator_EQUAL_IF,parseCompositeColumnName,417,NO_COVERAGE,none
MapperBuilderAssistant.java,org.apache.ibatis.builder.MapperBuilderAssistant,org.pitest.mutationtest.engine.gregor.mutators.RemoveConditionalMutator_ORDER_IF,parseCompositeColumnName,415,KILLED,org.apache.ibatis.submitted.extend.ExtendTest.org.apache.ibatis.submitted.extend.ExtendTest
MapperBuilderAssistant.java,org.apache.ibatis.builder.MapperBuilderAssistant,org.pitest.mutationtest.engine.gregor.mutators.ArgumentPropagationMutator,parseMultipleColumnNames,400,NO_COVERAGE,none
MapperBuilderAssistant.java,org.apache.ibatis.builder.MapperBuilderAssistant,org.pitest.mutationtest.engine.gregor.mutators.ConditionalsBoundaryMutator,parseMultipleColumnNames,400,NO_COVERAGE,none
MapperBuilderAssistant.java,org.apache.ibatis.builder.MapperBuilderAssistant,org.pitest.mutationtest.engine.gregor.mutators.ConstructorCallMutator,parseMultipleColumnNames,398,KILLED,org.apache.ibatis.submitted.extend.ExtendTest.org.apache.ibatis.submitted.extend.ExtendTest
MapperBuilderAssistant.java,org.apache.ibatis.builder.MapperBuilderAssistant,org.pitest.mutationtest.engine.gregor.mutators.ConstructorCallMutator,parseMultipleColumnNames,401,NO_COVERAGE,none
MapperBuilderAssistant.java,org.apache.ibatis.builder.MapperBuilderAssistant,org.pitest.mutationtest.engine.gregor.mutators.InlineConstantMutator,parseMultipleColumnNames,400,NO_COVERAGE,none
MapperBuilderAssistant.java,org.apache.ibatis.builder.MapperBuilderAssistant,org.pitest.mutationtest.engine.gregor.mutators.InlineConstantMutator,parseMultipleColumnNames,400,NO_COVERAGE,none
MapperBuilderAssistant.java,org.apache.ibatis.builder.MapperBuilderAssistant,org.pitest.mutationtest.engine.gregor.mutators.InlineConstantMutator,parseMultipleColumnNames,401,NO_COVERAGE,none
MapperBuilderAssistant.java,org.apache.ibatis.builder.MapperBuilderAssistant,org.pitest.mutationtest.engine.gregor.mutators.NegateConditionalsMutator,parseMultipleColumnNames,400,NO_COVERAGE,none
MapperBuilderAssistant.java,org.apache.ibatis.builder.MapperBuilderAssistant,org.pitest.mutationtest.engine.gregor.mutators.NegateConditionalsMutator,parseMultipleColumnNames,402,NO_COVERAGE,none
MapperBuilderAssistant.java,org.apache.ibatis.builder.MapperBuilderAssistant,org.pitest.mutationtest.engine.gregor.mutators.NonVoidMethodCallMutator,parseMultipleColumnNames,400,NO_COVERAGE,none
MapperBuilderAssistant.java,org.apache.ibatis.builder.MapperBuilderAssistant,org.pitest.mutationtest.engine.gregor.mutators.NonVoidMethodCallMutator,parseMultipleColumnNames,402,NO_COVERAGE,none
MapperBuilderAssistant.java,org.apache.ibatis.builder.MapperBuilderAssistant,org.pitest.mutationtest.engine.gregor.mutators.NonVoidMethodCallMutator,parseMultipleColumnNames,404,NO_COVERAGE,none
MapperBuilderAssistant.java,org.apache.ibatis.builder.MapperBuilderAssistant,org.pitest.mutationtest.engine.gregor.mutators.NonVoidMethodCallMutator,parseMultipleColumnNames,407,NO_COVERAGE,none
MapperBuilderAssistant.java,org.apache.ibatis.builder.MapperBuilderAssistant,org.pitest.mutationtest.engine.gregor.mutators.RemoveConditionalMutator_EQUAL_ELSE,parseMultipleColumnNames,399,KILLED,org.apache.ibatis.submitted.extend.ExtendTest.org.apache.ibatis.submitted.extend.ExtendTest
MapperBuilderAssistant.java,org.apache.ibatis.builder.MapperBuilderAssistant,org.pitest.mutationtest.engine.gregor.mutators.RemoveConditionalMutator_EQUAL_ELSE,parseMultipleColumnNames,402,NO_COVERAGE,none
MapperBuilderAssistant.java,org.apache.ibatis.builder.MapperBuilderAssistant,org.pitest.mutationtest.engine.gregor.mutators.RemoveConditionalMutator_EQUAL_IF,parseMultipleColumnNames,399,KILLED,org.apache.ibatis.submitted.extend.ExtendTest.org.apache.ibatis.submitted.extend.ExtendTest
MapperBuilderAssistant.java,org.apache.ibatis.builder.MapperBuilderAssistant,org.pitest.mutationtest.engine.gregor.mutators.RemoveConditionalMutator_EQUAL_IF,parseMultipleColumnNames,402,NO_COVERAGE,none
MapperBuilderAssistant.java,org.apache.ibatis.builder.MapperBuilderAssistant,org.pitest.mutationtest.engine.gregor.mutators.RemoveConditionalMutator_ORDER_ELSE,parseMultipleColumnNames,400,NO_COVERAGE,none
MapperBuilderAssistant.java,org.apache.ibatis.builder.MapperBuilderAssistant,org.pitest.mutationtest.engine.gregor.mutators.RemoveConditionalMutator_ORDER_IF,parseMultipleColumnNames,400,NO_COVERAGE,none
MapperBuilderAssistant.java,org.apache.ibatis.builder.MapperBuilderAssistant,org.pitest.mutationtest.engine.gregor.mutators.NegateConditionalsMutator,resolveParameterJavaType,444,NO_COVERAGE,none
MapperBuilderAssistant.java,org.apache.ibatis.builder.MapperBuilderAssistant,org.pitest.mutationtest.engine.gregor.mutators.NegateConditionalsMutator,resolveParameterJavaType,445,NO_COVERAGE,none
MapperBuilderAssistant.java,org.apache.ibatis.builder.MapperBuilderAssistant,org.pitest.mutationtest.engine.gregor.mutators.NegateConditionalsMutator,resolveParameterJavaType,447,NO_COVERAGE,none
MapperBuilderAssistant.java,org.apache.ibatis.builder.MapperBuilderAssistant,org.pitest.mutationtest.engine.gregor.mutators.NegateConditionalsMutator,resolveParameterJavaType,454,NO_COVERAGE,none
MapperBuilderAssistant.java,org.apache.ibatis.builder.MapperBuilderAssistant,org.pitest.mutationtest.engine.gregor.mutators.NonVoidMethodCallMutator,resolveParameterJavaType,445,NO_COVERAGE,none
MapperBuilderAssistant.java,org.apache.ibatis.builder.MapperBuilderAssistant,org.pitest.mutationtest.engine.gregor.mutators.NonVoidMethodCallMutator,resolveParameterJavaType,447,NO_COVERAGE,none
MapperBuilderAssistant.java,org.apache.ibatis.builder.MapperBuilderAssistant,org.pitest.mutationtest.engine.gregor.mutators.NonVoidMethodCallMutator,resolveParameterJavaType,450,NO_COVERAGE,none
MapperBuilderAssistant.java,org.apache.ibatis.builder.MapperBuilderAssistant,org.pitest.mutationtest.engine.gregor.mutators.NonVoidMethodCallMutator,resolveParameterJavaType,450,NO_COVERAGE,none
MapperBuilderAssistant.java,org.apache.ibatis.builder.MapperBuilderAssistant,org.pitest.mutationtest.engine.gregor.mutators.NonVoidMethodCallMutator,resolveParameterJavaType,451,NO_COVERAGE,none
MapperBuilderAssistant.java,org.apache.ibatis.builder.MapperBuilderAssistant,org.pitest.mutationtest.engine.gregor.mutators.RemoveConditionalMutator_EQUAL_ELSE,resolveParameterJavaType,444,NO_COVERAGE,none
MapperBuilderAssistant.java,org.apache.ibatis.builder.MapperBuilderAssistant,org.pitest.mutationtest.engine.gregor.mutators.RemoveConditionalMutator_EQUAL_ELSE,resolveParameterJavaType,445,NO_COVERAGE,none
MapperBuilderAssistant.java,org.apache.ibatis.builder.MapperBuilderAssistant,org.pitest.mutationtest.engine.gregor.mutators.RemoveConditionalMutator_EQUAL_ELSE,resolveParameterJavaType,447,NO_COVERAGE,none
MapperBuilderAssistant.java,org.apache.ibatis.builder.MapperBuilderAssistant,org.pitest.mutationtest.engine.gregor.mutators.RemoveConditionalMutator_EQUAL_ELSE,resolveParameterJavaType,454,NO_COVERAGE,none
MapperBuilderAssistant.java,org.apache.ibatis.builder.MapperBuilderAssistant,org.pitest.mutationtest.engine.gregor.mutators.RemoveConditionalMutator_EQUAL_IF,resolveParameterJavaType,444,NO_COVERAGE,none
MapperBuilderAssistant.java,org.apache.ibatis.builder.MapperBuilderAssistant,org.pitest.mutationtest.engine.gregor.mutators.RemoveConditionalMutator_EQUAL_IF,resolveParameterJavaType,445,NO_COVERAGE,none
MapperBuilderAssistant.java,org.apache.ibatis.builder.MapperBuilderAssistant,org.pitest.mutationtest.engine.gregor.mutators.RemoveConditionalMutator_EQUAL_IF,resolveParameterJavaType,447,NO_COVERAGE,none
MapperBuilderAssistant.java,org.apache.ibatis.builder.MapperBuilderAssistant,org.pitest.mutationtest.engine.gregor.mutators.RemoveConditionalMutator_EQUAL_IF,resolveParameterJavaType,454,NO_COVERAGE,none
MapperBuilderAssistant.java,org.apache.ibatis.builder.MapperBuilderAssistant,org.pitest.mutationtest.engine.gregor.mutators.ReturnValsMutator,resolveParameterJavaType,457,NO_COVERAGE,none
MapperBuilderAssistant.java,org.apache.ibatis.builder.MapperBuilderAssistant,org.pitest.mutationtest.engine.gregor.mutators.NonVoidMethodCallMutator,resolveResultJavaType,431,KILLED,org.apache.ibatis.submitted.extend.ExtendTest.org.apache.ibatis.submitted.extend.ExtendTest
MapperBuilderAssistant.java,org.apache.ibatis.builder.MapperBuilderAssistant,org.pitest.mutationtest.engine.gregor.mutators.RemoveConditionalMutator_EQUAL_ELSE,resolveResultJavaType,437,KILLED,org.apache.ibatis.submitted.extend.ExtendTest.org.apache.ibatis.submitted.extend.ExtendTest
MapperBuilderAssistant.java,org.apache.ibatis.builder.MapperBuilderAssistant,org.pitest.mutationtest.engine.gregor.mutators.RemoveConditionalMutator_EQUAL_IF,resolveResultJavaType,429,KILLED,org.apache.ibatis.submitted.extend.ExtendTest.org.apache.ibatis.submitted.extend.ExtendTest
MapperBuilderAssistant.java,org.apache.ibatis.builder.MapperBuilderAssistant,org.pitest.mutationtest.engine.gregor.mutators.ConstructorCallMutator,setCurrentNamespace,74,NO_COVERAGE,none
MapperBuilderAssistant.java,org.apache.ibatis.builder.MapperBuilderAssistant,org.pitest.mutationtest.engine.gregor.mutators.ConstructorCallMutator,setCurrentNamespace,78,NO_COVERAGE,none
MapperBuilderAssistant.java,org.apache.ibatis.builder.MapperBuilderAssistant,org.pitest.mutationtest.engine.gregor.mutators.ConstructorCallMutator,setCurrentNamespace,78,NO_COVERAGE,none
MapperBuilderAssistant.java,org.apache.ibatis.builder.MapperBuilderAssistant,org.pitest.mutationtest.engine.gregor.mutators.NegateConditionalsMutator,setCurrentNamespace,77,KILLED,org.apache.ibatis.submitted.extend.ExtendTest.org.apache.ibatis.submitted.extend.ExtendTest
MapperBuilderAssistant.java,org.apache.ibatis.builder.MapperBuilderAssistant,org.pitest.mutationtest.engine.gregor.mutators.NonVoidMethodCallMutator,setCurrentNamespace,78,NO_COVERAGE,none
MapperBuilderAssistant.java,org.apache.ibatis.builder.MapperBuilderAssistant,org.pitest.mutationtest.engine.gregor.mutators.NonVoidMethodCallMutator,setCurrentNamespace,78,NO_COVERAGE,none
MapperBuilderAssistant.java,org.apache.ibatis.builder.MapperBuilderAssistant,org.pitest.mutationtest.engine.gregor.mutators.NonVoidMethodCallMutator,setCurrentNamespace,78,NO_COVERAGE,none
MapperBuilderAssistant.java,org.apache.ibatis.builder.MapperBuilderAssistant,org.pitest.mutationtest.engine.gregor.mutators.NonVoidMethodCallMutator,setCurrentNamespace,78,NO_COVERAGE,none
MapperBuilderAssistant.java,org.apache.ibatis.builder.MapperBuilderAssistant,org.pitest.mutationtest.engine.gregor.mutators.NonVoidMethodCallMutator,setCurrentNamespace,78,NO_COVERAGE,none
MapperBuilderAssistant.java,org.apache.ibatis.builder.MapperBuilderAssistant,org.pitest.mutationtest.engine.gregor.mutators.NonVoidMethodCallMutator,setCurrentNamespace,78,NO_COVERAGE,none
MapperBuilderAssistant.java,org.apache.ibatis.builder.MapperBuilderAssistant,org.pitest.mutationtest.engine.gregor.mutators.RemoveConditionalMutator_EQUAL_ELSE,setCurrentNamespace,77,KILLED,org.apache.ibatis.submitted.extend.ExtendTest.org.apache.ibatis.submitted.extend.ExtendTest
MapperBuilderAssistant.java,org.apache.ibatis.builder.MapperBuilderAssistant,org.pitest.mutationtest.engine.gregor.mutators.ConstructorCallMutator,useCacheRef,108,NO_COVERAGE,none
MapperBuilderAssistant.java,org.apache.ibatis.builder.MapperBuilderAssistant,org.pitest.mutationtest.engine.gregor.mutators.ConstructorCallMutator,useCacheRef,114,NO_COVERAGE,none
MapperBuilderAssistant.java,org.apache.ibatis.builder.MapperBuilderAssistant,org.pitest.mutationtest.engine.gregor.mutators.ConstructorCallMutator,useCacheRef,114,NO_COVERAGE,none
MapperBuilderAssistant.java,org.apache.ibatis.builder.MapperBuilderAssistant,org.pitest.mutationtest.engine.gregor.mutators.ConstructorCallMutator,useCacheRef,120,NO_COVERAGE,none
MapperBuilderAssistant.java,org.apache.ibatis.builder.MapperBuilderAssistant,org.pitest.mutationtest.engine.gregor.mutators.ConstructorCallMutator,useCacheRef,120,NO_COVERAGE,none
MapperBuilderAssistant.java,org.apache.ibatis.builder.MapperBuilderAssistant,org.pitest.mutationtest.engine.gregor.mutators.InlineConstantMutator,useCacheRef,111,NO_COVERAGE,none
MapperBuilderAssistant.java,org.apache.ibatis.builder.MapperBuilderAssistant,org.pitest.mutationtest.engine.gregor.mutators.InlineConstantMutator,useCacheRef,117,NO_COVERAGE,none
MapperBuilderAssistant.java,org.apache.ibatis.builder.MapperBuilderAssistant,org.pitest.mutationtest.engine.gregor.mutators.NegateConditionalsMutator,useCacheRef,107,NO_COVERAGE,none
MapperBuilderAssistant.java,org.apache.ibatis.builder.MapperBuilderAssistant,org.pitest.mutationtest.engine.gregor.mutators.NegateConditionalsMutator,useCacheRef,113,NO_COVERAGE,none
MapperBuilderAssistant.java,org.apache.ibatis.builder.MapperBuilderAssistant,org.pitest.mutationtest.engine.gregor.mutators.NonVoidMethodCallMutator,useCacheRef,112,NO_COVERAGE,none
MapperBuilderAssistant.java,org.apache.ibatis.builder.MapperBuilderAssistant,org.pitest.mutationtest.engine.gregor.mutators.NonVoidMethodCallMutator,useCacheRef,114,NO_COVERAGE,none
MapperBuilderAssistant.java,org.apache.ibatis.builder.MapperBuilderAssistant,org.pitest.mutationtest.engine.gregor.mutators.NonVoidMethodCallMutator,useCacheRef,114,NO_COVERAGE,none
MapperBuilderAssistant.java,org.apache.ibatis.builder.MapperBuilderAssistant,org.pitest.mutationtest.engine.gregor.mutators.NonVoidMethodCallMutator,useCacheRef,114,NO_COVERAGE,none
MapperBuilderAssistant.java,org.apache.ibatis.builder.MapperBuilderAssistant,org.pitest.mutationtest.engine.gregor.mutators.NonVoidMethodCallMutator,useCacheRef,114,NO_COVERAGE,none
MapperBuilderAssistant.java,org.apache.ibatis.builder.MapperBuilderAssistant,org.pitest.mutationtest.engine.gregor.mutators.NonVoidMethodCallMutator,useCacheRef,120,NO_COVERAGE,none
MapperBuilderAssistant.java,org.apache.ibatis.builder.MapperBuilderAssistant,org.pitest.mutationtest.engine.gregor.mutators.NonVoidMethodCallMutator,useCacheRef,120,NO_COVERAGE,none
MapperBuilderAssistant.java,org.apache.ibatis.builder.MapperBuilderAssistant,org.pitest.mutationtest.engine.gregor.mutators.NonVoidMethodCallMutator,useCacheRef,120,NO_COVERAGE,none
MapperBuilderAssistant.java,org.apache.ibatis.builder.MapperBuilderAssistant,org.pitest.mutationtest.engine.gregor.mutators.NonVoidMethodCallMutator,useCacheRef,120,NO_COVERAGE,none
MapperBuilderAssistant.java,org.apache.ibatis.builder.MapperBuilderAssistant,org.pitest.mutationtest.engine.gregor.mutators.RemoveConditionalMutator_EQUAL_ELSE,useCacheRef,107,NO_COVERAGE,none
MapperBuilderAssistant.java,org.apache.ibatis.builder.MapperBuilderAssistant,org.pitest.mutationtest.engine.gregor.mutators.RemoveConditionalMutator_EQUAL_ELSE,useCacheRef,113,NO_COVERAGE,none
MapperBuilderAssistant.java,org.apache.ibatis.builder.MapperBuilderAssistant,org.pitest.mutationtest.engine.gregor.mutators.RemoveConditionalMutator_EQUAL_IF,useCacheRef,107,NO_COVERAGE,none
MapperBuilderAssistant.java,org.apache.ibatis.builder.MapperBuilderAssistant,org.pitest.mutationtest.engine.gregor.mutators.RemoveConditionalMutator_EQUAL_IF,useCacheRef,113,NO_COVERAGE,none
MapperBuilderAssistant.java,org.apache.ibatis.builder.MapperBuilderAssistant,org.pitest.mutationtest.engine.gregor.mutators.ReturnValsMutator,useCacheRef,118,NO_COVERAGE,none
MapperBuilderAssistant.java,org.apache.ibatis.builder.MapperBuilderAssistant,org.pitest.mutationtest.engine.gregor.mutators.experimental.MemberVariableMutator,useCacheRef,111,NO_COVERAGE,none
MapperBuilderAssistant.java,org.apache.ibatis.builder.MapperBuilderAssistant,org.pitest.mutationtest.engine.gregor.mutators.experimental.MemberVariableMutator,useCacheRef,116,NO_COVERAGE,none
MapperBuilderAssistant.java,org.apache.ibatis.builder.MapperBuilderAssistant,org.pitest.mutationtest.engine.gregor.mutators.experimental.MemberVariableMutator,useCacheRef,117,NO_COVERAGE,none
MapperBuilderAssistant.java,org.apache.ibatis.builder.MapperBuilderAssistant,org.pitest.mutationtest.engine.gregor.mutators.ArgumentPropagationMutator,useNewCache,132,NO_COVERAGE,none
MapperBuilderAssistant.java,org.apache.ibatis.builder.MapperBuilderAssistant,org.pitest.mutationtest.engine.gregor.mutators.ArgumentPropagationMutator,useNewCache,133,NO_COVERAGE,none
MapperBuilderAssistant.java,org.apache.ibatis.builder.MapperBuilderAssistant,org.pitest.mutationtest.engine.gregor.mutators.ConstructorCallMutator,useNewCache,131,NO_COVERAGE,none
MapperBuilderAssistant.java,org.apache.ibatis.builder.MapperBuilderAssistant,org.pitest.mutationtest.engine.gregor.mutators.NonVoidMethodCallMutator,useNewCache,132,NO_COVERAGE,none
MapperBuilderAssistant.java,org.apache.ibatis.builder.MapperBuilderAssistant,org.pitest.mutationtest.engine.gregor.mutators.NonVoidMethodCallMutator,useNewCache,132,NO_COVERAGE,none
MapperBuilderAssistant.java,org.apache.ibatis.builder.MapperBuilderAssistant,org.pitest.mutationtest.engine.gregor.mutators.NonVoidMethodCallMutator,useNewCache,133,NO_COVERAGE,none
MapperBuilderAssistant.java,org.apache.ibatis.builder.MapperBuilderAssistant,org.pitest.mutationtest.engine.gregor.mutators.NonVoidMethodCallMutator,useNewCache,133,NO_COVERAGE,none
MapperBuilderAssistant.java,org.apache.ibatis.builder.MapperBuilderAssistant,org.pitest.mutationtest.engine.gregor.mutators.NonVoidMethodCallMutator,useNewCache,134,NO_COVERAGE,none
MapperBuilderAssistant.java,org.apache.ibatis.builder.MapperBuilderAssistant,org.pitest.mutationtest.engine.gregor.mutators.NonVoidMethodCallMutator,useNewCache,135,NO_COVERAGE,none
MapperBuilderAssistant.java,org.apache.ibatis.builder.MapperBuilderAssistant,org.pitest.mutationtest.engine.gregor.mutators.NonVoidMethodCallMutator,useNewCache,136,NO_COVERAGE,none
MapperBuilderAssistant.java,org.apache.ibatis.builder.MapperBuilderAssistant,org.pitest.mutationtest.engine.gregor.mutators.NonVoidMethodCallMutator,useNewCache,137,NO_COVERAGE,none
MapperBuilderAssistant.java,org.apache.ibatis.builder.MapperBuilderAssistant,org.pitest.mutationtest.engine.gregor.mutators.NonVoidMethodCallMutator,useNewCache,138,NO_COVERAGE,none
MapperBuilderAssistant.java,org.apache.ibatis.builder.MapperBuilderAssistant,org.pitest.mutationtest.engine.gregor.mutators.NonVoidMethodCallMutator,useNewCache,139,NO_COVERAGE,none
MapperBuilderAssistant.java,org.apache.ibatis.builder.MapperBuilderAssistant,org.pitest.mutationtest.engine.gregor.mutators.ReturnValsMutator,useNewCache,142,NO_COVERAGE,none
MapperBuilderAssistant.java,org.apache.ibatis.builder.MapperBuilderAssistant,org.pitest.mutationtest.engine.gregor.mutators.VoidMethodCallMutator,useNewCache,140,NO_COVERAGE,none
MapperBuilderAssistant.java,org.apache.ibatis.builder.MapperBuilderAssistant,org.pitest.mutationtest.engine.gregor.mutators.experimental.MemberVariableMutator,useNewCache,141,NO_COVERAGE,none
MapperBuilderAssistant.java,org.apache.ibatis.builder.MapperBuilderAssistant,org.pitest.mutationtest.engine.gregor.mutators.NegateConditionalsMutator,valueOrDefault,307,KILLED,org.apache.ibatis.submitted.extend.ExtendTest.org.apache.ibatis.submitted.extend.ExtendTest
MapperBuilderAssistant.java,org.apache.ibatis.builder.MapperBuilderAssistant,org.pitest.mutationtest.engine.gregor.mutators.RemoveConditionalMutator_EQUAL_ELSE,valueOrDefault,307,KILLED,org.apache.ibatis.submitted.extend.ExtendTest.org.apache.ibatis.submitted.extend.ExtendTest
XMLMapperBuilder.java,org.apache.ibatis.builder.xml.XMLMapperBuilder,org.pitest.mutationtest.engine.gregor.mutators.InlineConstantMutator,<init>,78,KILLED,org.apache.ibatis.submitted.extend.ExtendTest.org.apache.ibatis.submitted.extend.ExtendTest
XMLMapperBuilder.java,org.apache.ibatis.builder.xml.XMLMapperBuilder,org.pitest.mutationtest.engine.gregor.mutators.VoidMethodCallMutator,<init>,74,NO_COVERAGE,none
XMLMapperBuilder.java,org.apache.ibatis.builder.xml.XMLMapperBuilder,org.pitest.mutationtest.engine.gregor.mutators.ConstructorCallMutator,<init>,68,NO_COVERAGE,none
XMLMapperBuilder.java,org.apache.ibatis.builder.xml.XMLMapperBuilder,org.pitest.mutationtest.engine.gregor.mutators.ConstructorCallMutator,<init>,68,NO_COVERAGE,none
XMLMapperBuilder.java,org.apache.ibatis.builder.xml.XMLMapperBuilder,org.pitest.mutationtest.engine.gregor.mutators.InlineConstantMutator,<init>,68,NO_COVERAGE,none
XMLMapperBuilder.java,org.apache.ibatis.builder.xml.XMLMapperBuilder,org.pitest.mutationtest.engine.gregor.mutators.NonVoidMethodCallMutator,<init>,68,NO_COVERAGE,none
XMLMapperBuilder.java,org.apache.ibatis.builder.xml.XMLMapperBuilder,org.pitest.mutationtest.engine.gregor.mutators.VoidMethodCallMutator,<init>,63,NO_COVERAGE,none
XMLMapperBuilder.java,org.apache.ibatis.builder.xml.XMLMapperBuilder,org.pitest.mutationtest.engine.gregor.mutators.experimental.MemberVariableMutator,<init>,84,KILLED,org.apache.ibatis.submitted.extend.ExtendTest.org.apache.ibatis.submitted.extend.ExtendTest
XMLMapperBuilder.java,org.apache.ibatis.builder.xml.XMLMapperBuilder,org.pitest.mutationtest.engine.gregor.mutators.experimental.MemberVariableMutator,<init>,85,KILLED,org.apache.ibatis.submitted.extend.ExtendTest.org.apache.ibatis.submitted.extend.ExtendTest
XMLMapperBuilder.java,org.apache.ibatis.builder.xml.XMLMapperBuilder,org.pitest.mutationtest.engine.gregor.mutators.experimental.MemberVariableMutator,<init>,86,KILLED,org.apache.ibatis.submitted.extend.ExtendTest.org.apache.ibatis.submitted.extend.ExtendTest
XMLMapperBuilder.java,org.apache.ibatis.builder.xml.XMLMapperBuilder,org.pitest.mutationtest.engine.gregor.mutators.experimental.MemberVariableMutator,<init>,87,KILLED,org.apache.ibatis.submitted.extend.ExtendTest.org.apache.ibatis.submitted.extend.ExtendTest
XMLMapperBuilder.java,org.apache.ibatis.builder.xml.XMLMapperBuilder,org.pitest.mutationtest.engine.gregor.mutators.ConstructorCallMutator,bindMapperForNamespace,412,KILLED,org.apache.ibatis.submitted.extend.ExtendTest.org.apache.ibatis.submitted.extend.ExtendTest
XMLMapperBuilder.java,org.apache.ibatis.builder.xml.XMLMapperBuilder,org.pitest.mutationtest.engine.gregor.mutators.NegateConditionalsMutator,bindMapperForNamespace,407,KILLED,org.apache.ibatis.submitted.extend.ExtendTest.org.apache.ibatis.submitted.extend.ExtendTest
XMLMapperBuilder.java,org.apache.ibatis.builder.xml.XMLMapperBuilder,org.pitest.mutationtest.engine.gregor.mutators.NegateConditionalsMutator,bindMapperForNamespace,408,KILLED,org.apache.ibatis.submitted.extend.ExtendTest.org.apache.ibatis.submitted.extend.ExtendTest
XMLMapperBuilder.java,org.apache.ibatis.builder.xml.XMLMapperBuilder,org.pitest.mutationtest.engine.gregor.mutators.NonVoidMethodCallMutator,bindMapperForNamespace,399,KILLED,org.apache.ibatis.submitted.extend.ExtendTest.org.apache.ibatis.submitted.extend.ExtendTest
XMLMapperBuilder.java,org.apache.ibatis.builder.xml.XMLMapperBuilder,org.pitest.mutationtest.engine.gregor.mutators.NonVoidMethodCallMutator,bindMapperForNamespace,412,KILLED,org.apache.ibatis.submitted.extend.ExtendTest.org.apache.ibatis.submitted.extend.ExtendTest
XMLMapperBuilder.java,org.apache.ibatis.builder.xml.XMLMapperBuilder,org.pitest.mutationtest.engine.gregor.mutators.RemoveConditionalMutator_EQUAL_ELSE,bindMapperForNamespace,407,KILLED,org.apache.ibatis.submitted.extend.ExtendTest.org.apache.ibatis.submitted.extend.ExtendTest
XMLMapperBuilder.java,org.apache.ibatis.builder.xml.XMLMapperBuilder,org.pitest.mutationtest.engine.gregor.mutators.RemoveConditionalMutator_EQUAL_IF,bindMapperForNamespace,400,KILLED,org.apache.ibatis.submitted.extend.ExtendTest.org.apache.ibatis.submitted.extend.ExtendTest
XMLMapperBuilder.java,org.apache.ibatis.builder.xml.XMLMapperBuilder,org.pitest.mutationtest.engine.gregor.mutators.RemoveConditionalMutator_EQUAL_IF,bindMapperForNamespace,408,KILLED,org.apache.ibatis.submitted.extend.ExtendTest.org.apache.ibatis.submitted.extend.ExtendTest
XMLMapperBuilder.java,org.apache.ibatis.builder.xml.XMLMapperBuilder,org.pitest.mutationtest.engine.gregor.mutators.VoidMethodCallMutator,bindMapperForNamespace,413,KILLED,org.apache.ibatis.submitted.extend.ExtendTest.org.apache.ibatis.submitted.extend.ExtendTest
XMLMapperBuilder.java,org.apache.ibatis.builder.xml.XMLMapperBuilder,org.pitest.mutationtest.engine.gregor.mutators.ArgumentPropagationMutator,buildResultMappingFromContext,363,NO_COVERAGE,none
XMLMapperBuilder.java,org.apache.ibatis.builder.xml.XMLMapperBuilder,org.pitest.mutationtest.engine.gregor.mutators.ArgumentPropagationMutator,buildResultMappingFromContext,368,KILLED,org.apache.ibatis.submitted.extend.ExtendTest.org.apache.ibatis.submitted.extend.ExtendTest
XMLMapperBuilder.java,org.apache.ibatis.builder.xml.XMLMapperBuilder,org.pitest.mutationtest.engine.gregor.mutators.ArgumentPropagationMutator,buildResultMappingFromContext,373,KILLED,org.apache.ibatis.submitted.extend.ExtendTest.org.apache.ibatis.submitted.extend.ExtendTest
XMLMapperBuilder.java,org.apache.ibatis.builder.xml.XMLMapperBuilder,org.pitest.mutationtest.engine.gregor.mutators.NonVoidMethodCallMutator,buildResultMappingFromContext,363,NO_COVERAGE,none
XMLMapperBuilder.java,org.apache.ibatis.builder.xml.XMLMapperBuilder,org.pitest.mutationtest.engine.gregor.mutators.NonVoidMethodCallMutator,buildResultMappingFromContext,368,KILLED,org.apache.ibatis.submitted.extend.ExtendTest.org.apache.ibatis.submitted.extend.ExtendTest
XMLMapperBuilder.java,org.apache.ibatis.builder.xml.XMLMapperBuilder,org.pitest.mutationtest.engine.gregor.mutators.NonVoidMethodCallMutator,buildResultMappingFromContext,370,KILLED,org.apache.ibatis.submitted.extend.ExtendTest.org.apache.ibatis.submitted.extend.ExtendTest
XMLMapperBuilder.java,org.apache.ibatis.builder.xml.XMLMapperBuilder,org.pitest.mutationtest.engine.gregor.mutators.NonVoidMethodCallMutator,buildResultMappingFromContext,372,KILLED,org.apache.ibatis.submitted.extend.ExtendTest.org.apache.ibatis.submitted.extend.ExtendTest
XMLMapperBuilder.java,org.apache.ibatis.builder.xml.XMLMapperBuilder,org.pitest.mutationtest.engine.gregor.mutators.NonVoidMethodCallMutator,buildResultMappingFromContext,377,KILLED,org.apache.ibatis.submitted.extend.ExtendTest.org.apache.ibatis.submitted.extend.ExtendTest
XMLMapperBuilder.java,org.apache.ibatis.builder.xml.XMLMapperBuilder,org.pitest.mutationtest.engine.gregor.mutators.NonVoidMethodCallMutator,buildResultMappingFromContext,378,KILLED,org.apache.ibatis.submitted.extend.ExtendTest.org.apache.ibatis.submitted.extend.ExtendTest
XMLMapperBuilder.java,org.apache.ibatis.builder.xml.XMLMapperBuilder,org.pitest.mutationtest.engine.gregor.mutators.NonVoidMethodCallMutator,buildResultMappingFromContext,381,KILLED,org.apache.ibatis.submitted.extend.ExtendTest.org.apache.ibatis.submitted.extend.ExtendTest
XMLMapperBuilder.java,org.apache.ibatis.builder.xml.XMLMapperBuilder,org.pitest.mutationtest.engine.gregor.mutators.NonVoidMethodCallMutator,buildResultMappingFromContext,382,KILLED,org.apache.ibatis.submitted.extend.ExtendTest.org.apache.ibatis.submitted.extend.ExtendTest
XMLMapperBuilder.java,org.apache.ibatis.builder.xml.XMLMapperBuilder,org.pitest.mutationtest.engine.gregor.mutators.RemoveConditionalMutator_EQUAL_ELSE,buildResultMappingFromContext,362,KILLED,org.apache.ibatis.submitted.extend.ExtendTest.org.apache.ibatis.submitted.extend.ExtendTest
XMLMapperBuilder.java,org.apache.ibatis.builder.xml.XMLMapperBuilder,org.pitest.mutationtest.engine.gregor.mutators.ReturnValsMutator,buildResultMappingFromContext,383,KILLED,org.apache.ibatis.submitted.extend.ExtendTest.org.apache.ibatis.submitted.extend.ExtendTest
XMLMapperBuilder.java,org.apache.ibatis.builder.xml.XMLMapperBuilder,org.pitest.mutationtest.engine.gregor.mutators.NonVoidMethodCallMutator,buildStatementFromContext,125,KILLED,org.apache.ibatis.submitted.extend.ExtendTest.org.apache.ibatis.submitted.extend.ExtendTest
XMLMapperBuilder.java,org.apache.ibatis.builder.xml.XMLMapperBuilder,org.pitest.mutationtest.engine.gregor.mutators.NonVoidMethodCallMutator,buildStatementFromContext,126,NO_COVERAGE,none
XMLMapperBuilder.java,org.apache.ibatis.builder.xml.XMLMapperBuilder,org.pitest.mutationtest.engine.gregor.mutators.RemoveConditionalMutator_EQUAL_IF,buildStatementFromContext,125,KILLED,org.apache.ibatis.submitted.extend.ExtendTest.org.apache.ibatis.submitted.extend.ExtendTest
XMLMapperBuilder.java,org.apache.ibatis.builder.xml.XMLMapperBuilder,org.pitest.mutationtest.engine.gregor.mutators.VoidMethodCallMutator,buildStatementFromContext,126,NO_COVERAGE,none
XMLMapperBuilder.java,org.apache.ibatis.builder.xml.XMLMapperBuilder,org.pitest.mutationtest.engine.gregor.mutators.VoidMethodCallMutator,buildStatementFromContext,128,KILLED,org.apache.ibatis.submitted.extend.ExtendTest.org.apache.ibatis.submitted.extend.ExtendTest
XMLMapperBuilder.java,org.apache.ibatis.builder.xml.XMLMapperBuilder,org.pitest.mutationtest.engine.gregor.mutators.ConstructorCallMutator,buildStatementFromContext,133,KILLED,org.apache.ibatis.submitted.extend.ExtendTest.org.apache.ibatis.submitted.extend.ExtendTest
XMLMapperBuilder.java,org.apache.ibatis.builder.xml.XMLMapperBuilder,org.pitest.mutationtest.engine.gregor.mutators.NegateConditionalsMutator,buildStatementFromContext,132,KILLED,org.apache.ibatis.submitted.extend.ExtendTest.org.apache.ibatis.submitted.extend.ExtendTest
XMLMapperBuilder.java,org.apache.ibatis.builder.xml.XMLMapperBuilder,org.pitest.mutationtest.engine.gregor.mutators.NonVoidMethodCallMutator,buildStatementFromContext,132,KILLED,org.apache.ibatis.submitted.extend.ExtendTest.org.apache.ibatis.submitted.extend.ExtendTest
XMLMapperBuilder.java,org.apache.ibatis.builder.xml.XMLMapperBuilder,org.pitest.mutationtest.engine.gregor.mutators.RemoveConditionalMutator_EQUAL_IF,buildStatementFromContext,132,KILLED,org.apache.ibatis.submitted.extend.ExtendTest.org.apache.ibatis.submitted.extend.ExtendTest
XMLMapperBuilder.java,org.apache.ibatis.builder.xml.XMLMapperBuilder,org.pitest.mutationtest.engine.gregor.mutators.VoidMethodCallMutator,buildStatementFromContext,137,NO_COVERAGE,none
XMLMapperBuilder.java,org.apache.ibatis.builder.xml.XMLMapperBuilder,org.pitest.mutationtest.engine.gregor.mutators.ArgumentPropagationMutator,cacheElement,201,NO_COVERAGE,none
XMLMapperBuilder.java,org.apache.ibatis.builder.xml.XMLMapperBuilder,org.pitest.mutationtest.engine.gregor.mutators.ArgumentPropagationMutator,cacheElement,203,NO_COVERAGE,none
XMLMapperBuilder.java,org.apache.ibatis.builder.xml.XMLMapperBuilder,org.pitest.mutationtest.engine.gregor.mutators.ArgumentPropagationMutator,cacheElement,207,NO_COVERAGE,none
XMLMapperBuilder.java,org.apache.ibatis.builder.xml.XMLMapperBuilder,org.pitest.mutationtest.engine.gregor.mutators.ArgumentPropagationMutator,cacheElement,208,NO_COVERAGE,none
XMLMapperBuilder.java,org.apache.ibatis.builder.xml.XMLMapperBuilder,org.pitest.mutationtest.engine.gregor.mutators.InlineConstantMutator,cacheElement,207,NO_COVERAGE,none
XMLMapperBuilder.java,org.apache.ibatis.builder.xml.XMLMapperBuilder,org.pitest.mutationtest.engine.gregor.mutators.InlineConstantMutator,cacheElement,207,NO_COVERAGE,none
XMLMapperBuilder.java,org.apache.ibatis.builder.xml.XMLMapperBuilder,org.pitest.mutationtest.engine.gregor.mutators.InlineConstantMutator,cacheElement,207,NO_COVERAGE,none
XMLMapperBuilder.java,org.apache.ibatis.builder.xml.XMLMapperBuilder,org.pitest.mutationtest.engine.gregor.mutators.InlineConstantMutator,cacheElement,208,NO_COVERAGE,none
XMLMapperBuilder.java,org.apache.ibatis.builder.xml.XMLMapperBuilder,org.pitest.mutationtest.engine.gregor.mutators.NegateConditionalsMutator,cacheElement,207,NO_COVERAGE,none
XMLMapperBuilder.java,org.apache.ibatis.builder.xml.XMLMapperBuilder,org.pitest.mutationtest.engine.gregor.mutators.NonVoidMethodCallMutator,cacheElement,201,NO_COVERAGE,none
XMLMapperBuilder.java,org.apache.ibatis.builder.xml.XMLMapperBuilder,org.pitest.mutationtest.engine.gregor.mutators.NonVoidMethodCallMutator,cacheElement,202,NO_COVERAGE,none
XMLMapperBuilder.java,org.apache.ibatis.builder.xml.XMLMapperBuilder,org.pitest.mutationtest.engine.gregor.mutators.NonVoidMethodCallMutator,cacheElement,203,NO_COVERAGE,none
XMLMapperBuilder.java,org.apache.ibatis.builder.xml.XMLMapperBuilder,org.pitest.mutationtest.engine.gregor.mutators.NonVoidMethodCallMutator,cacheElement,204,NO_COVERAGE,none
XMLMapperBuilder.java,org.apache.ibatis.builder.xml.XMLMapperBuilder,org.pitest.mutationtest.engine.gregor.mutators.NonVoidMethodCallMutator,cacheElement,205,NO_COVERAGE,none
XMLMapperBuilder.java,org.apache.ibatis.builder.xml.XMLMapperBuilder,org.pitest.mutationtest.engine.gregor.mutators.NonVoidMethodCallMutator,cacheElement,206,NO_COVERAGE,none
XMLMapperBuilder.java,org.apache.ibatis.builder.xml.XMLMapperBuilder,org.pitest.mutationtest.engine.gregor.mutators.NonVoidMethodCallMutator,cacheElement,207,NO_COVERAGE,none
XMLMapperBuilder.java,org.apache.ibatis.builder.xml.XMLMapperBuilder,org.pitest.mutationtest.engine.gregor.mutators.NonVoidMethodCallMutator,cacheElement,207,NO_COVERAGE,none
XMLMapperBuilder.java,org.apache.ibatis.builder.xml.XMLMapperBuilder,org.pitest.mutationtest.engine.gregor.mutators.NonVoidMethodCallMutator,cacheElement,207,NO_COVERAGE,none
XMLMapperBuilder.java,org.apache.ibatis.builder.xml.XMLMapperBuilder,org.pitest.mutationtest.engine.gregor.mutators.NonVoidMethodCallMutator,cacheElement,208,NO_COVERAGE,none
XMLMapperBuilder.java,org.apache.ibatis.builder.xml.XMLMapperBuilder,org.pitest.mutationtest.engine.gregor.mutators.NonVoidMethodCallMutator,cacheElement,208,NO_COVERAGE,none
XMLMapperBuilder.java,org.apache.ibatis.builder.xml.XMLMapperBuilder,org.pitest.mutationtest.engine.gregor.mutators.NonVoidMethodCallMutator,cacheElement,208,NO_COVERAGE,none
XMLMapperBuilder.java,org.apache.ibatis.builder.xml.XMLMapperBuilder,org.pitest.mutationtest.engine.gregor.mutators.NonVoidMethodCallMutator,cacheElement,209,NO_COVERAGE,none
XMLMapperBuilder.java,org.apache.ibatis.builder.xml.XMLMapperBuilder,org.pitest.mutationtest.engine.gregor.mutators.NonVoidMethodCallMutator,cacheElement,210,NO_COVERAGE,none
XMLMapperBuilder.java,org.apache.ibatis.builder.xml.XMLMapperBuilder,org.pitest.mutationtest.engine.gregor.mutators.RemoveConditionalMutator_EQUAL_ELSE,cacheElement,200,KILLED,org.apache.ibatis.submitted.extend.ExtendTest.org.apache.ibatis.submitted.extend.ExtendTest
XMLMapperBuilder.java,org.apache.ibatis.builder.xml.XMLMapperBuilder,org.pitest.mutationtest.engine.gregor.mutators.RemoveConditionalMutator_EQUAL_ELSE,cacheElement,207,NO_COVERAGE,none
XMLMapperBuilder.java,org.apache.ibatis.builder.xml.XMLMapperBuilder,org.pitest.mutationtest.engine.gregor.mutators.RemoveConditionalMutator_EQUAL_IF,cacheElement,200,KILLED,org.apache.ibatis.submitted.extend.ExtendTest.org.apache.ibatis.submitted.extend.ExtendTest
XMLMapperBuilder.java,org.apache.ibatis.builder.xml.XMLMapperBuilder,org.pitest.mutationtest.engine.gregor.mutators.RemoveConditionalMutator_EQUAL_IF,cacheElement,207,NO_COVERAGE,none
XMLMapperBuilder.java,org.apache.ibatis.builder.xml.XMLMapperBuilder,org.pitest.mutationtest.engine.gregor.mutators.ArgumentPropagationMutator,cacheRefElement,189,NO_COVERAGE,none
XMLMapperBuilder.java,org.apache.ibatis.builder.xml.XMLMapperBuilder,org.pitest.mutationtest.engine.gregor.mutators.ArgumentPropagationMutator,cacheRefElement,190,NO_COVERAGE,none
XMLMapperBuilder.java,org.apache.ibatis.builder.xml.XMLMapperBuilder,org.pitest.mutationtest.engine.gregor.mutators.ConstructorCallMutator,cacheRefElement,190,NO_COVERAGE,none
XMLMapperBuilder.java,org.apache.ibatis.builder.xml.XMLMapperBuilder,org.pitest.mutationtest.engine.gregor.mutators.NonVoidMethodCallMutator,cacheRefElement,189,NO_COVERAGE,none
XMLMapperBuilder.java,org.apache.ibatis.builder.xml.XMLMapperBuilder,org.pitest.mutationtest.engine.gregor.mutators.NonVoidMethodCallMutator,cacheRefElement,189,NO_COVERAGE,none
XMLMapperBuilder.java,org.apache.ibatis.builder.xml.XMLMapperBuilder,org.pitest.mutationtest.engine.gregor.mutators.NonVoidMethodCallMutator,cacheRefElement,190,NO_COVERAGE,none
XMLMapperBuilder.java,org.apache.ibatis.builder.xml.XMLMapperBuilder,org.pitest.mutationtest.engine.gregor.mutators.NonVoidMethodCallMutator,cacheRefElement,192,NO_COVERAGE,none
XMLMapperBuilder.java,org.apache.ibatis.builder.xml.XMLMapperBuilder,org.pitest.mutationtest.engine.gregor.mutators.VoidMethodCallMutator,cacheRefElement,189,NO_COVERAGE,none
XMLMapperBuilder.java,org.apache.ibatis.builder.xml.XMLMapperBuilder,org.pitest.mutationtest.engine.gregor.mutators.VoidMethodCallMutator,cacheRefElement,194,NO_COVERAGE,none
XMLMapperBuilder.java,org.apache.ibatis.builder.xml.XMLMapperBuilder,org.pitest.mutationtest.engine.gregor.mutators.ConstructorCallMutator,configurationElement,110,NO_COVERAGE,none
XMLMapperBuilder.java,org.apache.ibatis.builder.xml.XMLMapperBuilder,org.pitest.mutationtest.engine.gregor.mutators.ConstructorCallMutator,configurationElement,120,NO_COVERAGE,none
XMLMapperBuilder.java,org.apache.ibatis.builder.xml.XMLMapperBuilder,org.pitest.mutationtest.engine.gregor.mutators.ConstructorCallMutator,configurationElement,120,NO_COVERAGE,none
XMLMapperBuilder.java,org.apache.ibatis.builder.xml.XMLMapperBuilder,org.pitest.mutationtest.engine.gregor.mutators.NonVoidMethodCallMutator,configurationElement,108,KILLED,org.apache.ibatis.submitted.extend.ExtendTest.org.apache.ibatis.submitted.extend.ExtendTest
XMLMapperBuilder.java,org.apache.ibatis.builder.xml.XMLMapperBuilder,org.pitest.mutationtest.engine.gregor.mutators.NonVoidMethodCallMutator,configurationElement,114,KILLED,org.apache.ibatis.submitted.extend.ExtendTest.org.apache.ibatis.submitted.extend.ExtendTest
XMLMapperBuilder.java,org.apache.ibatis.builder.xml.XMLMapperBuilder,org.pitest.mutationtest.engine.gregor.mutators.NonVoidMethodCallMutator,configurationElement,120,NO_COVERAGE,none
XMLMapperBuilder.java,org.apache.ibatis.builder.xml.XMLMapperBuilder,org.pitest.mutationtest.engine.gregor.mutators.NonVoidMethodCallMutator,configurationElement,120,NO_COVERAGE,none
XMLMapperBuilder.java,org.apache.ibatis.builder.xml.XMLMapperBuilder,org.pitest.mutationtest.engine.gregor.mutators.NonVoidMethodCallMutator,configurationElement,120,NO_COVERAGE,none
XMLMapperBuilder.java,org.apache.ibatis.builder.xml.XMLMapperBuilder,org.pitest.mutationtest.engine.gregor.mutators.RemoveConditionalMutator_EQUAL_IF,configurationElement,109,KILLED,org.apache.ibatis.submitted.extend.ExtendTest.org.apache.ibatis.submitted.extend.ExtendTest
XMLMapperBuilder.java,org.apache.ibatis.builder.xml.XMLMapperBuilder,org.pitest.mutationtest.engine.gregor.mutators.VoidMethodCallMutator,configurationElement,114,KILLED,org.apache.ibatis.submitted.extend.ExtendTest.org.apache.ibatis.submitted.extend.ExtendTest
XMLMapperBuilder.java,org.apache.ibatis.builder.xml.XMLMapperBuilder,org.pitest.mutationtest.engine.gregor.mutators.VoidMethodCallMutator,configurationElement,116,KILLED,org.apache.ibatis.submitted.extend.ExtendTest.org.apache.ibatis.submitted.extend.ExtendTest
XMLMapperBuilder.java,org.apache.ibatis.builder.xml.XMLMapperBuilder,org.pitest.mutationtest.engine.gregor.mutators.VoidMethodCallMutator,configurationElement,117,KILLED,org.apache.ibatis.submitted.extend.ExtendTest.org.apache.ibatis.submitted.extend.ExtendTest
XMLMapperBuilder.java,org.apache.ibatis.builder.xml.XMLMapperBuilder,org.pitest.mutationtest.engine.gregor.mutators.VoidMethodCallMutator,configurationElement,118,KILLED,org.apache.ibatis.submitted.extend.ExtendTest.org.apache.ibatis.submitted.extend.ExtendTest
XMLMapperBuilder.java,org.apache.ibatis.builder.xml.XMLMapperBuilder,org.pitest.mutationtest.engine.gregor.mutators.ArgumentPropagationMutator,databaseIdMatchesCurrent,351,NO_COVERAGE,none
XMLMapperBuilder.java,org.apache.ibatis.builder.xml.XMLMapperBuilder,org.pitest.mutationtest.engine.gregor.mutators.ArgumentPropagationMutator,databaseIdMatchesCurrent,352,NO_COVERAGE,none
XMLMapperBuilder.java,org.apache.ibatis.builder.xml.XMLMapperBuilder,org.pitest.mutationtest.engine.gregor.mutators.InlineConstantMutator,databaseIdMatchesCurrent,343,NO_COVERAGE,none
XMLMapperBuilder.java,org.apache.ibatis.builder.xml.XMLMapperBuilder,org.pitest.mutationtest.engine.gregor.mutators.InlineConstantMutator,databaseIdMatchesCurrent,347,NO_COVERAGE,none
XMLMapperBuilder.java,org.apache.ibatis.builder.xml.XMLMapperBuilder,org.pitest.mutationtest.engine.gregor.mutators.InlineConstantMutator,databaseIdMatchesCurrent,353,NO_COVERAGE,none
XMLMapperBuilder.java,org.apache.ibatis.builder.xml.XMLMapperBuilder,org.pitest.mutationtest.engine.gregor.mutators.NegateConditionalsMutator,databaseIdMatchesCurrent,342,NO_COVERAGE,none
XMLMapperBuilder.java,org.apache.ibatis.builder.xml.XMLMapperBuilder,org.pitest.mutationtest.engine.gregor.mutators.NegateConditionalsMutator,databaseIdMatchesCurrent,350,NO_COVERAGE,none
XMLMapperBuilder.java,org.apache.ibatis.builder.xml.XMLMapperBuilder,org.pitest.mutationtest.engine.gregor.mutators.NegateConditionalsMutator,databaseIdMatchesCurrent,352,NO_COVERAGE,none
XMLMapperBuilder.java,org.apache.ibatis.builder.xml.XMLMapperBuilder,org.pitest.mutationtest.engine.gregor.mutators.NonVoidMethodCallMutator,databaseIdMatchesCurrent,342,NO_COVERAGE,none
XMLMapperBuilder.java,org.apache.ibatis.builder.xml.XMLMapperBuilder,org.pitest.mutationtest.engine.gregor.mutators.NonVoidMethodCallMutator,databaseIdMatchesCurrent,351,NO_COVERAGE,none
XMLMapperBuilder.java,org.apache.ibatis.builder.xml.XMLMapperBuilder,org.pitest.mutationtest.engine.gregor.mutators.NonVoidMethodCallMutator,databaseIdMatchesCurrent,352,NO_COVERAGE,none
XMLMapperBuilder.java,org.apache.ibatis.builder.xml.XMLMapperBuilder,org.pitest.mutationtest.engine.gregor.mutators.RemoveConditionalMutator_EQUAL_ELSE,databaseIdMatchesCurrent,342,NO_COVERAGE,none
XMLMapperBuilder.java,org.apache.ibatis.builder.xml.XMLMapperBuilder,org.pitest.mutationtest.engine.gregor.mutators.RemoveConditionalMutator_EQUAL_ELSE,databaseIdMatchesCurrent,352,NO_COVERAGE,none
XMLMapperBuilder.java,org.apache.ibatis.builder.xml.XMLMapperBuilder,org.pitest.mutationtest.engine.gregor.mutators.RemoveConditionalMutator_EQUAL_IF,databaseIdMatchesCurrent,341,NO_COVERAGE,none
XMLMapperBuilder.java,org.apache.ibatis.builder.xml.XMLMapperBuilder,org.pitest.mutationtest.engine.gregor.mutators.RemoveConditionalMutator_EQUAL_IF,databaseIdMatchesCurrent,342,NO_COVERAGE,none
XMLMapperBuilder.java,org.apache.ibatis.builder.xml.XMLMapperBuilder,org.pitest.mutationtest.engine.gregor.mutators.RemoveConditionalMutator_EQUAL_IF,databaseIdMatchesCurrent,346,NO_COVERAGE,none
XMLMapperBuilder.java,org.apache.ibatis.builder.xml.XMLMapperBuilder,org.pitest.mutationtest.engine.gregor.mutators.RemoveConditionalMutator_EQUAL_IF,databaseIdMatchesCurrent,350,NO_COVERAGE,none
XMLMapperBuilder.java,org.apache.ibatis.builder.xml.XMLMapperBuilder,org.pitest.mutationtest.engine.gregor.mutators.RemoveConditionalMutator_EQUAL_IF,databaseIdMatchesCurrent,352,NO_COVERAGE,none
XMLMapperBuilder.java,org.apache.ibatis.builder.xml.XMLMapperBuilder,org.pitest.mutationtest.engine.gregor.mutators.ReturnValsMutator,databaseIdMatchesCurrent,343,NO_COVERAGE,none
XMLMapperBuilder.java,org.apache.ibatis.builder.xml.XMLMapperBuilder,org.pitest.mutationtest.engine.gregor.mutators.ReturnValsMutator,databaseIdMatchesCurrent,347,NO_COVERAGE,none
XMLMapperBuilder.java,org.apache.ibatis.builder.xml.XMLMapperBuilder,org.pitest.mutationtest.engine.gregor.mutators.ReturnValsMutator,databaseIdMatchesCurrent,353,NO_COVERAGE,none
XMLMapperBuilder.java,org.apache.ibatis.builder.xml.XMLMapperBuilder,org.pitest.mutationtest.engine.gregor.mutators.ArgumentPropagationMutator,getSqlFragment,103,NO_COVERAGE,none
XMLMapperBuilder.java,org.apache.ibatis.builder.xml.XMLMapperBuilder,org.pitest.mutationtest.engine.gregor.mutators.NonVoidMethodCallMutator,getSqlFragment,103,NO_COVERAGE,none
XMLMapperBuilder.java,org.apache.ibatis.builder.xml.XMLMapperBuilder,org.pitest.mutationtest.engine.gregor.mutators.ReturnValsMutator,getSqlFragment,103,NO_COVERAGE,none
XMLMapperBuilder.java,org.apache.ibatis.builder.xml.XMLMapperBuilder,org.pitest.mutationtest.engine.gregor.mutators.ArgumentPropagationMutator,parameterMapElement,216,NO_COVERAGE,none
XMLMapperBuilder.java,org.apache.ibatis.builder.xml.XMLMapperBuilder,org.pitest.mutationtest.engine.gregor.mutators.ArgumentPropagationMutator,parameterMapElement,217,NO_COVERAGE,none
XMLMapperBuilder.java,org.apache.ibatis.builder.xml.XMLMapperBuilder,org.pitest.mutationtest.engine.gregor.mutators.ArgumentPropagationMutator,parameterMapElement,222,NO_COVERAGE,none
XMLMapperBuilder.java,org.apache.ibatis.builder.xml.XMLMapperBuilder,org.pitest.mutationtest.engine.gregor.mutators.ArgumentPropagationMutator,parameterMapElement,223,NO_COVERAGE,none
XMLMapperBuilder.java,org.apache.ibatis.builder.xml.XMLMapperBuilder,org.pitest.mutationtest.engine.gregor.mutators.ArgumentPropagationMutator,parameterMapElement,224,NO_COVERAGE,none
XMLMapperBuilder.java,org.apache.ibatis.builder.xml.XMLMapperBuilder,org.pitest.mutationtest.engine.gregor.mutators.ArgumentPropagationMutator,parameterMapElement,225,NO_COVERAGE,none
XMLMapperBuilder.java,org.apache.ibatis.builder.xml.XMLMapperBuilder,org.pitest.mutationtest.engine.gregor.mutators.ArgumentPropagationMutator,parameterMapElement,226,NO_COVERAGE,none
XMLMapperBuilder.java,org.apache.ibatis.builder.xml.XMLMapperBuilder,org.pitest.mutationtest.engine.gregor.mutators.ArgumentPropagationMutator,parameterMapElement,227,NO_COVERAGE,none
XMLMapperBuilder.java,org.apache.ibatis.builder.xml.XMLMapperBuilder,org.pitest.mutationtest.engine.gregor.mutators.ConstructorCallMutator,parameterMapElement,220,NO_COVERAGE,none
XMLMapperBuilder.java,org.apache.ibatis.builder.xml.XMLMapperBuilder,org.pitest.mutationtest.engine.gregor.mutators.NegateConditionalsMutator,parameterMapElement,221,NO_COVERAGE,none
XMLMapperBuilder.java,org.apache.ibatis.builder.xml.XMLMapperBuilder,org.pitest.mutationtest.engine.gregor.mutators.NonVoidMethodCallMutator,parameterMapElement,215,KILLED,org.apache.ibatis.submitted.extend.ExtendTest.org.apache.ibatis.submitted.extend.ExtendTest
XMLMapperBuilder.java,org.apache.ibatis.builder.xml.XMLMapperBuilder,org.pitest.mutationtest.engine.gregor.mutators.NonVoidMethodCallMutator,parameterMapElement,216,NO_COVERAGE,none
XMLMapperBuilder.java,org.apache.ibatis.builder.xml.XMLMapperBuilder,org.pitest.mutationtest.engine.gregor.mutators.NonVoidMethodCallMutator,parameterMapElement,217,NO_COVERAGE,none
XMLMapperBuilder.java,org.apache.ibatis.builder.xml.XMLMapperBuilder,org.pitest.mutationtest.engine.gregor.mutators.NonVoidMethodCallMutator,parameterMapElement,218,NO_COVERAGE,none
XMLMapperBuilder.java,org.apache.ibatis.builder.xml.XMLMapperBuilder,org.pitest.mutationtest.engine.gregor.mutators.NonVoidMethodCallMutator,parameterMapElement,219,NO_COVERAGE,none
XMLMapperBuilder.java,org.apache.ibatis.builder.xml.XMLMapperBuilder,org.pitest.mutationtest.engine.gregor.mutators.NonVoidMethodCallMutator,parameterMapElement,221,NO_COVERAGE,none
XMLMapperBuilder.java,org.apache.ibatis.builder.xml.XMLMapperBuilder,org.pitest.mutationtest.engine.gregor.mutators.NonVoidMethodCallMutator,parameterMapElement,221,NO_COVERAGE,none
XMLMapperBuilder.java,org.apache.ibatis.builder.xml.XMLMapperBuilder,org.pitest.mutationtest.engine.gregor.mutators.NonVoidMethodCallMutator,parameterMapElement,221,NO_COVERAGE,none
XMLMapperBuilder.java,org.apache.ibatis.builder.xml.XMLMapperBuilder,org.pitest.mutationtest.engine.gregor.mutators.NonVoidMethodCallMutator,parameterMapElement,222,NO_COVERAGE,none
XMLMapperBuilder.java,org.apache.ibatis.builder.xml.XMLMapperBuilder,org.pitest.mutationtest.engine.gregor.mutators.NonVoidMethodCallMutator,parameterMapElement,223,NO_COVERAGE,none
XMLMapperBuilder.java,org.apache.ibatis.builder.xml.XMLMapperBuilder,org.pitest.mutationtest.engine.gregor.mutators.NonVoidMethodCallMutator,parameterMapElement,224,NO_COVERAGE,none
XMLMapperBuilder.java,org.apache.ibatis.builder.xml.XMLMapperBuilder,org.pitest.mutationtest.engine.gregor.mutators.NonVoidMethodCallMutator,parameterMapElement,225,NO_COVERAGE,none
XMLMapperBuilder.java,org.apache.ibatis.builder.xml.XMLMapperBuilder,org.pitest.mutationtest.engine.gregor.mutators.NonVoidMethodCallMutator,parameterMapElement,226,NO_COVERAGE,none
XMLMapperBuilder.java,org.apache.ibatis.builder.xml.XMLMapperBuilder,org.pitest.mutationtest.engine.gregor.mutators.NonVoidMethodCallMutator,parameterMapElement,227,NO_COVERAGE,none
XMLMapperBuilder.java,org.apache.ibatis.builder.xml.XMLMapperBuilder,org.pitest.mutationtest.engine.gregor.mutators.NonVoidMethodCallMutator,parameterMapElement,228,NO_COVERAGE,none
XMLMapperBuilder.java,org.apache.ibatis.builder.xml.XMLMapperBuilder,org.pitest.mutationtest.engine.gregor.mutators.NonVoidMethodCallMutator,parameterMapElement,229,NO_COVERAGE,none
XMLMapperBuilder.java,org.apache.ibatis.builder.xml.XMLMapperBuilder,org.pitest.mutationtest.engine.gregor.mutators.NonVoidMethodCallMutator,parameterMapElement,230,NO_COVERAGE,none
XMLMapperBuilder.java,org.apache.ibatis.builder.xml.XMLMapperBuilder,org.pitest.mutationtest.engine.gregor.mutators.NonVoidMethodCallMutator,parameterMapElement,231,NO_COVERAGE,none
XMLMapperBuilder.java,org.apache.ibatis.builder.xml.XMLMapperBuilder,org.pitest.mutationtest.engine.gregor.mutators.NonVoidMethodCallMutator,parameterMapElement,233,NO_COVERAGE,none
XMLMapperBuilder.java,org.apache.ibatis.builder.xml.XMLMapperBuilder,org.pitest.mutationtest.engine.gregor.mutators.NonVoidMethodCallMutator,parameterMapElement,234,NO_COVERAGE,none
XMLMapperBuilder.java,org.apache.ibatis.builder.xml.XMLMapperBuilder,org.pitest.mutationtest.engine.gregor.mutators.NonVoidMethodCallMutator,parameterMapElement,235,NO_COVERAGE,none
XMLMapperBuilder.java,org.apache.ibatis.builder.xml.XMLMapperBuilder,org.pitest.mutationtest.engine.gregor.mutators.NonVoidMethodCallMutator,parameterMapElement,237,NO_COVERAGE,none
XMLMapperBuilder.java,org.apache.ibatis.builder.xml.XMLMapperBuilder,org.pitest.mutationtest.engine.gregor.mutators.RemoveConditionalMutator_EQUAL_ELSE,parameterMapElement,215,KILLED,org.apache.ibatis.submitted.extend.ExtendTest.org.apache.ibatis.submitted.extend.ExtendTest
XMLMapperBuilder.java,org.apache.ibatis.builder.xml.XMLMapperBuilder,org.pitest.mutationtest.engine.gregor.mutators.RemoveConditionalMutator_EQUAL_ELSE,parameterMapElement,221,NO_COVERAGE,none
XMLMapperBuilder.java,org.apache.ibatis.builder.xml.XMLMapperBuilder,org.pitest.mutationtest.engine.gregor.mutators.RemoveConditionalMutator_EQUAL_IF,parameterMapElement,221,NO_COVERAGE,none
XMLMapperBuilder.java,org.apache.ibatis.builder.xml.XMLMapperBuilder,org.pitest.mutationtest.engine.gregor.mutators.VoidMethodCallMutator,parse,93,KILLED,org.apache.ibatis.submitted.extend.ExtendTest.org.apache.ibatis.submitted.extend.ExtendTest
XMLMapperBuilder.java,org.apache.ibatis.builder.xml.XMLMapperBuilder,org.pitest.mutationtest.engine.gregor.mutators.VoidMethodCallMutator,parse,94,KILLED,org.apache.ibatis.submitted.extend.ExtendTest.org.apache.ibatis.submitted.extend.ExtendTest
XMLMapperBuilder.java,org.apache.ibatis.builder.xml.XMLMapperBuilder,org.pitest.mutationtest.engine.gregor.mutators.NegateConditionalsMutator,parsePendingChacheRefs,161,KILLED,org.apache.ibatis.submitted.extend.ExtendTest.org.apache.ibatis.submitted.extend.ExtendTest
XMLMapperBuilder.java,org.apache.ibatis.builder.xml.XMLMapperBuilder,org.pitest.mutationtest.engine.gregor.mutators.NonVoidMethodCallMutator,parsePendingChacheRefs,158,KILLED,org.apache.ibatis.submitted.extend.ExtendTest.org.apache.ibatis.submitted.extend.ExtendTest
XMLMapperBuilder.java,org.apache.ibatis.builder.xml.XMLMapperBuilder,org.pitest.mutationtest.engine.gregor.mutators.NonVoidMethodCallMutator,parsePendingChacheRefs,163,NO_COVERAGE,none
XMLMapperBuilder.java,org.apache.ibatis.builder.xml.XMLMapperBuilder,org.pitest.mutationtest.engine.gregor.mutators.NonVoidMethodCallMutator,parsePendingChacheRefs,163,NO_COVERAGE,none
XMLMapperBuilder.java,org.apache.ibatis.builder.xml.XMLMapperBuilder,org.pitest.mutationtest.engine.gregor.mutators.RemoveConditionalMutator_EQUAL_ELSE,parsePendingChacheRefs,161,KILLED,org.apache.ibatis.submitted.extend.ExtendTest.org.apache.ibatis.submitted.extend.ExtendTest
XMLMapperBuilder.java,org.apache.ibatis.builder.xml.XMLMapperBuilder,org.pitest.mutationtest.engine.gregor.mutators.VoidMethodCallMutator,parsePendingChacheRefs,164,NO_COVERAGE,none
XMLMapperBuilder.java,org.apache.ibatis.builder.xml.XMLMapperBuilder,org.pitest.mutationtest.engine.gregor.mutators.NonVoidMethodCallMutator,parsePendingResultMaps,146,KILLED,org.apache.ibatis.submitted.extend.ExtendTest.org.apache.ibatis.submitted.extend.ExtendTest
XMLMapperBuilder.java,org.apache.ibatis.builder.xml.XMLMapperBuilder,org.pitest.mutationtest.engine.gregor.mutators.NonVoidMethodCallMutator,parsePendingResultMaps,148,NO_COVERAGE,none
XMLMapperBuilder.java,org.apache.ibatis.builder.xml.XMLMapperBuilder,org.pitest.mutationtest.engine.gregor.mutators.NonVoidMethodCallMutator,parsePendingResultMaps,148,NO_COVERAGE,none
XMLMapperBuilder.java,org.apache.ibatis.builder.xml.XMLMapperBuilder,org.pitest.mutationtest.engine.gregor.mutators.RemoveConditionalMutator_EQUAL_ELSE,parsePendingResultMaps,146,KILLED,org.apache.ibatis.submitted.extend.ExtendTest.org.apache.ibatis.submitted.extend.ExtendTest
XMLMapperBuilder.java,org.apache.ibatis.builder.xml.XMLMapperBuilder,org.pitest.mutationtest.engine.gregor.mutators.VoidMethodCallMutator,parsePendingResultMaps,149,NO_COVERAGE,none
XMLMapperBuilder.java,org.apache.ibatis.builder.xml.XMLMapperBuilder,org.pitest.mutationtest.engine.gregor.mutators.NonVoidMethodCallMutator,parsePendingStatements,173,KILLED,org.apache.ibatis.submitted.extend.ExtendTest.org.apache.ibatis.submitted.extend.ExtendTest
XMLMapperBuilder.java,org.apache.ibatis.builder.xml.XMLMapperBuilder,org.pitest.mutationtest.engine.gregor.mutators.NonVoidMethodCallMutator,parsePendingStatements,178,NO_COVERAGE,none
XMLMapperBuilder.java,org.apache.ibatis.builder.xml.XMLMapperBuilder,org.pitest.mutationtest.engine.gregor.mutators.VoidMethodCallMutator,parsePendingStatements,178,NO_COVERAGE,none
XMLMapperBuilder.java,org.apache.ibatis.builder.xml.XMLMapperBuilder,org.pitest.mutationtest.engine.gregor.mutators.VoidMethodCallMutator,parsePendingStatements,179,NO_COVERAGE,none
XMLMapperBuilder.java,org.apache.ibatis.builder.xml.XMLMapperBuilder,org.pitest.mutationtest.engine.gregor.mutators.ConstructorCallMutator,processConstructorElement,295,NO_COVERAGE,none
XMLMapperBuilder.java,org.apache.ibatis.builder.xml.XMLMapperBuilder,org.pitest.mutationtest.engine.gregor.mutators.NegateConditionalsMutator,processConstructorElement,294,NO_COVERAGE,none
XMLMapperBuilder.java,org.apache.ibatis.builder.xml.XMLMapperBuilder,org.pitest.mutationtest.engine.gregor.mutators.NegateConditionalsMutator,processConstructorElement,297,NO_COVERAGE,none
XMLMapperBuilder.java,org.apache.ibatis.builder.xml.XMLMapperBuilder,org.pitest.mutationtest.engine.gregor.mutators.NonVoidMethodCallMutator,processConstructorElement,293,NO_COVERAGE,none
XMLMapperBuilder.java,org.apache.ibatis.builder.xml.XMLMapperBuilder,org.pitest.mutationtest.engine.gregor.mutators.NonVoidMethodCallMutator,processConstructorElement,294,NO_COVERAGE,none
XMLMapperBuilder.java,org.apache.ibatis.builder.xml.XMLMapperBuilder,org.pitest.mutationtest.engine.gregor.mutators.NonVoidMethodCallMutator,processConstructorElement,294,NO_COVERAGE,none
XMLMapperBuilder.java,org.apache.ibatis.builder.xml.XMLMapperBuilder,org.pitest.mutationtest.engine.gregor.mutators.NonVoidMethodCallMutator,processConstructorElement,294,NO_COVERAGE,none
XMLMapperBuilder.java,org.apache.ibatis.builder.xml.XMLMapperBuilder,org.pitest.mutationtest.engine.gregor.mutators.NonVoidMethodCallMutator,processConstructorElement,296,NO_COVERAGE,none
XMLMapperBuilder.java,org.apache.ibatis.builder.xml.XMLMapperBuilder,org.pitest.mutationtest.engine.gregor.mutators.NonVoidMethodCallMutator,processConstructorElement,297,NO_COVERAGE,none
XMLMapperBuilder.java,org.apache.ibatis.builder.xml.XMLMapperBuilder,org.pitest.mutationtest.engine.gregor.mutators.NonVoidMethodCallMutator,processConstructorElement,297,NO_COVERAGE,none
XMLMapperBuilder.java,org.apache.ibatis.builder.xml.XMLMapperBuilder,org.pitest.mutationtest.engine.gregor.mutators.NonVoidMethodCallMutator,processConstructorElement,298,NO_COVERAGE,none
XMLMapperBuilder.java,org.apache.ibatis.builder.xml.XMLMapperBuilder,org.pitest.mutationtest.engine.gregor.mutators.NonVoidMethodCallMutator,processConstructorElement,300,NO_COVERAGE,none
XMLMapperBuilder.java,org.apache.ibatis.builder.xml.XMLMapperBuilder,org.pitest.mutationtest.engine.gregor.mutators.NonVoidMethodCallMutator,processConstructorElement,300,NO_COVERAGE,none
XMLMapperBuilder.java,org.apache.ibatis.builder.xml.XMLMapperBuilder,org.pitest.mutationtest.engine.gregor.mutators.RemoveConditionalMutator_EQUAL_ELSE,processConstructorElement,294,NO_COVERAGE,none
XMLMapperBuilder.java,org.apache.ibatis.builder.xml.XMLMapperBuilder,org.pitest.mutationtest.engine.gregor.mutators.RemoveConditionalMutator_EQUAL_ELSE,processConstructorElement,297,NO_COVERAGE,none
XMLMapperBuilder.java,org.apache.ibatis.builder.xml.XMLMapperBuilder,org.pitest.mutationtest.engine.gregor.mutators.RemoveConditionalMutator_EQUAL_IF,processConstructorElement,294,NO_COVERAGE,none
XMLMapperBuilder.java,org.apache.ibatis.builder.xml.XMLMapperBuilder,org.pitest.mutationtest.engine.gregor.mutators.RemoveConditionalMutator_EQUAL_IF,processConstructorElement,297,NO_COVERAGE,none
XMLMapperBuilder.java,org.apache.ibatis.builder.xml.XMLMapperBuilder,org.pitest.mutationtest.engine.gregor.mutators.ArgumentPropagationMutator,processDiscriminatorElement,305,NO_COVERAGE,none
XMLMapperBuilder.java,org.apache.ibatis.builder.xml.XMLMapperBuilder,org.pitest.mutationtest.engine.gregor.mutators.ArgumentPropagationMutator,processDiscriminatorElement,306,NO_COVERAGE,none
XMLMapperBuilder.java,org.apache.ibatis.builder.xml.XMLMapperBuilder,org.pitest.mutationtest.engine.gregor.mutators.ArgumentPropagationMutator,processDiscriminatorElement,307,NO_COVERAGE,none
XMLMapperBuilder.java,org.apache.ibatis.builder.xml.XMLMapperBuilder,org.pitest.mutationtest.engine.gregor.mutators.ArgumentPropagationMutator,processDiscriminatorElement,308,NO_COVERAGE,none
XMLMapperBuilder.java,org.apache.ibatis.builder.xml.XMLMapperBuilder,org.pitest.mutationtest.engine.gregor.mutators.ArgumentPropagationMutator,processDiscriminatorElement,315,NO_COVERAGE,none
XMLMapperBuilder.java,org.apache.ibatis.builder.xml.XMLMapperBuilder,org.pitest.mutationtest.engine.gregor.mutators.ArgumentPropagationMutator,processDiscriminatorElement,316,NO_COVERAGE,none
XMLMapperBuilder.java,org.apache.ibatis.builder.xml.XMLMapperBuilder,org.pitest.mutationtest.engine.gregor.mutators.ArgumentPropagationMutator,processDiscriminatorElement,317,NO_COVERAGE,none
XMLMapperBuilder.java,org.apache.ibatis.builder.xml.XMLMapperBuilder,org.pitest.mutationtest.engine.gregor.mutators.ConstructorCallMutator,processDiscriminatorElement,313,NO_COVERAGE,none
XMLMapperBuilder.java,org.apache.ibatis.builder.xml.XMLMapperBuilder,org.pitest.mutationtest.engine.gregor.mutators.NegateConditionalsMutator,processDiscriminatorElement,314,NO_COVERAGE,none
XMLMapperBuilder.java,org.apache.ibatis.builder.xml.XMLMapperBuilder,org.pitest.mutationtest.engine.gregor.mutators.NonVoidMethodCallMutator,processDiscriminatorElement,305,NO_COVERAGE,none
XMLMapperBuilder.java,org.apache.ibatis.builder.xml.XMLMapperBuilder,org.pitest.mutationtest.engine.gregor.mutators.NonVoidMethodCallMutator,processDiscriminatorElement,306,NO_COVERAGE,none
XMLMapperBuilder.java,org.apache.ibatis.builder.xml.XMLMapperBuilder,org.pitest.mutationtest.engine.gregor.mutators.NonVoidMethodCallMutator,processDiscriminatorElement,307,NO_COVERAGE,none
XMLMapperBuilder.java,org.apache.ibatis.builder.xml.XMLMapperBuilder,org.pitest.mutationtest.engine.gregor.mutators.NonVoidMethodCallMutator,processDiscriminatorElement,308,NO_COVERAGE,none
XMLMapperBuilder.java,org.apache.ibatis.builder.xml.XMLMapperBuilder,org.pitest.mutationtest.engine.gregor.mutators.NonVoidMethodCallMutator,processDiscriminatorElement,309,NO_COVERAGE,none
XMLMapperBuilder.java,org.apache.ibatis.builder.xml.XMLMapperBuilder,org.pitest.mutationtest.engine.gregor.mutators.NonVoidMethodCallMutator,processDiscriminatorElement,311,NO_COVERAGE,none
XMLMapperBuilder.java,org.apache.ibatis.builder.xml.XMLMapperBuilder,org.pitest.mutationtest.engine.gregor.mutators.NonVoidMethodCallMutator,processDiscriminatorElement,312,NO_COVERAGE,none
XMLMapperBuilder.java,org.apache.ibatis.builder.xml.XMLMapperBuilder,org.pitest.mutationtest.engine.gregor.mutators.NonVoidMethodCallMutator,processDiscriminatorElement,314,NO_COVERAGE,none
XMLMapperBuilder.java,org.apache.ibatis.builder.xml.XMLMapperBuilder,org.pitest.mutationtest.engine.gregor.mutators.NonVoidMethodCallMutator,processDiscriminatorElement,314,NO_COVERAGE,none
XMLMapperBuilder.java,org.apache.ibatis.builder.xml.XMLMapperBuilder,org.pitest.mutationtest.engine.gregor.mutators.NonVoidMethodCallMutator,processDiscriminatorElement,314,NO_COVERAGE,none
XMLMapperBuilder.java,org.apache.ibatis.builder.xml.XMLMapperBuilder,org.pitest.mutationtest.engine.gregor.mutators.NonVoidMethodCallMutator,processDiscriminatorElement,314,NO_COVERAGE,none
XMLMapperBuilder.java,org.apache.ibatis.builder.xml.XMLMapperBuilder,org.pitest.mutationtest.engine.gregor.mutators.NonVoidMethodCallMutator,processDiscriminatorElement,315,NO_COVERAGE,none
XMLMapperBuilder.java,org.apache.ibatis.builder.xml.XMLMapperBuilder,org.pitest.mutationtest.engine.gregor.mutators.NonVoidMethodCallMutator,processDiscriminatorElement,316,NO_COVERAGE,none
XMLMapperBuilder.java,org.apache.ibatis.builder.xml.XMLMapperBuilder,org.pitest.mutationtest.engine.gregor.mutators.NonVoidMethodCallMutator,processDiscriminatorElement,316,NO_COVERAGE,none
XMLMapperBuilder.java,org.apache.ibatis.builder.xml.XMLMapperBuilder,org.pitest.mutationtest.engine.gregor.mutators.NonVoidMethodCallMutator,processDiscriminatorElement,317,NO_COVERAGE,none
XMLMapperBuilder.java,org.apache.ibatis.builder.xml.XMLMapperBuilder,org.pitest.mutationtest.engine.gregor.mutators.NonVoidMethodCallMutator,processDiscriminatorElement,319,NO_COVERAGE,none
XMLMapperBuilder.java,org.apache.ibatis.builder.xml.XMLMapperBuilder,org.pitest.mutationtest.engine.gregor.mutators.RemoveConditionalMutator_EQUAL_ELSE,processDiscriminatorElement,314,NO_COVERAGE,none
XMLMapperBuilder.java,org.apache.ibatis.builder.xml.XMLMapperBuilder,org.pitest.mutationtest.engine.gregor.mutators.RemoveConditionalMutator_EQUAL_IF,processDiscriminatorElement,314,NO_COVERAGE,none
XMLMapperBuilder.java,org.apache.ibatis.builder.xml.XMLMapperBuilder,org.pitest.mutationtest.engine.gregor.mutators.ReturnValsMutator,processDiscriminatorElement,319,NO_COVERAGE,none
XMLMapperBuilder.java,org.apache.ibatis.builder.xml.XMLMapperBuilder,org.pitest.mutationtest.engine.gregor.mutators.ArgumentPropagationMutator,processNestedResultMappings,390,NO_COVERAGE,none
XMLMapperBuilder.java,org.apache.ibatis.builder.xml.XMLMapperBuilder,org.pitest.mutationtest.engine.gregor.mutators.NegateConditionalsMutator,processNestedResultMappings,390,NO_COVERAGE,none
XMLMapperBuilder.java,org.apache.ibatis.builder.xml.XMLMapperBuilder,org.pitest.mutationtest.engine.gregor.mutators.NonVoidMethodCallMutator,processNestedResultMappings,388,KILLED,org.apache.ibatis.submitted.extend.ExtendTest.org.apache.ibatis.submitted.extend.ExtendTest
XMLMapperBuilder.java,org.apache.ibatis.builder.xml.XMLMapperBuilder,org.pitest.mutationtest.engine.gregor.mutators.NonVoidMethodCallMutator,processNestedResultMappings,388,KILLED,org.apache.ibatis.submitted.extend.ExtendTest.org.apache.ibatis.submitted.extend.ExtendTest
XMLMapperBuilder.java,org.apache.ibatis.builder.xml.XMLMapperBuilder,org.pitest.mutationtest.engine.gregor.mutators.NonVoidMethodCallMutator,processNestedResultMappings,389,KILLED,org.apache.ibatis.submitted.extend.ExtendTest.org.apache.ibatis.submitted.extend.ExtendTest
XMLMapperBuilder.java,org.apache.ibatis.builder.xml.XMLMapperBuilder,org.pitest.mutationtest.engine.gregor.mutators.NonVoidMethodCallMutator,processNestedResultMappings,390,NO_COVERAGE,none
XMLMapperBuilder.java,org.apache.ibatis.builder.xml.XMLMapperBuilder,org.pitest.mutationtest.engine.gregor.mutators.NonVoidMethodCallMutator,processNestedResultMappings,391,NO_COVERAGE,none
XMLMapperBuilder.java,org.apache.ibatis.builder.xml.XMLMapperBuilder,org.pitest.mutationtest.engine.gregor.mutators.NonVoidMethodCallMutator,processNestedResultMappings,392,NO_COVERAGE,none
XMLMapperBuilder.java,org.apache.ibatis.builder.xml.XMLMapperBuilder,org.pitest.mutationtest.engine.gregor.mutators.RemoveConditionalMutator_EQUAL_ELSE,processNestedResultMappings,389,KILLED,org.apache.ibatis.submitted.extend.ExtendTest.org.apache.ibatis.submitted.extend.ExtendTest
XMLMapperBuilder.java,org.apache.ibatis.builder.xml.XMLMapperBuilder,org.pitest.mutationtest.engine.gregor.mutators.RemoveConditionalMutator_EQUAL_ELSE,processNestedResultMappings,390,NO_COVERAGE,none
XMLMapperBuilder.java,org.apache.ibatis.builder.xml.XMLMapperBuilder,org.pitest.mutationtest.engine.gregor.mutators.RemoveConditionalMutator_EQUAL_IF,processNestedResultMappings,387,KILLED,org.apache.ibatis.submitted.extend.ExtendTest.org.apache.ibatis.submitted.extend.ExtendTest
XMLMapperBuilder.java,org.apache.ibatis.builder.xml.XMLMapperBuilder,org.pitest.mutationtest.engine.gregor.mutators.ReturnValsMutator,processNestedResultMappings,392,NO_COVERAGE,none
XMLMapperBuilder.java,org.apache.ibatis.builder.xml.XMLMapperBuilder,org.pitest.mutationtest.engine.gregor.mutators.ArgumentPropagationMutator,resultMapElement,262,KILLED,org.apache.ibatis.submitted.extend.ExtendTest.org.apache.ibatis.submitted.extend.ExtendTest
XMLMapperBuilder.java,org.apache.ibatis.builder.xml.XMLMapperBuilder,org.pitest.mutationtest.engine.gregor.mutators.ArgumentPropagationMutator,resultMapElement,263,KILLED,org.apache.ibatis.submitted.extend.ExtendTest.org.apache.ibatis.submitted.extend.ExtendTest
XMLMapperBuilder.java,org.apache.ibatis.builder.xml.XMLMapperBuilder,org.pitest.mutationtest.engine.gregor.mutators.ConstructorCallMutator,resultMapElement,267,KILLED,org.apache.ibatis.submitted.extend.ExtendTest.org.apache.ibatis.submitted.extend.ExtendTest
XMLMapperBuilder.java,org.apache.ibatis.builder.xml.XMLMapperBuilder,org.pitest.mutationtest.engine.gregor.mutators.NegateConditionalsMutator,resultMapElement,273,KILLED,org.apache.ibatis.submitted.extend.ExtendTest.org.apache.ibatis.submitted.extend.ExtendTest
XMLMapperBuilder.java,org.apache.ibatis.builder.xml.XMLMapperBuilder,org.pitest.mutationtest.engine.gregor.mutators.NegateConditionalsMutator,resultMapElement,277,KILLED,org.apache.ibatis.submitted.extend.ExtendTest.org.apache.ibatis.submitted.extend.ExtendTest
XMLMapperBuilder.java,org.apache.ibatis.builder.xml.XMLMapperBuilder,org.pitest.mutationtest.engine.gregor.mutators.NonVoidMethodCallMutator,resultMapElement,256,KILLED,org.apache.ibatis.submitted.extend.ExtendTest.org.apache.ibatis.submitted.extend.ExtendTest
XMLMapperBuilder.java,org.apache.ibatis.builder.xml.XMLMapperBuilder,org.pitest.mutationtest.engine.gregor.mutators.NonVoidMethodCallMutator,resultMapElement,256,KILLED,org.apache.ibatis.submitted.extend.ExtendTest.org.apache.ibatis.submitted.extend.ExtendTest
XMLMapperBuilder.java,org.apache.ibatis.builder.xml.XMLMapperBuilder,org.pitest.mutationtest.engine.gregor.mutators.NonVoidMethodCallMutator,resultMapElement,256,KILLED,org.apache.ibatis.submitted.extend.ExtendTest.org.apache.ibatis.submitted.extend.ExtendTest
XMLMapperBuilder.java,org.apache.ibatis.builder.xml.XMLMapperBuilder,org.pitest.mutationtest.engine.gregor.mutators.NonVoidMethodCallMutator,resultMapElement,268,KILLED,org.apache.ibatis.submitted.extend.ExtendTest.org.apache.ibatis.submitted.extend.ExtendTest
XMLMapperBuilder.java,org.apache.ibatis.builder.xml.XMLMapperBuilder,org.pitest.mutationtest.engine.gregor.mutators.NonVoidMethodCallMutator,resultMapElement,269,KILLED,org.apache.ibatis.submitted.extend.ExtendTest.org.apache.ibatis.submitted.extend.ExtendTest
XMLMapperBuilder.java,org.apache.ibatis.builder.xml.XMLMapperBuilder,org.pitest.mutationtest.engine.gregor.mutators.NonVoidMethodCallMutator,resultMapElement,270,KILLED,org.apache.ibatis.submitted.extend.ExtendTest.org.apache.ibatis.submitted.extend.ExtendTest
XMLMapperBuilder.java,org.apache.ibatis.builder.xml.XMLMapperBuilder,org.pitest.mutationtest.engine.gregor.mutators.NonVoidMethodCallMutator,resultMapElement,271,KILLED,org.apache.ibatis.submitted.extend.ExtendTest.org.apache.ibatis.submitted.extend.ExtendTest
XMLMapperBuilder.java,org.apache.ibatis.builder.xml.XMLMapperBuilder,org.pitest.mutationtest.engine.gregor.mutators.NonVoidMethodCallMutator,resultMapElement,273,KILLED,org.apache.ibatis.submitted.extend.ExtendTest.org.apache.ibatis.submitted.extend.ExtendTest
XMLMapperBuilder.java,org.apache.ibatis.builder.xml.XMLMapperBuilder,org.pitest.mutationtest.engine.gregor.mutators.NonVoidMethodCallMutator,resultMapElement,273,KILLED,org.apache.ibatis.submitted.extend.ExtendTest.org.apache.ibatis.submitted.extend.ExtendTest
XMLMapperBuilder.java,org.apache.ibatis.builder.xml.XMLMapperBuilder,org.pitest.mutationtest.engine.gregor.mutators.NonVoidMethodCallMutator,resultMapElement,274,NO_COVERAGE,none
XMLMapperBuilder.java,org.apache.ibatis.builder.xml.XMLMapperBuilder,org.pitest.mutationtest.engine.gregor.mutators.NonVoidMethodCallMutator,resultMapElement,277,KILLED,org.apache.ibatis.submitted.extend.ExtendTest.org.apache.ibatis.submitted.extend.ExtendTest
XMLMapperBuilder.java,org.apache.ibatis.builder.xml.XMLMapperBuilder,org.pitest.mutationtest.engine.gregor.mutators.NonVoidMethodCallMutator,resultMapElement,277,KILLED,org.apache.ibatis.submitted.extend.ExtendTest.org.apache.ibatis.submitted.extend.ExtendTest
XMLMapperBuilder.java,org.apache.ibatis.builder.xml.XMLMapperBuilder,org.pitest.mutationtest.engine.gregor.mutators.NonVoidMethodCallMutator,resultMapElement,280,KILLED,org.apache.ibatis.submitted.extend.ExtendTest.org.apache.ibatis.submitted.extend.ExtendTest
XMLMapperBuilder.java,org.apache.ibatis.builder.xml.XMLMapperBuilder,org.pitest.mutationtest.engine.gregor.mutators.RemoveConditionalMutator_EQUAL_ELSE,resultMapElement,277,KILLED,org.apache.ibatis.submitted.extend.ExtendTest.org.apache.ibatis.submitted.extend.ExtendTest
XMLMapperBuilder.java,org.apache.ibatis.builder.xml.XMLMapperBuilder,org.pitest.mutationtest.engine.gregor.mutators.VoidMethodCallMutator,resultMapElement,272,NO_COVERAGE,none
XMLMapperBuilder.java,org.apache.ibatis.builder.xml.XMLMapperBuilder,org.pitest.mutationtest.engine.gregor.mutators.VoidMethodCallMutator,resultMapElement,287,NO_COVERAGE,none
XMLMapperBuilder.java,org.apache.ibatis.builder.xml.XMLMapperBuilder,org.pitest.mutationtest.engine.gregor.mutators.NegateConditionalsMutator,resultMapElements,242,KILLED,org.apache.ibatis.submitted.extend.ExtendTest.org.apache.ibatis.submitted.extend.ExtendTest
XMLMapperBuilder.java,org.apache.ibatis.builder.xml.XMLMapperBuilder,org.pitest.mutationtest.engine.gregor.mutators.NonVoidMethodCallMutator,resultMapElements,242,KILLED,org.apache.ibatis.submitted.extend.ExtendTest.org.apache.ibatis.submitted.extend.ExtendTest
XMLMapperBuilder.java,org.apache.ibatis.builder.xml.XMLMapperBuilder,org.pitest.mutationtest.engine.gregor.mutators.NonVoidMethodCallMutator,resultMapElements,244,KILLED,org.apache.ibatis.submitted.extend.ExtendTest.org.apache.ibatis.submitted.extend.ExtendTest
XMLMapperBuilder.java,org.apache.ibatis.builder.xml.XMLMapperBuilder,org.pitest.mutationtest.engine.gregor.mutators.RemoveConditionalMutator_EQUAL_ELSE,resultMapElements,242,KILLED,org.apache.ibatis.submitted.extend.ExtendTest.org.apache.ibatis.submitted.extend.ExtendTest
XMLMapperBuilder.java,org.apache.ibatis.builder.xml.XMLMapperBuilder,org.pitest.mutationtest.engine.gregor.mutators.NonVoidMethodCallMutator,sqlElement,323,KILLED,org.apache.ibatis.submitted.extend.ExtendTest.org.apache.ibatis.submitted.extend.ExtendTest
XMLMapperBuilder.java,org.apache.ibatis.builder.xml.XMLMapperBuilder,org.pitest.mutationtest.engine.gregor.mutators.NonVoidMethodCallMutator,sqlElement,324,NO_COVERAGE,none
XMLMapperBuilder.java,org.apache.ibatis.builder.xml.XMLMapperBuilder,org.pitest.mutationtest.engine.gregor.mutators.RemoveConditionalMutator_EQUAL_IF,sqlElement,323,KILLED,org.apache.ibatis.submitted.extend.ExtendTest.org.apache.ibatis.submitted.extend.ExtendTest
XMLMapperBuilder.java,org.apache.ibatis.builder.xml.XMLMapperBuilder,org.pitest.mutationtest.engine.gregor.mutators.VoidMethodCallMutator,sqlElement,324,NO_COVERAGE,none
XMLMapperBuilder.java,org.apache.ibatis.builder.xml.XMLMapperBuilder,org.pitest.mutationtest.engine.gregor.mutators.ArgumentPropagationMutator,sqlElement,331,NO_COVERAGE,none
XMLMapperBuilder.java,org.apache.ibatis.builder.xml.XMLMapperBuilder,org.pitest.mutationtest.engine.gregor.mutators.ArgumentPropagationMutator,sqlElement,333,NO_COVERAGE,none
XMLMapperBuilder.java,org.apache.ibatis.builder.xml.XMLMapperBuilder,org.pitest.mutationtest.engine.gregor.mutators.ArgumentPropagationMutator,sqlElement,335,NO_COVERAGE,none
XMLMapperBuilder.java,org.apache.ibatis.builder.xml.XMLMapperBuilder,org.pitest.mutationtest.engine.gregor.mutators.NonVoidMethodCallMutator,sqlElement,330,KILLED,org.apache.ibatis.submitted.extend.ExtendTest.org.apache.ibatis.submitted.extend.ExtendTest
XMLMapperBuilder.java,org.apache.ibatis.builder.xml.XMLMapperBuilder,org.pitest.mutationtest.engine.gregor.mutators.NonVoidMethodCallMutator,sqlElement,330,KILLED,org.apache.ibatis.submitted.extend.ExtendTest.org.apache.ibatis.submitted.extend.ExtendTest
XMLMapperBuilder.java,org.apache.ibatis.builder.xml.XMLMapperBuilder,org.pitest.mutationtest.engine.gregor.mutators.NonVoidMethodCallMutator,sqlElement,332,NO_COVERAGE,none
Configuration.java,org.apache.ibatis.session.Configuration,org.pitest.mutationtest.engine.gregor.mutators.ConstructorCallMutator,<init>,126,KILLED,org.apache.ibatis.submitted.extend.ExtendTest.org.apache.ibatis.submitted.extend.ExtendTest
Configuration.java,org.apache.ibatis.session.Configuration,org.pitest.mutationtest.engine.gregor.mutators.ConstructorCallMutator,<init>,130,KILLED,org.apache.ibatis.submitted.extend.ExtendTest.org.apache.ibatis.submitted.extend.ExtendTest
Configuration.java,org.apache.ibatis.session.Configuration,org.pitest.mutationtest.engine.gregor.mutators.ConstructorCallMutator,<init>,142,KILLED,org.apache.ibatis.submitted.extend.ExtendTest.org.apache.ibatis.submitted.extend.ExtendTest
Configuration.java,org.apache.ibatis.session.Configuration,org.pitest.mutationtest.engine.gregor.mutators.ConstructorCallMutator,<init>,144,KILLED,org.apache.ibatis.submitted.extend.ExtendTest.org.apache.ibatis.submitted.extend.ExtendTest
Configuration.java,org.apache.ibatis.session.Configuration,org.pitest.mutationtest.engine.gregor.mutators.ConstructorCallMutator,<init>,147,KILLED,org.apache.ibatis.submitted.extend.ExtendTest.org.apache.ibatis.submitted.extend.ExtendTest
Configuration.java,org.apache.ibatis.session.Configuration,org.pitest.mutationtest.engine.gregor.mutators.ConstructorCallMutator,<init>,149,KILLED,org.apache.ibatis.submitted.extend.ExtendTest.org.apache.ibatis.submitted.extend.ExtendTest
Configuration.java,org.apache.ibatis.session.Configuration,org.pitest.mutationtest.engine.gregor.mutators.ConstructorCallMutator,<init>,156,KILLED,org.apache.ibatis.submitted.extend.ExtendTest.org.apache.ibatis.submitted.extend.ExtendTest
Configuration.java,org.apache.ibatis.session.Configuration,org.pitest.mutationtest.engine.gregor.mutators.InlineConstantMutator,<init>,101,KILLED,org.apache.ibatis.submitted.extend.ExtendTest.org.apache.ibatis.submitted.extend.ExtendTest
Configuration.java,org.apache.ibatis.session.Configuration,org.pitest.mutationtest.engine.gregor.mutators.InlineConstantMutator,<init>,107,KILLED,org.apache.ibatis.submitted.extend.ExtendTest.org.apache.ibatis.submitted.extend.ExtendTest
Configuration.java,org.apache.ibatis.session.Configuration,org.pitest.mutationtest.engine.gregor.mutators.NonVoidMethodCallMutator,<init>,117,KILLED,org.apache.ibatis.submitted.extend.ExtendTest.org.apache.ibatis.submitted.extend.ExtendTest
Configuration.java,org.apache.ibatis.session.Configuration,org.pitest.mutationtest.engine.gregor.mutators.VoidMethodCallMutator,<init>,174,KILLED,org.apache.ibatis.submitted.extend.ExtendTest.org.apache.ibatis.submitted.extend.ExtendTest
Configuration.java,org.apache.ibatis.session.Configuration,org.pitest.mutationtest.engine.gregor.mutators.VoidMethodCallMutator,<init>,181,KILLED,org.apache.ibatis.submitted.extend.ExtendTest.org.apache.ibatis.submitted.extend.ExtendTest
Configuration.java,org.apache.ibatis.session.Configuration,org.pitest.mutationtest.engine.gregor.mutators.VoidMethodCallMutator,<init>,185,KILLED,org.apache.ibatis.submitted.extend.ExtendTest.org.apache.ibatis.submitted.extend.ExtendTest
Configuration.java,org.apache.ibatis.session.Configuration,org.pitest.mutationtest.engine.gregor.mutators.VoidMethodCallMutator,<init>,189,KILLED,org.apache.ibatis.submitted.extend.ExtendTest.org.apache.ibatis.submitted.extend.ExtendTest
Configuration.java,org.apache.ibatis.session.Configuration,org.pitest.mutationtest.engine.gregor.mutators.VoidMethodCallMutator,<init>,190,KILLED,org.apache.ibatis.submitted.extend.ExtendTest.org.apache.ibatis.submitted.extend.ExtendTest
Configuration.java,org.apache.ibatis.session.Configuration,org.pitest.mutationtest.engine.gregor.mutators.VoidMethodCallMutator,<init>,193,KILLED,org.apache.ibatis.submitted.extend.ExtendTest.org.apache.ibatis.submitted.extend.ExtendTest
Configuration.java,org.apache.ibatis.session.Configuration,org.pitest.mutationtest.engine.gregor.mutators.VoidMethodCallMutator,<init>,198,KILLED,org.apache.ibatis.submitted.extend.ExtendTest.org.apache.ibatis.submitted.extend.ExtendTest
Configuration.java,org.apache.ibatis.session.Configuration,org.pitest.mutationtest.engine.gregor.mutators.VoidMethodCallMutator,<init>,203,KILLED,org.apache.ibatis.submitted.extend.ExtendTest.org.apache.ibatis.submitted.extend.ExtendTest
Configuration.java,org.apache.ibatis.session.Configuration,org.pitest.mutationtest.engine.gregor.mutators.experimental.MemberVariableMutator,<init>,101,KILLED,org.apache.ibatis.submitted.extend.ExtendTest.org.apache.ibatis.submitted.extend.ExtendTest
Configuration.java,org.apache.ibatis.session.Configuration,org.pitest.mutationtest.engine.gregor.mutators.experimental.MemberVariableMutator,<init>,107,KILLED,org.apache.ibatis.submitted.extend.ExtendTest.org.apache.ibatis.submitted.extend.ExtendTest
Configuration.java,org.apache.ibatis.session.Configuration,org.pitest.mutationtest.engine.gregor.mutators.experimental.MemberVariableMutator,<init>,124,KILLED,org.apache.ibatis.submitted.extend.ExtendTest.org.apache.ibatis.submitted.extend.ExtendTest
Configuration.java,org.apache.ibatis.session.Configuration,org.pitest.mutationtest.engine.gregor.mutators.experimental.MemberVariableMutator,<init>,126,KILLED,org.apache.ibatis.submitted.extend.ExtendTest.org.apache.ibatis.submitted.extend.ExtendTest
Configuration.java,org.apache.ibatis.session.Configuration,org.pitest.mutationtest.engine.gregor.mutators.experimental.MemberVariableMutator,<init>,130,KILLED,org.apache.ibatis.submitted.extend.ExtendTest.org.apache.ibatis.submitted.extend.ExtendTest
Configuration.java,org.apache.ibatis.session.Configuration,org.pitest.mutationtest.engine.gregor.mutators.experimental.MemberVariableMutator,<init>,144,KILLED,org.apache.ibatis.submitted.extend.ExtendTest.org.apache.ibatis.submitted.extend.ExtendTest
Configuration.java,org.apache.ibatis.session.Configuration,org.pitest.mutationtest.engine.gregor.mutators.experimental.MemberVariableMutator,<init>,145,KILLED,org.apache.ibatis.submitted.extend.ExtendTest.org.apache.ibatis.submitted.extend.ExtendTest
Configuration.java,org.apache.ibatis.session.Configuration,org.pitest.mutationtest.engine.gregor.mutators.experimental.MemberVariableMutator,<init>,149,KILLED,org.apache.ibatis.submitted.extend.ExtendTest.org.apache.ibatis.submitted.extend.ExtendTest
Configuration.java,org.apache.ibatis.session.Configuration,org.pitest.mutationtest.engine.gregor.mutators.experimental.MemberVariableMutator,<init>,150,SURVIVED,none
Configuration.java,org.apache.ibatis.session.Configuration,org.pitest.mutationtest.engine.gregor.mutators.experimental.MemberVariableMutator,<init>,158,KILLED,org.apache.ibatis.submitted.extend.ExtendTest.org.apache.ibatis.submitted.extend.ExtendTest
Configuration.java,org.apache.ibatis.session.Configuration,org.pitest.mutationtest.engine.gregor.mutators.experimental.MemberVariableMutator,<init>,159,KILLED,org.apache.ibatis.submitted.extend.ExtendTest.org.apache.ibatis.submitted.extend.ExtendTest
Configuration.java,org.apache.ibatis.session.Configuration,org.pitest.mutationtest.engine.gregor.mutators.experimental.MemberVariableMutator,<init>,166,KILLED,org.apache.ibatis.submitted.extend.ExtendTest.org.apache.ibatis.submitted.extend.ExtendTest
Configuration.java,org.apache.ibatis.session.Configuration,org.pitest.mutationtest.engine.gregor.mutators.experimental.MemberVariableMutator,<init>,170,NO_COVERAGE,none
Configuration.java,org.apache.ibatis.session.Configuration,org.pitest.mutationtest.engine.gregor.mutators.ArgumentPropagationMutator,addCache,593,NO_COVERAGE,none
Configuration.java,org.apache.ibatis.session.Configuration,org.pitest.mutationtest.engine.gregor.mutators.NonVoidMethodCallMutator,addCache,593,NO_COVERAGE,none
Configuration.java,org.apache.ibatis.session.Configuration,org.pitest.mutationtest.engine.gregor.mutators.NonVoidMethodCallMutator,addCache,593,NO_COVERAGE,none
Configuration.java,org.apache.ibatis.session.Configuration,org.pitest.mutationtest.engine.gregor.mutators.ArgumentPropagationMutator,addCacheRef,751,NO_COVERAGE,none
Configuration.java,org.apache.ibatis.session.Configuration,org.pitest.mutationtest.engine.gregor.mutators.NonVoidMethodCallMutator,addCacheRef,751,NO_COVERAGE,none
Configuration.java,org.apache.ibatis.session.Configuration,org.pitest.mutationtest.engine.gregor.mutators.NonVoidMethodCallMutator,addIncompleteCacheRef,681,NO_COVERAGE,none
Configuration.java,org.apache.ibatis.session.Configuration,org.pitest.mutationtest.engine.gregor.mutators.NonVoidMethodCallMutator,addIncompleteMethod,693,NO_COVERAGE,none
Configuration.java,org.apache.ibatis.session.Configuration,org.pitest.mutationtest.engine.gregor.mutators.NonVoidMethodCallMutator,addIncompleteResultMap,689,NO_COVERAGE,none
Configuration.java,org.apache.ibatis.session.Configuration,org.pitest.mutationtest.engine.gregor.mutators.NonVoidMethodCallMutator,addIncompleteStatement,673,NO_COVERAGE,none
Configuration.java,org.apache.ibatis.session.Configuration,org.pitest.mutationtest.engine.gregor.mutators.VoidMethodCallMutator,addInterceptor,716,NO_COVERAGE,none
Configuration.java,org.apache.ibatis.session.Configuration,org.pitest.mutationtest.engine.gregor.mutators.ArgumentPropagationMutator,addKeyGenerator,573,NO_COVERAGE,none
Configuration.java,org.apache.ibatis.session.Configuration,org.pitest.mutationtest.engine.gregor.mutators.NonVoidMethodCallMutator,addKeyGenerator,573,NO_COVERAGE,none
Configuration.java,org.apache.ibatis.session.Configuration,org.pitest.mutationtest.engine.gregor.mutators.NonVoidMethodCallMutator,addLoadedResource,302,KILLED,org.apache.ibatis.submitted.extend.ExtendTest.org.apache.ibatis.submitted.extend.ExtendTest
Configuration.java,org.apache.ibatis.session.Configuration,org.pitest.mutationtest.engine.gregor.mutators.NonVoidMethodCallMutator,addMappedStatement,655,KILLED,org.apache.ibatis.submitted.extend.ExtendTest.org.apache.ibatis.submitted.extend.ExtendTest
Configuration.java,org.apache.ibatis.session.Configuration,org.pitest.mutationtest.engine.gregor.mutators.VoidMethodCallMutator,addMapper,728,KILLED,org.apache.ibatis.submitted.extend.ExtendTest.org.apache.ibatis.submitted.extend.ExtendTest
Configuration.java,org.apache.ibatis.session.Configuration,org.pitest.mutationtest.engine.gregor.mutators.VoidMethodCallMutator,addMappers,724,NO_COVERAGE,none
Configuration.java,org.apache.ibatis.session.Configuration,org.pitest.mutationtest.engine.gregor.mutators.VoidMethodCallMutator,addMappers,720,NO_COVERAGE,none
Configuration.java,org.apache.ibatis.session.Configuration,org.pitest.mutationtest.engine.gregor.mutators.ArgumentPropagationMutator,addParameterMap,635,NO_COVERAGE,none
Configuration.java,org.apache.ibatis.session.Configuration,org.pitest.mutationtest.engine.gregor.mutators.NonVoidMethodCallMutator,addParameterMap,635,NO_COVERAGE,none
Configuration.java,org.apache.ibatis.session.Configuration,org.pitest.mutationtest.engine.gregor.mutators.NonVoidMethodCallMutator,addParameterMap,635,NO_COVERAGE,none
Configuration.java,org.apache.ibatis.session.Configuration,org.pitest.mutationtest.engine.gregor.mutators.ArgumentPropagationMutator,addResultMap,613,KILLED,org.apache.ibatis.submitted.extend.ExtendTest.org.apache.ibatis.submitted.extend.ExtendTest
Configuration.java,org.apache.ibatis.session.Configuration,org.pitest.mutationtest.engine.gregor.mutators.NonVoidMethodCallMutator,addResultMap,613,KILLED,org.apache.ibatis.submitted.extend.ExtendTest.org.apache.ibatis.submitted.extend.ExtendTest
Configuration.java,org.apache.ibatis.session.Configuration,org.pitest.mutationtest.engine.gregor.mutators.VoidMethodCallMutator,addResultMap,614,KILLED,org.apache.ibatis.submitted.extend.ExtendTest.org.apache.ibatis.submitted.extend.ExtendTest
Configuration.java,org.apache.ibatis.session.Configuration,org.pitest.mutationtest.engine.gregor.mutators.NegateConditionalsMutator,buildAllStatements,766,KILLED,org.apache.ibatis.submitted.extend.ExtendTest.org.apache.ibatis.submitted.extend.ExtendTest
Configuration.java,org.apache.ibatis.session.Configuration,org.pitest.mutationtest.engine.gregor.mutators.NegateConditionalsMutator,buildAllStatements,772,KILLED,org.apache.ibatis.submitted.extend.ExtendTest.org.apache.ibatis.submitted.extend.ExtendTest
Configuration.java,org.apache.ibatis.session.Configuration,org.pitest.mutationtest.engine.gregor.mutators.NegateConditionalsMutator,buildAllStatements,778,KILLED,org.apache.ibatis.submitted.extend.ExtendTest.org.apache.ibatis.submitted.extend.ExtendTest
Configuration.java,org.apache.ibatis.session.Configuration,org.pitest.mutationtest.engine.gregor.mutators.NonVoidMethodCallMutator,buildAllStatements,760,KILLED,org.apache.ibatis.submitted.extend.ExtendTest.org.apache.ibatis.submitted.extend.ExtendTest
Configuration.java,org.apache.ibatis.session.Configuration,org.pitest.mutationtest.engine.gregor.mutators.NonVoidMethodCallMutator,buildAllStatements,763,NO_COVERAGE,none
Configuration.java,org.apache.ibatis.session.Configuration,org.pitest.mutationtest.engine.gregor.mutators.NonVoidMethodCallMutator,buildAllStatements,763,NO_COVERAGE,none
Configuration.java,org.apache.ibatis.session.Configuration,org.pitest.mutationtest.engine.gregor.mutators.NonVoidMethodCallMutator,buildAllStatements,763,NO_COVERAGE,none
Configuration.java,org.apache.ibatis.session.Configuration,org.pitest.mutationtest.engine.gregor.mutators.NonVoidMethodCallMutator,buildAllStatements,769,NO_COVERAGE,none
Configuration.java,org.apache.ibatis.session.Configuration,org.pitest.mutationtest.engine.gregor.mutators.NonVoidMethodCallMutator,buildAllStatements,769,NO_COVERAGE,none
Configuration.java,org.apache.ibatis.session.Configuration,org.pitest.mutationtest.engine.gregor.mutators.NonVoidMethodCallMutator,buildAllStatements,769,NO_COVERAGE,none
Configuration.java,org.apache.ibatis.session.Configuration,org.pitest.mutationtest.engine.gregor.mutators.NonVoidMethodCallMutator,buildAllStatements,775,NO_COVERAGE,none
Configuration.java,org.apache.ibatis.session.Configuration,org.pitest.mutationtest.engine.gregor.mutators.NonVoidMethodCallMutator,buildAllStatements,775,NO_COVERAGE,none
Configuration.java,org.apache.ibatis.session.Configuration,org.pitest.mutationtest.engine.gregor.mutators.NonVoidMethodCallMutator,buildAllStatements,778,KILLED,org.apache.ibatis.submitted.extend.ExtendTest.org.apache.ibatis.submitted.extend.ExtendTest
Configuration.java,org.apache.ibatis.session.Configuration,org.pitest.mutationtest.engine.gregor.mutators.NonVoidMethodCallMutator,buildAllStatements,781,NO_COVERAGE,none
Configuration.java,org.apache.ibatis.session.Configuration,org.pitest.mutationtest.engine.gregor.mutators.NonVoidMethodCallMutator,buildAllStatements,781,NO_COVERAGE,none
Configuration.java,org.apache.ibatis.session.Configuration,org.pitest.mutationtest.engine.gregor.mutators.RemoveConditionalMutator_EQUAL_ELSE,buildAllStatements,760,KILLED,org.apache.ibatis.submitted.extend.ExtendTest.org.apache.ibatis.submitted.extend.ExtendTest
Configuration.java,org.apache.ibatis.session.Configuration,org.pitest.mutationtest.engine.gregor.mutators.RemoveConditionalMutator_EQUAL_IF,buildAllStatements,778,KILLED,org.apache.ibatis.submitted.extend.ExtendTest.org.apache.ibatis.submitted.extend.ExtendTest
Configuration.java,org.apache.ibatis.session.Configuration,org.pitest.mutationtest.engine.gregor.mutators.VoidMethodCallMutator,buildAllStatements,775,NO_COVERAGE,none
Configuration.java,org.apache.ibatis.session.Configuration,org.pitest.mutationtest.engine.gregor.mutators.VoidMethodCallMutator,buildAllStatements,781,NO_COVERAGE,none
Configuration.java,org.apache.ibatis.session.Configuration,org.pitest.mutationtest.engine.gregor.mutators.NegateConditionalsMutator,checkGloballyForDiscriminatedNestedResultMaps,799,KILLED,org.apache.ibatis.submitted.extend.ExtendTest.org.apache.ibatis.submitted.extend.ExtendTest
Configuration.java,org.apache.ibatis.session.Configuration,org.pitest.mutationtest.engine.gregor.mutators.NegateConditionalsMutator,checkGloballyForDiscriminatedNestedResultMaps,800,NO_COVERAGE,none
Configuration.java,org.apache.ibatis.session.Configuration,org.pitest.mutationtest.engine.gregor.mutators.NegateConditionalsMutator,checkGloballyForDiscriminatedNestedResultMaps,802,NO_COVERAGE,none
Configuration.java,org.apache.ibatis.session.Configuration,org.pitest.mutationtest.engine.gregor.mutators.NegateConditionalsMutator,checkGloballyForDiscriminatedNestedResultMaps,804,NO_COVERAGE,none
Configuration.java,org.apache.ibatis.session.Configuration,org.pitest.mutationtest.engine.gregor.mutators.NegateConditionalsMutator,checkGloballyForDiscriminatedNestedResultMaps,804,NO_COVERAGE,none
Configuration.java,org.apache.ibatis.session.Configuration,org.pitest.mutationtest.engine.gregor.mutators.NegateConditionalsMutator,checkGloballyForDiscriminatedNestedResultMaps,806,NO_COVERAGE,none
Configuration.java,org.apache.ibatis.session.Configuration,org.pitest.mutationtest.engine.gregor.mutators.NonVoidMethodCallMutator,checkGloballyForDiscriminatedNestedResultMaps,800,NO_COVERAGE,none
Configuration.java,org.apache.ibatis.session.Configuration,org.pitest.mutationtest.engine.gregor.mutators.NonVoidMethodCallMutator,checkGloballyForDiscriminatedNestedResultMaps,800,NO_COVERAGE,none
Configuration.java,org.apache.ibatis.session.Configuration,org.pitest.mutationtest.engine.gregor.mutators.NonVoidMethodCallMutator,checkGloballyForDiscriminatedNestedResultMaps,800,NO_COVERAGE,none
Configuration.java,org.apache.ibatis.session.Configuration,org.pitest.mutationtest.engine.gregor.mutators.NonVoidMethodCallMutator,checkGloballyForDiscriminatedNestedResultMaps,800,NO_COVERAGE,none
Configuration.java,org.apache.ibatis.session.Configuration,org.pitest.mutationtest.engine.gregor.mutators.NonVoidMethodCallMutator,checkGloballyForDiscriminatedNestedResultMaps,801,NO_COVERAGE,none
Configuration.java,org.apache.ibatis.session.Configuration,org.pitest.mutationtest.engine.gregor.mutators.NonVoidMethodCallMutator,checkGloballyForDiscriminatedNestedResultMaps,804,NO_COVERAGE,none
Configuration.java,org.apache.ibatis.session.Configuration,org.pitest.mutationtest.engine.gregor.mutators.NonVoidMethodCallMutator,checkGloballyForDiscriminatedNestedResultMaps,804,NO_COVERAGE,none
Configuration.java,org.apache.ibatis.session.Configuration,org.pitest.mutationtest.engine.gregor.mutators.NonVoidMethodCallMutator,checkGloballyForDiscriminatedNestedResultMaps,805,NO_COVERAGE,none
Configuration.java,org.apache.ibatis.session.Configuration,org.pitest.mutationtest.engine.gregor.mutators.NonVoidMethodCallMutator,checkGloballyForDiscriminatedNestedResultMaps,805,NO_COVERAGE,none
Configuration.java,org.apache.ibatis.session.Configuration,org.pitest.mutationtest.engine.gregor.mutators.NonVoidMethodCallMutator,checkGloballyForDiscriminatedNestedResultMaps,805,NO_COVERAGE,none
Configuration.java,org.apache.ibatis.session.Configuration,org.pitest.mutationtest.engine.gregor.mutators.NonVoidMethodCallMutator,checkGloballyForDiscriminatedNestedResultMaps,806,NO_COVERAGE,none
Configuration.java,org.apache.ibatis.session.Configuration,org.pitest.mutationtest.engine.gregor.mutators.NonVoidMethodCallMutator,checkGloballyForDiscriminatedNestedResultMaps,806,NO_COVERAGE,none
Configuration.java,org.apache.ibatis.session.Configuration,org.pitest.mutationtest.engine.gregor.mutators.RemoveConditionalMutator_EQUAL_ELSE,checkGloballyForDiscriminatedNestedResultMaps,799,KILLED,org.apache.ibatis.submitted.extend.ExtendTest.org.apache.ibatis.submitted.extend.ExtendTest
Configuration.java,org.apache.ibatis.session.Configuration,org.pitest.mutationtest.engine.gregor.mutators.RemoveConditionalMutator_EQUAL_ELSE,checkGloballyForDiscriminatedNestedResultMaps,800,NO_COVERAGE,none
Configuration.java,org.apache.ibatis.session.Configuration,org.pitest.mutationtest.engine.gregor.mutators.RemoveConditionalMutator_EQUAL_ELSE,checkGloballyForDiscriminatedNestedResultMaps,802,NO_COVERAGE,none
Configuration.java,org.apache.ibatis.session.Configuration,org.pitest.mutationtest.engine.gregor.mutators.RemoveConditionalMutator_EQUAL_ELSE,checkGloballyForDiscriminatedNestedResultMaps,804,NO_COVERAGE,none
Configuration.java,org.apache.ibatis.session.Configuration,org.pitest.mutationtest.engine.gregor.mutators.RemoveConditionalMutator_EQUAL_ELSE,checkGloballyForDiscriminatedNestedResultMaps,804,NO_COVERAGE,none
Configuration.java,org.apache.ibatis.session.Configuration,org.pitest.mutationtest.engine.gregor.mutators.RemoveConditionalMutator_EQUAL_ELSE,checkGloballyForDiscriminatedNestedResultMaps,806,NO_COVERAGE,none
Configuration.java,org.apache.ibatis.session.Configuration,org.pitest.mutationtest.engine.gregor.mutators.RemoveConditionalMutator_EQUAL_IF,checkGloballyForDiscriminatedNestedResultMaps,799,KILLED,org.apache.ibatis.submitted.extend.ExtendTest.org.apache.ibatis.submitted.extend.ExtendTest
Configuration.java,org.apache.ibatis.session.Configuration,org.pitest.mutationtest.engine.gregor.mutators.RemoveConditionalMutator_EQUAL_IF,checkGloballyForDiscriminatedNestedResultMaps,800,NO_COVERAGE,none
Configuration.java,org.apache.ibatis.session.Configuration,org.pitest.mutationtest.engine.gregor.mutators.RemoveConditionalMutator_EQUAL_IF,checkGloballyForDiscriminatedNestedResultMaps,802,NO_COVERAGE,none
Configuration.java,org.apache.ibatis.session.Configuration,org.pitest.mutationtest.engine.gregor.mutators.RemoveConditionalMutator_EQUAL_IF,checkGloballyForDiscriminatedNestedResultMaps,804,NO_COVERAGE,none
Configuration.java,org.apache.ibatis.session.Configuration,org.pitest.mutationtest.engine.gregor.mutators.RemoveConditionalMutator_EQUAL_IF,checkGloballyForDiscriminatedNestedResultMaps,804,NO_COVERAGE,none
Configuration.java,org.apache.ibatis.session.Configuration,org.pitest.mutationtest.engine.gregor.mutators.RemoveConditionalMutator_EQUAL_IF,checkGloballyForDiscriminatedNestedResultMaps,806,NO_COVERAGE,none
Configuration.java,org.apache.ibatis.session.Configuration,org.pitest.mutationtest.engine.gregor.mutators.VoidMethodCallMutator,checkGloballyForDiscriminatedNestedResultMaps,807,NO_COVERAGE,none
Configuration.java,org.apache.ibatis.session.Configuration,org.pitest.mutationtest.engine.gregor.mutators.ArgumentPropagationMutator,checkLocallyForDiscriminatedNestedResultMaps,821,NO_COVERAGE,none
Configuration.java,org.apache.ibatis.session.Configuration,org.pitest.mutationtest.engine.gregor.mutators.NegateConditionalsMutator,checkLocallyForDiscriminatedNestedResultMaps,817,KILLED,org.apache.ibatis.submitted.extend.ExtendTest.org.apache.ibatis.submitted.extend.ExtendTest
Configuration.java,org.apache.ibatis.session.Configuration,org.pitest.mutationtest.engine.gregor.mutators.NegateConditionalsMutator,checkLocallyForDiscriminatedNestedResultMaps,817,KILLED,org.apache.ibatis.submitted.extend.ExtendTest.org.apache.ibatis.submitted.extend.ExtendTest
Configuration.java,org.apache.ibatis.session.Configuration,org.pitest.mutationtest.engine.gregor.mutators.NegateConditionalsMutator,checkLocallyForDiscriminatedNestedResultMaps,818,NO_COVERAGE,none
Configuration.java,org.apache.ibatis.session.Configuration,org.pitest.mutationtest.engine.gregor.mutators.NegateConditionalsMutator,checkLocallyForDiscriminatedNestedResultMaps,820,NO_COVERAGE,none
Configuration.java,org.apache.ibatis.session.Configuration,org.pitest.mutationtest.engine.gregor.mutators.NegateConditionalsMutator,checkLocallyForDiscriminatedNestedResultMaps,822,NO_COVERAGE,none
Configuration.java,org.apache.ibatis.session.Configuration,org.pitest.mutationtest.engine.gregor.mutators.NonVoidMethodCallMutator,checkLocallyForDiscriminatedNestedResultMaps,818,NO_COVERAGE,none
Configuration.java,org.apache.ibatis.session.Configuration,org.pitest.mutationtest.engine.gregor.mutators.NonVoidMethodCallMutator,checkLocallyForDiscriminatedNestedResultMaps,818,NO_COVERAGE,none
Configuration.java,org.apache.ibatis.session.Configuration,org.pitest.mutationtest.engine.gregor.mutators.NonVoidMethodCallMutator,checkLocallyForDiscriminatedNestedResultMaps,818,NO_COVERAGE,none
Configuration.java,org.apache.ibatis.session.Configuration,org.pitest.mutationtest.engine.gregor.mutators.NonVoidMethodCallMutator,checkLocallyForDiscriminatedNestedResultMaps,818,NO_COVERAGE,none
Configuration.java,org.apache.ibatis.session.Configuration,org.pitest.mutationtest.engine.gregor.mutators.NonVoidMethodCallMutator,checkLocallyForDiscriminatedNestedResultMaps,818,NO_COVERAGE,none
Configuration.java,org.apache.ibatis.session.Configuration,org.pitest.mutationtest.engine.gregor.mutators.NonVoidMethodCallMutator,checkLocallyForDiscriminatedNestedResultMaps,818,NO_COVERAGE,none
Configuration.java,org.apache.ibatis.session.Configuration,org.pitest.mutationtest.engine.gregor.mutators.NonVoidMethodCallMutator,checkLocallyForDiscriminatedNestedResultMaps,819,NO_COVERAGE,none
Configuration.java,org.apache.ibatis.session.Configuration,org.pitest.mutationtest.engine.gregor.mutators.NonVoidMethodCallMutator,checkLocallyForDiscriminatedNestedResultMaps,820,NO_COVERAGE,none
Configuration.java,org.apache.ibatis.session.Configuration,org.pitest.mutationtest.engine.gregor.mutators.NonVoidMethodCallMutator,checkLocallyForDiscriminatedNestedResultMaps,821,NO_COVERAGE,none
Configuration.java,org.apache.ibatis.session.Configuration,org.pitest.mutationtest.engine.gregor.mutators.NonVoidMethodCallMutator,checkLocallyForDiscriminatedNestedResultMaps,822,NO_COVERAGE,none
Configuration.java,org.apache.ibatis.session.Configuration,org.pitest.mutationtest.engine.gregor.mutators.RemoveConditionalMutator_EQUAL_ELSE,checkLocallyForDiscriminatedNestedResultMaps,817,KILLED,org.apache.ibatis.submitted.extend.ExtendTest.org.apache.ibatis.submitted.extend.ExtendTest
Configuration.java,org.apache.ibatis.session.Configuration,org.pitest.mutationtest.engine.gregor.mutators.RemoveConditionalMutator_EQUAL_ELSE,checkLocallyForDiscriminatedNestedResultMaps,818,NO_COVERAGE,none
Configuration.java,org.apache.ibatis.session.Configuration,org.pitest.mutationtest.engine.gregor.mutators.RemoveConditionalMutator_EQUAL_ELSE,checkLocallyForDiscriminatedNestedResultMaps,820,NO_COVERAGE,none
Configuration.java,org.apache.ibatis.session.Configuration,org.pitest.mutationtest.engine.gregor.mutators.RemoveConditionalMutator_EQUAL_ELSE,checkLocallyForDiscriminatedNestedResultMaps,822,NO_COVERAGE,none
Configuration.java,org.apache.ibatis.session.Configuration,org.pitest.mutationtest.engine.gregor.mutators.RemoveConditionalMutator_EQUAL_IF,checkLocallyForDiscriminatedNestedResultMaps,817,KILLED,org.apache.ibatis.submitted.extend.ExtendTest.org.apache.ibatis.submitted.extend.ExtendTest
Configuration.java,org.apache.ibatis.session.Configuration,org.pitest.mutationtest.engine.gregor.mutators.RemoveConditionalMutator_EQUAL_IF,checkLocallyForDiscriminatedNestedResultMaps,817,KILLED,org.apache.ibatis.submitted.extend.ExtendTest.org.apache.ibatis.submitted.extend.ExtendTest
Configuration.java,org.apache.ibatis.session.Configuration,org.pitest.mutationtest.engine.gregor.mutators.RemoveConditionalMutator_EQUAL_IF,checkLocallyForDiscriminatedNestedResultMaps,818,NO_COVERAGE,none
Configuration.java,org.apache.ibatis.session.Configuration,org.pitest.mutationtest.engine.gregor.mutators.RemoveConditionalMutator_EQUAL_IF,checkLocallyForDiscriminatedNestedResultMaps,820,NO_COVERAGE,none
Configuration.java,org.apache.ibatis.session.Configuration,org.pitest.mutationtest.engine.gregor.mutators.RemoveConditionalMutator_EQUAL_IF,checkLocallyForDiscriminatedNestedResultMaps,822,NO_COVERAGE,none
Configuration.java,org.apache.ibatis.session.Configuration,org.pitest.mutationtest.engine.gregor.mutators.VoidMethodCallMutator,checkLocallyForDiscriminatedNestedResultMaps,823,NO_COVERAGE,none
Configuration.java,org.apache.ibatis.session.Configuration,org.pitest.mutationtest.engine.gregor.mutators.ArgumentPropagationMutator,extractNamespace,793,NO_COVERAGE,none
Configuration.java,org.apache.ibatis.session.Configuration,org.pitest.mutationtest.engine.gregor.mutators.ConditionalsBoundaryMutator,extractNamespace,794,NO_COVERAGE,none
Configuration.java,org.apache.ibatis.session.Configuration,org.pitest.mutationtest.engine.gregor.mutators.InlineConstantMutator,extractNamespace,793,NO_COVERAGE,none
Configuration.java,org.apache.ibatis.session.Configuration,org.pitest.mutationtest.engine.gregor.mutators.InlineConstantMutator,extractNamespace,794,NO_COVERAGE,none
Configuration.java,org.apache.ibatis.session.Configuration,org.pitest.mutationtest.engine.gregor.mutators.NegateConditionalsMutator,extractNamespace,794,NO_COVERAGE,none
Configuration.java,org.apache.ibatis.session.Configuration,org.pitest.mutationtest.engine.gregor.mutators.NonVoidMethodCallMutator,extractNamespace,793,NO_COVERAGE,none
Configuration.java,org.apache.ibatis.session.Configuration,org.pitest.mutationtest.engine.gregor.mutators.NonVoidMethodCallMutator,extractNamespace,794,NO_COVERAGE,none
Configuration.java,org.apache.ibatis.session.Configuration,org.pitest.mutationtest.engine.gregor.mutators.RemoveConditionalMutator_ORDER_ELSE,extractNamespace,794,NO_COVERAGE,none
Configuration.java,org.apache.ibatis.session.Configuration,org.pitest.mutationtest.engine.gregor.mutators.RemoveConditionalMutator_ORDER_IF,extractNamespace,794,NO_COVERAGE,none
Configuration.java,org.apache.ibatis.session.Configuration,org.pitest.mutationtest.engine.gregor.mutators.ReturnValsMutator,extractNamespace,794,NO_COVERAGE,none
Configuration.java,org.apache.ibatis.session.Configuration,org.pitest.mutationtest.engine.gregor.mutators.ReturnValsMutator,getAutoMappingUnknownColumnBehavior,329,KILLED,org.apache.ibatis.submitted.extend.ExtendTest.org.apache.ibatis.submitted.extend.ExtendTest
Configuration.java,org.apache.ibatis.session.Configuration,org.pitest.mutationtest.engine.gregor.mutators.ArgumentPropagationMutator,getCache,605,NO_COVERAGE,none
Configuration.java,org.apache.ibatis.session.Configuration,org.pitest.mutationtest.engine.gregor.mutators.NonVoidMethodCallMutator,getCache,605,NO_COVERAGE,none
Configuration.java,org.apache.ibatis.session.Configuration,org.pitest.mutationtest.engine.gregor.mutators.ReturnValsMutator,getCache,605,NO_COVERAGE,none
Configuration.java,org.apache.ibatis.session.Configuration,org.pitest.mutationtest.engine.gregor.mutators.NonVoidMethodCallMutator,getCacheNames,597,NO_COVERAGE,none
Configuration.java,org.apache.ibatis.session.Configuration,org.pitest.mutationtest.engine.gregor.mutators.ReturnValsMutator,getCacheNames,597,NO_COVERAGE,none
Configuration.java,org.apache.ibatis.session.Configuration,org.pitest.mutationtest.engine.gregor.mutators.NonVoidMethodCallMutator,getCaches,601,NO_COVERAGE,none
Configuration.java,org.apache.ibatis.session.Configuration,org.pitest.mutationtest.engine.gregor.mutators.ReturnValsMutator,getCaches,601,NO_COVERAGE,none
Configuration.java,org.apache.ibatis.session.Configuration,org.pitest.mutationtest.engine.gregor.mutators.ReturnValsMutator,getDefaultFetchSize,418,KILLED,org.apache.ibatis.submitted.extend.ExtendTest.org.apache.ibatis.submitted.extend.ExtendTest
Configuration.java,org.apache.ibatis.session.Configuration,org.pitest.mutationtest.engine.gregor.mutators.ReturnValsMutator,getDefaultScriptingLanguageInstance,518,KILLED,org.apache.ibatis.submitted.extend.ExtendTest.org.apache.ibatis.submitted.extend.ExtendTest
Configuration.java,org.apache.ibatis.session.Configuration,org.pitest.mutationtest.engine.gregor.mutators.NonVoidMethodCallMutator,getDefaultScriptingLanuageInstance,524,NO_COVERAGE,none
Configuration.java,org.apache.ibatis.session.Configuration,org.pitest.mutationtest.engine.gregor.mutators.ReturnValsMutator,getDefaultScriptingLanuageInstance,524,NO_COVERAGE,none
Configuration.java,org.apache.ibatis.session.Configuration,org.pitest.mutationtest.engine.gregor.mutators.ReturnValsMutator,getDefaultStatementTimeout,407,KILLED,org.apache.ibatis.submitted.extend.ExtendTest.org.apache.ibatis.submitted.extend.ExtendTest
Configuration.java,org.apache.ibatis.session.Configuration,org.pitest.mutationtest.engine.gregor.mutators.ReturnValsMutator,getEnvironment,310,KILLED,org.apache.ibatis.submitted.extend.ExtendTest.org.apache.ibatis.submitted.extend.ExtendTest
Configuration.java,org.apache.ibatis.session.Configuration,org.pitest.mutationtest.engine.gregor.mutators.ReturnValsMutator,getIncompleteResultMaps,685,KILLED,org.apache.ibatis.submitted.extend.ExtendTest.org.apache.ibatis.submitted.extend.ExtendTest
Configuration.java,org.apache.ibatis.session.Configuration,org.pitest.mutationtest.engine.gregor.mutators.ReturnValsMutator,getIncompleteStatements,669,KILLED,org.apache.ibatis.submitted.extend.ExtendTest.org.apache.ibatis.submitted.extend.ExtendTest
Configuration.java,org.apache.ibatis.session.Configuration,org.pitest.mutationtest.engine.gregor.mutators.NonVoidMethodCallMutator,getInterceptors,503,NO_COVERAGE,none
Configuration.java,org.apache.ibatis.session.Configuration,org.pitest.mutationtest.engine.gregor.mutators.ReturnValsMutator,getInterceptors,503,NO_COVERAGE,none
Configuration.java,org.apache.ibatis.session.Configuration,org.pitest.mutationtest.engine.gregor.mutators.ReturnValsMutator,getJdbcTypeForNull,445,NO_COVERAGE,none
Configuration.java,org.apache.ibatis.session.Configuration,org.pitest.mutationtest.engine.gregor.mutators.ArgumentPropagationMutator,getKeyGenerator,585,NO_COVERAGE,none
Configuration.java,org.apache.ibatis.session.Configuration,org.pitest.mutationtest.engine.gregor.mutators.NonVoidMethodCallMutator,getKeyGenerator,585,NO_COVERAGE,none
Configuration.java,org.apache.ibatis.session.Configuration,org.pitest.mutationtest.engine.gregor.mutators.ReturnValsMutator,getKeyGenerator,585,NO_COVERAGE,none
Configuration.java,org.apache.ibatis.session.Configuration,org.pitest.mutationtest.engine.gregor.mutators.NonVoidMethodCallMutator,getKeyGeneratorNames,577,NO_COVERAGE,none
Configuration.java,org.apache.ibatis.session.Configuration,org.pitest.mutationtest.engine.gregor.mutators.ReturnValsMutator,getKeyGeneratorNames,577,NO_COVERAGE,none
Configuration.java,org.apache.ibatis.session.Configuration,org.pitest.mutationtest.engine.gregor.mutators.NonVoidMethodCallMutator,getKeyGenerators,581,NO_COVERAGE,none
Configuration.java,org.apache.ibatis.session.Configuration,org.pitest.mutationtest.engine.gregor.mutators.ReturnValsMutator,getKeyGenerators,581,NO_COVERAGE,none
Configuration.java,org.apache.ibatis.session.Configuration,org.pitest.mutationtest.engine.gregor.mutators.ReturnValsMutator,getLogImpl,216,NO_COVERAGE,none
Configuration.java,org.apache.ibatis.session.Configuration,org.pitest.mutationtest.engine.gregor.mutators.RemoveConditionalMutator_EQUAL_IF,getMappedStatement,705,KILLED,org.apache.ibatis.submitted.extend.ExtendTest.org.apache.ibatis.submitted.extend.ExtendTest
Configuration.java,org.apache.ibatis.session.Configuration,org.pitest.mutationtest.engine.gregor.mutators.NonVoidMethodCallMutator,getMappedStatementNames,660,NO_COVERAGE,none
Configuration.java,org.apache.ibatis.session.Configuration,org.pitest.mutationtest.engine.gregor.mutators.ReturnValsMutator,getMappedStatementNames,660,NO_COVERAGE,none
Configuration.java,org.apache.ibatis.session.Configuration,org.pitest.mutationtest.engine.gregor.mutators.VoidMethodCallMutator,getMappedStatementNames,659,NO_COVERAGE,none
Configuration.java,org.apache.ibatis.session.Configuration,org.pitest.mutationtest.engine.gregor.mutators.NonVoidMethodCallMutator,getMappedStatements,665,NO_COVERAGE,none
Configuration.java,org.apache.ibatis.session.Configuration,org.pitest.mutationtest.engine.gregor.mutators.ReturnValsMutator,getMappedStatements,665,NO_COVERAGE,none
Configuration.java,org.apache.ibatis.session.Configuration,org.pitest.mutationtest.engine.gregor.mutators.VoidMethodCallMutator,getMappedStatements,664,NO_COVERAGE,none
Configuration.java,org.apache.ibatis.session.Configuration,org.pitest.mutationtest.engine.gregor.mutators.ReturnValsMutator,getMapper,732,KILLED,org.apache.ibatis.submitted.extend.ExtendTest.org.apache.ibatis.submitted.extend.ExtendTest
Configuration.java,org.apache.ibatis.session.Configuration,org.pitest.mutationtest.engine.gregor.mutators.ReturnValsMutator,getMapperRegistry,472,NO_COVERAGE,none
Configuration.java,org.apache.ibatis.session.Configuration,org.pitest.mutationtest.engine.gregor.mutators.ReturnValsMutator,getObjectFactory,484,KILLED,org.apache.ibatis.submitted.extend.ExtendTest.org.apache.ibatis.submitted.extend.ExtendTest
Configuration.java,org.apache.ibatis.session.Configuration,org.pitest.mutationtest.engine.gregor.mutators.ReturnValsMutator,getObjectWrapperFactory,492,NO_COVERAGE,none
Configuration.java,org.apache.ibatis.session.Configuration,org.pitest.mutationtest.engine.gregor.mutators.ArgumentPropagationMutator,getParameterMap,647,NO_COVERAGE,none
Configuration.java,org.apache.ibatis.session.Configuration,org.pitest.mutationtest.engine.gregor.mutators.NonVoidMethodCallMutator,getParameterMap,647,NO_COVERAGE,none
Configuration.java,org.apache.ibatis.session.Configuration,org.pitest.mutationtest.engine.gregor.mutators.ReturnValsMutator,getParameterMap,647,NO_COVERAGE,none
Configuration.java,org.apache.ibatis.session.Configuration,org.pitest.mutationtest.engine.gregor.mutators.NonVoidMethodCallMutator,getParameterMapNames,639,NO_COVERAGE,none
Configuration.java,org.apache.ibatis.session.Configuration,org.pitest.mutationtest.engine.gregor.mutators.ReturnValsMutator,getParameterMapNames,639,NO_COVERAGE,none
Configuration.java,org.apache.ibatis.session.Configuration,org.pitest.mutationtest.engine.gregor.mutators.NonVoidMethodCallMutator,getParameterMaps,643,NO_COVERAGE,none
Configuration.java,org.apache.ibatis.session.Configuration,org.pitest.mutationtest.engine.gregor.mutators.ReturnValsMutator,getParameterMaps,643,NO_COVERAGE,none
Configuration.java,org.apache.ibatis.session.Configuration,org.pitest.mutationtest.engine.gregor.mutators.NonVoidMethodCallMutator,getResultMap,627,KILLED,org.apache.ibatis.submitted.extend.ExtendTest.org.apache.ibatis.submitted.extend.ExtendTest
Configuration.java,org.apache.ibatis.session.Configuration,org.pitest.mutationtest.engine.gregor.mutators.ReturnValsMutator,getResultMap,627,KILLED,org.apache.ibatis.submitted.extend.ExtendTest.org.apache.ibatis.submitted.extend.ExtendTest
Configuration.java,org.apache.ibatis.session.Configuration,org.pitest.mutationtest.engine.gregor.mutators.NonVoidMethodCallMutator,getResultMapNames,619,NO_COVERAGE,none
Configuration.java,org.apache.ibatis.session.Configuration,org.pitest.mutationtest.engine.gregor.mutators.ReturnValsMutator,getResultMapNames,619,NO_COVERAGE,none
Configuration.java,org.apache.ibatis.session.Configuration,org.pitest.mutationtest.engine.gregor.mutators.NonVoidMethodCallMutator,getResultMaps,623,NO_COVERAGE,none
Configuration.java,org.apache.ibatis.session.Configuration,org.pitest.mutationtest.engine.gregor.mutators.ReturnValsMutator,getResultMaps,623,NO_COVERAGE,none
Configuration.java,org.apache.ibatis.session.Configuration,org.pitest.mutationtest.engine.gregor.mutators.ReturnValsMutator,getTypeAliasRegistry,465,KILLED,org.apache.ibatis.submitted.extend.ExtendTest.org.apache.ibatis.submitted.extend.ExtendTest
Configuration.java,org.apache.ibatis.session.Configuration,org.pitest.mutationtest.engine.gregor.mutators.ReturnValsMutator,getVariables,453,KILLED,org.apache.ibatis.submitted.extend.ExtendTest.org.apache.ibatis.submitted.extend.ExtendTest
Configuration.java,org.apache.ibatis.session.Configuration,org.pitest.mutationtest.engine.gregor.mutators.ReturnValsMutator,getVfsImpl,227,NO_COVERAGE,none
Configuration.java,org.apache.ibatis.session.Configuration,org.pitest.mutationtest.engine.gregor.mutators.NonVoidMethodCallMutator,hasCache,609,NO_COVERAGE,none
Configuration.java,org.apache.ibatis.session.Configuration,org.pitest.mutationtest.engine.gregor.mutators.ReturnValsMutator,hasCache,609,NO_COVERAGE,none
Configuration.java,org.apache.ibatis.session.Configuration,org.pitest.mutationtest.engine.gregor.mutators.ReturnValsMutator,hasKeyGenerator,589,KILLED,org.apache.ibatis.submitted.extend.ExtendTest.org.apache.ibatis.submitted.extend.ExtendTest
Configuration.java,org.apache.ibatis.session.Configuration,org.pitest.mutationtest.engine.gregor.mutators.NonVoidMethodCallMutator,hasParameterMap,651,NO_COVERAGE,none
Configuration.java,org.apache.ibatis.session.Configuration,org.pitest.mutationtest.engine.gregor.mutators.ReturnValsMutator,hasParameterMap,651,NO_COVERAGE,none
Configuration.java,org.apache.ibatis.session.Configuration,org.pitest.mutationtest.engine.gregor.mutators.NonVoidMethodCallMutator,hasResultMap,631,KILLED,org.apache.ibatis.submitted.extend.ExtendTest.org.apache.ibatis.submitted.extend.ExtendTest
Configuration.java,org.apache.ibatis.session.Configuration,org.pitest.mutationtest.engine.gregor.mutators.ReturnValsMutator,hasResultMap,631,KILLED,org.apache.ibatis.submitted.extend.ExtendTest.org.apache.ibatis.submitted.extend.ExtendTest
Configuration.java,org.apache.ibatis.session.Configuration,org.pitest.mutationtest.engine.gregor.mutators.ReturnValsMutator,hasStatement,740,KILLED,org.apache.ibatis.submitted.extend.ExtendTest.org.apache.ibatis.submitted.extend.ExtendTest
Configuration.java,org.apache.ibatis.session.Configuration,org.pitest.mutationtest.engine.gregor.mutators.NegateConditionalsMutator,hasStatement,744,KILLED,org.apache.ibatis.submitted.extend.ExtendTest.org.apache.ibatis.submitted.extend.ExtendTest
Configuration.java,org.apache.ibatis.session.Configuration,org.pitest.mutationtest.engine.gregor.mutators.NonVoidMethodCallMutator,hasStatement,747,KILLED,org.apache.ibatis.submitted.extend.ExtendTest.org.apache.ibatis.submitted.extend.ExtendTest
Configuration.java,org.apache.ibatis.session.Configuration,org.pitest.mutationtest.engine.gregor.mutators.RemoveConditionalMutator_EQUAL_IF,hasStatement,744,KILLED,org.apache.ibatis.submitted.extend.ExtendTest.org.apache.ibatis.submitted.extend.ExtendTest
Configuration.java,org.apache.ibatis.session.Configuration,org.pitest.mutationtest.engine.gregor.mutators.ReturnValsMutator,hasStatement,747,KILLED,org.apache.ibatis.submitted.extend.ExtendTest.org.apache.ibatis.submitted.extend.ExtendTest
Configuration.java,org.apache.ibatis.session.Configuration,org.pitest.mutationtest.engine.gregor.mutators.ReturnValsMutator,isAggressiveLazyLoading,359,NO_COVERAGE,none
Configuration.java,org.apache.ibatis.session.Configuration,org.pitest.mutationtest.engine.gregor.mutators.ReturnValsMutator,isCacheEnabled,399,NO_COVERAGE,none
Configuration.java,org.apache.ibatis.session.Configuration,org.pitest.mutationtest.engine.gregor.mutators.ReturnValsMutator,isCallSettersOnNulls,238,NO_COVERAGE,none
Configuration.java,org.apache.ibatis.session.Configuration,org.pitest.mutationtest.engine.gregor.mutators.ReturnValsMutator,isLazyLoadingEnabled,340,KILLED,org.apache.ibatis.submitted.extend.ExtendTest.org.apache.ibatis.submitted.extend.ExtendTest
Configuration.java,org.apache.ibatis.session.Configuration,org.pitest.mutationtest.engine.gregor.mutators.ReturnValsMutator,isMultipleResultSetsEnabled,367,NO_COVERAGE,none
Configuration.java,org.apache.ibatis.session.Configuration,org.pitest.mutationtest.engine.gregor.mutators.NonVoidMethodCallMutator,isResourceLoaded,306,KILLED,org.apache.ibatis.submitted.extend.ExtendTest.org.apache.ibatis.submitted.extend.ExtendTest
Configuration.java,org.apache.ibatis.session.Configuration,org.pitest.mutationtest.engine.gregor.mutators.ReturnValsMutator,isReturnInstanceForEmptyRow,254,NO_COVERAGE,none
Configuration.java,org.apache.ibatis.session.Configuration,org.pitest.mutationtest.engine.gregor.mutators.ReturnValsMutator,isSafeResultHandlerEnabled,278,NO_COVERAGE,none
Configuration.java,org.apache.ibatis.session.Configuration,org.pitest.mutationtest.engine.gregor.mutators.ReturnValsMutator,isSafeRowBoundsEnabled,286,NO_COVERAGE,none
Configuration.java,org.apache.ibatis.session.Configuration,org.pitest.mutationtest.engine.gregor.mutators.ReturnValsMutator,isUseColumnLabel,429,KILLED,org.apache.ibatis.submitted.extend.ExtendTest.org.apache.ibatis.submitted.extend.ExtendTest
Configuration.java,org.apache.ibatis.session.Configuration,org.pitest.mutationtest.engine.gregor.mutators.NonVoidMethodCallMutator,newExecutor,551,NO_COVERAGE,none
Configuration.java,org.apache.ibatis.session.Configuration,org.pitest.mutationtest.engine.gregor.mutators.ReturnValsMutator,newExecutor,551,NO_COVERAGE,none
Configuration.java,org.apache.ibatis.session.Configuration,org.pitest.mutationtest.engine.gregor.mutators.ConstructorCallMutator,newExecutor,559,NO_COVERAGE,none
Configuration.java,org.apache.ibatis.session.Configuration,org.pitest.mutationtest.engine.gregor.mutators.ConstructorCallMutator,newExecutor,561,NO_COVERAGE,none
Configuration.java,org.apache.ibatis.session.Configuration,org.pitest.mutationtest.engine.gregor.mutators.ConstructorCallMutator,newExecutor,563,KILLED,org.apache.ibatis.submitted.extend.ExtendTest.org.apache.ibatis.submitted.extend.ExtendTest
Configuration.java,org.apache.ibatis.session.Configuration,org.pitest.mutationtest.engine.gregor.mutators.ConstructorCallMutator,newExecutor,566,KILLED,org.apache.ibatis.submitted.extend.ExtendTest.org.apache.ibatis.submitted.extend.ExtendTest
Configuration.java,org.apache.ibatis.session.Configuration,org.pitest.mutationtest.engine.gregor.mutators.NegateConditionalsMutator,newExecutor,560,KILLED,org.apache.ibatis.submitted.extend.ExtendTest.org.apache.ibatis.submitted.extend.ExtendTest
Configuration.java,org.apache.ibatis.session.Configuration,org.pitest.mutationtest.engine.gregor.mutators.NegateConditionalsMutator,newExecutor,565,KILLED,org.apache.ibatis.submitted.extend.ExtendTest.org.apache.ibatis.submitted.extend.ExtendTest
Configuration.java,org.apache.ibatis.session.Configuration,org.pitest.mutationtest.engine.gregor.mutators.RemoveConditionalMutator_EQUAL_ELSE,newExecutor,555,KILLED,org.apache.ibatis.submitted.extend.ExtendTest.org.apache.ibatis.submitted.extend.ExtendTest
Configuration.java,org.apache.ibatis.session.Configuration,org.pitest.mutationtest.engine.gregor.mutators.RemoveConditionalMutator_EQUAL_IF,newExecutor,555,KILLED,org.apache.ibatis.submitted.extend.ExtendTest.org.apache.ibatis.submitted.extend.ExtendTest
Configuration.java,org.apache.ibatis.session.Configuration,org.pitest.mutationtest.engine.gregor.mutators.RemoveConditionalMutator_EQUAL_IF,newExecutor,556,KILLED,org.apache.ibatis.submitted.extend.ExtendTest.org.apache.ibatis.submitted.extend.ExtendTest
Configuration.java,org.apache.ibatis.session.Configuration,org.pitest.mutationtest.engine.gregor.mutators.ArgumentPropagationMutator,newParameterHandler,533,KILLED,org.apache.ibatis.submitted.extend.ExtendTest.org.apache.ibatis.submitted.extend.ExtendTest
Configuration.java,org.apache.ibatis.session.Configuration,org.pitest.mutationtest.engine.gregor.mutators.ReturnValsMutator,newStatementHandler,547,KILLED,org.apache.ibatis.submitted.extend.ExtendTest.org.apache.ibatis.submitted.extend.ExtendTest
Configuration.java,org.apache.ibatis.session.Configuration,org.pitest.mutationtest.engine.gregor.mutators.experimental.MemberVariableMutator,setAggressiveLazyLoading,363,KILLED,org.apache.ibatis.submitted.extend.ExtendTest.org.apache.ibatis.submitted.extend.ExtendTest
Configuration.java,org.apache.ibatis.session.Configuration,org.pitest.mutationtest.engine.gregor.mutators.experimental.MemberVariableMutator,setAutoMappingBehavior,322,KILLED,org.apache.ibatis.submitted.extend.ExtendTest.org.apache.ibatis.submitted.extend.ExtendTest
Configuration.java,org.apache.ibatis.session.Configuration,org.pitest.mutationtest.engine.gregor.mutators.experimental.MemberVariableMutator,setAutoMappingUnknownColumnBehavior,336,KILLED,org.apache.ibatis.submitted.extend.ExtendTest.org.apache.ibatis.submitted.extend.ExtendTest
Configuration.java,org.apache.ibatis.session.Configuration,org.pitest.mutationtest.engine.gregor.mutators.experimental.MemberVariableMutator,setCallSettersOnNulls,242,KILLED,org.apache.ibatis.submitted.extend.ExtendTest.org.apache.ibatis.submitted.extend.ExtendTest
Configuration.java,org.apache.ibatis.session.Configuration,org.pitest.mutationtest.engine.gregor.mutators.experimental.MemberVariableMutator,setDatabaseId,266,NO_COVERAGE,none
Configuration.java,org.apache.ibatis.session.Configuration,org.pitest.mutationtest.engine.gregor.mutators.experimental.MemberVariableMutator,setDefaultExecutorType,395,KILLED,org.apache.ibatis.submitted.extend.ExtendTest.org.apache.ibatis.submitted.extend.ExtendTest
Configuration.java,org.apache.ibatis.session.Configuration,org.pitest.mutationtest.engine.gregor.mutators.experimental.MemberVariableMutator,setDefaultFetchSize,425,KILLED,org.apache.ibatis.submitted.extend.ExtendTest.org.apache.ibatis.submitted.extend.ExtendTest
Configuration.java,org.apache.ibatis.session.Configuration,org.pitest.mutationtest.engine.gregor.mutators.NonVoidMethodCallMutator,setDefaultScriptingLanguage,514,KILLED,org.apache.ibatis.submitted.extend.ExtendTest.org.apache.ibatis.submitted.extend.ExtendTest
Configuration.java,org.apache.ibatis.session.Configuration,org.pitest.mutationtest.engine.gregor.mutators.RemoveConditionalMutator_EQUAL_IF,setDefaultScriptingLanguage,511,KILLED,org.apache.ibatis.submitted.extend.ExtendTest.org.apache.ibatis.submitted.extend.ExtendTest
Configuration.java,org.apache.ibatis.session.Configuration,org.pitest.mutationtest.engine.gregor.mutators.experimental.MemberVariableMutator,setEnvironment,314,KILLED,org.apache.ibatis.submitted.extend.ExtendTest.org.apache.ibatis.submitted.extend.ExtendTest
Configuration.java,org.apache.ibatis.session.Configuration,org.pitest.mutationtest.engine.gregor.mutators.experimental.MemberVariableMutator,setLazyLoadingEnabled,344,KILLED,org.apache.ibatis.submitted.extend.ExtendTest.org.apache.ibatis.submitted.extend.ExtendTest
Configuration.java,org.apache.ibatis.session.Configuration,org.pitest.mutationtest.engine.gregor.mutators.experimental.MemberVariableMutator,setLocalCacheScope,441,KILLED,org.apache.ibatis.submitted.extend.ExtendTest.org.apache.ibatis.submitted.extend.ExtendTest
Configuration.java,org.apache.ibatis.session.Configuration,org.pitest.mutationtest.engine.gregor.mutators.NegateConditionalsMutator,setLogImpl,220,KILLED,org.apache.ibatis.submitted.extend.ExtendTest.org.apache.ibatis.submitted.extend.ExtendTest
Configuration.java,org.apache.ibatis.session.Configuration,org.pitest.mutationtest.engine.gregor.mutators.RemoveConditionalMutator_EQUAL_IF,setLogImpl,220,KILLED,org.apache.ibatis.submitted.extend.ExtendTest.org.apache.ibatis.submitted.extend.ExtendTest
Configuration.java,org.apache.ibatis.session.Configuration,org.pitest.mutationtest.engine.gregor.mutators.VoidMethodCallMutator,setLogImpl,222,NO_COVERAGE,none
Configuration.java,org.apache.ibatis.session.Configuration,org.pitest.mutationtest.engine.gregor.mutators.experimental.MemberVariableMutator,setLogImpl,221,NO_COVERAGE,none
Configuration.java,org.apache.ibatis.session.Configuration,org.pitest.mutationtest.engine.gregor.mutators.experimental.MemberVariableMutator,setLogPrefix,212,KILLED,org.apache.ibatis.submitted.extend.ExtendTest.org.apache.ibatis.submitted.extend.ExtendTest
Configuration.java,org.apache.ibatis.session.Configuration,org.pitest.mutationtest.engine.gregor.mutators.experimental.MemberVariableMutator,setObjectFactory,488,NO_COVERAGE,none
Configuration.java,org.apache.ibatis.session.Configuration,org.pitest.mutationtest.engine.gregor.mutators.experimental.MemberVariableMutator,setObjectWrapperFactory,496,NO_COVERAGE,none
Configuration.java,org.apache.ibatis.session.Configuration,org.pitest.mutationtest.engine.gregor.mutators.RemoveConditionalMutator_EQUAL_IF,setProxyFactory,352,KILLED,org.apache.ibatis.submitted.extend.ExtendTest.org.apache.ibatis.submitted.extend.ExtendTest
Configuration.java,org.apache.ibatis.session.Configuration,org.pitest.mutationtest.engine.gregor.mutators.experimental.MemberVariableMutator,setProxyFactory,355,KILLED,org.apache.ibatis.submitted.extend.ExtendTest.org.apache.ibatis.submitted.extend.ExtendTest
Configuration.java,org.apache.ibatis.session.Configuration,org.pitest.mutationtest.engine.gregor.mutators.experimental.MemberVariableMutator,setReflectorFactory,480,NO_COVERAGE,none
Configuration.java,org.apache.ibatis.session.Configuration,org.pitest.mutationtest.engine.gregor.mutators.experimental.MemberVariableMutator,setSafeResultHandlerEnabled,282,KILLED,org.apache.ibatis.submitted.extend.ExtendTest.org.apache.ibatis.submitted.extend.ExtendTest
Configuration.java,org.apache.ibatis.session.Configuration,org.pitest.mutationtest.engine.gregor.mutators.experimental.MemberVariableMutator,setSafeRowBoundsEnabled,290,KILLED,org.apache.ibatis.submitted.extend.ExtendTest.org.apache.ibatis.submitted.extend.ExtendTest
Configuration.java,org.apache.ibatis.session.Configuration,org.pitest.mutationtest.engine.gregor.mutators.experimental.MemberVariableMutator,setUseActualParamName,250,KILLED,org.apache.ibatis.submitted.extend.ExtendTest.org.apache.ibatis.submitted.extend.ExtendTest
Configuration.java,org.apache.ibatis.session.Configuration,org.pitest.mutationtest.engine.gregor.mutators.experimental.MemberVariableMutator,setVariables,457,KILLED,org.apache.ibatis.submitted.extend.ExtendTest.org.apache.ibatis.submitted.extend.ExtendTest
Configuration.java,org.apache.ibatis.session.Configuration,org.pitest.mutationtest.engine.gregor.mutators.NegateConditionalsMutator,setVfsImpl,231,NO_COVERAGE,none
Configuration.java,org.apache.ibatis.session.Configuration,org.pitest.mutationtest.engine.gregor.mutators.RemoveConditionalMutator_EQUAL_ELSE,setVfsImpl,231,NO_COVERAGE,none
Configuration.java,org.apache.ibatis.session.Configuration,org.pitest.mutationtest.engine.gregor.mutators.RemoveConditionalMutator_EQUAL_IF,setVfsImpl,231,NO_COVERAGE,none
Configuration.java,org.apache.ibatis.session.Configuration,org.pitest.mutationtest.engine.gregor.mutators.VoidMethodCallMutator,setVfsImpl,233,NO_COVERAGE,none
Configuration.java,org.apache.ibatis.session.Configuration,org.pitest.mutationtest.engine.gregor.mutators.experimental.MemberVariableMutator,setVfsImpl,232,NO_COVERAGE,none
TypeHandlerRegistry.java,org.apache.ibatis.type.TypeHandlerRegistry,org.pitest.mutationtest.engine.gregor.mutators.ConstructorCallMutator,<init>,45,KILLED,org.apache.ibatis.submitted.extend.ExtendTest.org.apache.ibatis.submitted.extend.ExtendTest
TypeHandlerRegistry.java,org.apache.ibatis.type.TypeHandlerRegistry,org.pitest.mutationtest.engine.gregor.mutators.ConstructorCallMutator,<init>,46,KILLED,org.apache.ibatis.submitted.extend.ExtendTest.org.apache.ibatis.submitted.extend.ExtendTest
TypeHandlerRegistry.java,org.apache.ibatis.type.TypeHandlerRegistry,org.pitest.mutationtest.engine.gregor.mutators.ConstructorCallMutator,<init>,57,KILLED,org.apache.ibatis.submitted.extend.ExtendTest.org.apache.ibatis.submitted.extend.ExtendTest
TypeHandlerRegistry.java,org.apache.ibatis.type.TypeHandlerRegistry,org.pitest.mutationtest.engine.gregor.mutators.ConstructorCallMutator,<init>,58,KILLED,org.apache.ibatis.submitted.extend.ExtendTest.org.apache.ibatis.submitted.extend.ExtendTest
TypeHandlerRegistry.java,org.apache.ibatis.type.TypeHandlerRegistry,org.pitest.mutationtest.engine.gregor.mutators.ConstructorCallMutator,<init>,61,KILLED,org.apache.ibatis.submitted.extend.ExtendTest.org.apache.ibatis.submitted.extend.ExtendTest
TypeHandlerRegistry.java,org.apache.ibatis.type.TypeHandlerRegistry,org.pitest.mutationtest.engine.gregor.mutators.ConstructorCallMutator,<init>,66,KILLED,org.apache.ibatis.submitted.extend.ExtendTest.org.apache.ibatis.submitted.extend.ExtendTest
TypeHandlerRegistry.java,org.apache.ibatis.type.TypeHandlerRegistry,org.pitest.mutationtest.engine.gregor.mutators.ConstructorCallMutator,<init>,68,KILLED,org.apache.ibatis.submitted.extend.ExtendTest.org.apache.ibatis.submitted.extend.ExtendTest
TypeHandlerRegistry.java,org.apache.ibatis.type.TypeHandlerRegistry,org.pitest.mutationtest.engine.gregor.mutators.ConstructorCallMutator,<init>,72,KILLED,org.apache.ibatis.submitted.extend.ExtendTest.org.apache.ibatis.submitted.extend.ExtendTest
TypeHandlerRegistry.java,org.apache.ibatis.type.TypeHandlerRegistry,org.pitest.mutationtest.engine.gregor.mutators.ConstructorCallMutator,<init>,75,KILLED,org.apache.ibatis.submitted.extend.ExtendTest.org.apache.ibatis.submitted.extend.ExtendTest
TypeHandlerRegistry.java,org.apache.ibatis.type.TypeHandlerRegistry,org.pitest.mutationtest.engine.gregor.mutators.ConstructorCallMutator,<init>,76,KILLED,org.apache.ibatis.submitted.extend.ExtendTest.org.apache.ibatis.submitted.extend.ExtendTest
TypeHandlerRegistry.java,org.apache.ibatis.type.TypeHandlerRegistry,org.pitest.mutationtest.engine.gregor.mutators.ConstructorCallMutator,<init>,80,KILLED,org.apache.ibatis.submitted.extend.ExtendTest.org.apache.ibatis.submitted.extend.ExtendTest
TypeHandlerRegistry.java,org.apache.ibatis.type.TypeHandlerRegistry,org.pitest.mutationtest.engine.gregor.mutators.ConstructorCallMutator,<init>,87,KILLED,org.apache.ibatis.submitted.extend.ExtendTest.org.apache.ibatis.submitted.extend.ExtendTest
TypeHandlerRegistry.java,org.apache.ibatis.type.TypeHandlerRegistry,org.pitest.mutationtest.engine.gregor.mutators.ConstructorCallMutator,<init>,88,KILLED,org.apache.ibatis.submitted.extend.ExtendTest.org.apache.ibatis.submitted.extend.ExtendTest
TypeHandlerRegistry.java,org.apache.ibatis.type.TypeHandlerRegistry,org.pitest.mutationtest.engine.gregor.mutators.ConstructorCallMutator,<init>,90,KILLED,org.apache.ibatis.submitted.extend.ExtendTest.org.apache.ibatis.submitted.extend.ExtendTest
TypeHandlerRegistry.java,org.apache.ibatis.type.TypeHandlerRegistry,org.pitest.mutationtest.engine.gregor.mutators.ConstructorCallMutator,<init>,91,KILLED,org.apache.ibatis.submitted.extend.ExtendTest.org.apache.ibatis.submitted.extend.ExtendTest
TypeHandlerRegistry.java,org.apache.ibatis.type.TypeHandlerRegistry,org.pitest.mutationtest.engine.gregor.mutators.ConstructorCallMutator,<init>,94,KILLED,org.apache.ibatis.submitted.extend.ExtendTest.org.apache.ibatis.submitted.extend.ExtendTest
TypeHandlerRegistry.java,org.apache.ibatis.type.TypeHandlerRegistry,org.pitest.mutationtest.engine.gregor.mutators.ConstructorCallMutator,<init>,102,KILLED,org.apache.ibatis.submitted.extend.ExtendTest.org.apache.ibatis.submitted.extend.ExtendTest
TypeHandlerRegistry.java,org.apache.ibatis.type.TypeHandlerRegistry,org.pitest.mutationtest.engine.gregor.mutators.ConstructorCallMutator,<init>,104,KILLED,org.apache.ibatis.submitted.extend.ExtendTest.org.apache.ibatis.submitted.extend.ExtendTest
TypeHandlerRegistry.java,org.apache.ibatis.type.TypeHandlerRegistry,org.pitest.mutationtest.engine.gregor.mutators.ConstructorCallMutator,<init>,113,KILLED,org.apache.ibatis.submitted.extend.ExtendTest.org.apache.ibatis.submitted.extend.ExtendTest
TypeHandlerRegistry.java,org.apache.ibatis.type.TypeHandlerRegistry,org.pitest.mutationtest.engine.gregor.mutators.ConstructorCallMutator,<init>,114,KILLED,org.apache.ibatis.submitted.extend.ExtendTest.org.apache.ibatis.submitted.extend.ExtendTest
TypeHandlerRegistry.java,org.apache.ibatis.type.TypeHandlerRegistry,org.pitest.mutationtest.engine.gregor.mutators.ConstructorCallMutator,<init>,124,KILLED,org.apache.ibatis.submitted.extend.ExtendTest.org.apache.ibatis.submitted.extend.ExtendTest
TypeHandlerRegistry.java,org.apache.ibatis.type.TypeHandlerRegistry,org.pitest.mutationtest.engine.gregor.mutators.ConstructorCallMutator,<init>,125,KILLED,org.apache.ibatis.submitted.extend.ExtendTest.org.apache.ibatis.submitted.extend.ExtendTest
TypeHandlerRegistry.java,org.apache.ibatis.type.TypeHandlerRegistry,org.pitest.mutationtest.engine.gregor.mutators.ConstructorCallMutator,<init>,128,KILLED,org.apache.ibatis.submitted.extend.ExtendTest.org.apache.ibatis.submitted.extend.ExtendTest
TypeHandlerRegistry.java,org.apache.ibatis.type.TypeHandlerRegistry,org.pitest.mutationtest.engine.gregor.mutators.ConstructorCallMutator,<init>,129,KILLED,org.apache.ibatis.submitted.extend.ExtendTest.org.apache.ibatis.submitted.extend.ExtendTest
TypeHandlerRegistry.java,org.apache.ibatis.type.TypeHandlerRegistry,org.pitest.mutationtest.engine.gregor.mutators.ConstructorCallMutator,<init>,130,KILLED,org.apache.ibatis.submitted.extend.ExtendTest.org.apache.ibatis.submitted.extend.ExtendTest
TypeHandlerRegistry.java,org.apache.ibatis.type.TypeHandlerRegistry,org.pitest.mutationtest.engine.gregor.mutators.VoidMethodCallMutator,<init>,53,KILLED,org.apache.ibatis.submitted.extend.ExtendTest.org.apache.ibatis.submitted.extend.ExtendTest
TypeHandlerRegistry.java,org.apache.ibatis.type.TypeHandlerRegistry,org.pitest.mutationtest.engine.gregor.mutators.VoidMethodCallMutator,<init>,57,KILLED,org.apache.ibatis.submitted.extend.ExtendTest.org.apache.ibatis.submitted.extend.ExtendTest
TypeHandlerRegistry.java,org.apache.ibatis.type.TypeHandlerRegistry,org.pitest.mutationtest.engine.gregor.mutators.VoidMethodCallMutator,<init>,61,KILLED,org.apache.ibatis.submitted.extend.ExtendTest.org.apache.ibatis.submitted.extend.ExtendTest
TypeHandlerRegistry.java,org.apache.ibatis.type.TypeHandlerRegistry,org.pitest.mutationtest.engine.gregor.mutators.VoidMethodCallMutator,<init>,64,KILLED,org.apache.ibatis.submitted.extend.ExtendTest.org.apache.ibatis.submitted.extend.ExtendTest
TypeHandlerRegistry.java,org.apache.ibatis.type.TypeHandlerRegistry,org.pitest.mutationtest.engine.gregor.mutators.VoidMethodCallMutator,<init>,66,KILLED,org.apache.ibatis.submitted.extend.ExtendTest.org.apache.ibatis.submitted.extend.ExtendTest
TypeHandlerRegistry.java,org.apache.ibatis.type.TypeHandlerRegistry,org.pitest.mutationtest.engine.gregor.mutators.VoidMethodCallMutator,<init>,68,KILLED,org.apache.ibatis.submitted.extend.ExtendTest.org.apache.ibatis.submitted.extend.ExtendTest
TypeHandlerRegistry.java,org.apache.ibatis.type.TypeHandlerRegistry,org.pitest.mutationtest.engine.gregor.mutators.VoidMethodCallMutator,<init>,75,KILLED,org.apache.ibatis.submitted.extend.ExtendTest.org.apache.ibatis.submitted.extend.ExtendTest
TypeHandlerRegistry.java,org.apache.ibatis.type.TypeHandlerRegistry,org.pitest.mutationtest.engine.gregor.mutators.VoidMethodCallMutator,<init>,76,KILLED,org.apache.ibatis.submitted.extend.ExtendTest.org.apache.ibatis.submitted.extend.ExtendTest
TypeHandlerRegistry.java,org.apache.ibatis.type.TypeHandlerRegistry,org.pitest.mutationtest.engine.gregor.mutators.VoidMethodCallMutator,<init>,79,KILLED,org.apache.ibatis.submitted.extend.ExtendTest.org.apache.ibatis.submitted.extend.ExtendTest
TypeHandlerRegistry.java,org.apache.ibatis.type.TypeHandlerRegistry,org.pitest.mutationtest.engine.gregor.mutators.VoidMethodCallMutator,<init>,80,KILLED,org.apache.ibatis.submitted.extend.ExtendTest.org.apache.ibatis.submitted.extend.ExtendTest
TypeHandlerRegistry.java,org.apache.ibatis.type.TypeHandlerRegistry,org.pitest.mutationtest.engine.gregor.mutators.VoidMethodCallMutator,<init>,84,KILLED,org.apache.ibatis.submitted.extend.ExtendTest.org.apache.ibatis.submitted.extend.ExtendTest
TypeHandlerRegistry.java,org.apache.ibatis.type.TypeHandlerRegistry,org.pitest.mutationtest.engine.gregor.mutators.VoidMethodCallMutator,<init>,87,KILLED,org.apache.ibatis.submitted.extend.ExtendTest.org.apache.ibatis.submitted.extend.ExtendTest
TypeHandlerRegistry.java,org.apache.ibatis.type.TypeHandlerRegistry,org.pitest.mutationtest.engine.gregor.mutators.VoidMethodCallMutator,<init>,90,KILLED,org.apache.ibatis.submitted.extend.ExtendTest.org.apache.ibatis.submitted.extend.ExtendTest
TypeHandlerRegistry.java,org.apache.ibatis.type.TypeHandlerRegistry,org.pitest.mutationtest.engine.gregor.mutators.VoidMethodCallMutator,<init>,91,KILLED,org.apache.ibatis.submitted.extend.ExtendTest.org.apache.ibatis.submitted.extend.ExtendTest
TypeHandlerRegistry.java,org.apache.ibatis.type.TypeHandlerRegistry,org.pitest.mutationtest.engine.gregor.mutators.VoidMethodCallMutator,<init>,93,KILLED,org.apache.ibatis.submitted.extend.ExtendTest.org.apache.ibatis.submitted.extend.ExtendTest
TypeHandlerRegistry.java,org.apache.ibatis.type.TypeHandlerRegistry,org.pitest.mutationtest.engine.gregor.mutators.VoidMethodCallMutator,<init>,94,KILLED,org.apache.ibatis.submitted.extend.ExtendTest.org.apache.ibatis.submitted.extend.ExtendTest
TypeHandlerRegistry.java,org.apache.ibatis.type.TypeHandlerRegistry,org.pitest.mutationtest.engine.gregor.mutators.VoidMethodCallMutator,<init>,97,KILLED,org.apache.ibatis.submitted.extend.ExtendTest.org.apache.ibatis.submitted.extend.ExtendTest
TypeHandlerRegistry.java,org.apache.ibatis.type.TypeHandlerRegistry,org.pitest.mutationtest.engine.gregor.mutators.VoidMethodCallMutator,<init>,100,KILLED,org.apache.ibatis.submitted.extend.ExtendTest.org.apache.ibatis.submitted.extend.ExtendTest
TypeHandlerRegistry.java,org.apache.ibatis.type.TypeHandlerRegistry,org.pitest.mutationtest.engine.gregor.mutators.VoidMethodCallMutator,<init>,108,KILLED,org.apache.ibatis.submitted.extend.ExtendTest.org.apache.ibatis.submitted.extend.ExtendTest
TypeHandlerRegistry.java,org.apache.ibatis.type.TypeHandlerRegistry,org.pitest.mutationtest.engine.gregor.mutators.VoidMethodCallMutator,<init>,110,KILLED,org.apache.ibatis.submitted.extend.ExtendTest.org.apache.ibatis.submitted.extend.ExtendTest
TypeHandlerRegistry.java,org.apache.ibatis.type.TypeHandlerRegistry,org.pitest.mutationtest.engine.gregor.mutators.VoidMethodCallMutator,<init>,111,SURVIVED,none
TypeHandlerRegistry.java,org.apache.ibatis.type.TypeHandlerRegistry,org.pitest.mutationtest.engine.gregor.mutators.VoidMethodCallMutator,<init>,117,KILLED,org.apache.ibatis.submitted.extend.ExtendTest.org.apache.ibatis.submitted.extend.ExtendTest
TypeHandlerRegistry.java,org.apache.ibatis.type.TypeHandlerRegistry,org.pitest.mutationtest.engine.gregor.mutators.VoidMethodCallMutator,<init>,124,KILLED,org.apache.ibatis.submitted.extend.ExtendTest.org.apache.ibatis.submitted.extend.ExtendTest
TypeHandlerRegistry.java,org.apache.ibatis.type.TypeHandlerRegistry,org.pitest.mutationtest.engine.gregor.mutators.VoidMethodCallMutator,<init>,125,KILLED,org.apache.ibatis.submitted.extend.ExtendTest.org.apache.ibatis.submitted.extend.ExtendTest
TypeHandlerRegistry.java,org.apache.ibatis.type.TypeHandlerRegistry,org.pitest.mutationtest.engine.gregor.mutators.VoidMethodCallMutator,<init>,128,KILLED,org.apache.ibatis.submitted.extend.ExtendTest.org.apache.ibatis.submitted.extend.ExtendTest
TypeHandlerRegistry.java,org.apache.ibatis.type.TypeHandlerRegistry,org.pitest.mutationtest.engine.gregor.mutators.VoidMethodCallMutator,<init>,138,KILLED,org.apache.ibatis.submitted.extend.ExtendTest.org.apache.ibatis.submitted.extend.ExtendTest
TypeHandlerRegistry.java,org.apache.ibatis.type.TypeHandlerRegistry,org.pitest.mutationtest.engine.gregor.mutators.VoidMethodCallMutator,<init>,139,KILLED,org.apache.ibatis.submitted.extend.ExtendTest.org.apache.ibatis.submitted.extend.ExtendTest
TypeHandlerRegistry.java,org.apache.ibatis.type.TypeHandlerRegistry,org.pitest.mutationtest.engine.gregor.mutators.VoidMethodCallMutator,<init>,141,KILLED,org.apache.ibatis.submitted.extend.ExtendTest.org.apache.ibatis.submitted.extend.ExtendTest
TypeHandlerRegistry.java,org.apache.ibatis.type.TypeHandlerRegistry,org.pitest.mutationtest.engine.gregor.mutators.VoidMethodCallMutator,<init>,146,KILLED,org.apache.ibatis.submitted.extend.ExtendTest.org.apache.ibatis.submitted.extend.ExtendTest
TypeHandlerRegistry.java,org.apache.ibatis.type.TypeHandlerRegistry,org.pitest.mutationtest.engine.gregor.mutators.experimental.MemberVariableMutator,<init>,43,KILLED,org.apache.ibatis.submitted.extend.ExtendTest.org.apache.ibatis.submitted.extend.ExtendTest
TypeHandlerRegistry.java,org.apache.ibatis.type.TypeHandlerRegistry,org.pitest.mutationtest.engine.gregor.mutators.experimental.MemberVariableMutator,<init>,44,KILLED,org.apache.ibatis.submitted.extend.ExtendTest.org.apache.ibatis.submitted.extend.ExtendTest
TypeHandlerRegistry.java,org.apache.ibatis.type.TypeHandlerRegistry,org.pitest.mutationtest.engine.gregor.mutators.experimental.MemberVariableMutator,<init>,46,KILLED,org.apache.ibatis.submitted.extend.ExtendTest.org.apache.ibatis.submitted.extend.ExtendTest
TypeHandlerRegistry.java,org.apache.ibatis.type.TypeHandlerRegistry,org.pitest.mutationtest.engine.gregor.mutators.ConstructorCallMutator,getInstance,392,NO_COVERAGE,none
TypeHandlerRegistry.java,org.apache.ibatis.type.TypeHandlerRegistry,org.pitest.mutationtest.engine.gregor.mutators.ConstructorCallMutator,getInstance,392,NO_COVERAGE,none
TypeHandlerRegistry.java,org.apache.ibatis.type.TypeHandlerRegistry,org.pitest.mutationtest.engine.gregor.mutators.ConstructorCallMutator,getInstance,399,NO_COVERAGE,none
TypeHandlerRegistry.java,org.apache.ibatis.type.TypeHandlerRegistry,org.pitest.mutationtest.engine.gregor.mutators.ConstructorCallMutator,getInstance,399,NO_COVERAGE,none
TypeHandlerRegistry.java,org.apache.ibatis.type.TypeHandlerRegistry,org.pitest.mutationtest.engine.gregor.mutators.InlineConstantMutator,getInstance,387,KILLED,org.apache.ibatis.submitted.extend.ExtendTest.org.apache.ibatis.submitted.extend.ExtendTest
TypeHandlerRegistry.java,org.apache.ibatis.type.TypeHandlerRegistry,org.pitest.mutationtest.engine.gregor.mutators.InlineConstantMutator,getInstance,396,KILLED,org.apache.ibatis.submitted.extend.ExtendTest.org.apache.ibatis.submitted.extend.ExtendTest
TypeHandlerRegistry.java,org.apache.ibatis.type.TypeHandlerRegistry,org.pitest.mutationtest.engine.gregor.mutators.NegateConditionalsMutator,getInstance,385,KILLED,org.apache.ibatis.submitted.extend.ExtendTest.org.apache.ibatis.submitted.extend.ExtendTest
TypeHandlerRegistry.java,org.apache.ibatis.type.TypeHandlerRegistry,org.pitest.mutationtest.engine.gregor.mutators.NonVoidMethodCallMutator,getInstance,392,NO_COVERAGE,none
TypeHandlerRegistry.java,org.apache.ibatis.type.TypeHandlerRegistry,org.pitest.mutationtest.engine.gregor.mutators.NonVoidMethodCallMutator,getInstance,392,NO_COVERAGE,none
TypeHandlerRegistry.java,org.apache.ibatis.type.TypeHandlerRegistry,org.pitest.mutationtest.engine.gregor.mutators.NonVoidMethodCallMutator,getInstance,392,NO_COVERAGE,none
TypeHandlerRegistry.java,org.apache.ibatis.type.TypeHandlerRegistry,org.pitest.mutationtest.engine.gregor.mutators.NonVoidMethodCallMutator,getInstance,399,NO_COVERAGE,none
TypeHandlerRegistry.java,org.apache.ibatis.type.TypeHandlerRegistry,org.pitest.mutationtest.engine.gregor.mutators.NonVoidMethodCallMutator,getInstance,399,NO_COVERAGE,none
TypeHandlerRegistry.java,org.apache.ibatis.type.TypeHandlerRegistry,org.pitest.mutationtest.engine.gregor.mutators.NonVoidMethodCallMutator,getInstance,399,NO_COVERAGE,none
TypeHandlerRegistry.java,org.apache.ibatis.type.TypeHandlerRegistry,org.pitest.mutationtest.engine.gregor.mutators.RemoveConditionalMutator_EQUAL_IF,getInstance,385,KILLED,org.apache.ibatis.submitted.extend.ExtendTest.org.apache.ibatis.submitted.extend.ExtendTest
TypeHandlerRegistry.java,org.apache.ibatis.type.TypeHandlerRegistry,org.pitest.mutationtest.engine.gregor.mutators.ReturnValsMutator,getInstance,397,KILLED,org.apache.ibatis.submitted.extend.ExtendTest.org.apache.ibatis.submitted.extend.ExtendTest
TypeHandlerRegistry.java,org.apache.ibatis.type.TypeHandlerRegistry,org.pitest.mutationtest.engine.gregor.mutators.ArgumentPropagationMutator,getJdbcHandlerMap,218,KILLED,org.apache.ibatis.submitted.extend.ExtendTest.org.apache.ibatis.submitted.extend.ExtendTest
TypeHandlerRegistry.java,org.apache.ibatis.type.TypeHandlerRegistry,org.pitest.mutationtest.engine.gregor.mutators.ArgumentPropagationMutator,getJdbcHandlerMap,226,NO_COVERAGE,none
TypeHandlerRegistry.java,org.apache.ibatis.type.TypeHandlerRegistry,org.pitest.mutationtest.engine.gregor.mutators.ArgumentPropagationMutator,getJdbcHandlerMap,229,NO_COVERAGE,none
TypeHandlerRegistry.java,org.apache.ibatis.type.TypeHandlerRegistry,org.pitest.mutationtest.engine.gregor.mutators.ConstructorCallMutator,getJdbcHandlerMap,228,NO_COVERAGE,none
TypeHandlerRegistry.java,org.apache.ibatis.type.TypeHandlerRegistry,org.pitest.mutationtest.engine.gregor.mutators.NegateConditionalsMutator,getJdbcHandlerMap,222,KILLED,org.apache.ibatis.submitted.extend.ExtendTest.org.apache.ibatis.submitted.extend.ExtendTest
TypeHandlerRegistry.java,org.apache.ibatis.type.TypeHandlerRegistry,org.pitest.mutationtest.engine.gregor.mutators.NegateConditionalsMutator,getJdbcHandlerMap,232,KILLED,org.apache.ibatis.submitted.extend.ExtendTest.org.apache.ibatis.submitted.extend.ExtendTest
TypeHandlerRegistry.java,org.apache.ibatis.type.TypeHandlerRegistry,org.pitest.mutationtest.engine.gregor.mutators.NonVoidMethodCallMutator,getJdbcHandlerMap,218,KILLED,org.apache.ibatis.submitted.extend.ExtendTest.org.apache.ibatis.submitted.extend.ExtendTest
TypeHandlerRegistry.java,org.apache.ibatis.type.TypeHandlerRegistry,org.pitest.mutationtest.engine.gregor.mutators.NonVoidMethodCallMutator,getJdbcHandlerMap,219,KILLED,org.apache.ibatis.submitted.extend.ExtendTest.org.apache.ibatis.submitted.extend.ExtendTest
TypeHandlerRegistry.java,org.apache.ibatis.type.TypeHandlerRegistry,org.pitest.mutationtest.engine.gregor.mutators.NonVoidMethodCallMutator,getJdbcHandlerMap,226,NO_COVERAGE,none
TypeHandlerRegistry.java,org.apache.ibatis.type.TypeHandlerRegistry,org.pitest.mutationtest.engine.gregor.mutators.NonVoidMethodCallMutator,getJdbcHandlerMap,227,KILLED,org.apache.ibatis.submitted.extend.ExtendTest.org.apache.ibatis.submitted.extend.ExtendTest
TypeHandlerRegistry.java,org.apache.ibatis.type.TypeHandlerRegistry,org.pitest.mutationtest.engine.gregor.mutators.NonVoidMethodCallMutator,getJdbcHandlerMap,229,NO_COVERAGE,none
TypeHandlerRegistry.java,org.apache.ibatis.type.TypeHandlerRegistry,org.pitest.mutationtest.engine.gregor.mutators.NonVoidMethodCallMutator,getJdbcHandlerMap,233,KILLED,org.apache.ibatis.submitted.extend.ExtendTest.org.apache.ibatis.submitted.extend.ExtendTest
TypeHandlerRegistry.java,org.apache.ibatis.type.TypeHandlerRegistry,org.pitest.mutationtest.engine.gregor.mutators.RemoveConditionalMutator_EQUAL_ELSE,getJdbcHandlerMap,219,KILLED,org.apache.ibatis.submitted.extend.ExtendTest.org.apache.ibatis.submitted.extend.ExtendTest
TypeHandlerRegistry.java,org.apache.ibatis.type.TypeHandlerRegistry,org.pitest.mutationtest.engine.gregor.mutators.RemoveConditionalMutator_EQUAL_IF,getJdbcHandlerMap,222,KILLED,org.apache.ibatis.submitted.extend.ExtendTest.org.apache.ibatis.submitted.extend.ExtendTest
TypeHandlerRegistry.java,org.apache.ibatis.type.TypeHandlerRegistry,org.pitest.mutationtest.engine.gregor.mutators.RemoveConditionalMutator_EQUAL_IF,getJdbcHandlerMap,222,KILLED,org.apache.ibatis.submitted.extend.ExtendTest.org.apache.ibatis.submitted.extend.ExtendTest
TypeHandlerRegistry.java,org.apache.ibatis.type.TypeHandlerRegistry,org.pitest.mutationtest.engine.gregor.mutators.ReturnValsMutator,getJdbcHandlerMap,229,NO_COVERAGE,none
TypeHandlerRegistry.java,org.apache.ibatis.type.TypeHandlerRegistry,org.pitest.mutationtest.engine.gregor.mutators.ReturnValsMutator,getJdbcHandlerMap,235,KILLED,org.apache.ibatis.submitted.extend.ExtendTest.org.apache.ibatis.submitted.extend.ExtendTest
TypeHandlerRegistry.java,org.apache.ibatis.type.TypeHandlerRegistry,org.pitest.mutationtest.engine.gregor.mutators.ArgumentPropagationMutator,getJdbcHandlerMapForSuperclass,243,KILLED,org.apache.ibatis.submitted.extend.ExtendTest.org.apache.ibatis.submitted.extend.ExtendTest
TypeHandlerRegistry.java,org.apache.ibatis.type.TypeHandlerRegistry,org.pitest.mutationtest.engine.gregor.mutators.NegateConditionalsMutator,getJdbcHandlerMapForSuperclass,244,KILLED,org.apache.ibatis.submitted.extend.ExtendTest.org.apache.ibatis.submitted.extend.ExtendTest
TypeHandlerRegistry.java,org.apache.ibatis.type.TypeHandlerRegistry,org.pitest.mutationtest.engine.gregor.mutators.RemoveConditionalMutator_EQUAL_IF,getJdbcHandlerMapForSuperclass,240,KILLED,org.apache.ibatis.submitted.extend.ExtendTest.org.apache.ibatis.submitted.extend.ExtendTest
TypeHandlerRegistry.java,org.apache.ibatis.type.TypeHandlerRegistry,org.pitest.mutationtest.engine.gregor.mutators.RemoveConditionalMutator_EQUAL_IF,getJdbcHandlerMapForSuperclass,244,KILLED,org.apache.ibatis.submitted.extend.ExtendTest.org.apache.ibatis.submitted.extend.ExtendTest
TypeHandlerRegistry.java,org.apache.ibatis.type.TypeHandlerRegistry,org.pitest.mutationtest.engine.gregor.mutators.ReturnValsMutator,getJdbcHandlerMapForSuperclass,241,KILLED,org.apache.ibatis.submitted.extend.ExtendTest.org.apache.ibatis.submitted.extend.ExtendTest
TypeHandlerRegistry.java,org.apache.ibatis.type.TypeHandlerRegistry,org.pitest.mutationtest.engine.gregor.mutators.ReturnValsMutator,getJdbcHandlerMapForSuperclass,245,NO_COVERAGE,none
TypeHandlerRegistry.java,org.apache.ibatis.type.TypeHandlerRegistry,org.pitest.mutationtest.engine.gregor.mutators.ArgumentPropagationMutator,getMappingTypeHandler,175,NO_COVERAGE,none
TypeHandlerRegistry.java,org.apache.ibatis.type.TypeHandlerRegistry,org.pitest.mutationtest.engine.gregor.mutators.NonVoidMethodCallMutator,getMappingTypeHandler,175,NO_COVERAGE,none
TypeHandlerRegistry.java,org.apache.ibatis.type.TypeHandlerRegistry,org.pitest.mutationtest.engine.gregor.mutators.ReturnValsMutator,getMappingTypeHandler,175,NO_COVERAGE,none
TypeHandlerRegistry.java,org.apache.ibatis.type.TypeHandlerRegistry,org.pitest.mutationtest.engine.gregor.mutators.NonVoidMethodCallMutator,getTypeHandler,179,NO_COVERAGE,none
TypeHandlerRegistry.java,org.apache.ibatis.type.TypeHandlerRegistry,org.pitest.mutationtest.engine.gregor.mutators.ReturnValsMutator,getTypeHandler,179,NO_COVERAGE,none
TypeHandlerRegistry.java,org.apache.ibatis.type.TypeHandlerRegistry,org.pitest.mutationtest.engine.gregor.mutators.ReturnValsMutator,getTypeHandler,191,KILLED,org.apache.ibatis.submitted.extend.ExtendTest.org.apache.ibatis.submitted.extend.ExtendTest
TypeHandlerRegistry.java,org.apache.ibatis.type.TypeHandlerRegistry,org.pitest.mutationtest.engine.gregor.mutators.ArgumentPropagationMutator,getTypeHandler,205,NO_COVERAGE,none
TypeHandlerRegistry.java,org.apache.ibatis.type.TypeHandlerRegistry,org.pitest.mutationtest.engine.gregor.mutators.NegateConditionalsMutator,getTypeHandler,204,KILLED,org.apache.ibatis.submitted.extend.ExtendTest.org.apache.ibatis.submitted.extend.ExtendTest
TypeHandlerRegistry.java,org.apache.ibatis.type.TypeHandlerRegistry,org.pitest.mutationtest.engine.gregor.mutators.NegateConditionalsMutator,getTypeHandler,207,KILLED,org.apache.ibatis.submitted.extend.ExtendTest.org.apache.ibatis.submitted.extend.ExtendTest
TypeHandlerRegistry.java,org.apache.ibatis.type.TypeHandlerRegistry,org.pitest.mutationtest.engine.gregor.mutators.NonVoidMethodCallMutator,getTypeHandler,200,KILLED,org.apache.ibatis.submitted.extend.ExtendTest.org.apache.ibatis.submitted.extend.ExtendTest
TypeHandlerRegistry.java,org.apache.ibatis.type.TypeHandlerRegistry,org.pitest.mutationtest.engine.gregor.mutators.NonVoidMethodCallMutator,getTypeHandler,209,NO_COVERAGE,none
TypeHandlerRegistry.java,org.apache.ibatis.type.TypeHandlerRegistry,org.pitest.mutationtest.engine.gregor.mutators.RemoveConditionalMutator_EQUAL_ELSE,getTypeHandler,202,KILLED,org.apache.ibatis.submitted.extend.ExtendTest.org.apache.ibatis.submitted.extend.ExtendTest
TypeHandlerRegistry.java,org.apache.ibatis.type.TypeHandlerRegistry,org.pitest.mutationtest.engine.gregor.mutators.RemoveConditionalMutator_EQUAL_IF,getTypeHandler,204,KILLED,org.apache.ibatis.submitted.extend.ExtendTest.org.apache.ibatis.submitted.extend.ExtendTest
TypeHandlerRegistry.java,org.apache.ibatis.type.TypeHandlerRegistry,org.pitest.mutationtest.engine.gregor.mutators.RemoveConditionalMutator_EQUAL_IF,getTypeHandler,207,KILLED,org.apache.ibatis.submitted.extend.ExtendTest.org.apache.ibatis.submitted.extend.ExtendTest
TypeHandlerRegistry.java,org.apache.ibatis.type.TypeHandlerRegistry,org.pitest.mutationtest.engine.gregor.mutators.ReturnValsMutator,getTypeHandler,213,KILLED,org.apache.ibatis.submitted.extend.ExtendTest.org.apache.ibatis.submitted.extend.ExtendTest
TypeHandlerRegistry.java,org.apache.ibatis.type.TypeHandlerRegistry,org.pitest.mutationtest.engine.gregor.mutators.ArgumentPropagationMutator,getTypeHandler,187,NO_COVERAGE,none
TypeHandlerRegistry.java,org.apache.ibatis.type.TypeHandlerRegistry,org.pitest.mutationtest.engine.gregor.mutators.NonVoidMethodCallMutator,getTypeHandler,187,NO_COVERAGE,none
TypeHandlerRegistry.java,org.apache.ibatis.type.TypeHandlerRegistry,org.pitest.mutationtest.engine.gregor.mutators.ReturnValsMutator,getTypeHandler,187,NO_COVERAGE,none
TypeHandlerRegistry.java,org.apache.ibatis.type.TypeHandlerRegistry,org.pitest.mutationtest.engine.gregor.mutators.NonVoidMethodCallMutator,getTypeHandler,183,NO_COVERAGE,none
TypeHandlerRegistry.java,org.apache.ibatis.type.TypeHandlerRegistry,org.pitest.mutationtest.engine.gregor.mutators.ReturnValsMutator,getTypeHandler,183,NO_COVERAGE,none
TypeHandlerRegistry.java,org.apache.ibatis.type.TypeHandlerRegistry,org.pitest.mutationtest.engine.gregor.mutators.NonVoidMethodCallMutator,getTypeHandler,195,NO_COVERAGE,none
TypeHandlerRegistry.java,org.apache.ibatis.type.TypeHandlerRegistry,org.pitest.mutationtest.engine.gregor.mutators.NonVoidMethodCallMutator,getTypeHandler,195,NO_COVERAGE,none
TypeHandlerRegistry.java,org.apache.ibatis.type.TypeHandlerRegistry,org.pitest.mutationtest.engine.gregor.mutators.ReturnValsMutator,getTypeHandler,195,NO_COVERAGE,none
TypeHandlerRegistry.java,org.apache.ibatis.type.TypeHandlerRegistry,org.pitest.mutationtest.engine.gregor.mutators.ArgumentPropagationMutator,getTypeHandlers,423,NO_COVERAGE,none
TypeHandlerRegistry.java,org.apache.ibatis.type.TypeHandlerRegistry,org.pitest.mutationtest.engine.gregor.mutators.NonVoidMethodCallMutator,getTypeHandlers,423,NO_COVERAGE,none
TypeHandlerRegistry.java,org.apache.ibatis.type.TypeHandlerRegistry,org.pitest.mutationtest.engine.gregor.mutators.NonVoidMethodCallMutator,getTypeHandlers,423,NO_COVERAGE,none
TypeHandlerRegistry.java,org.apache.ibatis.type.TypeHandlerRegistry,org.pitest.mutationtest.engine.gregor.mutators.ReturnValsMutator,getTypeHandlers,423,NO_COVERAGE,none
TypeHandlerRegistry.java,org.apache.ibatis.type.TypeHandlerRegistry,org.pitest.mutationtest.engine.gregor.mutators.NonVoidMethodCallMutator,hasTypeHandler,159,KILLED,org.apache.ibatis.submitted.extend.ExtendTest.org.apache.ibatis.submitted.extend.ExtendTest
TypeHandlerRegistry.java,org.apache.ibatis.type.TypeHandlerRegistry,org.pitest.mutationtest.engine.gregor.mutators.InlineConstantMutator,hasTypeHandler,167,KILLED,org.apache.ibatis.submitted.extend.ExtendTest.org.apache.ibatis.submitted.extend.ExtendTest
TypeHandlerRegistry.java,org.apache.ibatis.type.TypeHandlerRegistry,org.pitest.mutationtest.engine.gregor.mutators.NegateConditionalsMutator,hasTypeHandler,167,KILLED,org.apache.ibatis.submitted.extend.ExtendTest.org.apache.ibatis.submitted.extend.ExtendTest
TypeHandlerRegistry.java,org.apache.ibatis.type.TypeHandlerRegistry,org.pitest.mutationtest.engine.gregor.mutators.NegateConditionalsMutator,hasTypeHandler,167,KILLED,org.apache.ibatis.submitted.extend.ExtendTest.org.apache.ibatis.submitted.extend.ExtendTest
TypeHandlerRegistry.java,org.apache.ibatis.type.TypeHandlerRegistry,org.pitest.mutationtest.engine.gregor.mutators.RemoveConditionalMutator_EQUAL_ELSE,hasTypeHandler,167,KILLED,org.apache.ibatis.submitted.extend.ExtendTest.org.apache.ibatis.submitted.extend.ExtendTest
TypeHandlerRegistry.java,org.apache.ibatis.type.TypeHandlerRegistry,org.pitest.mutationtest.engine.gregor.mutators.NonVoidMethodCallMutator,hasTypeHandler,163,NO_COVERAGE,none
TypeHandlerRegistry.java,org.apache.ibatis.type.TypeHandlerRegistry,org.pitest.mutationtest.engine.gregor.mutators.ReturnValsMutator,hasTypeHandler,163,NO_COVERAGE,none
TypeHandlerRegistry.java,org.apache.ibatis.type.TypeHandlerRegistry,org.pitest.mutationtest.engine.gregor.mutators.InlineConstantMutator,hasTypeHandler,171,NO_COVERAGE,none
TypeHandlerRegistry.java,org.apache.ibatis.type.TypeHandlerRegistry,org.pitest.mutationtest.engine.gregor.mutators.InlineConstantMutator,hasTypeHandler,171,NO_COVERAGE,none
TypeHandlerRegistry.java,org.apache.ibatis.type.TypeHandlerRegistry,org.pitest.mutationtest.engine.gregor.mutators.NegateConditionalsMutator,hasTypeHandler,171,NO_COVERAGE,none
TypeHandlerRegistry.java,org.apache.ibatis.type.TypeHandlerRegistry,org.pitest.mutationtest.engine.gregor.mutators.NegateConditionalsMutator,hasTypeHandler,171,NO_COVERAGE,none
TypeHandlerRegistry.java,org.apache.ibatis.type.TypeHandlerRegistry,org.pitest.mutationtest.engine.gregor.mutators.NonVoidMethodCallMutator,hasTypeHandler,171,NO_COVERAGE,none
TypeHandlerRegistry.java,org.apache.ibatis.type.TypeHandlerRegistry,org.pitest.mutationtest.engine.gregor.mutators.RemoveConditionalMutator_EQUAL_ELSE,hasTypeHandler,171,NO_COVERAGE,none
TypeHandlerRegistry.java,org.apache.ibatis.type.TypeHandlerRegistry,org.pitest.mutationtest.engine.gregor.mutators.RemoveConditionalMutator_EQUAL_ELSE,hasTypeHandler,171,NO_COVERAGE,none
TypeHandlerRegistry.java,org.apache.ibatis.type.TypeHandlerRegistry,org.pitest.mutationtest.engine.gregor.mutators.RemoveConditionalMutator_EQUAL_IF,hasTypeHandler,171,NO_COVERAGE,none
TypeHandlerRegistry.java,org.apache.ibatis.type.TypeHandlerRegistry,org.pitest.mutationtest.engine.gregor.mutators.RemoveConditionalMutator_EQUAL_IF,hasTypeHandler,171,NO_COVERAGE,none
TypeHandlerRegistry.java,org.apache.ibatis.type.TypeHandlerRegistry,org.pitest.mutationtest.engine.gregor.mutators.ReturnValsMutator,hasTypeHandler,171,NO_COVERAGE,none
TypeHandlerRegistry.java,org.apache.ibatis.type.TypeHandlerRegistry,org.pitest.mutationtest.engine.gregor.mutators.NegateConditionalsMutator,pickSoleHandler,253,NO_COVERAGE,none
TypeHandlerRegistry.java,org.apache.ibatis.type.TypeHandlerRegistry,org.pitest.mutationtest.engine.gregor.mutators.NegateConditionalsMutator,pickSoleHandler,254,NO_COVERAGE,none
TypeHandlerRegistry.java,org.apache.ibatis.type.TypeHandlerRegistry,org.pitest.mutationtest.engine.gregor.mutators.NegateConditionalsMutator,pickSoleHandler,256,NO_COVERAGE,none
TypeHandlerRegistry.java,org.apache.ibatis.type.TypeHandlerRegistry,org.pitest.mutationtest.engine.gregor.mutators.NonVoidMethodCallMutator,pickSoleHandler,253,NO_COVERAGE,none
TypeHandlerRegistry.java,org.apache.ibatis.type.TypeHandlerRegistry,org.pitest.mutationtest.engine.gregor.mutators.NonVoidMethodCallMutator,pickSoleHandler,253,NO_COVERAGE,none
TypeHandlerRegistry.java,org.apache.ibatis.type.TypeHandlerRegistry,org.pitest.mutationtest.engine.gregor.mutators.NonVoidMethodCallMutator,pickSoleHandler,253,NO_COVERAGE,none
TypeHandlerRegistry.java,org.apache.ibatis.type.TypeHandlerRegistry,org.pitest.mutationtest.engine.gregor.mutators.NonVoidMethodCallMutator,pickSoleHandler,256,NO_COVERAGE,none
TypeHandlerRegistry.java,org.apache.ibatis.type.TypeHandlerRegistry,org.pitest.mutationtest.engine.gregor.mutators.NonVoidMethodCallMutator,pickSoleHandler,256,NO_COVERAGE,none
TypeHandlerRegistry.java,org.apache.ibatis.type.TypeHandlerRegistry,org.pitest.mutationtest.engine.gregor.mutators.NonVoidMethodCallMutator,pickSoleHandler,256,NO_COVERAGE,none
TypeHandlerRegistry.java,org.apache.ibatis.type.TypeHandlerRegistry,org.pitest.mutationtest.engine.gregor.mutators.RemoveConditionalMutator_EQUAL_ELSE,pickSoleHandler,253,NO_COVERAGE,none
TypeHandlerRegistry.java,org.apache.ibatis.type.TypeHandlerRegistry,org.pitest.mutationtest.engine.gregor.mutators.RemoveConditionalMutator_EQUAL_ELSE,pickSoleHandler,254,NO_COVERAGE,none
TypeHandlerRegistry.java,org.apache.ibatis.type.TypeHandlerRegistry,org.pitest.mutationtest.engine.gregor.mutators.RemoveConditionalMutator_EQUAL_ELSE,pickSoleHandler,256,NO_COVERAGE,none
TypeHandlerRegistry.java,org.apache.ibatis.type.TypeHandlerRegistry,org.pitest.mutationtest.engine.gregor.mutators.RemoveConditionalMutator_EQUAL_IF,pickSoleHandler,253,NO_COVERAGE,none
TypeHandlerRegistry.java,org.apache.ibatis.type.TypeHandlerRegistry,org.pitest.mutationtest.engine.gregor.mutators.RemoveConditionalMutator_EQUAL_IF,pickSoleHandler,254,NO_COVERAGE,none
TypeHandlerRegistry.java,org.apache.ibatis.type.TypeHandlerRegistry,org.pitest.mutationtest.engine.gregor.mutators.RemoveConditionalMutator_EQUAL_IF,pickSoleHandler,256,NO_COVERAGE,none
TypeHandlerRegistry.java,org.apache.ibatis.type.TypeHandlerRegistry,org.pitest.mutationtest.engine.gregor.mutators.ReturnValsMutator,pickSoleHandler,258,NO_COVERAGE,none
TypeHandlerRegistry.java,org.apache.ibatis.type.TypeHandlerRegistry,org.pitest.mutationtest.engine.gregor.mutators.ReturnValsMutator,pickSoleHandler,261,NO_COVERAGE,none
TypeHandlerRegistry.java,org.apache.ibatis.type.TypeHandlerRegistry,org.pitest.mutationtest.engine.gregor.mutators.ConditionalsBoundaryMutator,register,355,NO_COVERAGE,none
TypeHandlerRegistry.java,org.apache.ibatis.type.TypeHandlerRegistry,org.pitest.mutationtest.engine.gregor.mutators.IncrementsMutator,register,355,NO_COVERAGE,none
TypeHandlerRegistry.java,org.apache.ibatis.type.TypeHandlerRegistry,org.pitest.mutationtest.engine.gregor.mutators.InlineConstantMutator,register,352,NO_COVERAGE,none
TypeHandlerRegistry.java,org.apache.ibatis.type.TypeHandlerRegistry,org.pitest.mutationtest.engine.gregor.mutators.InlineConstantMutator,register,355,NO_COVERAGE,none
TypeHandlerRegistry.java,org.apache.ibatis.type.TypeHandlerRegistry,org.pitest.mutationtest.engine.gregor.mutators.InlineConstantMutator,register,357,NO_COVERAGE,none
TypeHandlerRegistry.java,org.apache.ibatis.type.TypeHandlerRegistry,org.pitest.mutationtest.engine.gregor.mutators.NegateConditionalsMutator,register,354,NO_COVERAGE,none
TypeHandlerRegistry.java,org.apache.ibatis.type.TypeHandlerRegistry,org.pitest.mutationtest.engine.gregor.mutators.NegateConditionalsMutator,register,355,NO_COVERAGE,none
TypeHandlerRegistry.java,org.apache.ibatis.type.TypeHandlerRegistry,org.pitest.mutationtest.engine.gregor.mutators.NegateConditionalsMutator,register,360,NO_COVERAGE,none
TypeHandlerRegistry.java,org.apache.ibatis.type.TypeHandlerRegistry,org.pitest.mutationtest.engine.gregor.mutators.NonVoidMethodCallMutator,register,353,NO_COVERAGE,none
TypeHandlerRegistry.java,org.apache.ibatis.type.TypeHandlerRegistry,org.pitest.mutationtest.engine.gregor.mutators.NonVoidMethodCallMutator,register,355,NO_COVERAGE,none
TypeHandlerRegistry.java,org.apache.ibatis.type.TypeHandlerRegistry,org.pitest.mutationtest.engine.gregor.mutators.NonVoidMethodCallMutator,register,361,NO_COVERAGE,none
TypeHandlerRegistry.java,org.apache.ibatis.type.TypeHandlerRegistry,org.pitest.mutationtest.engine.gregor.mutators.RemoveConditionalMutator_EQUAL_ELSE,register,354,NO_COVERAGE,none
TypeHandlerRegistry.java,org.apache.ibatis.type.TypeHandlerRegistry,org.pitest.mutationtest.engine.gregor.mutators.RemoveConditionalMutator_EQUAL_ELSE,register,360,NO_COVERAGE,none
TypeHandlerRegistry.java,org.apache.ibatis.type.TypeHandlerRegistry,org.pitest.mutationtest.engine.gregor.mutators.RemoveConditionalMutator_EQUAL_IF,register,354,NO_COVERAGE,none
TypeHandlerRegistry.java,org.apache.ibatis.type.TypeHandlerRegistry,org.pitest.mutationtest.engine.gregor.mutators.RemoveConditionalMutator_EQUAL_IF,register,360,NO_COVERAGE,none
TypeHandlerRegistry.java,org.apache.ibatis.type.TypeHandlerRegistry,org.pitest.mutationtest.engine.gregor.mutators.RemoveConditionalMutator_ORDER_ELSE,register,355,NO_COVERAGE,none
TypeHandlerRegistry.java,org.apache.ibatis.type.TypeHandlerRegistry,org.pitest.mutationtest.engine.gregor.mutators.RemoveConditionalMutator_ORDER_IF,register,355,NO_COVERAGE,none
TypeHandlerRegistry.java,org.apache.ibatis.type.TypeHandlerRegistry,org.pitest.mutationtest.engine.gregor.mutators.VoidMethodCallMutator,register,356,NO_COVERAGE,none
TypeHandlerRegistry.java,org.apache.ibatis.type.TypeHandlerRegistry,org.pitest.mutationtest.engine.gregor.mutators.VoidMethodCallMutator,register,361,NO_COVERAGE,none
TypeHandlerRegistry.java,org.apache.ibatis.type.TypeHandlerRegistry,org.pitest.mutationtest.engine.gregor.mutators.NonVoidMethodCallMutator,register,378,NO_COVERAGE,none
TypeHandlerRegistry.java,org.apache.ibatis.type.TypeHandlerRegistry,org.pitest.mutationtest.engine.gregor.mutators.VoidMethodCallMutator,register,378,NO_COVERAGE,none
TypeHandlerRegistry.java,org.apache.ibatis.type.TypeHandlerRegistry,org.pitest.mutationtest.engine.gregor.mutators.ConstructorCallMutator,register,406,NO_COVERAGE,none
TypeHandlerRegistry.java,org.apache.ibatis.type.TypeHandlerRegistry,org.pitest.mutationtest.engine.gregor.mutators.ConstructorCallMutator,register,407,NO_COVERAGE,none
TypeHandlerRegistry.java,org.apache.ibatis.type.TypeHandlerRegistry,org.pitest.mutationtest.engine.gregor.mutators.NegateConditionalsMutator,register,409,NO_COVERAGE,none
TypeHandlerRegistry.java,org.apache.ibatis.type.TypeHandlerRegistry,org.pitest.mutationtest.engine.gregor.mutators.NegateConditionalsMutator,register,411,NO_COVERAGE,none
TypeHandlerRegistry.java,org.apache.ibatis.type.TypeHandlerRegistry,org.pitest.mutationtest.engine.gregor.mutators.NegateConditionalsMutator,register,411,NO_COVERAGE,none
TypeHandlerRegistry.java,org.apache.ibatis.type.TypeHandlerRegistry,org.pitest.mutationtest.engine.gregor.mutators.NegateConditionalsMutator,register,411,NO_COVERAGE,none
TypeHandlerRegistry.java,org.apache.ibatis.type.TypeHandlerRegistry,org.pitest.mutationtest.engine.gregor.mutators.NonVoidMethodCallMutator,register,407,NO_COVERAGE,none
TypeHandlerRegistry.java,org.apache.ibatis.type.TypeHandlerRegistry,org.pitest.mutationtest.engine.gregor.mutators.NonVoidMethodCallMutator,register,408,NO_COVERAGE,none
TypeHandlerRegistry.java,org.apache.ibatis.type.TypeHandlerRegistry,org.pitest.mutationtest.engine.gregor.mutators.NonVoidMethodCallMutator,register,409,NO_COVERAGE,none
TypeHandlerRegistry.java,org.apache.ibatis.type.TypeHandlerRegistry,org.pitest.mutationtest.engine.gregor.mutators.NonVoidMethodCallMutator,register,409,NO_COVERAGE,none
TypeHandlerRegistry.java,org.apache.ibatis.type.TypeHandlerRegistry,org.pitest.mutationtest.engine.gregor.mutators.NonVoidMethodCallMutator,register,409,NO_COVERAGE,none
TypeHandlerRegistry.java,org.apache.ibatis.type.TypeHandlerRegistry,org.pitest.mutationtest.engine.gregor.mutators.NonVoidMethodCallMutator,register,411,NO_COVERAGE,none
TypeHandlerRegistry.java,org.apache.ibatis.type.TypeHandlerRegistry,org.pitest.mutationtest.engine.gregor.mutators.NonVoidMethodCallMutator,register,411,NO_COVERAGE,none
TypeHandlerRegistry.java,org.apache.ibatis.type.TypeHandlerRegistry,org.pitest.mutationtest.engine.gregor.mutators.NonVoidMethodCallMutator,register,411,NO_COVERAGE,none
TypeHandlerRegistry.java,org.apache.ibatis.type.TypeHandlerRegistry,org.pitest.mutationtest.engine.gregor.mutators.NonVoidMethodCallMutator,register,411,NO_COVERAGE,none
TypeHandlerRegistry.java,org.apache.ibatis.type.TypeHandlerRegistry,org.pitest.mutationtest.engine.gregor.mutators.RemoveConditionalMutator_EQUAL_ELSE,register,409,NO_COVERAGE,none
TypeHandlerRegistry.java,org.apache.ibatis.type.TypeHandlerRegistry,org.pitest.mutationtest.engine.gregor.mutators.RemoveConditionalMutator_EQUAL_ELSE,register,411,NO_COVERAGE,none
TypeHandlerRegistry.java,org.apache.ibatis.type.TypeHandlerRegistry,org.pitest.mutationtest.engine.gregor.mutators.RemoveConditionalMutator_EQUAL_ELSE,register,411,NO_COVERAGE,none
TypeHandlerRegistry.java,org.apache.ibatis.type.TypeHandlerRegistry,org.pitest.mutationtest.engine.gregor.mutators.RemoveConditionalMutator_EQUAL_ELSE,register,411,NO_COVERAGE,none
TypeHandlerRegistry.java,org.apache.ibatis.type.TypeHandlerRegistry,org.pitest.mutationtest.engine.gregor.mutators.RemoveConditionalMutator_EQUAL_IF,register,409,NO_COVERAGE,none
TypeHandlerRegistry.java,org.apache.ibatis.type.TypeHandlerRegistry,org.pitest.mutationtest.engine.gregor.mutators.RemoveConditionalMutator_EQUAL_IF,register,411,NO_COVERAGE,none
TypeHandlerRegistry.java,org.apache.ibatis.type.TypeHandlerRegistry,org.pitest.mutationtest.engine.gregor.mutators.RemoveConditionalMutator_EQUAL_IF,register,411,NO_COVERAGE,none
TypeHandlerRegistry.java,org.apache.ibatis.type.TypeHandlerRegistry,org.pitest.mutationtest.engine.gregor.mutators.RemoveConditionalMutator_EQUAL_IF,register,411,NO_COVERAGE,none
TypeHandlerRegistry.java,org.apache.ibatis.type.TypeHandlerRegistry,org.pitest.mutationtest.engine.gregor.mutators.VoidMethodCallMutator,register,412,NO_COVERAGE,none
TypeHandlerRegistry.java,org.apache.ibatis.type.TypeHandlerRegistry,org.pitest.mutationtest.engine.gregor.mutators.NonVoidMethodCallMutator,register,368,KILLED,org.apache.ibatis.submitted.extend.ExtendTest.org.apache.ibatis.submitted.extend.ExtendTest
TypeHandlerRegistry.java,org.apache.ibatis.type.TypeHandlerRegistry,org.pitest.mutationtest.engine.gregor.mutators.NonVoidMethodCallMutator,register,368,KILLED,org.apache.ibatis.submitted.extend.ExtendTest.org.apache.ibatis.submitted.extend.ExtendTest
TypeHandlerRegistry.java,org.apache.ibatis.type.TypeHandlerRegistry,org.pitest.mutationtest.engine.gregor.mutators.VoidMethodCallMutator,register,368,KILLED,org.apache.ibatis.submitted.extend.ExtendTest.org.apache.ibatis.submitted.extend.ExtendTest
TypeHandlerRegistry.java,org.apache.ibatis.type.TypeHandlerRegistry,org.pitest.mutationtest.engine.gregor.mutators.ArgumentPropagationMutator,register,335,KILLED,org.apache.ibatis.submitted.extend.ExtendTest.org.apache.ibatis.submitted.extend.ExtendTest
TypeHandlerRegistry.java,org.apache.ibatis.type.TypeHandlerRegistry,org.pitest.mutationtest.engine.gregor.mutators.ArgumentPropagationMutator,register,340,KILLED,org.apache.ibatis.submitted.extend.ExtendTest.org.apache.ibatis.submitted.extend.ExtendTest
TypeHandlerRegistry.java,org.apache.ibatis.type.TypeHandlerRegistry,org.pitest.mutationtest.engine.gregor.mutators.ConstructorCallMutator,register,337,KILLED,org.apache.ibatis.submitted.extend.ExtendTest.org.apache.ibatis.submitted.extend.ExtendTest
TypeHandlerRegistry.java,org.apache.ibatis.type.TypeHandlerRegistry,org.pitest.mutationtest.engine.gregor.mutators.NegateConditionalsMutator,register,336,KILLED,org.apache.ibatis.submitted.extend.ExtendTest.org.apache.ibatis.submitted.extend.ExtendTest
TypeHandlerRegistry.java,org.apache.ibatis.type.TypeHandlerRegistry,org.pitest.mutationtest.engine.gregor.mutators.NonVoidMethodCallMutator,register,338,KILLED,org.apache.ibatis.submitted.extend.ExtendTest.org.apache.ibatis.submitted.extend.ExtendTest
TypeHandlerRegistry.java,org.apache.ibatis.type.TypeHandlerRegistry,org.pitest.mutationtest.engine.gregor.mutators.RemoveConditionalMutator_EQUAL_ELSE,register,334,KILLED,org.apache.ibatis.submitted.extend.ExtendTest.org.apache.ibatis.submitted.extend.ExtendTest
TypeHandlerRegistry.java,org.apache.ibatis.type.TypeHandlerRegistry,org.pitest.mutationtest.engine.gregor.mutators.RemoveConditionalMutator_EQUAL_ELSE,register,336,KILLED,org.apache.ibatis.submitted.extend.ExtendTest.org.apache.ibatis.submitted.extend.ExtendTest
TypeHandlerRegistry.java,org.apache.ibatis.type.TypeHandlerRegistry,org.pitest.mutationtest.engine.gregor.mutators.RemoveConditionalMutator_EQUAL_IF,register,334,KILLED,org.apache.ibatis.submitted.extend.ExtendTest.org.apache.ibatis.submitted.extend.ExtendTest
TypeHandlerRegistry.java,org.apache.ibatis.type.TypeHandlerRegistry,org.pitest.mutationtest.engine.gregor.mutators.ConditionalsBoundaryMutator,register,312,NO_COVERAGE,none
TypeHandlerRegistry.java,org.apache.ibatis.type.TypeHandlerRegistry,org.pitest.mutationtest.engine.gregor.mutators.IncrementsMutator,register,312,NO_COVERAGE,none
TypeHandlerRegistry.java,org.apache.ibatis.type.TypeHandlerRegistry,org.pitest.mutationtest.engine.gregor.mutators.InlineConstantMutator,register,312,NO_COVERAGE,none
TypeHandlerRegistry.java,org.apache.ibatis.type.TypeHandlerRegistry,org.pitest.mutationtest.engine.gregor.mutators.NegateConditionalsMutator,register,311,KILLED,org.apache.ibatis.submitted.extend.ExtendTest.org.apache.ibatis.submitted.extend.ExtendTest
TypeHandlerRegistry.java,org.apache.ibatis.type.TypeHandlerRegistry,org.pitest.mutationtest.engine.gregor.mutators.NegateConditionalsMutator,register,312,NO_COVERAGE,none
TypeHandlerRegistry.java,org.apache.ibatis.type.TypeHandlerRegistry,org.pitest.mutationtest.engine.gregor.mutators.NegateConditionalsMutator,register,315,NO_COVERAGE,none
TypeHandlerRegistry.java,org.apache.ibatis.type.TypeHandlerRegistry,org.pitest.mutationtest.engine.gregor.mutators.NonVoidMethodCallMutator,register,310,KILLED,org.apache.ibatis.submitted.extend.ExtendTest.org.apache.ibatis.submitted.extend.ExtendTest
TypeHandlerRegistry.java,org.apache.ibatis.type.TypeHandlerRegistry,org.pitest.mutationtest.engine.gregor.mutators.NonVoidMethodCallMutator,register,312,NO_COVERAGE,none
TypeHandlerRegistry.java,org.apache.ibatis.type.TypeHandlerRegistry,org.pitest.mutationtest.engine.gregor.mutators.NonVoidMethodCallMutator,register,315,NO_COVERAGE,none
TypeHandlerRegistry.java,org.apache.ibatis.type.TypeHandlerRegistry,org.pitest.mutationtest.engine.gregor.mutators.RemoveConditionalMutator_EQUAL_ELSE,register,315,NO_COVERAGE,none
TypeHandlerRegistry.java,org.apache.ibatis.type.TypeHandlerRegistry,org.pitest.mutationtest.engine.gregor.mutators.RemoveConditionalMutator_EQUAL_IF,register,311,KILLED,org.apache.ibatis.submitted.extend.ExtendTest.org.apache.ibatis.submitted.extend.ExtendTest
TypeHandlerRegistry.java,org.apache.ibatis.type.TypeHandlerRegistry,org.pitest.mutationtest.engine.gregor.mutators.RemoveConditionalMutator_EQUAL_IF,register,315,NO_COVERAGE,none
TypeHandlerRegistry.java,org.apache.ibatis.type.TypeHandlerRegistry,org.pitest.mutationtest.engine.gregor.mutators.RemoveConditionalMutator_ORDER_ELSE,register,312,NO_COVERAGE,none
TypeHandlerRegistry.java,org.apache.ibatis.type.TypeHandlerRegistry,org.pitest.mutationtest.engine.gregor.mutators.RemoveConditionalMutator_ORDER_IF,register,312,NO_COVERAGE,none
TypeHandlerRegistry.java,org.apache.ibatis.type.TypeHandlerRegistry,org.pitest.mutationtest.engine.gregor.mutators.VoidMethodCallMutator,register,313,NO_COVERAGE,none
TypeHandlerRegistry.java,org.apache.ibatis.type.TypeHandlerRegistry,org.pitest.mutationtest.engine.gregor.mutators.VoidMethodCallMutator,register,316,NO_COVERAGE,none
TypeHandlerRegistry.java,org.apache.ibatis.type.TypeHandlerRegistry,org.pitest.mutationtest.engine.gregor.mutators.ArgumentPropagationMutator,register,269,KILLED,org.apache.ibatis.submitted.extend.ExtendTest.org.apache.ibatis.submitted.extend.ExtendTest
TypeHandlerRegistry.java,org.apache.ibatis.type.TypeHandlerRegistry,org.pitest.mutationtest.engine.gregor.mutators.ConditionalsBoundaryMutator,register,283,NO_COVERAGE,none
TypeHandlerRegistry.java,org.apache.ibatis.type.TypeHandlerRegistry,org.pitest.mutationtest.engine.gregor.mutators.IncrementsMutator,register,283,NO_COVERAGE,none
TypeHandlerRegistry.java,org.apache.ibatis.type.TypeHandlerRegistry,org.pitest.mutationtest.engine.gregor.mutators.InlineConstantMutator,register,280,NO_COVERAGE,none
TypeHandlerRegistry.java,org.apache.ibatis.type.TypeHandlerRegistry,org.pitest.mutationtest.engine.gregor.mutators.InlineConstantMutator,register,283,NO_COVERAGE,none
TypeHandlerRegistry.java,org.apache.ibatis.type.TypeHandlerRegistry,org.pitest.mutationtest.engine.gregor.mutators.InlineConstantMutator,register,285,NO_COVERAGE,none
TypeHandlerRegistry.java,org.apache.ibatis.type.TypeHandlerRegistry,org.pitest.mutationtest.engine.gregor.mutators.InlineConstantMutator,register,293,NO_COVERAGE,none
TypeHandlerRegistry.java,org.apache.ibatis.type.TypeHandlerRegistry,org.pitest.mutationtest.engine.gregor.mutators.NegateConditionalsMutator,register,282,NO_COVERAGE,none
TypeHandlerRegistry.java,org.apache.ibatis.type.TypeHandlerRegistry,org.pitest.mutationtest.engine.gregor.mutators.NegateConditionalsMutator,register,283,NO_COVERAGE,none
TypeHandlerRegistry.java,org.apache.ibatis.type.TypeHandlerRegistry,org.pitest.mutationtest.engine.gregor.mutators.NegateConditionalsMutator,register,289,NO_COVERAGE,none
TypeHandlerRegistry.java,org.apache.ibatis.type.TypeHandlerRegistry,org.pitest.mutationtest.engine.gregor.mutators.NegateConditionalsMutator,register,289,NO_COVERAGE,none
TypeHandlerRegistry.java,org.apache.ibatis.type.TypeHandlerRegistry,org.pitest.mutationtest.engine.gregor.mutators.NegateConditionalsMutator,register,298,NO_COVERAGE,none
TypeHandlerRegistry.java,org.apache.ibatis.type.TypeHandlerRegistry,org.pitest.mutationtest.engine.gregor.mutators.NonVoidMethodCallMutator,register,281,NO_COVERAGE,none
TypeHandlerRegistry.java,org.apache.ibatis.type.TypeHandlerRegistry,org.pitest.mutationtest.engine.gregor.mutators.NonVoidMethodCallMutator,register,281,NO_COVERAGE,none
TypeHandlerRegistry.java,org.apache.ibatis.type.TypeHandlerRegistry,org.pitest.mutationtest.engine.gregor.mutators.NonVoidMethodCallMutator,register,283,NO_COVERAGE,none
TypeHandlerRegistry.java,org.apache.ibatis.type.TypeHandlerRegistry,org.pitest.mutationtest.engine.gregor.mutators.NonVoidMethodCallMutator,register,292,NO_COVERAGE,none
TypeHandlerRegistry.java,org.apache.ibatis.type.TypeHandlerRegistry,org.pitest.mutationtest.engine.gregor.mutators.RemoveConditionalMutator_EQUAL_ELSE,register,282,NO_COVERAGE,none
TypeHandlerRegistry.java,org.apache.ibatis.type.TypeHandlerRegistry,org.pitest.mutationtest.engine.gregor.mutators.RemoveConditionalMutator_EQUAL_ELSE,register,289,NO_COVERAGE,none
TypeHandlerRegistry.java,org.apache.ibatis.type.TypeHandlerRegistry,org.pitest.mutationtest.engine.gregor.mutators.RemoveConditionalMutator_EQUAL_ELSE,register,289,NO_COVERAGE,none
TypeHandlerRegistry.java,org.apache.ibatis.type.TypeHandlerRegistry,org.pitest.mutationtest.engine.gregor.mutators.RemoveConditionalMutator_EQUAL_ELSE,register,298,NO_COVERAGE,none
TypeHandlerRegistry.java,org.apache.ibatis.type.TypeHandlerRegistry,org.pitest.mutationtest.engine.gregor.mutators.RemoveConditionalMutator_EQUAL_IF,register,282,NO_COVERAGE,none
TypeHandlerRegistry.java,org.apache.ibatis.type.TypeHandlerRegistry,org.pitest.mutationtest.engine.gregor.mutators.RemoveConditionalMutator_EQUAL_IF,register,289,NO_COVERAGE,none
TypeHandlerRegistry.java,org.apache.ibatis.type.TypeHandlerRegistry,org.pitest.mutationtest.engine.gregor.mutators.RemoveConditionalMutator_EQUAL_IF,register,289,NO_COVERAGE,none
TypeHandlerRegistry.java,org.apache.ibatis.type.TypeHandlerRegistry,org.pitest.mutationtest.engine.gregor.mutators.RemoveConditionalMutator_EQUAL_IF,register,298,NO_COVERAGE,none
TypeHandlerRegistry.java,org.apache.ibatis.type.TypeHandlerRegistry,org.pitest.mutationtest.engine.gregor.mutators.RemoveConditionalMutator_ORDER_ELSE,register,283,NO_COVERAGE,none
TypeHandlerRegistry.java,org.apache.ibatis.type.TypeHandlerRegistry,org.pitest.mutationtest.engine.gregor.mutators.RemoveConditionalMutator_ORDER_IF,register,283,NO_COVERAGE,none
TypeHandlerRegistry.java,org.apache.ibatis.type.TypeHandlerRegistry,org.pitest.mutationtest.engine.gregor.mutators.VoidMethodCallMutator,register,284,NO_COVERAGE,none
TypeHandlerRegistry.java,org.apache.ibatis.type.TypeHandlerRegistry,org.pitest.mutationtest.engine.gregor.mutators.VoidMethodCallMutator,register,292,NO_COVERAGE,none
TypeHandlerRegistry.java,org.apache.ibatis.type.TypeHandlerRegistry,org.pitest.mutationtest.engine.gregor.mutators.VoidMethodCallMutator,register,299,NO_COVERAGE,none
TypeHandlerRegistry.java,org.apache.ibatis.type.TypeHandlerRegistry,org.pitest.mutationtest.engine.gregor.mutators.experimental.RemoveIncrementsMutator,register,283,NO_COVERAGE,none
TypeHandlerRegistry.java,org.apache.ibatis.type.TypeHandlerRegistry,org.pitest.mutationtest.engine.gregor.mutators.NonVoidMethodCallMutator,register,324,NO_COVERAGE,none
TypeHandlerRegistry.java,org.apache.ibatis.type.TypeHandlerRegistry,org.pitest.mutationtest.engine.gregor.mutators.VoidMethodCallMutator,register,324,NO_COVERAGE,none
XNode.java,org.apache.ibatis.parsing.XNode,org.pitest.mutationtest.engine.gregor.mutators.experimental.MemberVariableMutator,<init>,43,KILLED,org.apache.ibatis.submitted.extend.ExtendTest.org.apache.ibatis.submitted.extend.ExtendTest
XNode.java,org.apache.ibatis.parsing.XNode,org.pitest.mutationtest.engine.gregor.mutators.experimental.MemberVariableMutator,<init>,44,KILLED,org.apache.ibatis.submitted.extend.ExtendTest.org.apache.ibatis.submitted.extend.ExtendTest
XNode.java,org.apache.ibatis.parsing.XNode,org.pitest.mutationtest.engine.gregor.mutators.experimental.MemberVariableMutator,<init>,46,KILLED,org.apache.ibatis.submitted.extend.ExtendTest.org.apache.ibatis.submitted.extend.ExtendTest
XNode.java,org.apache.ibatis.parsing.XNode,org.pitest.mutationtest.engine.gregor.mutators.NonVoidMethodCallMutator,evalBoolean,104,NO_COVERAGE,none
XNode.java,org.apache.ibatis.parsing.XNode,org.pitest.mutationtest.engine.gregor.mutators.ReturnValsMutator,evalBoolean,104,NO_COVERAGE,none
XNode.java,org.apache.ibatis.parsing.XNode,org.pitest.mutationtest.engine.gregor.mutators.NonVoidMethodCallMutator,evalDouble,108,NO_COVERAGE,none
XNode.java,org.apache.ibatis.parsing.XNode,org.pitest.mutationtest.engine.gregor.mutators.ReturnValsMutator,evalDouble,108,NO_COVERAGE,none
XNode.java,org.apache.ibatis.parsing.XNode,org.pitest.mutationtest.engine.gregor.mutators.NonVoidMethodCallMutator,evalNode,116,KILLED,org.apache.ibatis.submitted.extend.ExtendTest.org.apache.ibatis.submitted.extend.ExtendTest
XNode.java,org.apache.ibatis.parsing.XNode,org.pitest.mutationtest.engine.gregor.mutators.ReturnValsMutator,evalNodes,112,KILLED,org.apache.ibatis.submitted.extend.ExtendTest.org.apache.ibatis.submitted.extend.ExtendTest
XNode.java,org.apache.ibatis.parsing.XNode,org.pitest.mutationtest.engine.gregor.mutators.ArgumentPropagationMutator,evalString,100,NO_COVERAGE,none
XNode.java,org.apache.ibatis.parsing.XNode,org.pitest.mutationtest.engine.gregor.mutators.NonVoidMethodCallMutator,evalString,100,NO_COVERAGE,none
XNode.java,org.apache.ibatis.parsing.XNode,org.pitest.mutationtest.engine.gregor.mutators.ReturnValsMutator,evalString,100,NO_COVERAGE,none
XNode.java,org.apache.ibatis.parsing.XNode,org.pitest.mutationtest.engine.gregor.mutators.NonVoidMethodCallMutator,getBodyData,381,KILLED,org.apache.ibatis.submitted.extend.ExtendTest.org.apache.ibatis.submitted.extend.ExtendTest
XNode.java,org.apache.ibatis.parsing.XNode,org.pitest.mutationtest.engine.gregor.mutators.RemoveConditionalMutator_EQUAL_IF,getBodyData,379,KILLED,org.apache.ibatis.submitted.extend.ExtendTest.org.apache.ibatis.submitted.extend.ExtendTest
XNode.java,org.apache.ibatis.parsing.XNode,org.pitest.mutationtest.engine.gregor.mutators.ArgumentPropagationMutator,getBooleanAttribute,230,KILLED,org.apache.ibatis.submitted.extend.ExtendTest.org.apache.ibatis.submitted.extend.ExtendTest
XNode.java,org.apache.ibatis.parsing.XNode,org.pitest.mutationtest.engine.gregor.mutators.NegateConditionalsMutator,getBooleanAttribute,231,KILLED,org.apache.ibatis.submitted.extend.ExtendTest.org.apache.ibatis.submitted.extend.ExtendTest
XNode.java,org.apache.ibatis.parsing.XNode,org.pitest.mutationtest.engine.gregor.mutators.NonVoidMethodCallMutator,getBooleanAttribute,234,NO_COVERAGE,none
XNode.java,org.apache.ibatis.parsing.XNode,org.pitest.mutationtest.engine.gregor.mutators.RemoveConditionalMutator_EQUAL_ELSE,getBooleanAttribute,231,KILLED,org.apache.ibatis.submitted.extend.ExtendTest.org.apache.ibatis.submitted.extend.ExtendTest
XNode.java,org.apache.ibatis.parsing.XNode,org.pitest.mutationtest.engine.gregor.mutators.ReturnValsMutator,getBooleanAttribute,234,NO_COVERAGE,none
XNode.java,org.apache.ibatis.parsing.XNode,org.pitest.mutationtest.engine.gregor.mutators.ArgumentPropagationMutator,getBooleanBody,140,NO_COVERAGE,none
XNode.java,org.apache.ibatis.parsing.XNode,org.pitest.mutationtest.engine.gregor.mutators.NonVoidMethodCallMutator,getBooleanBody,140,NO_COVERAGE,none
XNode.java,org.apache.ibatis.parsing.XNode,org.pitest.mutationtest.engine.gregor.mutators.ReturnValsMutator,getBooleanBody,140,NO_COVERAGE,none
XNode.java,org.apache.ibatis.parsing.XNode,org.pitest.mutationtest.engine.gregor.mutators.NegateConditionalsMutator,getBooleanBody,144,NO_COVERAGE,none
XNode.java,org.apache.ibatis.parsing.XNode,org.pitest.mutationtest.engine.gregor.mutators.NonVoidMethodCallMutator,getBooleanBody,147,NO_COVERAGE,none
XNode.java,org.apache.ibatis.parsing.XNode,org.pitest.mutationtest.engine.gregor.mutators.RemoveConditionalMutator_EQUAL_ELSE,getBooleanBody,144,NO_COVERAGE,none
XNode.java,org.apache.ibatis.parsing.XNode,org.pitest.mutationtest.engine.gregor.mutators.RemoveConditionalMutator_EQUAL_IF,getBooleanBody,144,NO_COVERAGE,none
XNode.java,org.apache.ibatis.parsing.XNode,org.pitest.mutationtest.engine.gregor.mutators.ReturnValsMutator,getBooleanBody,145,NO_COVERAGE,none
XNode.java,org.apache.ibatis.parsing.XNode,org.pitest.mutationtest.engine.gregor.mutators.ReturnValsMutator,getBooleanBody,147,NO_COVERAGE,none
XNode.java,org.apache.ibatis.parsing.XNode,org.pitest.mutationtest.engine.gregor.mutators.ConstructorCallMutator,getChildren,291,KILLED,org.apache.ibatis.submitted.extend.ExtendTest.org.apache.ibatis.submitted.extend.ExtendTest
XNode.java,org.apache.ibatis.parsing.XNode,org.pitest.mutationtest.engine.gregor.mutators.NegateConditionalsMutator,getChildren,293,KILLED,org.apache.ibatis.submitted.extend.ExtendTest.org.apache.ibatis.submitted.extend.ExtendTest
XNode.java,org.apache.ibatis.parsing.XNode,org.pitest.mutationtest.engine.gregor.mutators.NegateConditionalsMutator,getChildren,294,KILLED,org.apache.ibatis.submitted.extend.ExtendTest.org.apache.ibatis.submitted.extend.ExtendTest
XNode.java,org.apache.ibatis.parsing.XNode,org.pitest.mutationtest.engine.gregor.mutators.NonVoidMethodCallMutator,getChildren,294,KILLED,org.apache.ibatis.submitted.extend.ExtendTest.org.apache.ibatis.submitted.extend.ExtendTest
XNode.java,org.apache.ibatis.parsing.XNode,org.pitest.mutationtest.engine.gregor.mutators.RemoveConditionalMutator_EQUAL_ELSE,getChildren,293,KILLED,org.apache.ibatis.submitted.extend.ExtendTest.org.apache.ibatis.submitted.extend.ExtendTest
XNode.java,org.apache.ibatis.parsing.XNode,org.pitest.mutationtest.engine.gregor.mutators.RemoveConditionalMutator_EQUAL_ELSE,getChildren,296,KILLED,org.apache.ibatis.submitted.extend.ExtendTest.org.apache.ibatis.submitted.extend.ExtendTest
XNode.java,org.apache.ibatis.parsing.XNode,org.pitest.mutationtest.engine.gregor.mutators.RemoveConditionalMutator_EQUAL_IF,getChildren,293,KILLED,org.apache.ibatis.submitted.extend.ExtendTest.org.apache.ibatis.submitted.extend.ExtendTest
XNode.java,org.apache.ibatis.parsing.XNode,org.pitest.mutationtest.engine.gregor.mutators.RemoveConditionalMutator_ORDER_IF,getChildren,294,KILLED,org.apache.ibatis.submitted.extend.ExtendTest.org.apache.ibatis.submitted.extend.ExtendTest
XNode.java,org.apache.ibatis.parsing.XNode,org.pitest.mutationtest.engine.gregor.mutators.ArgumentPropagationMutator,getChildrenAsProperties,307,KILLED,org.apache.ibatis.submitted.extend.ExtendTest.org.apache.ibatis.submitted.extend.ExtendTest
XNode.java,org.apache.ibatis.parsing.XNode,org.pitest.mutationtest.engine.gregor.mutators.ArgumentPropagationMutator,getChildrenAsProperties,308,KILLED,org.apache.ibatis.submitted.extend.ExtendTest.org.apache.ibatis.submitted.extend.ExtendTest
XNode.java,org.apache.ibatis.parsing.XNode,org.pitest.mutationtest.engine.gregor.mutators.ConstructorCallMutator,getChildrenAsProperties,305,KILLED,org.apache.ibatis.submitted.extend.ExtendTest.org.apache.ibatis.submitted.extend.ExtendTest
XNode.java,org.apache.ibatis.parsing.XNode,org.pitest.mutationtest.engine.gregor.mutators.NonVoidMethodCallMutator,getChildrenAsProperties,306,KILLED,org.apache.ibatis.submitted.extend.ExtendTest.org.apache.ibatis.submitted.extend.ExtendTest
XNode.java,org.apache.ibatis.parsing.XNode,org.pitest.mutationtest.engine.gregor.mutators.NonVoidMethodCallMutator,getChildrenAsProperties,306,KILLED,org.apache.ibatis.submitted.extend.ExtendTest.org.apache.ibatis.submitted.extend.ExtendTest
XNode.java,org.apache.ibatis.parsing.XNode,org.pitest.mutationtest.engine.gregor.mutators.NonVoidMethodCallMutator,getChildrenAsProperties,307,KILLED,org.apache.ibatis.submitted.extend.ExtendTest.org.apache.ibatis.submitted.extend.ExtendTest
XNode.java,org.apache.ibatis.parsing.XNode,org.pitest.mutationtest.engine.gregor.mutators.RemoveConditionalMutator_EQUAL_ELSE,getChildrenAsProperties,309,KILLED,org.apache.ibatis.submitted.extend.ExtendTest.org.apache.ibatis.submitted.extend.ExtendTest
XNode.java,org.apache.ibatis.parsing.XNode,org.pitest.mutationtest.engine.gregor.mutators.RemoveConditionalMutator_EQUAL_ELSE,getChildrenAsProperties,309,KILLED,org.apache.ibatis.submitted.extend.ExtendTest.org.apache.ibatis.submitted.extend.ExtendTest
XNode.java,org.apache.ibatis.parsing.XNode,org.pitest.mutationtest.engine.gregor.mutators.RemoveConditionalMutator_EQUAL_IF,getChildrenAsProperties,309,KILLED,org.apache.ibatis.submitted.extend.ExtendTest.org.apache.ibatis.submitted.extend.ExtendTest
XNode.java,org.apache.ibatis.parsing.XNode,org.pitest.mutationtest.engine.gregor.mutators.ArgumentPropagationMutator,getDoubleAttribute,265,NO_COVERAGE,none
XNode.java,org.apache.ibatis.parsing.XNode,org.pitest.mutationtest.engine.gregor.mutators.NonVoidMethodCallMutator,getDoubleAttribute,265,NO_COVERAGE,none
XNode.java,org.apache.ibatis.parsing.XNode,org.pitest.mutationtest.engine.gregor.mutators.ReturnValsMutator,getDoubleAttribute,265,NO_COVERAGE,none
XNode.java,org.apache.ibatis.parsing.XNode,org.pitest.mutationtest.engine.gregor.mutators.ArgumentPropagationMutator,getDoubleAttribute,269,NO_COVERAGE,none
XNode.java,org.apache.ibatis.parsing.XNode,org.pitest.mutationtest.engine.gregor.mutators.NegateConditionalsMutator,getDoubleAttribute,270,NO_COVERAGE,none
XNode.java,org.apache.ibatis.parsing.XNode,org.pitest.mutationtest.engine.gregor.mutators.NonVoidMethodCallMutator,getDoubleAttribute,269,NO_COVERAGE,none
XNode.java,org.apache.ibatis.parsing.XNode,org.pitest.mutationtest.engine.gregor.mutators.NonVoidMethodCallMutator,getDoubleAttribute,273,NO_COVERAGE,none
XNode.java,org.apache.ibatis.parsing.XNode,org.pitest.mutationtest.engine.gregor.mutators.NonVoidMethodCallMutator,getDoubleAttribute,273,NO_COVERAGE,none
XNode.java,org.apache.ibatis.parsing.XNode,org.pitest.mutationtest.engine.gregor.mutators.RemoveConditionalMutator_EQUAL_ELSE,getDoubleAttribute,270,NO_COVERAGE,none
XNode.java,org.apache.ibatis.parsing.XNode,org.pitest.mutationtest.engine.gregor.mutators.RemoveConditionalMutator_EQUAL_IF,getDoubleAttribute,270,NO_COVERAGE,none
XNode.java,org.apache.ibatis.parsing.XNode,org.pitest.mutationtest.engine.gregor.mutators.ReturnValsMutator,getDoubleAttribute,271,NO_COVERAGE,none
XNode.java,org.apache.ibatis.parsing.XNode,org.pitest.mutationtest.engine.gregor.mutators.ReturnValsMutator,getDoubleAttribute,273,NO_COVERAGE,none
XNode.java,org.apache.ibatis.parsing.XNode,org.pitest.mutationtest.engine.gregor.mutators.ArgumentPropagationMutator,getDoubleBody,176,NO_COVERAGE,none
XNode.java,org.apache.ibatis.parsing.XNode,org.pitest.mutationtest.engine.gregor.mutators.NonVoidMethodCallMutator,getDoubleBody,176,NO_COVERAGE,none
XNode.java,org.apache.ibatis.parsing.XNode,org.pitest.mutationtest.engine.gregor.mutators.ReturnValsMutator,getDoubleBody,176,NO_COVERAGE,none
XNode.java,org.apache.ibatis.parsing.XNode,org.pitest.mutationtest.engine.gregor.mutators.NegateConditionalsMutator,getDoubleBody,180,NO_COVERAGE,none
XNode.java,org.apache.ibatis.parsing.XNode,org.pitest.mutationtest.engine.gregor.mutators.NonVoidMethodCallMutator,getDoubleBody,183,NO_COVERAGE,none
XNode.java,org.apache.ibatis.parsing.XNode,org.pitest.mutationtest.engine.gregor.mutators.NonVoidMethodCallMutator,getDoubleBody,183,NO_COVERAGE,none
XNode.java,org.apache.ibatis.parsing.XNode,org.pitest.mutationtest.engine.gregor.mutators.RemoveConditionalMutator_EQUAL_ELSE,getDoubleBody,180,NO_COVERAGE,none
XNode.java,org.apache.ibatis.parsing.XNode,org.pitest.mutationtest.engine.gregor.mutators.RemoveConditionalMutator_EQUAL_IF,getDoubleBody,180,NO_COVERAGE,none
XNode.java,org.apache.ibatis.parsing.XNode,org.pitest.mutationtest.engine.gregor.mutators.ReturnValsMutator,getDoubleBody,181,NO_COVERAGE,none
XNode.java,org.apache.ibatis.parsing.XNode,org.pitest.mutationtest.engine.gregor.mutators.ReturnValsMutator,getDoubleBody,183,NO_COVERAGE,none
XNode.java,org.apache.ibatis.parsing.XNode,org.pitest.mutationtest.engine.gregor.mutators.ArgumentPropagationMutator,getEnumAttribute,200,NO_COVERAGE,none
XNode.java,org.apache.ibatis.parsing.XNode,org.pitest.mutationtest.engine.gregor.mutators.NonVoidMethodCallMutator,getEnumAttribute,200,NO_COVERAGE,none
XNode.java,org.apache.ibatis.parsing.XNode,org.pitest.mutationtest.engine.gregor.mutators.ReturnValsMutator,getEnumAttribute,200,NO_COVERAGE,none
XNode.java,org.apache.ibatis.parsing.XNode,org.pitest.mutationtest.engine.gregor.mutators.ArgumentPropagationMutator,getEnumAttribute,204,NO_COVERAGE,none
XNode.java,org.apache.ibatis.parsing.XNode,org.pitest.mutationtest.engine.gregor.mutators.NegateConditionalsMutator,getEnumAttribute,205,NO_COVERAGE,none
XNode.java,org.apache.ibatis.parsing.XNode,org.pitest.mutationtest.engine.gregor.mutators.NonVoidMethodCallMutator,getEnumAttribute,204,NO_COVERAGE,none
XNode.java,org.apache.ibatis.parsing.XNode,org.pitest.mutationtest.engine.gregor.mutators.NonVoidMethodCallMutator,getEnumAttribute,208,NO_COVERAGE,none
XNode.java,org.apache.ibatis.parsing.XNode,org.pitest.mutationtest.engine.gregor.mutators.RemoveConditionalMutator_EQUAL_ELSE,getEnumAttribute,205,NO_COVERAGE,none
XNode.java,org.apache.ibatis.parsing.XNode,org.pitest.mutationtest.engine.gregor.mutators.RemoveConditionalMutator_EQUAL_IF,getEnumAttribute,205,NO_COVERAGE,none
XNode.java,org.apache.ibatis.parsing.XNode,org.pitest.mutationtest.engine.gregor.mutators.ReturnValsMutator,getEnumAttribute,206,NO_COVERAGE,none
XNode.java,org.apache.ibatis.parsing.XNode,org.pitest.mutationtest.engine.gregor.mutators.ReturnValsMutator,getEnumAttribute,208,NO_COVERAGE,none
XNode.java,org.apache.ibatis.parsing.XNode,org.pitest.mutationtest.engine.gregor.mutators.ArgumentPropagationMutator,getFloatAttribute,278,NO_COVERAGE,none
XNode.java,org.apache.ibatis.parsing.XNode,org.pitest.mutationtest.engine.gregor.mutators.NonVoidMethodCallMutator,getFloatAttribute,278,NO_COVERAGE,none
XNode.java,org.apache.ibatis.parsing.XNode,org.pitest.mutationtest.engine.gregor.mutators.ReturnValsMutator,getFloatAttribute,278,NO_COVERAGE,none
XNode.java,org.apache.ibatis.parsing.XNode,org.pitest.mutationtest.engine.gregor.mutators.ArgumentPropagationMutator,getFloatAttribute,282,NO_COVERAGE,none
XNode.java,org.apache.ibatis.parsing.XNode,org.pitest.mutationtest.engine.gregor.mutators.NegateConditionalsMutator,getFloatAttribute,283,NO_COVERAGE,none
XNode.java,org.apache.ibatis.parsing.XNode,org.pitest.mutationtest.engine.gregor.mutators.NonVoidMethodCallMutator,getFloatAttribute,282,NO_COVERAGE,none
XNode.java,org.apache.ibatis.parsing.XNode,org.pitest.mutationtest.engine.gregor.mutators.NonVoidMethodCallMutator,getFloatAttribute,286,NO_COVERAGE,none
XNode.java,org.apache.ibatis.parsing.XNode,org.pitest.mutationtest.engine.gregor.mutators.NonVoidMethodCallMutator,getFloatAttribute,286,NO_COVERAGE,none
XNode.java,org.apache.ibatis.parsing.XNode,org.pitest.mutationtest.engine.gregor.mutators.RemoveConditionalMutator_EQUAL_ELSE,getFloatAttribute,283,NO_COVERAGE,none
XNode.java,org.apache.ibatis.parsing.XNode,org.pitest.mutationtest.engine.gregor.mutators.RemoveConditionalMutator_EQUAL_IF,getFloatAttribute,283,NO_COVERAGE,none
XNode.java,org.apache.ibatis.parsing.XNode,org.pitest.mutationtest.engine.gregor.mutators.ReturnValsMutator,getFloatAttribute,284,NO_COVERAGE,none
XNode.java,org.apache.ibatis.parsing.XNode,org.pitest.mutationtest.engine.gregor.mutators.ReturnValsMutator,getFloatAttribute,286,NO_COVERAGE,none
XNode.java,org.apache.ibatis.parsing.XNode,org.pitest.mutationtest.engine.gregor.mutators.ArgumentPropagationMutator,getFloatBody,188,NO_COVERAGE,none
XNode.java,org.apache.ibatis.parsing.XNode,org.pitest.mutationtest.engine.gregor.mutators.NonVoidMethodCallMutator,getFloatBody,188,NO_COVERAGE,none
XNode.java,org.apache.ibatis.parsing.XNode,org.pitest.mutationtest.engine.gregor.mutators.ReturnValsMutator,getFloatBody,188,NO_COVERAGE,none
XNode.java,org.apache.ibatis.parsing.XNode,org.pitest.mutationtest.engine.gregor.mutators.NegateConditionalsMutator,getFloatBody,192,NO_COVERAGE,none
XNode.java,org.apache.ibatis.parsing.XNode,org.pitest.mutationtest.engine.gregor.mutators.NonVoidMethodCallMutator,getFloatBody,195,NO_COVERAGE,none
XNode.java,org.apache.ibatis.parsing.XNode,org.pitest.mutationtest.engine.gregor.mutators.NonVoidMethodCallMutator,getFloatBody,195,NO_COVERAGE,none
XNode.java,org.apache.ibatis.parsing.XNode,org.pitest.mutationtest.engine.gregor.mutators.RemoveConditionalMutator_EQUAL_ELSE,getFloatBody,192,NO_COVERAGE,none
XNode.java,org.apache.ibatis.parsing.XNode,org.pitest.mutationtest.engine.gregor.mutators.RemoveConditionalMutator_EQUAL_IF,getFloatBody,192,NO_COVERAGE,none
XNode.java,org.apache.ibatis.parsing.XNode,org.pitest.mutationtest.engine.gregor.mutators.ReturnValsMutator,getFloatBody,193,NO_COVERAGE,none
XNode.java,org.apache.ibatis.parsing.XNode,org.pitest.mutationtest.engine.gregor.mutators.ReturnValsMutator,getFloatBody,195,NO_COVERAGE,none
XNode.java,org.apache.ibatis.parsing.XNode,org.pitest.mutationtest.engine.gregor.mutators.ArgumentPropagationMutator,getIntAttribute,239,KILLED,org.apache.ibatis.submitted.extend.ExtendTest.org.apache.ibatis.submitted.extend.ExtendTest
XNode.java,org.apache.ibatis.parsing.XNode,org.pitest.mutationtest.engine.gregor.mutators.NonVoidMethodCallMutator,getIntAttribute,239,KILLED,org.apache.ibatis.submitted.extend.ExtendTest.org.apache.ibatis.submitted.extend.ExtendTest
XNode.java,org.apache.ibatis.parsing.XNode,org.pitest.mutationtest.engine.gregor.mutators.ArgumentPropagationMutator,getIntAttribute,243,KILLED,org.apache.ibatis.submitted.extend.ExtendTest.org.apache.ibatis.submitted.extend.ExtendTest
XNode.java,org.apache.ibatis.parsing.XNode,org.pitest.mutationtest.engine.gregor.mutators.NonVoidMethodCallMutator,getIntAttribute,247,NO_COVERAGE,none
XNode.java,org.apache.ibatis.parsing.XNode,org.pitest.mutationtest.engine.gregor.mutators.NonVoidMethodCallMutator,getIntAttribute,247,NO_COVERAGE,none
XNode.java,org.apache.ibatis.parsing.XNode,org.pitest.mutationtest.engine.gregor.mutators.RemoveConditionalMutator_EQUAL_ELSE,getIntAttribute,244,KILLED,org.apache.ibatis.submitted.extend.ExtendTest.org.apache.ibatis.submitted.extend.ExtendTest
XNode.java,org.apache.ibatis.parsing.XNode,org.pitest.mutationtest.engine.gregor.mutators.RemoveConditionalMutator_EQUAL_IF,getIntAttribute,244,KILLED,org.apache.ibatis.submitted.extend.ExtendTest.org.apache.ibatis.submitted.extend.ExtendTest
XNode.java,org.apache.ibatis.parsing.XNode,org.pitest.mutationtest.engine.gregor.mutators.ReturnValsMutator,getIntAttribute,247,NO_COVERAGE,none
XNode.java,org.apache.ibatis.parsing.XNode,org.pitest.mutationtest.engine.gregor.mutators.ArgumentPropagationMutator,getIntBody,152,NO_COVERAGE,none
XNode.java,org.apache.ibatis.parsing.XNode,org.pitest.mutationtest.engine.gregor.mutators.NonVoidMethodCallMutator,getIntBody,152,NO_COVERAGE,none
XNode.java,org.apache.ibatis.parsing.XNode,org.pitest.mutationtest.engine.gregor.mutators.ReturnValsMutator,getIntBody,152,NO_COVERAGE,none
XNode.java,org.apache.ibatis.parsing.XNode,org.pitest.mutationtest.engine.gregor.mutators.NegateConditionalsMutator,getIntBody,156,NO_COVERAGE,none
XNode.java,org.apache.ibatis.parsing.XNode,org.pitest.mutationtest.engine.gregor.mutators.NonVoidMethodCallMutator,getIntBody,159,NO_COVERAGE,none
XNode.java,org.apache.ibatis.parsing.XNode,org.pitest.mutationtest.engine.gregor.mutators.NonVoidMethodCallMutator,getIntBody,159,NO_COVERAGE,none
XNode.java,org.apache.ibatis.parsing.XNode,org.pitest.mutationtest.engine.gregor.mutators.RemoveConditionalMutator_EQUAL_ELSE,getIntBody,156,NO_COVERAGE,none
XNode.java,org.apache.ibatis.parsing.XNode,org.pitest.mutationtest.engine.gregor.mutators.RemoveConditionalMutator_EQUAL_IF,getIntBody,156,NO_COVERAGE,none
XNode.java,org.apache.ibatis.parsing.XNode,org.pitest.mutationtest.engine.gregor.mutators.ReturnValsMutator,getIntBody,157,NO_COVERAGE,none
XNode.java,org.apache.ibatis.parsing.XNode,org.pitest.mutationtest.engine.gregor.mutators.ReturnValsMutator,getIntBody,159,NO_COVERAGE,none
XNode.java,org.apache.ibatis.parsing.XNode,org.pitest.mutationtest.engine.gregor.mutators.NonVoidMethodCallMutator,getLongAttribute,252,NO_COVERAGE,none
XNode.java,org.apache.ibatis.parsing.XNode,org.pitest.mutationtest.engine.gregor.mutators.ReturnValsMutator,getLongAttribute,252,NO_COVERAGE,none
XNode.java,org.apache.ibatis.parsing.XNode,org.pitest.mutationtest.engine.gregor.mutators.ArgumentPropagationMutator,getLongAttribute,256,NO_COVERAGE,none
XNode.java,org.apache.ibatis.parsing.XNode,org.pitest.mutationtest.engine.gregor.mutators.NegateConditionalsMutator,getLongAttribute,257,NO_COVERAGE,none
XNode.java,org.apache.ibatis.parsing.XNode,org.pitest.mutationtest.engine.gregor.mutators.NonVoidMethodCallMutator,getLongAttribute,256,NO_COVERAGE,none
XNode.java,org.apache.ibatis.parsing.XNode,org.pitest.mutationtest.engine.gregor.mutators.NonVoidMethodCallMutator,getLongAttribute,260,NO_COVERAGE,none
XNode.java,org.apache.ibatis.parsing.XNode,org.pitest.mutationtest.engine.gregor.mutators.NonVoidMethodCallMutator,getLongAttribute,260,NO_COVERAGE,none
XNode.java,org.apache.ibatis.parsing.XNode,org.pitest.mutationtest.engine.gregor.mutators.RemoveConditionalMutator_EQUAL_ELSE,getLongAttribute,257,NO_COVERAGE,none
XNode.java,org.apache.ibatis.parsing.XNode,org.pitest.mutationtest.engine.gregor.mutators.RemoveConditionalMutator_EQUAL_IF,getLongAttribute,257,NO_COVERAGE,none
XNode.java,org.apache.ibatis.parsing.XNode,org.pitest.mutationtest.engine.gregor.mutators.ReturnValsMutator,getLongAttribute,258,NO_COVERAGE,none
XNode.java,org.apache.ibatis.parsing.XNode,org.pitest.mutationtest.engine.gregor.mutators.ReturnValsMutator,getLongAttribute,260,NO_COVERAGE,none
XNode.java,org.apache.ibatis.parsing.XNode,org.pitest.mutationtest.engine.gregor.mutators.ArgumentPropagationMutator,getLongBody,164,NO_COVERAGE,none
XNode.java,org.apache.ibatis.parsing.XNode,org.pitest.mutationtest.engine.gregor.mutators.NonVoidMethodCallMutator,getLongBody,164,NO_COVERAGE,none
XNode.java,org.apache.ibatis.parsing.XNode,org.pitest.mutationtest.engine.gregor.mutators.ReturnValsMutator,getLongBody,164,NO_COVERAGE,none
XNode.java,org.apache.ibatis.parsing.XNode,org.pitest.mutationtest.engine.gregor.mutators.NegateConditionalsMutator,getLongBody,168,NO_COVERAGE,none
XNode.java,org.apache.ibatis.parsing.XNode,org.pitest.mutationtest.engine.gregor.mutators.NonVoidMethodCallMutator,getLongBody,171,NO_COVERAGE,none
XNode.java,org.apache.ibatis.parsing.XNode,org.pitest.mutationtest.engine.gregor.mutators.NonVoidMethodCallMutator,getLongBody,171,NO_COVERAGE,none
XNode.java,org.apache.ibatis.parsing.XNode,org.pitest.mutationtest.engine.gregor.mutators.RemoveConditionalMutator_EQUAL_ELSE,getLongBody,168,NO_COVERAGE,none
XNode.java,org.apache.ibatis.parsing.XNode,org.pitest.mutationtest.engine.gregor.mutators.RemoveConditionalMutator_EQUAL_IF,getLongBody,168,NO_COVERAGE,none
XNode.java,org.apache.ibatis.parsing.XNode,org.pitest.mutationtest.engine.gregor.mutators.ReturnValsMutator,getLongBody,169,NO_COVERAGE,none
XNode.java,org.apache.ibatis.parsing.XNode,org.pitest.mutationtest.engine.gregor.mutators.ReturnValsMutator,getLongBody,171,NO_COVERAGE,none
XNode.java,org.apache.ibatis.parsing.XNode,org.pitest.mutationtest.engine.gregor.mutators.ReturnValsMutator,getNode,120,KILLED,org.apache.ibatis.submitted.extend.ExtendTest.org.apache.ibatis.submitted.extend.ExtendTest
XNode.java,org.apache.ibatis.parsing.XNode,org.pitest.mutationtest.engine.gregor.mutators.ConstructorCallMutator,getParent,59,KILLED,org.apache.ibatis.submitted.extend.ExtendTest.org.apache.ibatis.submitted.extend.ExtendTest
XNode.java,org.apache.ibatis.parsing.XNode,org.pitest.mutationtest.engine.gregor.mutators.NonVoidMethodCallMutator,getParent,55,KILLED,org.apache.ibatis.submitted.extend.ExtendTest.org.apache.ibatis.submitted.extend.ExtendTest
XNode.java,org.apache.ibatis.parsing.XNode,org.pitest.mutationtest.engine.gregor.mutators.RemoveConditionalMutator_EQUAL_IF,getParent,56,KILLED,org.apache.ibatis.submitted.extend.ExtendTest.org.apache.ibatis.submitted.extend.ExtendTest
XNode.java,org.apache.ibatis.parsing.XNode,org.pitest.mutationtest.engine.gregor.mutators.RemoveConditionalMutator_EQUAL_IF,getParent,56,KILLED,org.apache.ibatis.submitted.extend.ExtendTest.org.apache.ibatis.submitted.extend.ExtendTest
XNode.java,org.apache.ibatis.parsing.XNode,org.pitest.mutationtest.engine.gregor.mutators.ConstructorCallMutator,getPath,64,NO_COVERAGE,none
XNode.java,org.apache.ibatis.parsing.XNode,org.pitest.mutationtest.engine.gregor.mutators.InlineConstantMutator,getPath,68,NO_COVERAGE,none
XNode.java,org.apache.ibatis.parsing.XNode,org.pitest.mutationtest.engine.gregor.mutators.InlineConstantMutator,getPath,70,NO_COVERAGE,none
XNode.java,org.apache.ibatis.parsing.XNode,org.pitest.mutationtest.engine.gregor.mutators.NegateConditionalsMutator,getPath,66,NO_COVERAGE,none
XNode.java,org.apache.ibatis.parsing.XNode,org.pitest.mutationtest.engine.gregor.mutators.NegateConditionalsMutator,getPath,66,NO_COVERAGE,none
XNode.java,org.apache.ibatis.parsing.XNode,org.pitest.mutationtest.engine.gregor.mutators.NegateConditionalsMutator,getPath,67,NO_COVERAGE,none
XNode.java,org.apache.ibatis.parsing.XNode,org.pitest.mutationtest.engine.gregor.mutators.NonVoidMethodCallMutator,getPath,68,NO_COVERAGE,none
XNode.java,org.apache.ibatis.parsing.XNode,org.pitest.mutationtest.engine.gregor.mutators.NonVoidMethodCallMutator,getPath,70,NO_COVERAGE,none
XNode.java,org.apache.ibatis.parsing.XNode,org.pitest.mutationtest.engine.gregor.mutators.NonVoidMethodCallMutator,getPath,70,NO_COVERAGE,none
XNode.java,org.apache.ibatis.parsing.XNode,org.pitest.mutationtest.engine.gregor.mutators.NonVoidMethodCallMutator,getPath,71,NO_COVERAGE,none
XNode.java,org.apache.ibatis.parsing.XNode,org.pitest.mutationtest.engine.gregor.mutators.NonVoidMethodCallMutator,getPath,73,NO_COVERAGE,none
XNode.java,org.apache.ibatis.parsing.XNode,org.pitest.mutationtest.engine.gregor.mutators.RemoveConditionalMutator_EQUAL_ELSE,getPath,66,NO_COVERAGE,none
XNode.java,org.apache.ibatis.parsing.XNode,org.pitest.mutationtest.engine.gregor.mutators.RemoveConditionalMutator_EQUAL_ELSE,getPath,66,NO_COVERAGE,none
XNode.java,org.apache.ibatis.parsing.XNode,org.pitest.mutationtest.engine.gregor.mutators.RemoveConditionalMutator_EQUAL_ELSE,getPath,67,NO_COVERAGE,none
XNode.java,org.apache.ibatis.parsing.XNode,org.pitest.mutationtest.engine.gregor.mutators.RemoveConditionalMutator_EQUAL_IF,getPath,66,NO_COVERAGE,none
XNode.java,org.apache.ibatis.parsing.XNode,org.pitest.mutationtest.engine.gregor.mutators.RemoveConditionalMutator_EQUAL_IF,getPath,66,NO_COVERAGE,none
XNode.java,org.apache.ibatis.parsing.XNode,org.pitest.mutationtest.engine.gregor.mutators.RemoveConditionalMutator_EQUAL_IF,getPath,67,NO_COVERAGE,none
XNode.java,org.apache.ibatis.parsing.XNode,org.pitest.mutationtest.engine.gregor.mutators.ReturnValsMutator,getPath,73,NO_COVERAGE,none
XNode.java,org.apache.ibatis.parsing.XNode,org.pitest.mutationtest.engine.gregor.mutators.NonVoidMethodCallMutator,getStringAttribute,213,KILLED,org.apache.ibatis.submitted.extend.ExtendTest.org.apache.ibatis.submitted.extend.ExtendTest
XNode.java,org.apache.ibatis.parsing.XNode,org.pitest.mutationtest.engine.gregor.mutators.ArgumentPropagationMutator,getStringAttribute,217,KILLED,org.apache.ibatis.submitted.extend.ExtendTest.org.apache.ibatis.submitted.extend.ExtendTest
XNode.java,org.apache.ibatis.parsing.XNode,org.pitest.mutationtest.engine.gregor.mutators.NegateConditionalsMutator,getStringAttribute,218,KILLED,org.apache.ibatis.submitted.extend.ExtendTest.org.apache.ibatis.submitted.extend.ExtendTest
XNode.java,org.apache.ibatis.parsing.XNode,org.pitest.mutationtest.engine.gregor.mutators.NonVoidMethodCallMutator,getStringAttribute,217,KILLED,org.apache.ibatis.submitted.extend.ExtendTest.org.apache.ibatis.submitted.extend.ExtendTest
XNode.java,org.apache.ibatis.parsing.XNode,org.pitest.mutationtest.engine.gregor.mutators.RemoveConditionalMutator_EQUAL_ELSE,getStringAttribute,218,KILLED,org.apache.ibatis.submitted.extend.ExtendTest.org.apache.ibatis.submitted.extend.ExtendTest
XNode.java,org.apache.ibatis.parsing.XNode,org.pitest.mutationtest.engine.gregor.mutators.RemoveConditionalMutator_EQUAL_IF,getStringAttribute,218,KILLED,org.apache.ibatis.submitted.extend.ExtendTest.org.apache.ibatis.submitted.extend.ExtendTest
XNode.java,org.apache.ibatis.parsing.XNode,org.pitest.mutationtest.engine.gregor.mutators.ReturnValsMutator,getStringAttribute,219,KILLED,org.apache.ibatis.submitted.extend.ExtendTest.org.apache.ibatis.submitted.extend.ExtendTest
XNode.java,org.apache.ibatis.parsing.XNode,org.pitest.mutationtest.engine.gregor.mutators.ArgumentPropagationMutator,getStringBody,128,NO_COVERAGE,none
XNode.java,org.apache.ibatis.parsing.XNode,org.pitest.mutationtest.engine.gregor.mutators.NonVoidMethodCallMutator,getStringBody,128,NO_COVERAGE,none
XNode.java,org.apache.ibatis.parsing.XNode,org.pitest.mutationtest.engine.gregor.mutators.ReturnValsMutator,getStringBody,128,NO_COVERAGE,none
XNode.java,org.apache.ibatis.parsing.XNode,org.pitest.mutationtest.engine.gregor.mutators.RemoveConditionalMutator_EQUAL_ELSE,getStringBody,132,KILLED,org.apache.ibatis.submitted.extend.ExtendTest.org.apache.ibatis.submitted.extend.ExtendTest
XNode.java,org.apache.ibatis.parsing.XNode,org.pitest.mutationtest.engine.gregor.mutators.ReturnValsMutator,getStringBody,133,NO_COVERAGE,none
XNode.java,org.apache.ibatis.parsing.XNode,org.pitest.mutationtest.engine.gregor.mutators.ReturnValsMutator,getStringBody,135,KILLED,org.apache.ibatis.submitted.extend.ExtendTest.org.apache.ibatis.submitted.extend.ExtendTest
XNode.java,org.apache.ibatis.parsing.XNode,org.pitest.mutationtest.engine.gregor.mutators.ArgumentPropagationMutator,getValueBasedIdentifier,83,KILLED,org.apache.ibatis.submitted.extend.ExtendTest.org.apache.ibatis.submitted.extend.ExtendTest
XNode.java,org.apache.ibatis.parsing.XNode,org.pitest.mutationtest.engine.gregor.mutators.ConstructorCallMutator,getValueBasedIdentifier,77,KILLED,org.apache.ibatis.submitted.extend.ExtendTest.org.apache.ibatis.submitted.extend.ExtendTest
XNode.java,org.apache.ibatis.parsing.XNode,org.pitest.mutationtest.engine.gregor.mutators.InlineConstantMutator,getValueBasedIdentifier,81,KILLED,org.apache.ibatis.submitted.extend.ExtendTest.org.apache.ibatis.submitted.extend.ExtendTest
XNode.java,org.apache.ibatis.parsing.XNode,org.pitest.mutationtest.engine.gregor.mutators.InlineConstantMutator,getValueBasedIdentifier,87,KILLED,org.apache.ibatis.submitted.extend.ExtendTest.org.apache.ibatis.submitted.extend.ExtendTest
XNode.java,org.apache.ibatis.parsing.XNode,org.pitest.mutationtest.engine.gregor.mutators.InlineConstantMutator,getValueBasedIdentifier,88,KILLED,org.apache.ibatis.submitted.extend.ExtendTest.org.apache.ibatis.submitted.extend.ExtendTest
XNode.java,org.apache.ibatis.parsing.XNode,org.pitest.mutationtest.engine.gregor.mutators.InlineConstantMutator,getValueBasedIdentifier,93,KILLED,org.apache.ibatis.submitted.extend.ExtendTest.org.apache.ibatis.submitted.extend.ExtendTest
XNode.java,org.apache.ibatis.parsing.XNode,org.pitest.mutationtest.engine.gregor.mutators.NegateConditionalsMutator,getValueBasedIdentifier,80,KILLED,org.apache.ibatis.submitted.extend.ExtendTest.org.apache.ibatis.submitted.extend.ExtendTest
XNode.java,org.apache.ibatis.parsing.XNode,org.pitest.mutationtest.engine.gregor.mutators.NonVoidMethodCallMutator,getValueBasedIdentifier,84,KILLED,org.apache.ibatis.submitted.extend.ExtendTest.org.apache.ibatis.submitted.extend.ExtendTest
XNode.java,org.apache.ibatis.parsing.XNode,org.pitest.mutationtest.engine.gregor.mutators.NonVoidMethodCallMutator,getValueBasedIdentifier,88,KILLED,org.apache.ibatis.submitted.extend.ExtendTest.org.apache.ibatis.submitted.extend.ExtendTest
XNode.java,org.apache.ibatis.parsing.XNode,org.pitest.mutationtest.engine.gregor.mutators.NonVoidMethodCallMutator,getValueBasedIdentifier,91,KILLED,org.apache.ibatis.submitted.extend.ExtendTest.org.apache.ibatis.submitted.extend.ExtendTest
XNode.java,org.apache.ibatis.parsing.XNode,org.pitest.mutationtest.engine.gregor.mutators.NonVoidMethodCallMutator,getValueBasedIdentifier,93,KILLED,org.apache.ibatis.submitted.extend.ExtendTest.org.apache.ibatis.submitted.extend.ExtendTest
XNode.java,org.apache.ibatis.parsing.XNode,org.pitest.mutationtest.engine.gregor.mutators.NonVoidMethodCallMutator,getValueBasedIdentifier,93,KILLED,org.apache.ibatis.submitted.extend.ExtendTest.org.apache.ibatis.submitted.extend.ExtendTest
XNode.java,org.apache.ibatis.parsing.XNode,org.pitest.mutationtest.engine.gregor.mutators.NonVoidMethodCallMutator,getValueBasedIdentifier,96,KILLED,org.apache.ibatis.submitted.extend.ExtendTest.org.apache.ibatis.submitted.extend.ExtendTest
XNode.java,org.apache.ibatis.parsing.XNode,org.pitest.mutationtest.engine.gregor.mutators.RemoveConditionalMutator_EQUAL_ELSE,getValueBasedIdentifier,80,KILLED,org.apache.ibatis.submitted.extend.ExtendTest.org.apache.ibatis.submitted.extend.ExtendTest
XNode.java,org.apache.ibatis.parsing.XNode,org.pitest.mutationtest.engine.gregor.mutators.RemoveConditionalMutator_EQUAL_ELSE,getValueBasedIdentifier,86,KILLED,org.apache.ibatis.submitted.extend.ExtendTest.org.apache.ibatis.submitted.extend.ExtendTest
XNode.java,org.apache.ibatis.parsing.XNode,org.pitest.mutationtest.engine.gregor.mutators.ReturnValsMutator,getValueBasedIdentifier,96,KILLED,org.apache.ibatis.submitted.extend.ExtendTest.org.apache.ibatis.submitted.extend.ExtendTest
XNode.java,org.apache.ibatis.parsing.XNode,org.pitest.mutationtest.engine.gregor.mutators.ConditionalsBoundaryMutator,parseAttributes,354,KILLED,org.apache.ibatis.submitted.extend.ExtendTest.org.apache.ibatis.submitted.extend.ExtendTest
XNode.java,org.apache.ibatis.parsing.XNode,org.pitest.mutationtest.engine.gregor.mutators.NegateConditionalsMutator,parseAttributes,354,KILLED,org.apache.ibatis.submitted.extend.ExtendTest.org.apache.ibatis.submitted.extend.ExtendTest
XNode.java,org.apache.ibatis.parsing.XNode,org.pitest.mutationtest.engine.gregor.mutators.NonVoidMethodCallMutator,parseAttributes,352,KILLED,org.apache.ibatis.submitted.extend.ExtendTest.org.apache.ibatis.submitted.extend.ExtendTest
XNode.java,org.apache.ibatis.parsing.XNode,org.pitest.mutationtest.engine.gregor.mutators.NonVoidMethodCallMutator,parseAttributes,355,KILLED,org.apache.ibatis.submitted.extend.ExtendTest.org.apache.ibatis.submitted.extend.ExtendTest
XNode.java,org.apache.ibatis.parsing.XNode,org.pitest.mutationtest.engine.gregor.mutators.NonVoidMethodCallMutator,parseAttributes,356,KILLED,org.apache.ibatis.submitted.extend.ExtendTest.org.apache.ibatis.submitted.extend.ExtendTest
XNode.java,org.apache.ibatis.parsing.XNode,org.pitest.mutationtest.engine.gregor.mutators.NonVoidMethodCallMutator,parseAttributes,357,KILLED,org.apache.ibatis.submitted.extend.ExtendTest.org.apache.ibatis.submitted.extend.ExtendTest
XNode.java,org.apache.ibatis.parsing.XNode,org.pitest.mutationtest.engine.gregor.mutators.RemoveConditionalMutator_EQUAL_IF,parseAttributes,353,KILLED,org.apache.ibatis.submitted.extend.ExtendTest.org.apache.ibatis.submitted.extend.ExtendTest
XNode.java,org.apache.ibatis.parsing.XNode,org.pitest.mutationtest.engine.gregor.mutators.RemoveConditionalMutator_ORDER_ELSE,parseAttributes,354,KILLED,org.apache.ibatis.submitted.extend.ExtendTest.org.apache.ibatis.submitted.extend.ExtendTest
XNode.java,org.apache.ibatis.parsing.XNode,org.pitest.mutationtest.engine.gregor.mutators.RemoveConditionalMutator_ORDER_IF,parseAttributes,354,KILLED,org.apache.ibatis.submitted.extend.ExtendTest.org.apache.ibatis.submitted.extend.ExtendTest
XNode.java,org.apache.ibatis.parsing.XNode,org.pitest.mutationtest.engine.gregor.mutators.ReturnValsMutator,parseAttributes,360,KILLED,org.apache.ibatis.submitted.extend.ExtendTest.org.apache.ibatis.submitted.extend.ExtendTest
XNode.java,org.apache.ibatis.parsing.XNode,org.pitest.mutationtest.engine.gregor.mutators.IncrementsMutator,parseBody,367,KILLED,org.apache.ibatis.submitted.extend.ExtendTest.org.apache.ibatis.submitted.extend.ExtendTest
XNode.java,org.apache.ibatis.parsing.XNode,org.pitest.mutationtest.engine.gregor.mutators.InlineConstantMutator,parseBody,367,KILLED,org.apache.ibatis.submitted.extend.ExtendTest.org.apache.ibatis.submitted.extend.ExtendTest
XNode.java,org.apache.ibatis.parsing.XNode,org.pitest.mutationtest.engine.gregor.mutators.NegateConditionalsMutator,parseBody,365,KILLED,org.apache.ibatis.submitted.extend.ExtendTest.org.apache.ibatis.submitted.extend.ExtendTest
XNode.java,org.apache.ibatis.parsing.XNode,org.pitest.mutationtest.engine.gregor.mutators.NegateConditionalsMutator,parseBody,367,KILLED,org.apache.ibatis.submitted.extend.ExtendTest.org.apache.ibatis.submitted.extend.ExtendTest
XNode.java,org.apache.ibatis.parsing.XNode,org.pitest.mutationtest.engine.gregor.mutators.NonVoidMethodCallMutator,parseBody,366,KILLED,org.apache.ibatis.submitted.extend.ExtendTest.org.apache.ibatis.submitted.extend.ExtendTest
XNode.java,org.apache.ibatis.parsing.XNode,org.pitest.mutationtest.engine.gregor.mutators.NonVoidMethodCallMutator,parseBody,367,KILLED,org.apache.ibatis.submitted.extend.ExtendTest.org.apache.ibatis.submitted.extend.ExtendTest
XNode.java,org.apache.ibatis.parsing.XNode,org.pitest.mutationtest.engine.gregor.mutators.NonVoidMethodCallMutator,parseBody,369,KILLED,org.apache.ibatis.submitted.extend.ExtendTest.org.apache.ibatis.submitted.extend.ExtendTest
XNode.java,org.apache.ibatis.parsing.XNode,org.pitest.mutationtest.engine.gregor.mutators.RemoveConditionalMutator_EQUAL_ELSE,parseBody,365,KILLED,org.apache.ibatis.submitted.extend.ExtendTest.org.apache.ibatis.submitted.extend.ExtendTest
XNode.java,org.apache.ibatis.parsing.XNode,org.pitest.mutationtest.engine.gregor.mutators.RemoveConditionalMutator_EQUAL_ELSE,parseBody,370,KILLED,org.apache.ibatis.submitted.extend.ExtendTest.org.apache.ibatis.submitted.extend.ExtendTest
XNode.java,org.apache.ibatis.parsing.XNode,org.pitest.mutationtest.engine.gregor.mutators.RemoveConditionalMutator_EQUAL_IF,parseBody,365,KILLED,org.apache.ibatis.submitted.extend.ExtendTest.org.apache.ibatis.submitted.extend.ExtendTest
XNode.java,org.apache.ibatis.parsing.XNode,org.pitest.mutationtest.engine.gregor.mutators.ReturnValsMutator,parseBody,375,KILLED,org.apache.ibatis.submitted.extend.ExtendTest.org.apache.ibatis.submitted.extend.ExtendTest
XNode.java,org.apache.ibatis.parsing.XNode,org.pitest.mutationtest.engine.gregor.mutators.experimental.RemoveIncrementsMutator,parseBody,367,KILLED,org.apache.ibatis.submitted.extend.ExtendTest.org.apache.ibatis.submitted.extend.ExtendTest
XNode.java,org.apache.ibatis.parsing.XNode,org.pitest.mutationtest.engine.gregor.mutators.ConstructorCallMutator,toString,318,NO_COVERAGE,none
XNode.java,org.apache.ibatis.parsing.XNode,org.pitest.mutationtest.engine.gregor.mutators.NegateConditionalsMutator,toString,321,NO_COVERAGE,none
XNode.java,org.apache.ibatis.parsing.XNode,org.pitest.mutationtest.engine.gregor.mutators.NegateConditionalsMutator,toString,329,NO_COVERAGE,none
XNode.java,org.apache.ibatis.parsing.XNode,org.pitest.mutationtest.engine.gregor.mutators.NegateConditionalsMutator,toString,331,NO_COVERAGE,none
XNode.java,org.apache.ibatis.parsing.XNode,org.pitest.mutationtest.engine.gregor.mutators.NegateConditionalsMutator,toString,337,NO_COVERAGE,none
XNode.java,org.apache.ibatis.parsing.XNode,org.pitest.mutationtest.engine.gregor.mutators.NonVoidMethodCallMutator,toString,319,NO_COVERAGE,none
XNode.java,org.apache.ibatis.parsing.XNode,org.pitest.mutationtest.engine.gregor.mutators.NonVoidMethodCallMutator,toString,320,NO_COVERAGE,none
XNode.java,org.apache.ibatis.parsing.XNode,org.pitest.mutationtest.engine.gregor.mutators.NonVoidMethodCallMutator,toString,321,NO_COVERAGE,none
XNode.java,org.apache.ibatis.parsing.XNode,org.pitest.mutationtest.engine.gregor.mutators.NonVoidMethodCallMutator,toString,321,NO_COVERAGE,none
XNode.java,org.apache.ibatis.parsing.XNode,org.pitest.mutationtest.engine.gregor.mutators.NonVoidMethodCallMutator,toString,321,NO_COVERAGE,none
XNode.java,org.apache.ibatis.parsing.XNode,org.pitest.mutationtest.engine.gregor.mutators.NonVoidMethodCallMutator,toString,321,NO_COVERAGE,none
XNode.java,org.apache.ibatis.parsing.XNode,org.pitest.mutationtest.engine.gregor.mutators.NonVoidMethodCallMutator,toString,322,NO_COVERAGE,none
XNode.java,org.apache.ibatis.parsing.XNode,org.pitest.mutationtest.engine.gregor.mutators.NonVoidMethodCallMutator,toString,323,NO_COVERAGE,none
XNode.java,org.apache.ibatis.parsing.XNode,org.pitest.mutationtest.engine.gregor.mutators.NonVoidMethodCallMutator,toString,323,NO_COVERAGE,none
XNode.java,org.apache.ibatis.parsing.XNode,org.pitest.mutationtest.engine.gregor.mutators.NonVoidMethodCallMutator,toString,324,NO_COVERAGE,none
XNode.java,org.apache.ibatis.parsing.XNode,org.pitest.mutationtest.engine.gregor.mutators.NonVoidMethodCallMutator,toString,325,NO_COVERAGE,none
XNode.java,org.apache.ibatis.parsing.XNode,org.pitest.mutationtest.engine.gregor.mutators.NonVoidMethodCallMutator,toString,325,NO_COVERAGE,none
XNode.java,org.apache.ibatis.parsing.XNode,org.pitest.mutationtest.engine.gregor.mutators.NonVoidMethodCallMutator,toString,326,NO_COVERAGE,none
XNode.java,org.apache.ibatis.parsing.XNode,org.pitest.mutationtest.engine.gregor.mutators.NonVoidMethodCallMutator,toString,328,NO_COVERAGE,none
XNode.java,org.apache.ibatis.parsing.XNode,org.pitest.mutationtest.engine.gregor.mutators.NonVoidMethodCallMutator,toString,329,NO_COVERAGE,none
XNode.java,org.apache.ibatis.parsing.XNode,org.pitest.mutationtest.engine.gregor.mutators.NonVoidMethodCallMutator,toString,330,NO_COVERAGE,none
XNode.java,org.apache.ibatis.parsing.XNode,org.pitest.mutationtest.engine.gregor.mutators.NonVoidMethodCallMutator,toString,331,NO_COVERAGE,none
XNode.java,org.apache.ibatis.parsing.XNode,org.pitest.mutationtest.engine.gregor.mutators.NonVoidMethodCallMutator,toString,331,NO_COVERAGE,none
XNode.java,org.apache.ibatis.parsing.XNode,org.pitest.mutationtest.engine.gregor.mutators.NonVoidMethodCallMutator,toString,331,NO_COVERAGE,none
XNode.java,org.apache.ibatis.parsing.XNode,org.pitest.mutationtest.engine.gregor.mutators.NonVoidMethodCallMutator,toString,332,NO_COVERAGE,none
XNode.java,org.apache.ibatis.parsing.XNode,org.pitest.mutationtest.engine.gregor.mutators.NonVoidMethodCallMutator,toString,332,NO_COVERAGE,none
XNode.java,org.apache.ibatis.parsing.XNode,org.pitest.mutationtest.engine.gregor.mutators.NonVoidMethodCallMutator,toString,334,NO_COVERAGE,none
XNode.java,org.apache.ibatis.parsing.XNode,org.pitest.mutationtest.engine.gregor.mutators.NonVoidMethodCallMutator,toString,335,NO_COVERAGE,none
XNode.java,org.apache.ibatis.parsing.XNode,org.pitest.mutationtest.engine.gregor.mutators.NonVoidMethodCallMutator,toString,336,NO_COVERAGE,none
XNode.java,org.apache.ibatis.parsing.XNode,org.pitest.mutationtest.engine.gregor.mutators.NonVoidMethodCallMutator,toString,338,NO_COVERAGE,none
XNode.java,org.apache.ibatis.parsing.XNode,org.pitest.mutationtest.engine.gregor.mutators.NonVoidMethodCallMutator,toString,339,NO_COVERAGE,none
XNode.java,org.apache.ibatis.parsing.XNode,org.pitest.mutationtest.engine.gregor.mutators.NonVoidMethodCallMutator,toString,340,NO_COVERAGE,none
XNode.java,org.apache.ibatis.parsing.XNode,org.pitest.mutationtest.engine.gregor.mutators.NonVoidMethodCallMutator,toString,341,NO_COVERAGE,none
XNode.java,org.apache.ibatis.parsing.XNode,org.pitest.mutationtest.engine.gregor.mutators.NonVoidMethodCallMutator,toString,342,NO_COVERAGE,none
XNode.java,org.apache.ibatis.parsing.XNode,org.pitest.mutationtest.engine.gregor.mutators.NonVoidMethodCallMutator,toString,344,NO_COVERAGE,none
XNode.java,org.apache.ibatis.parsing.XNode,org.pitest.mutationtest.engine.gregor.mutators.NonVoidMethodCallMutator,toString,346,NO_COVERAGE,none
XNode.java,org.apache.ibatis.parsing.XNode,org.pitest.mutationtest.engine.gregor.mutators.NonVoidMethodCallMutator,toString,347,NO_COVERAGE,none
XNode.java,org.apache.ibatis.parsing.XNode,org.pitest.mutationtest.engine.gregor.mutators.RemoveConditionalMutator_EQUAL_ELSE,toString,321,NO_COVERAGE,none
XNode.java,org.apache.ibatis.parsing.XNode,org.pitest.mutationtest.engine.gregor.mutators.RemoveConditionalMutator_EQUAL_ELSE,toString,329,NO_COVERAGE,none
XNode.java,org.apache.ibatis.parsing.XNode,org.pitest.mutationtest.engine.gregor.mutators.RemoveConditionalMutator_EQUAL_ELSE,toString,331,NO_COVERAGE,none
XNode.java,org.apache.ibatis.parsing.XNode,org.pitest.mutationtest.engine.gregor.mutators.RemoveConditionalMutator_EQUAL_ELSE,toString,337,NO_COVERAGE,none
XNode.java,org.apache.ibatis.parsing.XNode,org.pitest.mutationtest.engine.gregor.mutators.RemoveConditionalMutator_EQUAL_IF,toString,321,NO_COVERAGE,none
XNode.java,org.apache.ibatis.parsing.XNode,org.pitest.mutationtest.engine.gregor.mutators.RemoveConditionalMutator_EQUAL_IF,toString,329,NO_COVERAGE,none
XNode.java,org.apache.ibatis.parsing.XNode,org.pitest.mutationtest.engine.gregor.mutators.RemoveConditionalMutator_EQUAL_IF,toString,331,NO_COVERAGE,none
XNode.java,org.apache.ibatis.parsing.XNode,org.pitest.mutationtest.engine.gregor.mutators.RemoveConditionalMutator_EQUAL_IF,toString,337,NO_COVERAGE,none
XNode.java,org.apache.ibatis.parsing.XNode,org.pitest.mutationtest.engine.gregor.mutators.ReturnValsMutator,toString,347,NO_COVERAGE,none
CacheBuilder.java,org.apache.ibatis.mapping.CacheBuilder,org.pitest.mutationtest.engine.gregor.mutators.ConstructorCallMutator,<init>,52,NO_COVERAGE,none
CacheBuilder.java,org.apache.ibatis.mapping.CacheBuilder,org.pitest.mutationtest.engine.gregor.mutators.experimental.MemberVariableMutator,<init>,51,NO_COVERAGE,none
CacheBuilder.java,org.apache.ibatis.mapping.CacheBuilder,org.pitest.mutationtest.engine.gregor.mutators.experimental.MemberVariableMutator,<init>,52,NO_COVERAGE,none
CacheBuilder.java,org.apache.ibatis.mapping.CacheBuilder,org.pitest.mutationtest.engine.gregor.mutators.NegateConditionalsMutator,addDecorator,61,NO_COVERAGE,none
CacheBuilder.java,org.apache.ibatis.mapping.CacheBuilder,org.pitest.mutationtest.engine.gregor.mutators.NonVoidMethodCallMutator,addDecorator,62,NO_COVERAGE,none
CacheBuilder.java,org.apache.ibatis.mapping.CacheBuilder,org.pitest.mutationtest.engine.gregor.mutators.RemoveConditionalMutator_EQUAL_ELSE,addDecorator,61,NO_COVERAGE,none
CacheBuilder.java,org.apache.ibatis.mapping.CacheBuilder,org.pitest.mutationtest.engine.gregor.mutators.RemoveConditionalMutator_EQUAL_IF,addDecorator,61,NO_COVERAGE,none
CacheBuilder.java,org.apache.ibatis.mapping.CacheBuilder,org.pitest.mutationtest.engine.gregor.mutators.ReturnValsMutator,addDecorator,64,NO_COVERAGE,none
CacheBuilder.java,org.apache.ibatis.mapping.CacheBuilder,org.pitest.mutationtest.engine.gregor.mutators.ReturnValsMutator,blocking,84,NO_COVERAGE,none
CacheBuilder.java,org.apache.ibatis.mapping.CacheBuilder,org.pitest.mutationtest.engine.gregor.mutators.experimental.MemberVariableMutator,blocking,83,NO_COVERAGE,none
CacheBuilder.java,org.apache.ibatis.mapping.CacheBuilder,org.pitest.mutationtest.engine.gregor.mutators.ArgumentPropagationMutator,build,99,NO_COVERAGE,none
CacheBuilder.java,org.apache.ibatis.mapping.CacheBuilder,org.pitest.mutationtest.engine.gregor.mutators.ArgumentPropagationMutator,build,102,NO_COVERAGE,none
CacheBuilder.java,org.apache.ibatis.mapping.CacheBuilder,org.pitest.mutationtest.engine.gregor.mutators.ConstructorCallMutator,build,104,NO_COVERAGE,none
CacheBuilder.java,org.apache.ibatis.mapping.CacheBuilder,org.pitest.mutationtest.engine.gregor.mutators.NegateConditionalsMutator,build,97,NO_COVERAGE,none
CacheBuilder.java,org.apache.ibatis.mapping.CacheBuilder,org.pitest.mutationtest.engine.gregor.mutators.NegateConditionalsMutator,build,98,NO_COVERAGE,none
CacheBuilder.java,org.apache.ibatis.mapping.CacheBuilder,org.pitest.mutationtest.engine.gregor.mutators.NegateConditionalsMutator,build,103,NO_COVERAGE,none
CacheBuilder.java,org.apache.ibatis.mapping.CacheBuilder,org.pitest.mutationtest.engine.gregor.mutators.NonVoidMethodCallMutator,build,94,NO_COVERAGE,none
CacheBuilder.java,org.apache.ibatis.mapping.CacheBuilder,org.pitest.mutationtest.engine.gregor.mutators.NonVoidMethodCallMutator,build,97,NO_COVERAGE,none
CacheBuilder.java,org.apache.ibatis.mapping.CacheBuilder,org.pitest.mutationtest.engine.gregor.mutators.NonVoidMethodCallMutator,build,97,NO_COVERAGE,none
CacheBuilder.java,org.apache.ibatis.mapping.CacheBuilder,org.pitest.mutationtest.engine.gregor.mutators.NonVoidMethodCallMutator,build,98,NO_COVERAGE,none
CacheBuilder.java,org.apache.ibatis.mapping.CacheBuilder,org.pitest.mutationtest.engine.gregor.mutators.NonVoidMethodCallMutator,build,98,NO_COVERAGE,none
CacheBuilder.java,org.apache.ibatis.mapping.CacheBuilder,org.pitest.mutationtest.engine.gregor.mutators.NonVoidMethodCallMutator,build,98,NO_COVERAGE,none
CacheBuilder.java,org.apache.ibatis.mapping.CacheBuilder,org.pitest.mutationtest.engine.gregor.mutators.NonVoidMethodCallMutator,build,99,NO_COVERAGE,none
CacheBuilder.java,org.apache.ibatis.mapping.CacheBuilder,org.pitest.mutationtest.engine.gregor.mutators.NonVoidMethodCallMutator,build,102,NO_COVERAGE,none
CacheBuilder.java,org.apache.ibatis.mapping.CacheBuilder,org.pitest.mutationtest.engine.gregor.mutators.NonVoidMethodCallMutator,build,103,NO_COVERAGE,none
CacheBuilder.java,org.apache.ibatis.mapping.CacheBuilder,org.pitest.mutationtest.engine.gregor.mutators.NonVoidMethodCallMutator,build,103,NO_COVERAGE,none
CacheBuilder.java,org.apache.ibatis.mapping.CacheBuilder,org.pitest.mutationtest.engine.gregor.mutators.RemoveConditionalMutator_EQUAL_ELSE,build,98,NO_COVERAGE,none
CacheBuilder.java,org.apache.ibatis.mapping.CacheBuilder,org.pitest.mutationtest.engine.gregor.mutators.RemoveConditionalMutator_EQUAL_ELSE,build,103,NO_COVERAGE,none
CacheBuilder.java,org.apache.ibatis.mapping.CacheBuilder,org.pitest.mutationtest.engine.gregor.mutators.RemoveConditionalMutator_EQUAL_IF,build,97,NO_COVERAGE,none
CacheBuilder.java,org.apache.ibatis.mapping.CacheBuilder,org.pitest.mutationtest.engine.gregor.mutators.RemoveConditionalMutator_EQUAL_IF,build,98,NO_COVERAGE,none
CacheBuilder.java,org.apache.ibatis.mapping.CacheBuilder,org.pitest.mutationtest.engine.gregor.mutators.RemoveConditionalMutator_EQUAL_IF,build,103,NO_COVERAGE,none
CacheBuilder.java,org.apache.ibatis.mapping.CacheBuilder,org.pitest.mutationtest.engine.gregor.mutators.ReturnValsMutator,build,106,NO_COVERAGE,none
CacheBuilder.java,org.apache.ibatis.mapping.CacheBuilder,org.pitest.mutationtest.engine.gregor.mutators.VoidMethodCallMutator,build,93,NO_COVERAGE,none
CacheBuilder.java,org.apache.ibatis.mapping.CacheBuilder,org.pitest.mutationtest.engine.gregor.mutators.VoidMethodCallMutator,build,95,NO_COVERAGE,none
CacheBuilder.java,org.apache.ibatis.mapping.CacheBuilder,org.pitest.mutationtest.engine.gregor.mutators.VoidMethodCallMutator,build,100,NO_COVERAGE,none
CacheBuilder.java,org.apache.ibatis.mapping.CacheBuilder,org.pitest.mutationtest.engine.gregor.mutators.ReturnValsMutator,clearInterval,74,NO_COVERAGE,none
CacheBuilder.java,org.apache.ibatis.mapping.CacheBuilder,org.pitest.mutationtest.engine.gregor.mutators.experimental.MemberVariableMutator,clearInterval,73,NO_COVERAGE,none
CacheBuilder.java,org.apache.ibatis.mapping.CacheBuilder,org.pitest.mutationtest.engine.gregor.mutators.ConstructorCallMutator,getBaseCacheConstructor,202,NO_COVERAGE,none
CacheBuilder.java,org.apache.ibatis.mapping.CacheBuilder,org.pitest.mutationtest.engine.gregor.mutators.ConstructorCallMutator,getBaseCacheConstructor,202,NO_COVERAGE,none
CacheBuilder.java,org.apache.ibatis.mapping.CacheBuilder,org.pitest.mutationtest.engine.gregor.mutators.InlineConstantMutator,getBaseCacheConstructor,200,NO_COVERAGE,none
CacheBuilder.java,org.apache.ibatis.mapping.CacheBuilder,org.pitest.mutationtest.engine.gregor.mutators.InlineConstantMutator,getBaseCacheConstructor,200,NO_COVERAGE,none
CacheBuilder.java,org.apache.ibatis.mapping.CacheBuilder,org.pitest.mutationtest.engine.gregor.mutators.NonVoidMethodCallMutator,getBaseCacheConstructor,200,NO_COVERAGE,none
CacheBuilder.java,org.apache.ibatis.mapping.CacheBuilder,org.pitest.mutationtest.engine.gregor.mutators.NonVoidMethodCallMutator,getBaseCacheConstructor,202,NO_COVERAGE,none
CacheBuilder.java,org.apache.ibatis.mapping.CacheBuilder,org.pitest.mutationtest.engine.gregor.mutators.NonVoidMethodCallMutator,getBaseCacheConstructor,202,NO_COVERAGE,none
CacheBuilder.java,org.apache.ibatis.mapping.CacheBuilder,org.pitest.mutationtest.engine.gregor.mutators.NonVoidMethodCallMutator,getBaseCacheConstructor,202,NO_COVERAGE,none
CacheBuilder.java,org.apache.ibatis.mapping.CacheBuilder,org.pitest.mutationtest.engine.gregor.mutators.NonVoidMethodCallMutator,getBaseCacheConstructor,202,NO_COVERAGE,none
CacheBuilder.java,org.apache.ibatis.mapping.CacheBuilder,org.pitest.mutationtest.engine.gregor.mutators.NonVoidMethodCallMutator,getBaseCacheConstructor,202,NO_COVERAGE,none
CacheBuilder.java,org.apache.ibatis.mapping.CacheBuilder,org.pitest.mutationtest.engine.gregor.mutators.ReturnValsMutator,getBaseCacheConstructor,200,NO_COVERAGE,none
CacheBuilder.java,org.apache.ibatis.mapping.CacheBuilder,org.pitest.mutationtest.engine.gregor.mutators.ConstructorCallMutator,getCacheDecoratorConstructor,220,NO_COVERAGE,none
CacheBuilder.java,org.apache.ibatis.mapping.CacheBuilder,org.pitest.mutationtest.engine.gregor.mutators.ConstructorCallMutator,getCacheDecoratorConstructor,220,NO_COVERAGE,none
CacheBuilder.java,org.apache.ibatis.mapping.CacheBuilder,org.pitest.mutationtest.engine.gregor.mutators.InlineConstantMutator,getCacheDecoratorConstructor,218,NO_COVERAGE,none
CacheBuilder.java,org.apache.ibatis.mapping.CacheBuilder,org.pitest.mutationtest.engine.gregor.mutators.InlineConstantMutator,getCacheDecoratorConstructor,218,NO_COVERAGE,none
CacheBuilder.java,org.apache.ibatis.mapping.CacheBuilder,org.pitest.mutationtest.engine.gregor.mutators.NonVoidMethodCallMutator,getCacheDecoratorConstructor,218,NO_COVERAGE,none
CacheBuilder.java,org.apache.ibatis.mapping.CacheBuilder,org.pitest.mutationtest.engine.gregor.mutators.NonVoidMethodCallMutator,getCacheDecoratorConstructor,220,NO_COVERAGE,none
CacheBuilder.java,org.apache.ibatis.mapping.CacheBuilder,org.pitest.mutationtest.engine.gregor.mutators.NonVoidMethodCallMutator,getCacheDecoratorConstructor,220,NO_COVERAGE,none
CacheBuilder.java,org.apache.ibatis.mapping.CacheBuilder,org.pitest.mutationtest.engine.gregor.mutators.NonVoidMethodCallMutator,getCacheDecoratorConstructor,220,NO_COVERAGE,none
CacheBuilder.java,org.apache.ibatis.mapping.CacheBuilder,org.pitest.mutationtest.engine.gregor.mutators.NonVoidMethodCallMutator,getCacheDecoratorConstructor,220,NO_COVERAGE,none
CacheBuilder.java,org.apache.ibatis.mapping.CacheBuilder,org.pitest.mutationtest.engine.gregor.mutators.NonVoidMethodCallMutator,getCacheDecoratorConstructor,220,NO_COVERAGE,none
CacheBuilder.java,org.apache.ibatis.mapping.CacheBuilder,org.pitest.mutationtest.engine.gregor.mutators.ReturnValsMutator,getCacheDecoratorConstructor,218,NO_COVERAGE,none
CacheBuilder.java,org.apache.ibatis.mapping.CacheBuilder,org.pitest.mutationtest.engine.gregor.mutators.ReturnValsMutator,implementation,57,NO_COVERAGE,none
CacheBuilder.java,org.apache.ibatis.mapping.CacheBuilder,org.pitest.mutationtest.engine.gregor.mutators.experimental.MemberVariableMutator,implementation,56,NO_COVERAGE,none
CacheBuilder.java,org.apache.ibatis.mapping.CacheBuilder,org.pitest.mutationtest.engine.gregor.mutators.ConstructorCallMutator,newBaseCacheInstance,194,NO_COVERAGE,none
CacheBuilder.java,org.apache.ibatis.mapping.CacheBuilder,org.pitest.mutationtest.engine.gregor.mutators.ConstructorCallMutator,newBaseCacheInstance,194,NO_COVERAGE,none
CacheBuilder.java,org.apache.ibatis.mapping.CacheBuilder,org.pitest.mutationtest.engine.gregor.mutators.InlineConstantMutator,newBaseCacheInstance,192,NO_COVERAGE,none
CacheBuilder.java,org.apache.ibatis.mapping.CacheBuilder,org.pitest.mutationtest.engine.gregor.mutators.InlineConstantMutator,newBaseCacheInstance,192,NO_COVERAGE,none
CacheBuilder.java,org.apache.ibatis.mapping.CacheBuilder,org.pitest.mutationtest.engine.gregor.mutators.NonVoidMethodCallMutator,newBaseCacheInstance,190,NO_COVERAGE,none
CacheBuilder.java,org.apache.ibatis.mapping.CacheBuilder,org.pitest.mutationtest.engine.gregor.mutators.NonVoidMethodCallMutator,newBaseCacheInstance,192,NO_COVERAGE,none
CacheBuilder.java,org.apache.ibatis.mapping.CacheBuilder,org.pitest.mutationtest.engine.gregor.mutators.NonVoidMethodCallMutator,newBaseCacheInstance,194,NO_COVERAGE,none
CacheBuilder.java,org.apache.ibatis.mapping.CacheBuilder,org.pitest.mutationtest.engine.gregor.mutators.NonVoidMethodCallMutator,newBaseCacheInstance,194,NO_COVERAGE,none
CacheBuilder.java,org.apache.ibatis.mapping.CacheBuilder,org.pitest.mutationtest.engine.gregor.mutators.NonVoidMethodCallMutator,newBaseCacheInstance,194,NO_COVERAGE,none
CacheBuilder.java,org.apache.ibatis.mapping.CacheBuilder,org.pitest.mutationtest.engine.gregor.mutators.NonVoidMethodCallMutator,newBaseCacheInstance,194,NO_COVERAGE,none
CacheBuilder.java,org.apache.ibatis.mapping.CacheBuilder,org.pitest.mutationtest.engine.gregor.mutators.NonVoidMethodCallMutator,newBaseCacheInstance,194,NO_COVERAGE,none
CacheBuilder.java,org.apache.ibatis.mapping.CacheBuilder,org.pitest.mutationtest.engine.gregor.mutators.ReturnValsMutator,newBaseCacheInstance,192,NO_COVERAGE,none
CacheBuilder.java,org.apache.ibatis.mapping.CacheBuilder,org.pitest.mutationtest.engine.gregor.mutators.ConstructorCallMutator,newCacheDecoratorInstance,212,NO_COVERAGE,none
CacheBuilder.java,org.apache.ibatis.mapping.CacheBuilder,org.pitest.mutationtest.engine.gregor.mutators.ConstructorCallMutator,newCacheDecoratorInstance,212,NO_COVERAGE,none
CacheBuilder.java,org.apache.ibatis.mapping.CacheBuilder,org.pitest.mutationtest.engine.gregor.mutators.InlineConstantMutator,newCacheDecoratorInstance,210,NO_COVERAGE,none
CacheBuilder.java,org.apache.ibatis.mapping.CacheBuilder,org.pitest.mutationtest.engine.gregor.mutators.InlineConstantMutator,newCacheDecoratorInstance,210,NO_COVERAGE,none
CacheBuilder.java,org.apache.ibatis.mapping.CacheBuilder,org.pitest.mutationtest.engine.gregor.mutators.NonVoidMethodCallMutator,newCacheDecoratorInstance,208,NO_COVERAGE,none
CacheBuilder.java,org.apache.ibatis.mapping.CacheBuilder,org.pitest.mutationtest.engine.gregor.mutators.NonVoidMethodCallMutator,newCacheDecoratorInstance,210,NO_COVERAGE,none
CacheBuilder.java,org.apache.ibatis.mapping.CacheBuilder,org.pitest.mutationtest.engine.gregor.mutators.NonVoidMethodCallMutator,newCacheDecoratorInstance,212,NO_COVERAGE,none
CacheBuilder.java,org.apache.ibatis.mapping.CacheBuilder,org.pitest.mutationtest.engine.gregor.mutators.NonVoidMethodCallMutator,newCacheDecoratorInstance,212,NO_COVERAGE,none
CacheBuilder.java,org.apache.ibatis.mapping.CacheBuilder,org.pitest.mutationtest.engine.gregor.mutators.NonVoidMethodCallMutator,newCacheDecoratorInstance,212,NO_COVERAGE,none
CacheBuilder.java,org.apache.ibatis.mapping.CacheBuilder,org.pitest.mutationtest.engine.gregor.mutators.NonVoidMethodCallMutator,newCacheDecoratorInstance,212,NO_COVERAGE,none
CacheBuilder.java,org.apache.ibatis.mapping.CacheBuilder,org.pitest.mutationtest.engine.gregor.mutators.NonVoidMethodCallMutator,newCacheDecoratorInstance,212,NO_COVERAGE,none
CacheBuilder.java,org.apache.ibatis.mapping.CacheBuilder,org.pitest.mutationtest.engine.gregor.mutators.ReturnValsMutator,newCacheDecoratorInstance,210,NO_COVERAGE,none
CacheBuilder.java,org.apache.ibatis.mapping.CacheBuilder,org.pitest.mutationtest.engine.gregor.mutators.ReturnValsMutator,properties,89,NO_COVERAGE,none
CacheBuilder.java,org.apache.ibatis.mapping.CacheBuilder,org.pitest.mutationtest.engine.gregor.mutators.experimental.MemberVariableMutator,properties,88,NO_COVERAGE,none
CacheBuilder.java,org.apache.ibatis.mapping.CacheBuilder,org.pitest.mutationtest.engine.gregor.mutators.ReturnValsMutator,readWrite,79,NO_COVERAGE,none
CacheBuilder.java,org.apache.ibatis.mapping.CacheBuilder,org.pitest.mutationtest.engine.gregor.mutators.experimental.MemberVariableMutator,readWrite,78,NO_COVERAGE,none
CacheBuilder.java,org.apache.ibatis.mapping.CacheBuilder,org.pitest.mutationtest.engine.gregor.mutators.ConstructorCallMutator,setCacheProperties,174,NO_COVERAGE,none
CacheBuilder.java,org.apache.ibatis.mapping.CacheBuilder,org.pitest.mutationtest.engine.gregor.mutators.ConstructorCallMutator,setCacheProperties,174,NO_COVERAGE,none
CacheBuilder.java,org.apache.ibatis.mapping.CacheBuilder,org.pitest.mutationtest.engine.gregor.mutators.ConstructorCallMutator,setCacheProperties,183,NO_COVERAGE,none
CacheBuilder.java,org.apache.ibatis.mapping.CacheBuilder,org.pitest.mutationtest.engine.gregor.mutators.ConstructorCallMutator,setCacheProperties,184,NO_COVERAGE,none
CacheBuilder.java,org.apache.ibatis.mapping.CacheBuilder,org.pitest.mutationtest.engine.gregor.mutators.NegateConditionalsMutator,setCacheProperties,143,NO_COVERAGE,none
CacheBuilder.java,org.apache.ibatis.mapping.CacheBuilder,org.pitest.mutationtest.engine.gregor.mutators.NegateConditionalsMutator,setCacheProperties,145,NO_COVERAGE,none
CacheBuilder.java,org.apache.ibatis.mapping.CacheBuilder,org.pitest.mutationtest.engine.gregor.mutators.NegateConditionalsMutator,setCacheProperties,148,NO_COVERAGE,none
CacheBuilder.java,org.apache.ibatis.mapping.CacheBuilder,org.pitest.mutationtest.engine.gregor.mutators.NegateConditionalsMutator,setCacheProperties,150,NO_COVERAGE,none
CacheBuilder.java,org.apache.ibatis.mapping.CacheBuilder,org.pitest.mutationtest.engine.gregor.mutators.NegateConditionalsMutator,setCacheProperties,152,NO_COVERAGE,none
CacheBuilder.java,org.apache.ibatis.mapping.CacheBuilder,org.pitest.mutationtest.engine.gregor.mutators.NegateConditionalsMutator,setCacheProperties,152,NO_COVERAGE,none
CacheBuilder.java,org.apache.ibatis.mapping.CacheBuilder,org.pitest.mutationtest.engine.gregor.mutators.NegateConditionalsMutator,setCacheProperties,155,NO_COVERAGE,none
CacheBuilder.java,org.apache.ibatis.mapping.CacheBuilder,org.pitest.mutationtest.engine.gregor.mutators.NegateConditionalsMutator,setCacheProperties,155,NO_COVERAGE,none
CacheBuilder.java,org.apache.ibatis.mapping.CacheBuilder,org.pitest.mutationtest.engine.gregor.mutators.NegateConditionalsMutator,setCacheProperties,158,NO_COVERAGE,none
CacheBuilder.java,org.apache.ibatis.mapping.CacheBuilder,org.pitest.mutationtest.engine.gregor.mutators.NegateConditionalsMutator,setCacheProperties,158,NO_COVERAGE,none
CacheBuilder.java,org.apache.ibatis.mapping.CacheBuilder,org.pitest.mutationtest.engine.gregor.mutators.NegateConditionalsMutator,setCacheProperties,161,NO_COVERAGE,none
CacheBuilder.java,org.apache.ibatis.mapping.CacheBuilder,org.pitest.mutationtest.engine.gregor.mutators.NegateConditionalsMutator,setCacheProperties,161,NO_COVERAGE,none
CacheBuilder.java,org.apache.ibatis.mapping.CacheBuilder,org.pitest.mutationtest.engine.gregor.mutators.NegateConditionalsMutator,setCacheProperties,164,NO_COVERAGE,none
CacheBuilder.java,org.apache.ibatis.mapping.CacheBuilder,org.pitest.mutationtest.engine.gregor.mutators.NegateConditionalsMutator,setCacheProperties,164,NO_COVERAGE,none
CacheBuilder.java,org.apache.ibatis.mapping.CacheBuilder,org.pitest.mutationtest.engine.gregor.mutators.NegateConditionalsMutator,setCacheProperties,167,NO_COVERAGE,none
CacheBuilder.java,org.apache.ibatis.mapping.CacheBuilder,org.pitest.mutationtest.engine.gregor.mutators.NegateConditionalsMutator,setCacheProperties,167,NO_COVERAGE,none
CacheBuilder.java,org.apache.ibatis.mapping.CacheBuilder,org.pitest.mutationtest.engine.gregor.mutators.NegateConditionalsMutator,setCacheProperties,170,NO_COVERAGE,none
CacheBuilder.java,org.apache.ibatis.mapping.CacheBuilder,org.pitest.mutationtest.engine.gregor.mutators.NegateConditionalsMutator,setCacheProperties,170,NO_COVERAGE,none
CacheBuilder.java,org.apache.ibatis.mapping.CacheBuilder,org.pitest.mutationtest.engine.gregor.mutators.NegateConditionalsMutator,setCacheProperties,179,NO_COVERAGE,none
CacheBuilder.java,org.apache.ibatis.mapping.CacheBuilder,org.pitest.mutationtest.engine.gregor.mutators.NonVoidMethodCallMutator,setCacheProperties,144,NO_COVERAGE,none
CacheBuilder.java,org.apache.ibatis.mapping.CacheBuilder,org.pitest.mutationtest.engine.gregor.mutators.NonVoidMethodCallMutator,setCacheProperties,145,NO_COVERAGE,none
CacheBuilder.java,org.apache.ibatis.mapping.CacheBuilder,org.pitest.mutationtest.engine.gregor.mutators.NonVoidMethodCallMutator,setCacheProperties,145,NO_COVERAGE,none
CacheBuilder.java,org.apache.ibatis.mapping.CacheBuilder,org.pitest.mutationtest.engine.gregor.mutators.NonVoidMethodCallMutator,setCacheProperties,145,NO_COVERAGE,none
CacheBuilder.java,org.apache.ibatis.mapping.CacheBuilder,org.pitest.mutationtest.engine.gregor.mutators.NonVoidMethodCallMutator,setCacheProperties,145,NO_COVERAGE,none
CacheBuilder.java,org.apache.ibatis.mapping.CacheBuilder,org.pitest.mutationtest.engine.gregor.mutators.NonVoidMethodCallMutator,setCacheProperties,146,NO_COVERAGE,none
CacheBuilder.java,org.apache.ibatis.mapping.CacheBuilder,org.pitest.mutationtest.engine.gregor.mutators.NonVoidMethodCallMutator,setCacheProperties,147,NO_COVERAGE,none
CacheBuilder.java,org.apache.ibatis.mapping.CacheBuilder,org.pitest.mutationtest.engine.gregor.mutators.NonVoidMethodCallMutator,setCacheProperties,148,NO_COVERAGE,none
CacheBuilder.java,org.apache.ibatis.mapping.CacheBuilder,org.pitest.mutationtest.engine.gregor.mutators.NonVoidMethodCallMutator,setCacheProperties,149,NO_COVERAGE,none
CacheBuilder.java,org.apache.ibatis.mapping.CacheBuilder,org.pitest.mutationtest.engine.gregor.mutators.NonVoidMethodCallMutator,setCacheProperties,154,NO_COVERAGE,none
CacheBuilder.java,org.apache.ibatis.mapping.CacheBuilder,org.pitest.mutationtest.engine.gregor.mutators.NonVoidMethodCallMutator,setCacheProperties,157,NO_COVERAGE,none
CacheBuilder.java,org.apache.ibatis.mapping.CacheBuilder,org.pitest.mutationtest.engine.gregor.mutators.NonVoidMethodCallMutator,setCacheProperties,160,NO_COVERAGE,none
CacheBuilder.java,org.apache.ibatis.mapping.CacheBuilder,org.pitest.mutationtest.engine.gregor.mutators.NonVoidMethodCallMutator,setCacheProperties,163,NO_COVERAGE,none
CacheBuilder.java,org.apache.ibatis.mapping.CacheBuilder,org.pitest.mutationtest.engine.gregor.mutators.NonVoidMethodCallMutator,setCacheProperties,166,NO_COVERAGE,none
CacheBuilder.java,org.apache.ibatis.mapping.CacheBuilder,org.pitest.mutationtest.engine.gregor.mutators.NonVoidMethodCallMutator,setCacheProperties,169,NO_COVERAGE,none
CacheBuilder.java,org.apache.ibatis.mapping.CacheBuilder,org.pitest.mutationtest.engine.gregor.mutators.NonVoidMethodCallMutator,setCacheProperties,172,NO_COVERAGE,none
CacheBuilder.java,org.apache.ibatis.mapping.CacheBuilder,org.pitest.mutationtest.engine.gregor.mutators.NonVoidMethodCallMutator,setCacheProperties,174,NO_COVERAGE,none
CacheBuilder.java,org.apache.ibatis.mapping.CacheBuilder,org.pitest.mutationtest.engine.gregor.mutators.NonVoidMethodCallMutator,setCacheProperties,174,NO_COVERAGE,none
CacheBuilder.java,org.apache.ibatis.mapping.CacheBuilder,org.pitest.mutationtest.engine.gregor.mutators.NonVoidMethodCallMutator,setCacheProperties,174,NO_COVERAGE,none
CacheBuilder.java,org.apache.ibatis.mapping.CacheBuilder,org.pitest.mutationtest.engine.gregor.mutators.NonVoidMethodCallMutator,setCacheProperties,174,NO_COVERAGE,none
CacheBuilder.java,org.apache.ibatis.mapping.CacheBuilder,org.pitest.mutationtest.engine.gregor.mutators.NonVoidMethodCallMutator,setCacheProperties,174,NO_COVERAGE,none
CacheBuilder.java,org.apache.ibatis.mapping.CacheBuilder,org.pitest.mutationtest.engine.gregor.mutators.NonVoidMethodCallMutator,setCacheProperties,179,NO_COVERAGE,none
CacheBuilder.java,org.apache.ibatis.mapping.CacheBuilder,org.pitest.mutationtest.engine.gregor.mutators.NonVoidMethodCallMutator,setCacheProperties,179,NO_COVERAGE,none
CacheBuilder.java,org.apache.ibatis.mapping.CacheBuilder,org.pitest.mutationtest.engine.gregor.mutators.NonVoidMethodCallMutator,setCacheProperties,183,NO_COVERAGE,none
CacheBuilder.java,org.apache.ibatis.mapping.CacheBuilder,org.pitest.mutationtest.engine.gregor.mutators.NonVoidMethodCallMutator,setCacheProperties,184,NO_COVERAGE,none
CacheBuilder.java,org.apache.ibatis.mapping.CacheBuilder,org.pitest.mutationtest.engine.gregor.mutators.NonVoidMethodCallMutator,setCacheProperties,184,NO_COVERAGE,none
CacheBuilder.java,org.apache.ibatis.mapping.CacheBuilder,org.pitest.mutationtest.engine.gregor.mutators.NonVoidMethodCallMutator,setCacheProperties,184,NO_COVERAGE,none
CacheBuilder.java,org.apache.ibatis.mapping.CacheBuilder,org.pitest.mutationtest.engine.gregor.mutators.NonVoidMethodCallMutator,setCacheProperties,184,NO_COVERAGE,none
CacheBuilder.java,org.apache.ibatis.mapping.CacheBuilder,org.pitest.mutationtest.engine.gregor.mutators.NonVoidMethodCallMutator,setCacheProperties,184,NO_COVERAGE,none
CacheBuilder.java,org.apache.ibatis.mapping.CacheBuilder,org.pitest.mutationtest.engine.gregor.mutators.NonVoidMethodCallMutator,setCacheProperties,184,NO_COVERAGE,none
CacheBuilder.java,org.apache.ibatis.mapping.CacheBuilder,org.pitest.mutationtest.engine.gregor.mutators.NonVoidMethodCallMutator,setCacheProperties,184,NO_COVERAGE,none
CacheBuilder.java,org.apache.ibatis.mapping.CacheBuilder,org.pitest.mutationtest.engine.gregor.mutators.NonVoidMethodCallMutator,setCacheProperties,184,NO_COVERAGE,none
CacheBuilder.java,org.apache.ibatis.mapping.CacheBuilder,org.pitest.mutationtest.engine.gregor.mutators.RemoveConditionalMutator_EQUAL_ELSE,setCacheProperties,143,NO_COVERAGE,none
CacheBuilder.java,org.apache.ibatis.mapping.CacheBuilder,org.pitest.mutationtest.engine.gregor.mutators.RemoveConditionalMutator_EQUAL_ELSE,setCacheProperties,145,NO_COVERAGE,none
CacheBuilder.java,org.apache.ibatis.mapping.CacheBuilder,org.pitest.mutationtest.engine.gregor.mutators.RemoveConditionalMutator_EQUAL_ELSE,setCacheProperties,148,NO_COVERAGE,none
CacheBuilder.java,org.apache.ibatis.mapping.CacheBuilder,org.pitest.mutationtest.engine.gregor.mutators.RemoveConditionalMutator_EQUAL_ELSE,setCacheProperties,150,NO_COVERAGE,none
CacheBuilder.java,org.apache.ibatis.mapping.CacheBuilder,org.pitest.mutationtest.engine.gregor.mutators.RemoveConditionalMutator_EQUAL_ELSE,setCacheProperties,152,NO_COVERAGE,none
CacheBuilder.java,org.apache.ibatis.mapping.CacheBuilder,org.pitest.mutationtest.engine.gregor.mutators.RemoveConditionalMutator_EQUAL_ELSE,setCacheProperties,152,NO_COVERAGE,none
CacheBuilder.java,org.apache.ibatis.mapping.CacheBuilder,org.pitest.mutationtest.engine.gregor.mutators.RemoveConditionalMutator_EQUAL_ELSE,setCacheProperties,155,NO_COVERAGE,none
CacheBuilder.java,org.apache.ibatis.mapping.CacheBuilder,org.pitest.mutationtest.engine.gregor.mutators.RemoveConditionalMutator_EQUAL_ELSE,setCacheProperties,155,NO_COVERAGE,none
CacheBuilder.java,org.apache.ibatis.mapping.CacheBuilder,org.pitest.mutationtest.engine.gregor.mutators.RemoveConditionalMutator_EQUAL_ELSE,setCacheProperties,158,NO_COVERAGE,none
CacheBuilder.java,org.apache.ibatis.mapping.CacheBuilder,org.pitest.mutationtest.engine.gregor.mutators.RemoveConditionalMutator_EQUAL_ELSE,setCacheProperties,158,NO_COVERAGE,none
CacheBuilder.java,org.apache.ibatis.mapping.CacheBuilder,org.pitest.mutationtest.engine.gregor.mutators.RemoveConditionalMutator_EQUAL_ELSE,setCacheProperties,161,NO_COVERAGE,none
CacheBuilder.java,org.apache.ibatis.mapping.CacheBuilder,org.pitest.mutationtest.engine.gregor.mutators.RemoveConditionalMutator_EQUAL_ELSE,setCacheProperties,161,NO_COVERAGE,none
CacheBuilder.java,org.apache.ibatis.mapping.CacheBuilder,org.pitest.mutationtest.engine.gregor.mutators.RemoveConditionalMutator_EQUAL_ELSE,setCacheProperties,164,NO_COVERAGE,none
CacheBuilder.java,org.apache.ibatis.mapping.CacheBuilder,org.pitest.mutationtest.engine.gregor.mutators.RemoveConditionalMutator_EQUAL_ELSE,setCacheProperties,164,NO_COVERAGE,none
CacheBuilder.java,org.apache.ibatis.mapping.CacheBuilder,org.pitest.mutationtest.engine.gregor.mutators.RemoveConditionalMutator_EQUAL_ELSE,setCacheProperties,167,NO_COVERAGE,none
CacheBuilder.java,org.apache.ibatis.mapping.CacheBuilder,org.pitest.mutationtest.engine.gregor.mutators.RemoveConditionalMutator_EQUAL_ELSE,setCacheProperties,167,NO_COVERAGE,none
CacheBuilder.java,org.apache.ibatis.mapping.CacheBuilder,org.pitest.mutationtest.engine.gregor.mutators.RemoveConditionalMutator_EQUAL_ELSE,setCacheProperties,170,NO_COVERAGE,none
CacheBuilder.java,org.apache.ibatis.mapping.CacheBuilder,org.pitest.mutationtest.engine.gregor.mutators.RemoveConditionalMutator_EQUAL_ELSE,setCacheProperties,170,NO_COVERAGE,none
CacheBuilder.java,org.apache.ibatis.mapping.CacheBuilder,org.pitest.mutationtest.engine.gregor.mutators.RemoveConditionalMutator_EQUAL_ELSE,setCacheProperties,179,NO_COVERAGE,none
CacheBuilder.java,org.apache.ibatis.mapping.CacheBuilder,org.pitest.mutationtest.engine.gregor.mutators.RemoveConditionalMutator_EQUAL_IF,setCacheProperties,143,NO_COVERAGE,none
CacheBuilder.java,org.apache.ibatis.mapping.CacheBuilder,org.pitest.mutationtest.engine.gregor.mutators.RemoveConditionalMutator_EQUAL_IF,setCacheProperties,145,NO_COVERAGE,none
CacheBuilder.java,org.apache.ibatis.mapping.CacheBuilder,org.pitest.mutationtest.engine.gregor.mutators.RemoveConditionalMutator_EQUAL_IF,setCacheProperties,148,NO_COVERAGE,none
CacheBuilder.java,org.apache.ibatis.mapping.CacheBuilder,org.pitest.mutationtest.engine.gregor.mutators.RemoveConditionalMutator_EQUAL_IF,setCacheProperties,150,NO_COVERAGE,none
CacheBuilder.java,org.apache.ibatis.mapping.CacheBuilder,org.pitest.mutationtest.engine.gregor.mutators.RemoveConditionalMutator_EQUAL_IF,setCacheProperties,152,NO_COVERAGE,none
CacheBuilder.java,org.apache.ibatis.mapping.CacheBuilder,org.pitest.mutationtest.engine.gregor.mutators.RemoveConditionalMutator_EQUAL_IF,setCacheProperties,152,NO_COVERAGE,none
CacheBuilder.java,org.apache.ibatis.mapping.CacheBuilder,org.pitest.mutationtest.engine.gregor.mutators.RemoveConditionalMutator_EQUAL_IF,setCacheProperties,155,NO_COVERAGE,none
CacheBuilder.java,org.apache.ibatis.mapping.CacheBuilder,org.pitest.mutationtest.engine.gregor.mutators.RemoveConditionalMutator_EQUAL_IF,setCacheProperties,155,NO_COVERAGE,none
CacheBuilder.java,org.apache.ibatis.mapping.CacheBuilder,org.pitest.mutationtest.engine.gregor.mutators.RemoveConditionalMutator_EQUAL_IF,setCacheProperties,158,NO_COVERAGE,none
CacheBuilder.java,org.apache.ibatis.mapping.CacheBuilder,org.pitest.mutationtest.engine.gregor.mutators.RemoveConditionalMutator_EQUAL_IF,setCacheProperties,158,NO_COVERAGE,none
CacheBuilder.java,org.apache.ibatis.mapping.CacheBuilder,org.pitest.mutationtest.engine.gregor.mutators.RemoveConditionalMutator_EQUAL_IF,setCacheProperties,161,NO_COVERAGE,none
CacheBuilder.java,org.apache.ibatis.mapping.CacheBuilder,org.pitest.mutationtest.engine.gregor.mutators.RemoveConditionalMutator_EQUAL_IF,setCacheProperties,161,NO_COVERAGE,none
CacheBuilder.java,org.apache.ibatis.mapping.CacheBuilder,org.pitest.mutationtest.engine.gregor.mutators.RemoveConditionalMutator_EQUAL_IF,setCacheProperties,164,NO_COVERAGE,none
CacheBuilder.java,org.apache.ibatis.mapping.CacheBuilder,org.pitest.mutationtest.engine.gregor.mutators.RemoveConditionalMutator_EQUAL_IF,setCacheProperties,164,NO_COVERAGE,none
CacheBuilder.java,org.apache.ibatis.mapping.CacheBuilder,org.pitest.mutationtest.engine.gregor.mutators.RemoveConditionalMutator_EQUAL_IF,setCacheProperties,167,NO_COVERAGE,none
CacheBuilder.java,org.apache.ibatis.mapping.CacheBuilder,org.pitest.mutationtest.engine.gregor.mutators.RemoveConditionalMutator_EQUAL_IF,setCacheProperties,167,NO_COVERAGE,none
CacheBuilder.java,org.apache.ibatis.mapping.CacheBuilder,org.pitest.mutationtest.engine.gregor.mutators.RemoveConditionalMutator_EQUAL_IF,setCacheProperties,170,NO_COVERAGE,none
CacheBuilder.java,org.apache.ibatis.mapping.CacheBuilder,org.pitest.mutationtest.engine.gregor.mutators.RemoveConditionalMutator_EQUAL_IF,setCacheProperties,170,NO_COVERAGE,none
CacheBuilder.java,org.apache.ibatis.mapping.CacheBuilder,org.pitest.mutationtest.engine.gregor.mutators.RemoveConditionalMutator_EQUAL_IF,setCacheProperties,179,NO_COVERAGE,none
CacheBuilder.java,org.apache.ibatis.mapping.CacheBuilder,org.pitest.mutationtest.engine.gregor.mutators.VoidMethodCallMutator,setCacheProperties,151,NO_COVERAGE,none
CacheBuilder.java,org.apache.ibatis.mapping.CacheBuilder,org.pitest.mutationtest.engine.gregor.mutators.VoidMethodCallMutator,setCacheProperties,154,NO_COVERAGE,none
CacheBuilder.java,org.apache.ibatis.mapping.CacheBuilder,org.pitest.mutationtest.engine.gregor.mutators.VoidMethodCallMutator,setCacheProperties,157,NO_COVERAGE,none
CacheBuilder.java,org.apache.ibatis.mapping.CacheBuilder,org.pitest.mutationtest.engine.gregor.mutators.VoidMethodCallMutator,setCacheProperties,160,NO_COVERAGE,none
CacheBuilder.java,org.apache.ibatis.mapping.CacheBuilder,org.pitest.mutationtest.engine.gregor.mutators.VoidMethodCallMutator,setCacheProperties,163,NO_COVERAGE,none
CacheBuilder.java,org.apache.ibatis.mapping.CacheBuilder,org.pitest.mutationtest.engine.gregor.mutators.VoidMethodCallMutator,setCacheProperties,166,NO_COVERAGE,none
CacheBuilder.java,org.apache.ibatis.mapping.CacheBuilder,org.pitest.mutationtest.engine.gregor.mutators.VoidMethodCallMutator,setCacheProperties,169,NO_COVERAGE,none
CacheBuilder.java,org.apache.ibatis.mapping.CacheBuilder,org.pitest.mutationtest.engine.gregor.mutators.VoidMethodCallMutator,setCacheProperties,172,NO_COVERAGE,none
CacheBuilder.java,org.apache.ibatis.mapping.CacheBuilder,org.pitest.mutationtest.engine.gregor.mutators.VoidMethodCallMutator,setCacheProperties,181,NO_COVERAGE,none
CacheBuilder.java,org.apache.ibatis.mapping.CacheBuilder,org.pitest.mutationtest.engine.gregor.mutators.NegateConditionalsMutator,setDefaultImplementations,110,NO_COVERAGE,none
CacheBuilder.java,org.apache.ibatis.mapping.CacheBuilder,org.pitest.mutationtest.engine.gregor.mutators.NegateConditionalsMutator,setDefaultImplementations,112,NO_COVERAGE,none
CacheBuilder.java,org.apache.ibatis.mapping.CacheBuilder,org.pitest.mutationtest.engine.gregor.mutators.NonVoidMethodCallMutator,setDefaultImplementations,112,NO_COVERAGE,none
CacheBuilder.java,org.apache.ibatis.mapping.CacheBuilder,org.pitest.mutationtest.engine.gregor.mutators.NonVoidMethodCallMutator,setDefaultImplementations,113,NO_COVERAGE,none
CacheBuilder.java,org.apache.ibatis.mapping.CacheBuilder,org.pitest.mutationtest.engine.gregor.mutators.RemoveConditionalMutator_EQUAL_ELSE,setDefaultImplementations,110,NO_COVERAGE,none
CacheBuilder.java,org.apache.ibatis.mapping.CacheBuilder,org.pitest.mutationtest.engine.gregor.mutators.RemoveConditionalMutator_EQUAL_ELSE,setDefaultImplementations,112,NO_COVERAGE,none
CacheBuilder.java,org.apache.ibatis.mapping.CacheBuilder,org.pitest.mutationtest.engine.gregor.mutators.RemoveConditionalMutator_EQUAL_IF,setDefaultImplementations,110,NO_COVERAGE,none
CacheBuilder.java,org.apache.ibatis.mapping.CacheBuilder,org.pitest.mutationtest.engine.gregor.mutators.RemoveConditionalMutator_EQUAL_IF,setDefaultImplementations,112,NO_COVERAGE,none
CacheBuilder.java,org.apache.ibatis.mapping.CacheBuilder,org.pitest.mutationtest.engine.gregor.mutators.experimental.MemberVariableMutator,setDefaultImplementations,111,NO_COVERAGE,none
CacheBuilder.java,org.apache.ibatis.mapping.CacheBuilder,org.pitest.mutationtest.engine.gregor.mutators.ConstructorCallMutator,setStandardDecorators,125,NO_COVERAGE,none
CacheBuilder.java,org.apache.ibatis.mapping.CacheBuilder,org.pitest.mutationtest.engine.gregor.mutators.ConstructorCallMutator,setStandardDecorators,129,NO_COVERAGE,none
CacheBuilder.java,org.apache.ibatis.mapping.CacheBuilder,org.pitest.mutationtest.engine.gregor.mutators.ConstructorCallMutator,setStandardDecorators,131,NO_COVERAGE,none
CacheBuilder.java,org.apache.ibatis.mapping.CacheBuilder,org.pitest.mutationtest.engine.gregor.mutators.ConstructorCallMutator,setStandardDecorators,132,NO_COVERAGE,none
CacheBuilder.java,org.apache.ibatis.mapping.CacheBuilder,org.pitest.mutationtest.engine.gregor.mutators.ConstructorCallMutator,setStandardDecorators,134,NO_COVERAGE,none
CacheBuilder.java,org.apache.ibatis.mapping.CacheBuilder,org.pitest.mutationtest.engine.gregor.mutators.ConstructorCallMutator,setStandardDecorators,138,NO_COVERAGE,none
CacheBuilder.java,org.apache.ibatis.mapping.CacheBuilder,org.pitest.mutationtest.engine.gregor.mutators.ConstructorCallMutator,setStandardDecorators,138,NO_COVERAGE,none
CacheBuilder.java,org.apache.ibatis.mapping.CacheBuilder,org.pitest.mutationtest.engine.gregor.mutators.NegateConditionalsMutator,setStandardDecorators,121,NO_COVERAGE,none
CacheBuilder.java,org.apache.ibatis.mapping.CacheBuilder,org.pitest.mutationtest.engine.gregor.mutators.NegateConditionalsMutator,setStandardDecorators,121,NO_COVERAGE,none
CacheBuilder.java,org.apache.ibatis.mapping.CacheBuilder,org.pitest.mutationtest.engine.gregor.mutators.NegateConditionalsMutator,setStandardDecorators,124,NO_COVERAGE,none
CacheBuilder.java,org.apache.ibatis.mapping.CacheBuilder,org.pitest.mutationtest.engine.gregor.mutators.NegateConditionalsMutator,setStandardDecorators,128,NO_COVERAGE,none
CacheBuilder.java,org.apache.ibatis.mapping.CacheBuilder,org.pitest.mutationtest.engine.gregor.mutators.NegateConditionalsMutator,setStandardDecorators,133,NO_COVERAGE,none
CacheBuilder.java,org.apache.ibatis.mapping.CacheBuilder,org.pitest.mutationtest.engine.gregor.mutators.NonVoidMethodCallMutator,setStandardDecorators,120,NO_COVERAGE,none
CacheBuilder.java,org.apache.ibatis.mapping.CacheBuilder,org.pitest.mutationtest.engine.gregor.mutators.NonVoidMethodCallMutator,setStandardDecorators,121,NO_COVERAGE,none
CacheBuilder.java,org.apache.ibatis.mapping.CacheBuilder,org.pitest.mutationtest.engine.gregor.mutators.NonVoidMethodCallMutator,setStandardDecorators,126,NO_COVERAGE,none
CacheBuilder.java,org.apache.ibatis.mapping.CacheBuilder,org.pitest.mutationtest.engine.gregor.mutators.NonVoidMethodCallMutator,setStandardDecorators,138,NO_COVERAGE,none
CacheBuilder.java,org.apache.ibatis.mapping.CacheBuilder,org.pitest.mutationtest.engine.gregor.mutators.NonVoidMethodCallMutator,setStandardDecorators,138,NO_COVERAGE,none
CacheBuilder.java,org.apache.ibatis.mapping.CacheBuilder,org.pitest.mutationtest.engine.gregor.mutators.NonVoidMethodCallMutator,setStandardDecorators,138,NO_COVERAGE,none
CacheBuilder.java,org.apache.ibatis.mapping.CacheBuilder,org.pitest.mutationtest.engine.gregor.mutators.RemoveConditionalMutator_EQUAL_ELSE,setStandardDecorators,121,NO_COVERAGE,none
CacheBuilder.java,org.apache.ibatis.mapping.CacheBuilder,org.pitest.mutationtest.engine.gregor.mutators.RemoveConditionalMutator_EQUAL_ELSE,setStandardDecorators,121,NO_COVERAGE,none
CacheBuilder.java,org.apache.ibatis.mapping.CacheBuilder,org.pitest.mutationtest.engine.gregor.mutators.RemoveConditionalMutator_EQUAL_ELSE,setStandardDecorators,124,NO_COVERAGE,none
CacheBuilder.java,org.apache.ibatis.mapping.CacheBuilder,org.pitest.mutationtest.engine.gregor.mutators.RemoveConditionalMutator_EQUAL_ELSE,setStandardDecorators,128,NO_COVERAGE,none
CacheBuilder.java,org.apache.ibatis.mapping.CacheBuilder,org.pitest.mutationtest.engine.gregor.mutators.RemoveConditionalMutator_EQUAL_ELSE,setStandardDecorators,133,NO_COVERAGE,none
CacheBuilder.java,org.apache.ibatis.mapping.CacheBuilder,org.pitest.mutationtest.engine.gregor.mutators.RemoveConditionalMutator_EQUAL_IF,setStandardDecorators,121,NO_COVERAGE,none
CacheBuilder.java,org.apache.ibatis.mapping.CacheBuilder,org.pitest.mutationtest.engine.gregor.mutators.RemoveConditionalMutator_EQUAL_IF,setStandardDecorators,121,NO_COVERAGE,none
CacheBuilder.java,org.apache.ibatis.mapping.CacheBuilder,org.pitest.mutationtest.engine.gregor.mutators.RemoveConditionalMutator_EQUAL_IF,setStandardDecorators,124,NO_COVERAGE,none
CacheBuilder.java,org.apache.ibatis.mapping.CacheBuilder,org.pitest.mutationtest.engine.gregor.mutators.RemoveConditionalMutator_EQUAL_IF,setStandardDecorators,128,NO_COVERAGE,none
CacheBuilder.java,org.apache.ibatis.mapping.CacheBuilder,org.pitest.mutationtest.engine.gregor.mutators.RemoveConditionalMutator_EQUAL_IF,setStandardDecorators,133,NO_COVERAGE,none
CacheBuilder.java,org.apache.ibatis.mapping.CacheBuilder,org.pitest.mutationtest.engine.gregor.mutators.ReturnValsMutator,setStandardDecorators,136,NO_COVERAGE,none
CacheBuilder.java,org.apache.ibatis.mapping.CacheBuilder,org.pitest.mutationtest.engine.gregor.mutators.VoidMethodCallMutator,setStandardDecorators,122,NO_COVERAGE,none
CacheBuilder.java,org.apache.ibatis.mapping.CacheBuilder,org.pitest.mutationtest.engine.gregor.mutators.VoidMethodCallMutator,setStandardDecorators,126,NO_COVERAGE,none
CacheBuilder.java,org.apache.ibatis.mapping.CacheBuilder,org.pitest.mutationtest.engine.gregor.mutators.ReturnValsMutator,size,69,NO_COVERAGE,none
CacheBuilder.java,org.apache.ibatis.mapping.CacheBuilder,org.pitest.mutationtest.engine.gregor.mutators.experimental.MemberVariableMutator,size,68,NO_COVERAGE,none
ScriptRunner.java,org.apache.ibatis.jdbc.ScriptRunner,org.pitest.mutationtest.engine.gregor.mutators.ConstructorCallMutator,<init>,47,KILLED,org.apache.ibatis.submitted.extend.ExtendTest.org.apache.ibatis.submitted.extend.ExtendTest
ScriptRunner.java,org.apache.ibatis.jdbc.ScriptRunner,org.pitest.mutationtest.engine.gregor.mutators.ConstructorCallMutator,<init>,48,KILLED,org.apache.ibatis.submitted.extend.ExtendTest.org.apache.ibatis.submitted.extend.ExtendTest
ScriptRunner.java,org.apache.ibatis.jdbc.ScriptRunner,org.pitest.mutationtest.engine.gregor.mutators.experimental.MemberVariableMutator,<init>,50,KILLED,org.apache.ibatis.submitted.extend.ExtendTest.org.apache.ibatis.submitted.extend.ExtendTest
ScriptRunner.java,org.apache.ibatis.jdbc.ScriptRunner,org.pitest.mutationtest.engine.gregor.mutators.experimental.MemberVariableMutator,<init>,54,KILLED,org.apache.ibatis.submitted.extend.ExtendTest.org.apache.ibatis.submitted.extend.ExtendTest
ScriptRunner.java,org.apache.ibatis.jdbc.ScriptRunner,org.pitest.mutationtest.engine.gregor.mutators.ConditionalsBoundaryMutator,checkForMissingLineTerminator,190,KILLED,org.apache.ibatis.submitted.extend.ExtendTest.org.apache.ibatis.submitted.extend.ExtendTest
ScriptRunner.java,org.apache.ibatis.jdbc.ScriptRunner,org.pitest.mutationtest.engine.gregor.mutators.ConstructorCallMutator,checkForMissingLineTerminator,191,NO_COVERAGE,none
ScriptRunner.java,org.apache.ibatis.jdbc.ScriptRunner,org.pitest.mutationtest.engine.gregor.mutators.ConstructorCallMutator,checkForMissingLineTerminator,191,NO_COVERAGE,none
ScriptRunner.java,org.apache.ibatis.jdbc.ScriptRunner,org.pitest.mutationtest.engine.gregor.mutators.NegateConditionalsMutator,checkForMissingLineTerminator,190,KILLED,org.apache.ibatis.submitted.extend.ExtendTest.org.apache.ibatis.submitted.extend.ExtendTest
ScriptRunner.java,org.apache.ibatis.jdbc.ScriptRunner,org.pitest.mutationtest.engine.gregor.mutators.NegateConditionalsMutator,checkForMissingLineTerminator,190,KILLED,org.apache.ibatis.submitted.extend.ExtendTest.org.apache.ibatis.submitted.extend.ExtendTest
ScriptRunner.java,org.apache.ibatis.jdbc.ScriptRunner,org.pitest.mutationtest.engine.gregor.mutators.NonVoidMethodCallMutator,checkForMissingLineTerminator,191,NO_COVERAGE,none
ScriptRunner.java,org.apache.ibatis.jdbc.ScriptRunner,org.pitest.mutationtest.engine.gregor.mutators.NonVoidMethodCallMutator,checkForMissingLineTerminator,191,NO_COVERAGE,none
ScriptRunner.java,org.apache.ibatis.jdbc.ScriptRunner,org.pitest.mutationtest.engine.gregor.mutators.NonVoidMethodCallMutator,checkForMissingLineTerminator,191,NO_COVERAGE,none
ScriptRunner.java,org.apache.ibatis.jdbc.ScriptRunner,org.pitest.mutationtest.engine.gregor.mutators.NonVoidMethodCallMutator,checkForMissingLineTerminator,191,NO_COVERAGE,none
ScriptRunner.java,org.apache.ibatis.jdbc.ScriptRunner,org.pitest.mutationtest.engine.gregor.mutators.NonVoidMethodCallMutator,checkForMissingLineTerminator,191,NO_COVERAGE,none
ScriptRunner.java,org.apache.ibatis.jdbc.ScriptRunner,org.pitest.mutationtest.engine.gregor.mutators.VoidMethodCallMutator,closeConnection,153,NO_COVERAGE,none
ScriptRunner.java,org.apache.ibatis.jdbc.ScriptRunner,org.pitest.mutationtest.engine.gregor.mutators.InlineConstantMutator,commandReadyToExecute,223,KILLED,org.apache.ibatis.submitted.extend.ExtendTest.org.apache.ibatis.submitted.extend.ExtendTest
ScriptRunner.java,org.apache.ibatis.jdbc.ScriptRunner,org.pitest.mutationtest.engine.gregor.mutators.InlineConstantMutator,commandReadyToExecute,223,KILLED,org.apache.ibatis.submitted.extend.ExtendTest.org.apache.ibatis.submitted.extend.ExtendTest
ScriptRunner.java,org.apache.ibatis.jdbc.ScriptRunner,org.pitest.mutationtest.engine.gregor.mutators.NegateConditionalsMutator,commandReadyToExecute,223,KILLED,org.apache.ibatis.submitted.extend.ExtendTest.org.apache.ibatis.submitted.extend.ExtendTest
ScriptRunner.java,org.apache.ibatis.jdbc.ScriptRunner,org.pitest.mutationtest.engine.gregor.mutators.NegateConditionalsMutator,commandReadyToExecute,223,KILLED,org.apache.ibatis.submitted.extend.ExtendTest.org.apache.ibatis.submitted.extend.ExtendTest
ScriptRunner.java,org.apache.ibatis.jdbc.ScriptRunner,org.pitest.mutationtest.engine.gregor.mutators.NonVoidMethodCallMutator,commandReadyToExecute,223,KILLED,org.apache.ibatis.submitted.extend.ExtendTest.org.apache.ibatis.submitted.extend.ExtendTest
ScriptRunner.java,org.apache.ibatis.jdbc.ScriptRunner,org.pitest.mutationtest.engine.gregor.mutators.RemoveConditionalMutator_EQUAL_ELSE,commandReadyToExecute,223,KILLED,org.apache.ibatis.submitted.extend.ExtendTest.org.apache.ibatis.submitted.extend.ExtendTest
ScriptRunner.java,org.apache.ibatis.jdbc.ScriptRunner,org.pitest.mutationtest.engine.gregor.mutators.RemoveConditionalMutator_EQUAL_ELSE,commandReadyToExecute,223,KILLED,org.apache.ibatis.submitted.extend.ExtendTest.org.apache.ibatis.submitted.extend.ExtendTest
ScriptRunner.java,org.apache.ibatis.jdbc.ScriptRunner,org.pitest.mutationtest.engine.gregor.mutators.RemoveConditionalMutator_EQUAL_IF,commandReadyToExecute,223,KILLED,org.apache.ibatis.submitted.extend.ExtendTest.org.apache.ibatis.submitted.extend.ExtendTest
ScriptRunner.java,org.apache.ibatis.jdbc.ScriptRunner,org.pitest.mutationtest.engine.gregor.mutators.ReturnValsMutator,commandReadyToExecute,223,KILLED,org.apache.ibatis.submitted.extend.ExtendTest.org.apache.ibatis.submitted.extend.ExtendTest
ScriptRunner.java,org.apache.ibatis.jdbc.ScriptRunner,org.pitest.mutationtest.engine.gregor.mutators.ConstructorCallMutator,commitConnection,175,NO_COVERAGE,none
ScriptRunner.java,org.apache.ibatis.jdbc.ScriptRunner,org.pitest.mutationtest.engine.gregor.mutators.ConstructorCallMutator,commitConnection,175,NO_COVERAGE,none
ScriptRunner.java,org.apache.ibatis.jdbc.ScriptRunner,org.pitest.mutationtest.engine.gregor.mutators.NonVoidMethodCallMutator,commitConnection,171,KILLED,org.apache.ibatis.submitted.extend.ExtendTest.org.apache.ibatis.submitted.extend.ExtendTest
ScriptRunner.java,org.apache.ibatis.jdbc.ScriptRunner,org.pitest.mutationtest.engine.gregor.mutators.NonVoidMethodCallMutator,commitConnection,175,NO_COVERAGE,none
ScriptRunner.java,org.apache.ibatis.jdbc.ScriptRunner,org.pitest.mutationtest.engine.gregor.mutators.NonVoidMethodCallMutator,commitConnection,175,NO_COVERAGE,none
ScriptRunner.java,org.apache.ibatis.jdbc.ScriptRunner,org.pitest.mutationtest.engine.gregor.mutators.NonVoidMethodCallMutator,commitConnection,175,NO_COVERAGE,none
ScriptRunner.java,org.apache.ibatis.jdbc.ScriptRunner,org.pitest.mutationtest.engine.gregor.mutators.ConstructorCallMutator,executeFullScript,115,NO_COVERAGE,none
ScriptRunner.java,org.apache.ibatis.jdbc.ScriptRunner,org.pitest.mutationtest.engine.gregor.mutators.ConstructorCallMutator,executeFullScript,117,NO_COVERAGE,none
ScriptRunner.java,org.apache.ibatis.jdbc.ScriptRunner,org.pitest.mutationtest.engine.gregor.mutators.ConstructorCallMutator,executeFullScript,128,NO_COVERAGE,none
ScriptRunner.java,org.apache.ibatis.jdbc.ScriptRunner,org.pitest.mutationtest.engine.gregor.mutators.ConstructorCallMutator,executeFullScript,130,NO_COVERAGE,none
ScriptRunner.java,org.apache.ibatis.jdbc.ScriptRunner,org.pitest.mutationtest.engine.gregor.mutators.NegateConditionalsMutator,executeFullScript,119,NO_COVERAGE,none
ScriptRunner.java,org.apache.ibatis.jdbc.ScriptRunner,org.pitest.mutationtest.engine.gregor.mutators.NonVoidMethodCallMutator,executeFullScript,119,NO_COVERAGE,none
ScriptRunner.java,org.apache.ibatis.jdbc.ScriptRunner,org.pitest.mutationtest.engine.gregor.mutators.NonVoidMethodCallMutator,executeFullScript,120,NO_COVERAGE,none
ScriptRunner.java,org.apache.ibatis.jdbc.ScriptRunner,org.pitest.mutationtest.engine.gregor.mutators.NonVoidMethodCallMutator,executeFullScript,121,NO_COVERAGE,none
ScriptRunner.java,org.apache.ibatis.jdbc.ScriptRunner,org.pitest.mutationtest.engine.gregor.mutators.NonVoidMethodCallMutator,executeFullScript,123,NO_COVERAGE,none
ScriptRunner.java,org.apache.ibatis.jdbc.ScriptRunner,org.pitest.mutationtest.engine.gregor.mutators.NonVoidMethodCallMutator,executeFullScript,128,NO_COVERAGE,none
ScriptRunner.java,org.apache.ibatis.jdbc.ScriptRunner,org.pitest.mutationtest.engine.gregor.mutators.NonVoidMethodCallMutator,executeFullScript,128,NO_COVERAGE,none
ScriptRunner.java,org.apache.ibatis.jdbc.ScriptRunner,org.pitest.mutationtest.engine.gregor.mutators.NonVoidMethodCallMutator,executeFullScript,128,NO_COVERAGE,none
ScriptRunner.java,org.apache.ibatis.jdbc.ScriptRunner,org.pitest.mutationtest.engine.gregor.mutators.NonVoidMethodCallMutator,executeFullScript,128,NO_COVERAGE,none
ScriptRunner.java,org.apache.ibatis.jdbc.ScriptRunner,org.pitest.mutationtest.engine.gregor.mutators.NonVoidMethodCallMutator,executeFullScript,128,NO_COVERAGE,none
ScriptRunner.java,org.apache.ibatis.jdbc.ScriptRunner,org.pitest.mutationtest.engine.gregor.mutators.RemoveConditionalMutator_EQUAL_ELSE,executeFullScript,119,NO_COVERAGE,none
ScriptRunner.java,org.apache.ibatis.jdbc.ScriptRunner,org.pitest.mutationtest.engine.gregor.mutators.VoidMethodCallMutator,executeFullScript,124,NO_COVERAGE,none
ScriptRunner.java,org.apache.ibatis.jdbc.ScriptRunner,org.pitest.mutationtest.engine.gregor.mutators.VoidMethodCallMutator,executeFullScript,125,NO_COVERAGE,none
ScriptRunner.java,org.apache.ibatis.jdbc.ScriptRunner,org.pitest.mutationtest.engine.gregor.mutators.VoidMethodCallMutator,executeFullScript,126,NO_COVERAGE,none
ScriptRunner.java,org.apache.ibatis.jdbc.ScriptRunner,org.pitest.mutationtest.engine.gregor.mutators.VoidMethodCallMutator,executeFullScript,129,NO_COVERAGE,none
ScriptRunner.java,org.apache.ibatis.jdbc.ScriptRunner,org.pitest.mutationtest.engine.gregor.mutators.ArgumentPropagationMutator,executeLineByLine,140,KILLED,org.apache.ibatis.submitted.extend.ExtendTest.org.apache.ibatis.submitted.extend.ExtendTest
ScriptRunner.java,org.apache.ibatis.jdbc.ScriptRunner,org.pitest.mutationtest.engine.gregor.mutators.ConstructorCallMutator,executeLineByLine,135,KILLED,org.apache.ibatis.submitted.extend.ExtendTest.org.apache.ibatis.submitted.extend.ExtendTest
ScriptRunner.java,org.apache.ibatis.jdbc.ScriptRunner,org.pitest.mutationtest.engine.gregor.mutators.ConstructorCallMutator,executeLineByLine,137,KILLED,org.apache.ibatis.submitted.extend.ExtendTest.org.apache.ibatis.submitted.extend.ExtendTest
ScriptRunner.java,org.apache.ibatis.jdbc.ScriptRunner,org.pitest.mutationtest.engine.gregor.mutators.ConstructorCallMutator,executeLineByLine,145,NO_COVERAGE,none
ScriptRunner.java,org.apache.ibatis.jdbc.ScriptRunner,org.pitest.mutationtest.engine.gregor.mutators.ConstructorCallMutator,executeLineByLine,147,NO_COVERAGE,none
ScriptRunner.java,org.apache.ibatis.jdbc.ScriptRunner,org.pitest.mutationtest.engine.gregor.mutators.NegateConditionalsMutator,executeLineByLine,139,KILLED,org.apache.ibatis.submitted.extend.ExtendTest.org.apache.ibatis.submitted.extend.ExtendTest
ScriptRunner.java,org.apache.ibatis.jdbc.ScriptRunner,org.pitest.mutationtest.engine.gregor.mutators.NonVoidMethodCallMutator,executeLineByLine,139,KILLED,org.apache.ibatis.submitted.extend.ExtendTest.org.apache.ibatis.submitted.extend.ExtendTest
ScriptRunner.java,org.apache.ibatis.jdbc.ScriptRunner,org.pitest.mutationtest.engine.gregor.mutators.NonVoidMethodCallMutator,executeLineByLine,140,SURVIVED,none
ScriptRunner.java,org.apache.ibatis.jdbc.ScriptRunner,org.pitest.mutationtest.engine.gregor.mutators.NonVoidMethodCallMutator,executeLineByLine,145,NO_COVERAGE,none
ScriptRunner.java,org.apache.ibatis.jdbc.ScriptRunner,org.pitest.mutationtest.engine.gregor.mutators.NonVoidMethodCallMutator,executeLineByLine,145,NO_COVERAGE,none
ScriptRunner.java,org.apache.ibatis.jdbc.ScriptRunner,org.pitest.mutationtest.engine.gregor.mutators.NonVoidMethodCallMutator,executeLineByLine,145,NO_COVERAGE,none
ScriptRunner.java,org.apache.ibatis.jdbc.ScriptRunner,org.pitest.mutationtest.engine.gregor.mutators.NonVoidMethodCallMutator,executeLineByLine,145,NO_COVERAGE,none
ScriptRunner.java,org.apache.ibatis.jdbc.ScriptRunner,org.pitest.mutationtest.engine.gregor.mutators.NonVoidMethodCallMutator,executeLineByLine,145,NO_COVERAGE,none
ScriptRunner.java,org.apache.ibatis.jdbc.ScriptRunner,org.pitest.mutationtest.engine.gregor.mutators.RemoveConditionalMutator_EQUAL_ELSE,executeLineByLine,139,KILLED,org.apache.ibatis.submitted.extend.ExtendTest.org.apache.ibatis.submitted.extend.ExtendTest
ScriptRunner.java,org.apache.ibatis.jdbc.ScriptRunner,org.pitest.mutationtest.engine.gregor.mutators.RemoveConditionalMutator_EQUAL_IF,executeLineByLine,139,KILLED,org.apache.ibatis.submitted.extend.ExtendTest.org.apache.ibatis.submitted.extend.ExtendTest
ScriptRunner.java,org.apache.ibatis.jdbc.ScriptRunner,org.pitest.mutationtest.engine.gregor.mutators.VoidMethodCallMutator,executeLineByLine,142,KILLED,org.apache.ibatis.submitted.extend.ExtendTest.org.apache.ibatis.submitted.extend.ExtendTest
ScriptRunner.java,org.apache.ibatis.jdbc.ScriptRunner,org.pitest.mutationtest.engine.gregor.mutators.VoidMethodCallMutator,executeLineByLine,146,NO_COVERAGE,none
ScriptRunner.java,org.apache.ibatis.jdbc.ScriptRunner,org.pitest.mutationtest.engine.gregor.mutators.ArgumentPropagationMutator,executeStatement,232,NO_COVERAGE,none
ScriptRunner.java,org.apache.ibatis.jdbc.ScriptRunner,org.pitest.mutationtest.engine.gregor.mutators.ConstructorCallMutator,executeStatement,248,NO_COVERAGE,none
ScriptRunner.java,org.apache.ibatis.jdbc.ScriptRunner,org.pitest.mutationtest.engine.gregor.mutators.NegateConditionalsMutator,executeStatement,234,KILLED,org.apache.ibatis.submitted.extend.ExtendTest.org.apache.ibatis.submitted.extend.ExtendTest
ScriptRunner.java,org.apache.ibatis.jdbc.ScriptRunner,org.pitest.mutationtest.engine.gregor.mutators.NegateConditionalsMutator,executeStatement,236,NO_COVERAGE,none
ScriptRunner.java,org.apache.ibatis.jdbc.ScriptRunner,org.pitest.mutationtest.engine.gregor.mutators.NegateConditionalsMutator,executeStatement,240,NO_COVERAGE,none
ScriptRunner.java,org.apache.ibatis.jdbc.ScriptRunner,org.pitest.mutationtest.engine.gregor.mutators.NonVoidMethodCallMutator,executeStatement,228,KILLED,org.apache.ibatis.submitted.extend.ExtendTest.org.apache.ibatis.submitted.extend.ExtendTest
ScriptRunner.java,org.apache.ibatis.jdbc.ScriptRunner,org.pitest.mutationtest.engine.gregor.mutators.NonVoidMethodCallMutator,executeStatement,232,NO_COVERAGE,none
ScriptRunner.java,org.apache.ibatis.jdbc.ScriptRunner,org.pitest.mutationtest.engine.gregor.mutators.NonVoidMethodCallMutator,executeStatement,235,NO_COVERAGE,none
ScriptRunner.java,org.apache.ibatis.jdbc.ScriptRunner,org.pitest.mutationtest.engine.gregor.mutators.NonVoidMethodCallMutator,executeStatement,239,NO_COVERAGE,none
ScriptRunner.java,org.apache.ibatis.jdbc.ScriptRunner,org.pitest.mutationtest.engine.gregor.mutators.NonVoidMethodCallMutator,executeStatement,246,KILLED,org.apache.ibatis.submitted.extend.ExtendTest.org.apache.ibatis.submitted.extend.ExtendTest
ScriptRunner.java,org.apache.ibatis.jdbc.ScriptRunner,org.pitest.mutationtest.engine.gregor.mutators.NonVoidMethodCallMutator,executeStatement,248,NO_COVERAGE,none
ScriptRunner.java,org.apache.ibatis.jdbc.ScriptRunner,org.pitest.mutationtest.engine.gregor.mutators.NonVoidMethodCallMutator,executeStatement,248,NO_COVERAGE,none
ScriptRunner.java,org.apache.ibatis.jdbc.ScriptRunner,org.pitest.mutationtest.engine.gregor.mutators.NonVoidMethodCallMutator,executeStatement,248,NO_COVERAGE,none
ScriptRunner.java,org.apache.ibatis.jdbc.ScriptRunner,org.pitest.mutationtest.engine.gregor.mutators.NonVoidMethodCallMutator,executeStatement,248,NO_COVERAGE,none
ScriptRunner.java,org.apache.ibatis.jdbc.ScriptRunner,org.pitest.mutationtest.engine.gregor.mutators.NonVoidMethodCallMutator,executeStatement,248,NO_COVERAGE,none
ScriptRunner.java,org.apache.ibatis.jdbc.ScriptRunner,org.pitest.mutationtest.engine.gregor.mutators.RemoveConditionalMutator_EQUAL_ELSE,executeStatement,234,KILLED,org.apache.ibatis.submitted.extend.ExtendTest.org.apache.ibatis.submitted.extend.ExtendTest
ScriptRunner.java,org.apache.ibatis.jdbc.ScriptRunner,org.pitest.mutationtest.engine.gregor.mutators.RemoveConditionalMutator_EQUAL_ELSE,executeStatement,236,NO_COVERAGE,none
ScriptRunner.java,org.apache.ibatis.jdbc.ScriptRunner,org.pitest.mutationtest.engine.gregor.mutators.RemoveConditionalMutator_EQUAL_ELSE,executeStatement,240,NO_COVERAGE,none
ScriptRunner.java,org.apache.ibatis.jdbc.ScriptRunner,org.pitest.mutationtest.engine.gregor.mutators.RemoveConditionalMutator_EQUAL_IF,executeStatement,236,NO_COVERAGE,none
ScriptRunner.java,org.apache.ibatis.jdbc.ScriptRunner,org.pitest.mutationtest.engine.gregor.mutators.RemoveConditionalMutator_EQUAL_IF,executeStatement,240,NO_COVERAGE,none
ScriptRunner.java,org.apache.ibatis.jdbc.ScriptRunner,org.pitest.mutationtest.engine.gregor.mutators.VoidMethodCallMutator,executeStatement,249,NO_COVERAGE,none
ScriptRunner.java,org.apache.ibatis.jdbc.ScriptRunner,org.pitest.mutationtest.engine.gregor.mutators.VoidMethodCallMutator,executeStatement,252,KILLED,org.apache.ibatis.submitted.extend.ExtendTest.org.apache.ibatis.submitted.extend.ExtendTest
ScriptRunner.java,org.apache.ibatis.jdbc.ScriptRunner,org.pitest.mutationtest.engine.gregor.mutators.InlineConstantMutator,handleLine,198,KILLED,org.apache.ibatis.submitted.extend.ExtendTest.org.apache.ibatis.submitted.extend.ExtendTest
ScriptRunner.java,org.apache.ibatis.jdbc.ScriptRunner,org.pitest.mutationtest.engine.gregor.mutators.InlineConstantMutator,handleLine,200,NO_COVERAGE,none
ScriptRunner.java,org.apache.ibatis.jdbc.ScriptRunner,org.pitest.mutationtest.engine.gregor.mutators.InlineConstantMutator,handleLine,200,NO_COVERAGE,none
ScriptRunner.java,org.apache.ibatis.jdbc.ScriptRunner,org.pitest.mutationtest.engine.gregor.mutators.InlineConstantMutator,handleLine,205,KILLED,org.apache.ibatis.submitted.extend.ExtendTest.org.apache.ibatis.submitted.extend.ExtendTest
ScriptRunner.java,org.apache.ibatis.jdbc.ScriptRunner,org.pitest.mutationtest.engine.gregor.mutators.NegateConditionalsMutator,handleLine,197,KILLED,org.apache.ibatis.submitted.extend.ExtendTest.org.apache.ibatis.submitted.extend.ExtendTest
ScriptRunner.java,org.apache.ibatis.jdbc.ScriptRunner,org.pitest.mutationtest.engine.gregor.mutators.NegateConditionalsMutator,handleLine,199,KILLED,org.apache.ibatis.submitted.extend.ExtendTest.org.apache.ibatis.submitted.extend.ExtendTest
ScriptRunner.java,org.apache.ibatis.jdbc.ScriptRunner,org.pitest.mutationtest.engine.gregor.mutators.NegateConditionalsMutator,handleLine,204,KILLED,org.apache.ibatis.submitted.extend.ExtendTest.org.apache.ibatis.submitted.extend.ExtendTest
ScriptRunner.java,org.apache.ibatis.jdbc.ScriptRunner,org.pitest.mutationtest.engine.gregor.mutators.NegateConditionalsMutator,handleLine,210,KILLED,org.apache.ibatis.submitted.extend.ExtendTest.org.apache.ibatis.submitted.extend.ExtendTest
ScriptRunner.java,org.apache.ibatis.jdbc.ScriptRunner,org.pitest.mutationtest.engine.gregor.mutators.NonVoidMethodCallMutator,handleLine,196,KILLED,org.apache.ibatis.submitted.extend.ExtendTest.org.apache.ibatis.submitted.extend.ExtendTest
ScriptRunner.java,org.apache.ibatis.jdbc.ScriptRunner,org.pitest.mutationtest.engine.gregor.mutators.NonVoidMethodCallMutator,handleLine,198,KILLED,org.apache.ibatis.submitted.extend.ExtendTest.org.apache.ibatis.submitted.extend.ExtendTest
ScriptRunner.java,org.apache.ibatis.jdbc.ScriptRunner,org.pitest.mutationtest.engine.gregor.mutators.NonVoidMethodCallMutator,handleLine,198,KILLED,org.apache.ibatis.submitted.extend.ExtendTest.org.apache.ibatis.submitted.extend.ExtendTest
ScriptRunner.java,org.apache.ibatis.jdbc.ScriptRunner,org.pitest.mutationtest.engine.gregor.mutators.NonVoidMethodCallMutator,handleLine,198,KILLED,org.apache.ibatis.submitted.extend.ExtendTest.org.apache.ibatis.submitted.extend.ExtendTest
ScriptRunner.java,org.apache.ibatis.jdbc.ScriptRunner,org.pitest.mutationtest.engine.gregor.mutators.NonVoidMethodCallMutator,handleLine,199,KILLED,org.apache.ibatis.submitted.extend.ExtendTest.org.apache.ibatis.submitted.extend.ExtendTest
ScriptRunner.java,org.apache.ibatis.jdbc.ScriptRunner,org.pitest.mutationtest.engine.gregor.mutators.NonVoidMethodCallMutator,handleLine,200,NO_COVERAGE,none
ScriptRunner.java,org.apache.ibatis.jdbc.ScriptRunner,org.pitest.mutationtest.engine.gregor.mutators.NonVoidMethodCallMutator,handleLine,204,KILLED,org.apache.ibatis.submitted.extend.ExtendTest.org.apache.ibatis.submitted.extend.ExtendTest
ScriptRunner.java,org.apache.ibatis.jdbc.ScriptRunner,org.pitest.mutationtest.engine.gregor.mutators.NonVoidMethodCallMutator,handleLine,205,KILLED,org.apache.ibatis.submitted.extend.ExtendTest.org.apache.ibatis.submitted.extend.ExtendTest
ScriptRunner.java,org.apache.ibatis.jdbc.ScriptRunner,org.pitest.mutationtest.engine.gregor.mutators.NonVoidMethodCallMutator,handleLine,205,KILLED,org.apache.ibatis.submitted.extend.ExtendTest.org.apache.ibatis.submitted.extend.ExtendTest
ScriptRunner.java,org.apache.ibatis.jdbc.ScriptRunner,org.pitest.mutationtest.engine.gregor.mutators.NonVoidMethodCallMutator,handleLine,205,KILLED,org.apache.ibatis.submitted.extend.ExtendTest.org.apache.ibatis.submitted.extend.ExtendTest
ScriptRunner.java,org.apache.ibatis.jdbc.ScriptRunner,org.pitest.mutationtest.engine.gregor.mutators.NonVoidMethodCallMutator,handleLine,208,KILLED,org.apache.ibatis.submitted.extend.ExtendTest.org.apache.ibatis.submitted.extend.ExtendTest
ScriptRunner.java,org.apache.ibatis.jdbc.ScriptRunner,org.pitest.mutationtest.engine.gregor.mutators.NonVoidMethodCallMutator,handleLine,210,KILLED,org.apache.ibatis.submitted.extend.ExtendTest.org.apache.ibatis.submitted.extend.ExtendTest
ScriptRunner.java,org.apache.ibatis.jdbc.ScriptRunner,org.pitest.mutationtest.engine.gregor.mutators.NonVoidMethodCallMutator,handleLine,212,SURVIVED,none
ScriptRunner.java,org.apache.ibatis.jdbc.ScriptRunner,org.pitest.mutationtest.engine.gregor.mutators.RemoveConditionalMutator_EQUAL_ELSE,handleLine,197,KILLED,org.apache.ibatis.submitted.extend.ExtendTest.org.apache.ibatis.submitted.extend.ExtendTest
ScriptRunner.java,org.apache.ibatis.jdbc.ScriptRunner,org.pitest.mutationtest.engine.gregor.mutators.RemoveConditionalMutator_EQUAL_ELSE,handleLine,204,KILLED,org.apache.ibatis.submitted.extend.ExtendTest.org.apache.ibatis.submitted.extend.ExtendTest
ScriptRunner.java,org.apache.ibatis.jdbc.ScriptRunner,org.pitest.mutationtest.engine.gregor.mutators.RemoveConditionalMutator_EQUAL_IF,handleLine,197,KILLED,org.apache.ibatis.submitted.extend.ExtendTest.org.apache.ibatis.submitted.extend.ExtendTest
ScriptRunner.java,org.apache.ibatis.jdbc.ScriptRunner,org.pitest.mutationtest.engine.gregor.mutators.RemoveConditionalMutator_EQUAL_IF,handleLine,199,KILLED,org.apache.ibatis.submitted.extend.ExtendTest.org.apache.ibatis.submitted.extend.ExtendTest
ScriptRunner.java,org.apache.ibatis.jdbc.ScriptRunner,org.pitest.mutationtest.engine.gregor.mutators.RemoveConditionalMutator_EQUAL_IF,handleLine,204,KILLED,org.apache.ibatis.submitted.extend.ExtendTest.org.apache.ibatis.submitted.extend.ExtendTest
ScriptRunner.java,org.apache.ibatis.jdbc.ScriptRunner,org.pitest.mutationtest.engine.gregor.mutators.RemoveConditionalMutator_ORDER_ELSE,handleLine,210,KILLED,org.apache.ibatis.submitted.extend.ExtendTest.org.apache.ibatis.submitted.extend.ExtendTest
ScriptRunner.java,org.apache.ibatis.jdbc.ScriptRunner,org.pitest.mutationtest.engine.gregor.mutators.ReturnValsMutator,handleLine,201,NO_COVERAGE,none
ScriptRunner.java,org.apache.ibatis.jdbc.ScriptRunner,org.pitest.mutationtest.engine.gregor.mutators.ReturnValsMutator,handleLine,214,KILLED,org.apache.ibatis.submitted.extend.ExtendTest.org.apache.ibatis.submitted.extend.ExtendTest
ScriptRunner.java,org.apache.ibatis.jdbc.ScriptRunner,org.pitest.mutationtest.engine.gregor.mutators.VoidMethodCallMutator,handleLine,207,KILLED,org.apache.ibatis.submitted.extend.ExtendTest.org.apache.ibatis.submitted.extend.ExtendTest
ScriptRunner.java,org.apache.ibatis.jdbc.ScriptRunner,org.pitest.mutationtest.engine.gregor.mutators.VoidMethodCallMutator,handleLine,208,KILLED,org.apache.ibatis.submitted.extend.ExtendTest.org.apache.ibatis.submitted.extend.ExtendTest
ScriptRunner.java,org.apache.ibatis.jdbc.ScriptRunner,org.pitest.mutationtest.engine.gregor.mutators.VoidMethodCallMutator,handleLine,209,KILLED,org.apache.ibatis.submitted.extend.ExtendTest.org.apache.ibatis.submitted.extend.ExtendTest
ScriptRunner.java,org.apache.ibatis.jdbc.ScriptRunner,org.pitest.mutationtest.engine.gregor.mutators.experimental.MemberVariableMutator,handleLine,200,NO_COVERAGE,none
ScriptRunner.java,org.apache.ibatis.jdbc.ScriptRunner,org.pitest.mutationtest.engine.gregor.mutators.InlineConstantMutator,lineIsComment,218,KILLED,org.apache.ibatis.submitted.extend.ExtendTest.org.apache.ibatis.submitted.extend.ExtendTest
ScriptRunner.java,org.apache.ibatis.jdbc.ScriptRunner,org.pitest.mutationtest.engine.gregor.mutators.InlineConstantMutator,lineIsComment,218,KILLED,org.apache.ibatis.submitted.extend.ExtendTest.org.apache.ibatis.submitted.extend.ExtendTest
ScriptRunner.java,org.apache.ibatis.jdbc.ScriptRunner,org.pitest.mutationtest.engine.gregor.mutators.NegateConditionalsMutator,lineIsComment,218,KILLED,org.apache.ibatis.submitted.extend.ExtendTest.org.apache.ibatis.submitted.extend.ExtendTest
ScriptRunner.java,org.apache.ibatis.jdbc.ScriptRunner,org.pitest.mutationtest.engine.gregor.mutators.NegateConditionalsMutator,lineIsComment,218,KILLED,org.apache.ibatis.submitted.extend.ExtendTest.org.apache.ibatis.submitted.extend.ExtendTest
ScriptRunner.java,org.apache.ibatis.jdbc.ScriptRunner,org.pitest.mutationtest.engine.gregor.mutators.RemoveConditionalMutator_EQUAL_ELSE,lineIsComment,218,KILLED,org.apache.ibatis.submitted.extend.ExtendTest.org.apache.ibatis.submitted.extend.ExtendTest
ScriptRunner.java,org.apache.ibatis.jdbc.ScriptRunner,org.pitest.mutationtest.engine.gregor.mutators.RemoveConditionalMutator_EQUAL_IF,lineIsComment,218,KILLED,org.apache.ibatis.submitted.extend.ExtendTest.org.apache.ibatis.submitted.extend.ExtendTest
ScriptRunner.java,org.apache.ibatis.jdbc.ScriptRunner,org.pitest.mutationtest.engine.gregor.mutators.RemoveConditionalMutator_EQUAL_IF,lineIsComment,218,KILLED,org.apache.ibatis.submitted.extend.ExtendTest.org.apache.ibatis.submitted.extend.ExtendTest
ScriptRunner.java,org.apache.ibatis.jdbc.ScriptRunner,org.pitest.mutationtest.engine.gregor.mutators.ReturnValsMutator,lineIsComment,218,KILLED,org.apache.ibatis.submitted.extend.ExtendTest.org.apache.ibatis.submitted.extend.ExtendTest
ScriptRunner.java,org.apache.ibatis.jdbc.ScriptRunner,org.pitest.mutationtest.engine.gregor.mutators.NegateConditionalsMutator,print,287,NO_COVERAGE,none
ScriptRunner.java,org.apache.ibatis.jdbc.ScriptRunner,org.pitest.mutationtest.engine.gregor.mutators.RemoveConditionalMutator_EQUAL_ELSE,print,287,NO_COVERAGE,none
ScriptRunner.java,org.apache.ibatis.jdbc.ScriptRunner,org.pitest.mutationtest.engine.gregor.mutators.RemoveConditionalMutator_EQUAL_IF,print,287,NO_COVERAGE,none
ScriptRunner.java,org.apache.ibatis.jdbc.ScriptRunner,org.pitest.mutationtest.engine.gregor.mutators.VoidMethodCallMutator,print,288,NO_COVERAGE,none
ScriptRunner.java,org.apache.ibatis.jdbc.ScriptRunner,org.pitest.mutationtest.engine.gregor.mutators.VoidMethodCallMutator,print,289,NO_COVERAGE,none
ScriptRunner.java,org.apache.ibatis.jdbc.ScriptRunner,org.pitest.mutationtest.engine.gregor.mutators.ConditionalsBoundaryMutator,printResults,267,NO_COVERAGE,none
ScriptRunner.java,org.apache.ibatis.jdbc.ScriptRunner,org.pitest.mutationtest.engine.gregor.mutators.ConditionalsBoundaryMutator,printResults,273,NO_COVERAGE,none
ScriptRunner.java,org.apache.ibatis.jdbc.ScriptRunner,org.pitest.mutationtest.engine.gregor.mutators.ConstructorCallMutator,printResults,269,NO_COVERAGE,none
ScriptRunner.java,org.apache.ibatis.jdbc.ScriptRunner,org.pitest.mutationtest.engine.gregor.mutators.ConstructorCallMutator,printResults,275,NO_COVERAGE,none
ScriptRunner.java,org.apache.ibatis.jdbc.ScriptRunner,org.pitest.mutationtest.engine.gregor.mutators.ConstructorCallMutator,printResults,282,NO_COVERAGE,none
ScriptRunner.java,org.apache.ibatis.jdbc.ScriptRunner,org.pitest.mutationtest.engine.gregor.mutators.IncrementsMutator,printResults,267,NO_COVERAGE,none
ScriptRunner.java,org.apache.ibatis.jdbc.ScriptRunner,org.pitest.mutationtest.engine.gregor.mutators.IncrementsMutator,printResults,273,NO_COVERAGE,none
ScriptRunner.java,org.apache.ibatis.jdbc.ScriptRunner,org.pitest.mutationtest.engine.gregor.mutators.InlineConstantMutator,printResults,267,NO_COVERAGE,none
ScriptRunner.java,org.apache.ibatis.jdbc.ScriptRunner,org.pitest.mutationtest.engine.gregor.mutators.InlineConstantMutator,printResults,268,NO_COVERAGE,none
ScriptRunner.java,org.apache.ibatis.jdbc.ScriptRunner,org.pitest.mutationtest.engine.gregor.mutators.InlineConstantMutator,printResults,273,NO_COVERAGE,none
ScriptRunner.java,org.apache.ibatis.jdbc.ScriptRunner,org.pitest.mutationtest.engine.gregor.mutators.InlineConstantMutator,printResults,274,NO_COVERAGE,none
ScriptRunner.java,org.apache.ibatis.jdbc.ScriptRunner,org.pitest.mutationtest.engine.gregor.mutators.MathMutator,printResults,268,NO_COVERAGE,none
ScriptRunner.java,org.apache.ibatis.jdbc.ScriptRunner,org.pitest.mutationtest.engine.gregor.mutators.MathMutator,printResults,274,NO_COVERAGE,none
ScriptRunner.java,org.apache.ibatis.jdbc.ScriptRunner,org.pitest.mutationtest.engine.gregor.mutators.NegateConditionalsMutator,printResults,264,NO_COVERAGE,none
ScriptRunner.java,org.apache.ibatis.jdbc.ScriptRunner,org.pitest.mutationtest.engine.gregor.mutators.NegateConditionalsMutator,printResults,267,NO_COVERAGE,none
ScriptRunner.java,org.apache.ibatis.jdbc.ScriptRunner,org.pitest.mutationtest.engine.gregor.mutators.NegateConditionalsMutator,printResults,272,NO_COVERAGE,none
ScriptRunner.java,org.apache.ibatis.jdbc.ScriptRunner,org.pitest.mutationtest.engine.gregor.mutators.NegateConditionalsMutator,printResults,273,NO_COVERAGE,none
ScriptRunner.java,org.apache.ibatis.jdbc.ScriptRunner,org.pitest.mutationtest.engine.gregor.mutators.NonVoidMethodCallMutator,printResults,263,NO_COVERAGE,none
ScriptRunner.java,org.apache.ibatis.jdbc.ScriptRunner,org.pitest.mutationtest.engine.gregor.mutators.NonVoidMethodCallMutator,printResults,265,NO_COVERAGE,none
ScriptRunner.java,org.apache.ibatis.jdbc.ScriptRunner,org.pitest.mutationtest.engine.gregor.mutators.NonVoidMethodCallMutator,printResults,266,NO_COVERAGE,none
ScriptRunner.java,org.apache.ibatis.jdbc.ScriptRunner,org.pitest.mutationtest.engine.gregor.mutators.NonVoidMethodCallMutator,printResults,268,NO_COVERAGE,none
ScriptRunner.java,org.apache.ibatis.jdbc.ScriptRunner,org.pitest.mutationtest.engine.gregor.mutators.NonVoidMethodCallMutator,printResults,269,NO_COVERAGE,none
ScriptRunner.java,org.apache.ibatis.jdbc.ScriptRunner,org.pitest.mutationtest.engine.gregor.mutators.NonVoidMethodCallMutator,printResults,269,NO_COVERAGE,none
ScriptRunner.java,org.apache.ibatis.jdbc.ScriptRunner,org.pitest.mutationtest.engine.gregor.mutators.NonVoidMethodCallMutator,printResults,269,NO_COVERAGE,none
ScriptRunner.java,org.apache.ibatis.jdbc.ScriptRunner,org.pitest.mutationtest.engine.gregor.mutators.NonVoidMethodCallMutator,printResults,272,NO_COVERAGE,none
ScriptRunner.java,org.apache.ibatis.jdbc.ScriptRunner,org.pitest.mutationtest.engine.gregor.mutators.NonVoidMethodCallMutator,printResults,274,NO_COVERAGE,none
ScriptRunner.java,org.apache.ibatis.jdbc.ScriptRunner,org.pitest.mutationtest.engine.gregor.mutators.NonVoidMethodCallMutator,printResults,275,NO_COVERAGE,none
ScriptRunner.java,org.apache.ibatis.jdbc.ScriptRunner,org.pitest.mutationtest.engine.gregor.mutators.NonVoidMethodCallMutator,printResults,275,NO_COVERAGE,none
ScriptRunner.java,org.apache.ibatis.jdbc.ScriptRunner,org.pitest.mutationtest.engine.gregor.mutators.NonVoidMethodCallMutator,printResults,275,NO_COVERAGE,none
ScriptRunner.java,org.apache.ibatis.jdbc.ScriptRunner,org.pitest.mutationtest.engine.gregor.mutators.NonVoidMethodCallMutator,printResults,282,NO_COVERAGE,none
ScriptRunner.java,org.apache.ibatis.jdbc.ScriptRunner,org.pitest.mutationtest.engine.gregor.mutators.NonVoidMethodCallMutator,printResults,282,NO_COVERAGE,none
ScriptRunner.java,org.apache.ibatis.jdbc.ScriptRunner,org.pitest.mutationtest.engine.gregor.mutators.NonVoidMethodCallMutator,printResults,282,NO_COVERAGE,none
ScriptRunner.java,org.apache.ibatis.jdbc.ScriptRunner,org.pitest.mutationtest.engine.gregor.mutators.NonVoidMethodCallMutator,printResults,282,NO_COVERAGE,none
ScriptRunner.java,org.apache.ibatis.jdbc.ScriptRunner,org.pitest.mutationtest.engine.gregor.mutators.RemoveConditionalMutator_EQUAL_ELSE,printResults,264,NO_COVERAGE,none
ScriptRunner.java,org.apache.ibatis.jdbc.ScriptRunner,org.pitest.mutationtest.engine.gregor.mutators.RemoveConditionalMutator_EQUAL_ELSE,printResults,272,NO_COVERAGE,none
ScriptRunner.java,org.apache.ibatis.jdbc.ScriptRunner,org.pitest.mutationtest.engine.gregor.mutators.RemoveConditionalMutator_EQUAL_IF,printResults,264,NO_COVERAGE,none
ScriptRunner.java,org.apache.ibatis.jdbc.ScriptRunner,org.pitest.mutationtest.engine.gregor.mutators.RemoveConditionalMutator_EQUAL_IF,printResults,272,NO_COVERAGE,none
ScriptRunner.java,org.apache.ibatis.jdbc.ScriptRunner,org.pitest.mutationtest.engine.gregor.mutators.RemoveConditionalMutator_ORDER_ELSE,printResults,267,NO_COVERAGE,none
ScriptRunner.java,org.apache.ibatis.jdbc.ScriptRunner,org.pitest.mutationtest.engine.gregor.mutators.RemoveConditionalMutator_ORDER_ELSE,printResults,273,NO_COVERAGE,none
ScriptRunner.java,org.apache.ibatis.jdbc.ScriptRunner,org.pitest.mutationtest.engine.gregor.mutators.RemoveConditionalMutator_ORDER_IF,printResults,267,NO_COVERAGE,none
ScriptRunner.java,org.apache.ibatis.jdbc.ScriptRunner,org.pitest.mutationtest.engine.gregor.mutators.RemoveConditionalMutator_ORDER_IF,printResults,273,NO_COVERAGE,none
ScriptRunner.java,org.apache.ibatis.jdbc.ScriptRunner,org.pitest.mutationtest.engine.gregor.mutators.VoidMethodCallMutator,printResults,269,NO_COVERAGE,none
ScriptRunner.java,org.apache.ibatis.jdbc.ScriptRunner,org.pitest.mutationtest.engine.gregor.mutators.VoidMethodCallMutator,printResults,271,NO_COVERAGE,none
ScriptRunner.java,org.apache.ibatis.jdbc.ScriptRunner,org.pitest.mutationtest.engine.gregor.mutators.VoidMethodCallMutator,printResults,275,NO_COVERAGE,none
ScriptRunner.java,org.apache.ibatis.jdbc.ScriptRunner,org.pitest.mutationtest.engine.gregor.mutators.VoidMethodCallMutator,printResults,277,NO_COVERAGE,none
ScriptRunner.java,org.apache.ibatis.jdbc.ScriptRunner,org.pitest.mutationtest.engine.gregor.mutators.VoidMethodCallMutator,printResults,282,NO_COVERAGE,none
ScriptRunner.java,org.apache.ibatis.jdbc.ScriptRunner,org.pitest.mutationtest.engine.gregor.mutators.NegateConditionalsMutator,println,294,KILLED,org.apache.ibatis.submitted.extend.ExtendTest.org.apache.ibatis.submitted.extend.ExtendTest
ScriptRunner.java,org.apache.ibatis.jdbc.ScriptRunner,org.pitest.mutationtest.engine.gregor.mutators.RemoveConditionalMutator_EQUAL_IF,println,294,KILLED,org.apache.ibatis.submitted.extend.ExtendTest.org.apache.ibatis.submitted.extend.ExtendTest
ScriptRunner.java,org.apache.ibatis.jdbc.ScriptRunner,org.pitest.mutationtest.engine.gregor.mutators.VoidMethodCallMutator,println,295,NO_COVERAGE,none
ScriptRunner.java,org.apache.ibatis.jdbc.ScriptRunner,org.pitest.mutationtest.engine.gregor.mutators.VoidMethodCallMutator,println,296,NO_COVERAGE,none
ScriptRunner.java,org.apache.ibatis.jdbc.ScriptRunner,org.pitest.mutationtest.engine.gregor.mutators.NegateConditionalsMutator,printlnError,301,NO_COVERAGE,none
ScriptRunner.java,org.apache.ibatis.jdbc.ScriptRunner,org.pitest.mutationtest.engine.gregor.mutators.RemoveConditionalMutator_EQUAL_ELSE,printlnError,301,NO_COVERAGE,none
ScriptRunner.java,org.apache.ibatis.jdbc.ScriptRunner,org.pitest.mutationtest.engine.gregor.mutators.RemoveConditionalMutator_EQUAL_IF,printlnError,301,NO_COVERAGE,none
ScriptRunner.java,org.apache.ibatis.jdbc.ScriptRunner,org.pitest.mutationtest.engine.gregor.mutators.VoidMethodCallMutator,printlnError,302,NO_COVERAGE,none
ScriptRunner.java,org.apache.ibatis.jdbc.ScriptRunner,org.pitest.mutationtest.engine.gregor.mutators.VoidMethodCallMutator,printlnError,303,NO_COVERAGE,none
ScriptRunner.java,org.apache.ibatis.jdbc.ScriptRunner,org.pitest.mutationtest.engine.gregor.mutators.NegateConditionalsMutator,rollbackConnection,181,KILLED,org.apache.ibatis.submitted.extend.ExtendTest.org.apache.ibatis.submitted.extend.ExtendTest
ScriptRunner.java,org.apache.ibatis.jdbc.ScriptRunner,org.pitest.mutationtest.engine.gregor.mutators.RemoveConditionalMutator_EQUAL_IF,rollbackConnection,181,KILLED,org.apache.ibatis.submitted.extend.ExtendTest.org.apache.ibatis.submitted.extend.ExtendTest
ScriptRunner.java,org.apache.ibatis.jdbc.ScriptRunner,org.pitest.mutationtest.engine.gregor.mutators.NegateConditionalsMutator,runScript,104,KILLED,org.apache.ibatis.submitted.extend.ExtendTest.org.apache.ibatis.submitted.extend.ExtendTest
ScriptRunner.java,org.apache.ibatis.jdbc.ScriptRunner,org.pitest.mutationtest.engine.gregor.mutators.RemoveConditionalMutator_EQUAL_ELSE,runScript,104,KILLED,org.apache.ibatis.submitted.extend.ExtendTest.org.apache.ibatis.submitted.extend.ExtendTest
ScriptRunner.java,org.apache.ibatis.jdbc.ScriptRunner,org.pitest.mutationtest.engine.gregor.mutators.VoidMethodCallMutator,runScript,105,NO_COVERAGE,none
ScriptRunner.java,org.apache.ibatis.jdbc.ScriptRunner,org.pitest.mutationtest.engine.gregor.mutators.VoidMethodCallMutator,runScript,107,KILLED,org.apache.ibatis.submitted.extend.ExtendTest.org.apache.ibatis.submitted.extend.ExtendTest
ScriptRunner.java,org.apache.ibatis.jdbc.ScriptRunner,org.pitest.mutationtest.engine.gregor.mutators.VoidMethodCallMutator,runScript,110,KILLED,org.apache.ibatis.submitted.extend.ExtendTest.org.apache.ibatis.submitted.extend.ExtendTest
ScriptRunner.java,org.apache.ibatis.jdbc.ScriptRunner,org.pitest.mutationtest.engine.gregor.mutators.ConstructorCallMutator,setAutoCommit,165,NO_COVERAGE,none
ScriptRunner.java,org.apache.ibatis.jdbc.ScriptRunner,org.pitest.mutationtest.engine.gregor.mutators.ConstructorCallMutator,setAutoCommit,165,NO_COVERAGE,none
ScriptRunner.java,org.apache.ibatis.jdbc.ScriptRunner,org.pitest.mutationtest.engine.gregor.mutators.NonVoidMethodCallMutator,setAutoCommit,161,KILLED,org.apache.ibatis.submitted.extend.ExtendTest.org.apache.ibatis.submitted.extend.ExtendTest
ScriptRunner.java,org.apache.ibatis.jdbc.ScriptRunner,org.pitest.mutationtest.engine.gregor.mutators.NonVoidMethodCallMutator,setAutoCommit,165,NO_COVERAGE,none
ScriptRunner.java,org.apache.ibatis.jdbc.ScriptRunner,org.pitest.mutationtest.engine.gregor.mutators.NonVoidMethodCallMutator,setAutoCommit,165,NO_COVERAGE,none
ScriptRunner.java,org.apache.ibatis.jdbc.ScriptRunner,org.pitest.mutationtest.engine.gregor.mutators.NonVoidMethodCallMutator,setAutoCommit,165,NO_COVERAGE,none
ScriptRunner.java,org.apache.ibatis.jdbc.ScriptRunner,org.pitest.mutationtest.engine.gregor.mutators.NonVoidMethodCallMutator,setAutoCommit,165,NO_COVERAGE,none
ScriptRunner.java,org.apache.ibatis.jdbc.ScriptRunner,org.pitest.mutationtest.engine.gregor.mutators.NonVoidMethodCallMutator,setAutoCommit,165,NO_COVERAGE,none
ScriptRunner.java,org.apache.ibatis.jdbc.ScriptRunner,org.pitest.mutationtest.engine.gregor.mutators.VoidMethodCallMutator,setAutoCommit,162,KILLED,org.apache.ibatis.submitted.extend.ExtendTest.org.apache.ibatis.submitted.extend.ExtendTest
ScriptRunner.java,org.apache.ibatis.jdbc.ScriptRunner,org.pitest.mutationtest.engine.gregor.mutators.experimental.MemberVariableMutator,setAutoCommit,66,NO_COVERAGE,none
ScriptRunner.java,org.apache.ibatis.jdbc.ScriptRunner,org.pitest.mutationtest.engine.gregor.mutators.experimental.MemberVariableMutator,setDelimiter,93,NO_COVERAGE,none
ScriptRunner.java,org.apache.ibatis.jdbc.ScriptRunner,org.pitest.mutationtest.engine.gregor.mutators.experimental.MemberVariableMutator,setEscapeProcessing,81,NO_COVERAGE,none
ScriptRunner.java,org.apache.ibatis.jdbc.ScriptRunner,org.pitest.mutationtest.engine.gregor.mutators.experimental.MemberVariableMutator,setFullLineDelimiter,97,NO_COVERAGE,none
ScriptRunner.java,org.apache.ibatis.jdbc.ScriptRunner,org.pitest.mutationtest.engine.gregor.mutators.experimental.MemberVariableMutator,setRemoveCRs,74,NO_COVERAGE,none
ScriptRunner.java,org.apache.ibatis.jdbc.ScriptRunner,org.pitest.mutationtest.engine.gregor.mutators.experimental.MemberVariableMutator,setSendFullScript,70,NO_COVERAGE,none
ScriptRunner.java,org.apache.ibatis.jdbc.ScriptRunner,org.pitest.mutationtest.engine.gregor.mutators.experimental.MemberVariableMutator,setStopOnError,58,NO_COVERAGE,none
ScriptRunner.java,org.apache.ibatis.jdbc.ScriptRunner,org.pitest.mutationtest.engine.gregor.mutators.experimental.MemberVariableMutator,setThrowWarning,62,NO_COVERAGE,none
TypeParameterResolver.java,org.apache.ibatis.reflection.TypeParameterResolver,org.pitest.mutationtest.engine.gregor.mutators.ArgumentPropagationMutator,resolveFieldType,40,KILLED,org.apache.ibatis.submitted.extend.ExtendTest.org.apache.ibatis.submitted.extend.ExtendTest
TypeParameterResolver.java,org.apache.ibatis.reflection.TypeParameterResolver,org.pitest.mutationtest.engine.gregor.mutators.NonVoidMethodCallMutator,resolveFieldType,38,KILLED,org.apache.ibatis.submitted.extend.ExtendTest.org.apache.ibatis.submitted.extend.ExtendTest
TypeParameterResolver.java,org.apache.ibatis.reflection.TypeParameterResolver,org.pitest.mutationtest.engine.gregor.mutators.NonVoidMethodCallMutator,resolveFieldType,39,KILLED,org.apache.ibatis.submitted.extend.ExtendTest.org.apache.ibatis.submitted.extend.ExtendTest
TypeParameterResolver.java,org.apache.ibatis.reflection.TypeParameterResolver,org.pitest.mutationtest.engine.gregor.mutators.ReturnValsMutator,resolveFieldType,40,KILLED,org.apache.ibatis.submitted.extend.ExtendTest.org.apache.ibatis.submitted.extend.ExtendTest
TypeParameterResolver.java,org.apache.ibatis.reflection.TypeParameterResolver,org.pitest.mutationtest.engine.gregor.mutators.ArgumentPropagationMutator,resolveGenericArrayType,83,KILLED,org.apache.ibatis.submitted.extend.ExtendTest.org.apache.ibatis.submitted.extend.ExtendTest
TypeParameterResolver.java,org.apache.ibatis.reflection.TypeParameterResolver,org.pitest.mutationtest.engine.gregor.mutators.ArgumentPropagationMutator,resolveGenericArrayType,85,NO_COVERAGE,none
TypeParameterResolver.java,org.apache.ibatis.reflection.TypeParameterResolver,org.pitest.mutationtest.engine.gregor.mutators.ArgumentPropagationMutator,resolveGenericArrayType,87,KILLED,org.apache.ibatis.submitted.extend.ExtendTest.org.apache.ibatis.submitted.extend.ExtendTest
TypeParameterResolver.java,org.apache.ibatis.reflection.TypeParameterResolver,org.pitest.mutationtest.engine.gregor.mutators.ConstructorCallMutator,resolveGenericArrayType,92,KILLED,org.apache.ibatis.submitted.extend.ExtendTest.org.apache.ibatis.submitted.extend.ExtendTest
TypeParameterResolver.java,org.apache.ibatis.reflection.TypeParameterResolver,org.pitest.mutationtest.engine.gregor.mutators.InlineConstantMutator,resolveGenericArrayType,90,KILLED,org.apache.ibatis.submitted.extend.ExtendTest.org.apache.ibatis.submitted.extend.ExtendTest
TypeParameterResolver.java,org.apache.ibatis.reflection.TypeParameterResolver,org.pitest.mutationtest.engine.gregor.mutators.NegateConditionalsMutator,resolveGenericArrayType,84,KILLED,org.apache.ibatis.submitted.extend.ExtendTest.org.apache.ibatis.submitted.extend.ExtendTest
TypeParameterResolver.java,org.apache.ibatis.reflection.TypeParameterResolver,org.pitest.mutationtest.engine.gregor.mutators.NegateConditionalsMutator,resolveGenericArrayType,86,KILLED,org.apache.ibatis.submitted.extend.ExtendTest.org.apache.ibatis.submitted.extend.ExtendTest
TypeParameterResolver.java,org.apache.ibatis.reflection.TypeParameterResolver,org.pitest.mutationtest.engine.gregor.mutators.NegateConditionalsMutator,resolveGenericArrayType,89,KILLED,org.apache.ibatis.submitted.extend.ExtendTest.org.apache.ibatis.submitted.extend.ExtendTest
TypeParameterResolver.java,org.apache.ibatis.reflection.TypeParameterResolver,org.pitest.mutationtest.engine.gregor.mutators.NonVoidMethodCallMutator,resolveGenericArrayType,80,KILLED,org.apache.ibatis.submitted.extend.ExtendTest.org.apache.ibatis.submitted.extend.ExtendTest
TypeParameterResolver.java,org.apache.ibatis.reflection.TypeParameterResolver,org.pitest.mutationtest.engine.gregor.mutators.NonVoidMethodCallMutator,resolveGenericArrayType,83,KILLED,org.apache.ibatis.submitted.extend.ExtendTest.org.apache.ibatis.submitted.extend.ExtendTest
TypeParameterResolver.java,org.apache.ibatis.reflection.TypeParameterResolver,org.pitest.mutationtest.engine.gregor.mutators.NonVoidMethodCallMutator,resolveGenericArrayType,85,NO_COVERAGE,none
TypeParameterResolver.java,org.apache.ibatis.reflection.TypeParameterResolver,org.pitest.mutationtest.engine.gregor.mutators.NonVoidMethodCallMutator,resolveGenericArrayType,87,KILLED,org.apache.ibatis.submitted.extend.ExtendTest.org.apache.ibatis.submitted.extend.ExtendTest
TypeParameterResolver.java,org.apache.ibatis.reflection.TypeParameterResolver,org.pitest.mutationtest.engine.gregor.mutators.NonVoidMethodCallMutator,resolveGenericArrayType,90,KILLED,org.apache.ibatis.submitted.extend.ExtendTest.org.apache.ibatis.submitted.extend.ExtendTest
TypeParameterResolver.java,org.apache.ibatis.reflection.TypeParameterResolver,org.pitest.mutationtest.engine.gregor.mutators.NonVoidMethodCallMutator,resolveGenericArrayType,90,KILLED,org.apache.ibatis.submitted.extend.ExtendTest.org.apache.ibatis.submitted.extend.ExtendTest
TypeParameterResolver.java,org.apache.ibatis.reflection.TypeParameterResolver,org.pitest.mutationtest.engine.gregor.mutators.RemoveConditionalMutator_EQUAL_ELSE,resolveGenericArrayType,82,KILLED,org.apache.ibatis.submitted.extend.ExtendTest.org.apache.ibatis.submitted.extend.ExtendTest
TypeParameterResolver.java,org.apache.ibatis.reflection.TypeParameterResolver,org.pitest.mutationtest.engine.gregor.mutators.RemoveConditionalMutator_EQUAL_ELSE,resolveGenericArrayType,84,KILLED,org.apache.ibatis.submitted.extend.ExtendTest.org.apache.ibatis.submitted.extend.ExtendTest
TypeParameterResolver.java,org.apache.ibatis.reflection.TypeParameterResolver,org.pitest.mutationtest.engine.gregor.mutators.RemoveConditionalMutator_EQUAL_ELSE,resolveGenericArrayType,86,KILLED,org.apache.ibatis.submitted.extend.ExtendTest.org.apache.ibatis.submitted.extend.ExtendTest
TypeParameterResolver.java,org.apache.ibatis.reflection.TypeParameterResolver,org.pitest.mutationtest.engine.gregor.mutators.RemoveConditionalMutator_EQUAL_ELSE,resolveGenericArrayType,89,KILLED,org.apache.ibatis.submitted.extend.ExtendTest.org.apache.ibatis.submitted.extend.ExtendTest
TypeParameterResolver.java,org.apache.ibatis.reflection.TypeParameterResolver,org.pitest.mutationtest.engine.gregor.mutators.RemoveConditionalMutator_EQUAL_IF,resolveGenericArrayType,82,KILLED,org.apache.ibatis.submitted.extend.ExtendTest.org.apache.ibatis.submitted.extend.ExtendTest
TypeParameterResolver.java,org.apache.ibatis.reflection.TypeParameterResolver,org.pitest.mutationtest.engine.gregor.mutators.RemoveConditionalMutator_EQUAL_IF,resolveGenericArrayType,84,KILLED,org.apache.ibatis.submitted.extend.ExtendTest.org.apache.ibatis.submitted.extend.ExtendTest
TypeParameterResolver.java,org.apache.ibatis.reflection.TypeParameterResolver,org.pitest.mutationtest.engine.gregor.mutators.RemoveConditionalMutator_EQUAL_IF,resolveGenericArrayType,86,KILLED,org.apache.ibatis.submitted.extend.ExtendTest.org.apache.ibatis.submitted.extend.ExtendTest
TypeParameterResolver.java,org.apache.ibatis.reflection.TypeParameterResolver,org.pitest.mutationtest.engine.gregor.mutators.RemoveConditionalMutator_EQUAL_IF,resolveGenericArrayType,89,KILLED,org.apache.ibatis.submitted.extend.ExtendTest.org.apache.ibatis.submitted.extend.ExtendTest
TypeParameterResolver.java,org.apache.ibatis.reflection.TypeParameterResolver,org.pitest.mutationtest.engine.gregor.mutators.ReturnValsMutator,resolveGenericArrayType,90,KILLED,org.apache.ibatis.submitted.extend.ExtendTest.org.apache.ibatis.submitted.extend.ExtendTest
TypeParameterResolver.java,org.apache.ibatis.reflection.TypeParameterResolver,org.pitest.mutationtest.engine.gregor.mutators.ReturnValsMutator,resolveGenericArrayType,92,KILLED,org.apache.ibatis.submitted.extend.ExtendTest.org.apache.ibatis.submitted.extend.ExtendTest
TypeParameterResolver.java,org.apache.ibatis.reflection.TypeParameterResolver,org.pitest.mutationtest.engine.gregor.mutators.ArgumentPropagationMutator,resolveParamTypes,62,KILLED,org.apache.ibatis.submitted.extend.ExtendTest.org.apache.ibatis.submitted.extend.ExtendTest
TypeParameterResolver.java,org.apache.ibatis.reflection.TypeParameterResolver,org.pitest.mutationtest.engine.gregor.mutators.ConditionalsBoundaryMutator,resolveParamTypes,61,KILLED,org.apache.ibatis.submitted.extend.ExtendTest.org.apache.ibatis.submitted.extend.ExtendTest
TypeParameterResolver.java,org.apache.ibatis.reflection.TypeParameterResolver,org.pitest.mutationtest.engine.gregor.mutators.IncrementsMutator,resolveParamTypes,61,KILLED,org.apache.ibatis.submitted.extend.ExtendTest.org.apache.ibatis.submitted.extend.ExtendTest
TypeParameterResolver.java,org.apache.ibatis.reflection.TypeParameterResolver,org.pitest.mutationtest.engine.gregor.mutators.InlineConstantMutator,resolveParamTypes,61,KILLED,org.apache.ibatis.submitted.extend.ExtendTest.org.apache.ibatis.submitted.extend.ExtendTest
TypeParameterResolver.java,org.apache.ibatis.reflection.TypeParameterResolver,org.pitest.mutationtest.engine.gregor.mutators.NegateConditionalsMutator,resolveParamTypes,61,KILLED,org.apache.ibatis.submitted.extend.ExtendTest.org.apache.ibatis.submitted.extend.ExtendTest
TypeParameterResolver.java,org.apache.ibatis.reflection.TypeParameterResolver,org.pitest.mutationtest.engine.gregor.mutators.NonVoidMethodCallMutator,resolveParamTypes,59,KILLED,org.apache.ibatis.submitted.extend.ExtendTest.org.apache.ibatis.submitted.extend.ExtendTest
TypeParameterResolver.java,org.apache.ibatis.reflection.TypeParameterResolver,org.pitest.mutationtest.engine.gregor.mutators.NonVoidMethodCallMutator,resolveParamTypes,62,KILLED,org.apache.ibatis.submitted.extend.ExtendTest.org.apache.ibatis.submitted.extend.ExtendTest
TypeParameterResolver.java,org.apache.ibatis.reflection.TypeParameterResolver,org.pitest.mutationtest.engine.gregor.mutators.RemoveConditionalMutator_ORDER_ELSE,resolveParamTypes,61,KILLED,org.apache.ibatis.submitted.extend.ExtendTest.org.apache.ibatis.submitted.extend.ExtendTest
TypeParameterResolver.java,org.apache.ibatis.reflection.TypeParameterResolver,org.pitest.mutationtest.engine.gregor.mutators.RemoveConditionalMutator_ORDER_IF,resolveParamTypes,61,KILLED,org.apache.ibatis.submitted.extend.ExtendTest.org.apache.ibatis.submitted.extend.ExtendTest
TypeParameterResolver.java,org.apache.ibatis.reflection.TypeParameterResolver,org.pitest.mutationtest.engine.gregor.mutators.ReturnValsMutator,resolveParamTypes,64,KILLED,org.apache.ibatis.submitted.extend.ExtendTest.org.apache.ibatis.submitted.extend.ExtendTest
TypeParameterResolver.java,org.apache.ibatis.reflection.TypeParameterResolver,org.pitest.mutationtest.engine.gregor.mutators.ArgumentPropagationMutator,resolveParameterizedType,102,KILLED,org.apache.ibatis.submitted.extend.ExtendTest.org.apache.ibatis.submitted.extend.ExtendTest
TypeParameterResolver.java,org.apache.ibatis.reflection.TypeParameterResolver,org.pitest.mutationtest.engine.gregor.mutators.ArgumentPropagationMutator,resolveParameterizedType,104,KILLED,org.apache.ibatis.submitted.extend.ExtendTest.org.apache.ibatis.submitted.extend.ExtendTest
TypeParameterResolver.java,org.apache.ibatis.reflection.TypeParameterResolver,org.pitest.mutationtest.engine.gregor.mutators.ArgumentPropagationMutator,resolveParameterizedType,106,KILLED,org.apache.ibatis.submitted.extend.ExtendTest.org.apache.ibatis.submitted.extend.ExtendTest
TypeParameterResolver.java,org.apache.ibatis.reflection.TypeParameterResolver,org.pitest.mutationtest.engine.gregor.mutators.ConditionalsBoundaryMutator,resolveParameterizedType,100,KILLED,org.apache.ibatis.submitted.extend.ExtendTest.org.apache.ibatis.submitted.extend.ExtendTest
TypeParameterResolver.java,org.apache.ibatis.reflection.TypeParameterResolver,org.pitest.mutationtest.engine.gregor.mutators.ConstructorCallMutator,resolveParameterizedType,111,KILLED,org.apache.ibatis.submitted.extend.ExtendTest.org.apache.ibatis.submitted.extend.ExtendTest
TypeParameterResolver.java,org.apache.ibatis.reflection.TypeParameterResolver,org.pitest.mutationtest.engine.gregor.mutators.IncrementsMutator,resolveParameterizedType,100,KILLED,org.apache.ibatis.submitted.extend.ExtendTest.org.apache.ibatis.submitted.extend.ExtendTest
TypeParameterResolver.java,org.apache.ibatis.reflection.TypeParameterResolver,org.pitest.mutationtest.engine.gregor.mutators.InlineConstantMutator,resolveParameterizedType,100,KILLED,org.apache.ibatis.submitted.extend.ExtendTest.org.apache.ibatis.submitted.extend.ExtendTest
TypeParameterResolver.java,org.apache.ibatis.reflection.TypeParameterResolver,org.pitest.mutationtest.engine.gregor.mutators.NegateConditionalsMutator,resolveParameterizedType,100,KILLED,org.apache.ibatis.submitted.extend.ExtendTest.org.apache.ibatis.submitted.extend.ExtendTest
TypeParameterResolver.java,org.apache.ibatis.reflection.TypeParameterResolver,org.pitest.mutationtest.engine.gregor.mutators.NegateConditionalsMutator,resolveParameterizedType,101,KILLED,org.apache.ibatis.submitted.extend.ExtendTest.org.apache.ibatis.submitted.extend.ExtendTest
TypeParameterResolver.java,org.apache.ibatis.reflection.TypeParameterResolver,org.pitest.mutationtest.engine.gregor.mutators.NegateConditionalsMutator,resolveParameterizedType,103,KILLED,org.apache.ibatis.submitted.extend.ExtendTest.org.apache.ibatis.submitted.extend.ExtendTest
TypeParameterResolver.java,org.apache.ibatis.reflection.TypeParameterResolver,org.pitest.mutationtest.engine.gregor.mutators.NegateConditionalsMutator,resolveParameterizedType,105,KILLED,org.apache.ibatis.submitted.extend.ExtendTest.org.apache.ibatis.submitted.extend.ExtendTest
TypeParameterResolver.java,org.apache.ibatis.reflection.TypeParameterResolver,org.pitest.mutationtest.engine.gregor.mutators.NonVoidMethodCallMutator,resolveParameterizedType,97,KILLED,org.apache.ibatis.submitted.extend.ExtendTest.org.apache.ibatis.submitted.extend.ExtendTest
TypeParameterResolver.java,org.apache.ibatis.reflection.TypeParameterResolver,org.pitest.mutationtest.engine.gregor.mutators.NonVoidMethodCallMutator,resolveParameterizedType,98,KILLED,org.apache.ibatis.submitted.extend.ExtendTest.org.apache.ibatis.submitted.extend.ExtendTest
TypeParameterResolver.java,org.apache.ibatis.reflection.TypeParameterResolver,org.pitest.mutationtest.engine.gregor.mutators.NonVoidMethodCallMutator,resolveParameterizedType,102,KILLED,org.apache.ibatis.submitted.extend.ExtendTest.org.apache.ibatis.submitted.extend.ExtendTest
TypeParameterResolver.java,org.apache.ibatis.reflection.TypeParameterResolver,org.pitest.mutationtest.engine.gregor.mutators.NonVoidMethodCallMutator,resolveParameterizedType,106,KILLED,org.apache.ibatis.submitted.extend.ExtendTest.org.apache.ibatis.submitted.extend.ExtendTest
TypeParameterResolver.java,org.apache.ibatis.reflection.TypeParameterResolver,org.pitest.mutationtest.engine.gregor.mutators.RemoveConditionalMutator_EQUAL_ELSE,resolveParameterizedType,101,KILLED,org.apache.ibatis.submitted.extend.ExtendTest.org.apache.ibatis.submitted.extend.ExtendTest
TypeParameterResolver.java,org.apache.ibatis.reflection.TypeParameterResolver,org.pitest.mutationtest.engine.gregor.mutators.RemoveConditionalMutator_EQUAL_ELSE,resolveParameterizedType,103,KILLED,org.apache.ibatis.submitted.extend.ExtendTest.org.apache.ibatis.submitted.extend.ExtendTest
TypeParameterResolver.java,org.apache.ibatis.reflection.TypeParameterResolver,org.pitest.mutationtest.engine.gregor.mutators.RemoveConditionalMutator_EQUAL_ELSE,resolveParameterizedType,105,KILLED,org.apache.ibatis.submitted.extend.ExtendTest.org.apache.ibatis.submitted.extend.ExtendTest
TypeParameterResolver.java,org.apache.ibatis.reflection.TypeParameterResolver,org.pitest.mutationtest.engine.gregor.mutators.RemoveConditionalMutator_EQUAL_IF,resolveParameterizedType,101,KILLED,org.apache.ibatis.submitted.extend.ExtendTest.org.apache.ibatis.submitted.extend.ExtendTest
TypeParameterResolver.java,org.apache.ibatis.reflection.TypeParameterResolver,org.pitest.mutationtest.engine.gregor.mutators.RemoveConditionalMutator_EQUAL_IF,resolveParameterizedType,103,KILLED,org.apache.ibatis.submitted.extend.ExtendTest.org.apache.ibatis.submitted.extend.ExtendTest
TypeParameterResolver.java,org.apache.ibatis.reflection.TypeParameterResolver,org.pitest.mutationtest.engine.gregor.mutators.RemoveConditionalMutator_EQUAL_IF,resolveParameterizedType,105,KILLED,org.apache.ibatis.submitted.extend.ExtendTest.org.apache.ibatis.submitted.extend.ExtendTest
TypeParameterResolver.java,org.apache.ibatis.reflection.TypeParameterResolver,org.pitest.mutationtest.engine.gregor.mutators.RemoveConditionalMutator_ORDER_ELSE,resolveParameterizedType,100,KILLED,org.apache.ibatis.submitted.extend.ExtendTest.org.apache.ibatis.submitted.extend.ExtendTest
TypeParameterResolver.java,org.apache.ibatis.reflection.TypeParameterResolver,org.pitest.mutationtest.engine.gregor.mutators.RemoveConditionalMutator_ORDER_IF,resolveParameterizedType,100,KILLED,org.apache.ibatis.submitted.extend.ExtendTest.org.apache.ibatis.submitted.extend.ExtendTest
TypeParameterResolver.java,org.apache.ibatis.reflection.TypeParameterResolver,org.pitest.mutationtest.engine.gregor.mutators.ReturnValsMutator,resolveParameterizedType,111,KILLED,org.apache.ibatis.submitted.extend.ExtendTest.org.apache.ibatis.submitted.extend.ExtendTest
TypeParameterResolver.java,org.apache.ibatis.reflection.TypeParameterResolver,org.pitest.mutationtest.engine.gregor.mutators.ArgumentPropagationMutator,resolveReturnType,50,KILLED,org.apache.ibatis.submitted.extend.ExtendTest.org.apache.ibatis.submitted.extend.ExtendTest
TypeParameterResolver.java,org.apache.ibatis.reflection.TypeParameterResolver,org.pitest.mutationtest.engine.gregor.mutators.NonVoidMethodCallMutator,resolveReturnType,48,KILLED,org.apache.ibatis.submitted.extend.ExtendTest.org.apache.ibatis.submitted.extend.ExtendTest
TypeParameterResolver.java,org.apache.ibatis.reflection.TypeParameterResolver,org.pitest.mutationtest.engine.gregor.mutators.NonVoidMethodCallMutator,resolveReturnType,49,KILLED,org.apache.ibatis.submitted.extend.ExtendTest.org.apache.ibatis.submitted.extend.ExtendTest
TypeParameterResolver.java,org.apache.ibatis.reflection.TypeParameterResolver,org.pitest.mutationtest.engine.gregor.mutators.NonVoidMethodCallMutator,resolveReturnType,50,KILLED,org.apache.ibatis.submitted.extend.ExtendTest.org.apache.ibatis.submitted.extend.ExtendTest
TypeParameterResolver.java,org.apache.ibatis.reflection.TypeParameterResolver,org.pitest.mutationtest.engine.gregor.mutators.ReturnValsMutator,resolveReturnType,50,KILLED,org.apache.ibatis.submitted.extend.ExtendTest.org.apache.ibatis.submitted.extend.ExtendTest
TypeParameterResolver.java,org.apache.ibatis.reflection.TypeParameterResolver,org.pitest.mutationtest.engine.gregor.mutators.ArgumentPropagationMutator,resolveType,69,NO_COVERAGE,none
TypeParameterResolver.java,org.apache.ibatis.reflection.TypeParameterResolver,org.pitest.mutationtest.engine.gregor.mutators.ArgumentPropagationMutator,resolveType,71,KILLED,org.apache.ibatis.submitted.extend.ExtendTest.org.apache.ibatis.submitted.extend.ExtendTest
TypeParameterResolver.java,org.apache.ibatis.reflection.TypeParameterResolver,org.pitest.mutationtest.engine.gregor.mutators.ArgumentPropagationMutator,resolveType,73,KILLED,org.apache.ibatis.submitted.extend.ExtendTest.org.apache.ibatis.submitted.extend.ExtendTest
TypeParameterResolver.java,org.apache.ibatis.reflection.TypeParameterResolver,org.pitest.mutationtest.engine.gregor.mutators.NegateConditionalsMutator,resolveType,68,KILLED,org.apache.ibatis.submitted.extend.ExtendTest.org.apache.ibatis.submitted.extend.ExtendTest
TypeParameterResolver.java,org.apache.ibatis.reflection.TypeParameterResolver,org.pitest.mutationtest.engine.gregor.mutators.NegateConditionalsMutator,resolveType,72,KILLED,org.apache.ibatis.submitted.extend.ExtendTest.org.apache.ibatis.submitted.extend.ExtendTest
TypeParameterResolver.java,org.apache.ibatis.reflection.TypeParameterResolver,org.pitest.mutationtest.engine.gregor.mutators.NonVoidMethodCallMutator,resolveType,69,NO_COVERAGE,none
TypeParameterResolver.java,org.apache.ibatis.reflection.TypeParameterResolver,org.pitest.mutationtest.engine.gregor.mutators.NonVoidMethodCallMutator,resolveType,71,KILLED,org.apache.ibatis.submitted.extend.ExtendTest.org.apache.ibatis.submitted.extend.ExtendTest
TypeParameterResolver.java,org.apache.ibatis.reflection.TypeParameterResolver,org.pitest.mutationtest.engine.gregor.mutators.NonVoidMethodCallMutator,resolveType,73,KILLED,org.apache.ibatis.submitted.extend.ExtendTest.org.apache.ibatis.submitted.extend.ExtendTest
TypeParameterResolver.java,org.apache.ibatis.reflection.TypeParameterResolver,org.pitest.mutationtest.engine.gregor.mutators.RemoveConditionalMutator_EQUAL_ELSE,resolveType,68,KILLED,org.apache.ibatis.submitted.extend.ExtendTest.org.apache.ibatis.submitted.extend.ExtendTest
TypeParameterResolver.java,org.apache.ibatis.reflection.TypeParameterResolver,org.pitest.mutationtest.engine.gregor.mutators.RemoveConditionalMutator_EQUAL_ELSE,resolveType,70,KILLED,org.apache.ibatis.submitted.extend.ExtendTest.org.apache.ibatis.submitted.extend.ExtendTest
TypeParameterResolver.java,org.apache.ibatis.reflection.TypeParameterResolver,org.pitest.mutationtest.engine.gregor.mutators.RemoveConditionalMutator_EQUAL_ELSE,resolveType,72,KILLED,org.apache.ibatis.submitted.extend.ExtendTest.org.apache.ibatis.submitted.extend.ExtendTest
TypeParameterResolver.java,org.apache.ibatis.reflection.TypeParameterResolver,org.pitest.mutationtest.engine.gregor.mutators.RemoveConditionalMutator_EQUAL_IF,resolveType,68,KILLED,org.apache.ibatis.submitted.extend.ExtendTest.org.apache.ibatis.submitted.extend.ExtendTest
TypeParameterResolver.java,org.apache.ibatis.reflection.TypeParameterResolver,org.pitest.mutationtest.engine.gregor.mutators.RemoveConditionalMutator_EQUAL_IF,resolveType,70,KILLED,org.apache.ibatis.submitted.extend.ExtendTest.org.apache.ibatis.submitted.extend.ExtendTest
TypeParameterResolver.java,org.apache.ibatis.reflection.TypeParameterResolver,org.pitest.mutationtest.engine.gregor.mutators.RemoveConditionalMutator_EQUAL_IF,resolveType,72,KILLED,org.apache.ibatis.submitted.extend.ExtendTest.org.apache.ibatis.submitted.extend.ExtendTest
TypeParameterResolver.java,org.apache.ibatis.reflection.TypeParameterResolver,org.pitest.mutationtest.engine.gregor.mutators.ReturnValsMutator,resolveType,69,NO_COVERAGE,none
TypeParameterResolver.java,org.apache.ibatis.reflection.TypeParameterResolver,org.pitest.mutationtest.engine.gregor.mutators.ReturnValsMutator,resolveType,71,KILLED,org.apache.ibatis.submitted.extend.ExtendTest.org.apache.ibatis.submitted.extend.ExtendTest
TypeParameterResolver.java,org.apache.ibatis.reflection.TypeParameterResolver,org.pitest.mutationtest.engine.gregor.mutators.ReturnValsMutator,resolveType,73,SURVIVED,none
TypeParameterResolver.java,org.apache.ibatis.reflection.TypeParameterResolver,org.pitest.mutationtest.engine.gregor.mutators.ReturnValsMutator,resolveType,75,KILLED,org.apache.ibatis.submitted.extend.ExtendTest.org.apache.ibatis.submitted.extend.ExtendTest
TypeParameterResolver.java,org.apache.ibatis.reflection.TypeParameterResolver,org.pitest.mutationtest.engine.gregor.mutators.ArgumentPropagationMutator,resolveTypeVar,157,NO_COVERAGE,none
TypeParameterResolver.java,org.apache.ibatis.reflection.TypeParameterResolver,org.pitest.mutationtest.engine.gregor.mutators.ArgumentPropagationMutator,resolveTypeVar,164,NO_COVERAGE,none
TypeParameterResolver.java,org.apache.ibatis.reflection.TypeParameterResolver,org.pitest.mutationtest.engine.gregor.mutators.ConditionalsBoundaryMutator,resolveTypeVar,150,KILLED,org.apache.ibatis.submitted.extend.ExtendTest.org.apache.ibatis.submitted.extend.ExtendTest
TypeParameterResolver.java,org.apache.ibatis.reflection.TypeParameterResolver,org.pitest.mutationtest.engine.gregor.mutators.ConditionalsBoundaryMutator,resolveTypeVar,163,NO_COVERAGE,none
TypeParameterResolver.java,org.apache.ibatis.reflection.TypeParameterResolver,org.pitest.mutationtest.engine.gregor.mutators.ConstructorCallMutator,resolveTypeVar,145,NO_COVERAGE,none
TypeParameterResolver.java,org.apache.ibatis.reflection.TypeParameterResolver,org.pitest.mutationtest.engine.gregor.mutators.ConstructorCallMutator,resolveTypeVar,145,NO_COVERAGE,none
TypeParameterResolver.java,org.apache.ibatis.reflection.TypeParameterResolver,org.pitest.mutationtest.engine.gregor.mutators.IncrementsMutator,resolveTypeVar,163,NO_COVERAGE,none
TypeParameterResolver.java,org.apache.ibatis.reflection.TypeParameterResolver,org.pitest.mutationtest.engine.gregor.mutators.InlineConstantMutator,resolveTypeVar,151,KILLED,org.apache.ibatis.submitted.extend.ExtendTest.org.apache.ibatis.submitted.extend.ExtendTest
TypeParameterResolver.java,org.apache.ibatis.reflection.TypeParameterResolver,org.pitest.mutationtest.engine.gregor.mutators.InlineConstantMutator,resolveTypeVar,163,NO_COVERAGE,none
TypeParameterResolver.java,org.apache.ibatis.reflection.TypeParameterResolver,org.pitest.mutationtest.engine.gregor.mutators.NegateConditionalsMutator,resolveTypeVar,139,KILLED,org.apache.ibatis.submitted.extend.ExtendTest.org.apache.ibatis.submitted.extend.ExtendTest
TypeParameterResolver.java,org.apache.ibatis.reflection.TypeParameterResolver,org.pitest.mutationtest.engine.gregor.mutators.NegateConditionalsMutator,resolveTypeVar,141,NO_COVERAGE,none
TypeParameterResolver.java,org.apache.ibatis.reflection.TypeParameterResolver,org.pitest.mutationtest.engine.gregor.mutators.NegateConditionalsMutator,resolveTypeVar,150,KILLED,org.apache.ibatis.submitted.extend.ExtendTest.org.apache.ibatis.submitted.extend.ExtendTest
TypeParameterResolver.java,org.apache.ibatis.reflection.TypeParameterResolver,org.pitest.mutationtest.engine.gregor.mutators.NegateConditionalsMutator,resolveTypeVar,158,NO_COVERAGE,none
TypeParameterResolver.java,org.apache.ibatis.reflection.TypeParameterResolver,org.pitest.mutationtest.engine.gregor.mutators.NegateConditionalsMutator,resolveTypeVar,163,NO_COVERAGE,none
TypeParameterResolver.java,org.apache.ibatis.reflection.TypeParameterResolver,org.pitest.mutationtest.engine.gregor.mutators.NegateConditionalsMutator,resolveTypeVar,165,NO_COVERAGE,none
TypeParameterResolver.java,org.apache.ibatis.reflection.TypeParameterResolver,org.pitest.mutationtest.engine.gregor.mutators.NonVoidMethodCallMutator,resolveTypeVar,143,NO_COVERAGE,none
TypeParameterResolver.java,org.apache.ibatis.reflection.TypeParameterResolver,org.pitest.mutationtest.engine.gregor.mutators.NonVoidMethodCallMutator,resolveTypeVar,145,NO_COVERAGE,none
TypeParameterResolver.java,org.apache.ibatis.reflection.TypeParameterResolver,org.pitest.mutationtest.engine.gregor.mutators.NonVoidMethodCallMutator,resolveTypeVar,145,NO_COVERAGE,none
TypeParameterResolver.java,org.apache.ibatis.reflection.TypeParameterResolver,org.pitest.mutationtest.engine.gregor.mutators.NonVoidMethodCallMutator,resolveTypeVar,145,NO_COVERAGE,none
TypeParameterResolver.java,org.apache.ibatis.reflection.TypeParameterResolver,org.pitest.mutationtest.engine.gregor.mutators.NonVoidMethodCallMutator,resolveTypeVar,145,NO_COVERAGE,none
TypeParameterResolver.java,org.apache.ibatis.reflection.TypeParameterResolver,org.pitest.mutationtest.engine.gregor.mutators.NonVoidMethodCallMutator,resolveTypeVar,149,KILLED,org.apache.ibatis.submitted.extend.ExtendTest.org.apache.ibatis.submitted.extend.ExtendTest
TypeParameterResolver.java,org.apache.ibatis.reflection.TypeParameterResolver,org.pitest.mutationtest.engine.gregor.mutators.NonVoidMethodCallMutator,resolveTypeVar,156,NO_COVERAGE,none
TypeParameterResolver.java,org.apache.ibatis.reflection.TypeParameterResolver,org.pitest.mutationtest.engine.gregor.mutators.NonVoidMethodCallMutator,resolveTypeVar,157,NO_COVERAGE,none
TypeParameterResolver.java,org.apache.ibatis.reflection.TypeParameterResolver,org.pitest.mutationtest.engine.gregor.mutators.NonVoidMethodCallMutator,resolveTypeVar,162,NO_COVERAGE,none
TypeParameterResolver.java,org.apache.ibatis.reflection.TypeParameterResolver,org.pitest.mutationtest.engine.gregor.mutators.NonVoidMethodCallMutator,resolveTypeVar,164,NO_COVERAGE,none
TypeParameterResolver.java,org.apache.ibatis.reflection.TypeParameterResolver,org.pitest.mutationtest.engine.gregor.mutators.RemoveConditionalMutator_EQUAL_ELSE,resolveTypeVar,141,NO_COVERAGE,none
TypeParameterResolver.java,org.apache.ibatis.reflection.TypeParameterResolver,org.pitest.mutationtest.engine.gregor.mutators.RemoveConditionalMutator_EQUAL_ELSE,resolveTypeVar,148,KILLED,org.apache.ibatis.submitted.extend.ExtendTest.org.apache.ibatis.submitted.extend.ExtendTest
TypeParameterResolver.java,org.apache.ibatis.reflection.TypeParameterResolver,org.pitest.mutationtest.engine.gregor.mutators.RemoveConditionalMutator_EQUAL_ELSE,resolveTypeVar,158,NO_COVERAGE,none
TypeParameterResolver.java,org.apache.ibatis.reflection.TypeParameterResolver,org.pitest.mutationtest.engine.gregor.mutators.RemoveConditionalMutator_EQUAL_ELSE,resolveTypeVar,165,NO_COVERAGE,none
TypeParameterResolver.java,org.apache.ibatis.reflection.TypeParameterResolver,org.pitest.mutationtest.engine.gregor.mutators.RemoveConditionalMutator_EQUAL_IF,resolveTypeVar,139,KILLED,org.apache.ibatis.submitted.extend.ExtendTest.org.apache.ibatis.submitted.extend.ExtendTest
TypeParameterResolver.java,org.apache.ibatis.reflection.TypeParameterResolver,org.pitest.mutationtest.engine.gregor.mutators.RemoveConditionalMutator_EQUAL_IF,resolveTypeVar,141,NO_COVERAGE,none
TypeParameterResolver.java,org.apache.ibatis.reflection.TypeParameterResolver,org.pitest.mutationtest.engine.gregor.mutators.RemoveConditionalMutator_EQUAL_IF,resolveTypeVar,158,NO_COVERAGE,none
TypeParameterResolver.java,org.apache.ibatis.reflection.TypeParameterResolver,org.pitest.mutationtest.engine.gregor.mutators.RemoveConditionalMutator_EQUAL_IF,resolveTypeVar,165,NO_COVERAGE,none
TypeParameterResolver.java,org.apache.ibatis.reflection.TypeParameterResolver,org.pitest.mutationtest.engine.gregor.mutators.RemoveConditionalMutator_ORDER_ELSE,resolveTypeVar,150,KILLED,org.apache.ibatis.submitted.extend.ExtendTest.org.apache.ibatis.submitted.extend.ExtendTest
TypeParameterResolver.java,org.apache.ibatis.reflection.TypeParameterResolver,org.pitest.mutationtest.engine.gregor.mutators.RemoveConditionalMutator_ORDER_ELSE,resolveTypeVar,163,NO_COVERAGE,none
TypeParameterResolver.java,org.apache.ibatis.reflection.TypeParameterResolver,org.pitest.mutationtest.engine.gregor.mutators.RemoveConditionalMutator_ORDER_IF,resolveTypeVar,150,KILLED,org.apache.ibatis.submitted.extend.ExtendTest.org.apache.ibatis.submitted.extend.ExtendTest
TypeParameterResolver.java,org.apache.ibatis.reflection.TypeParameterResolver,org.pitest.mutationtest.engine.gregor.mutators.RemoveConditionalMutator_ORDER_IF,resolveTypeVar,163,NO_COVERAGE,none
TypeParameterResolver.java,org.apache.ibatis.reflection.TypeParameterResolver,org.pitest.mutationtest.engine.gregor.mutators.ReturnValsMutator,resolveTypeVar,151,KILLED,org.apache.ibatis.submitted.extend.ExtendTest.org.apache.ibatis.submitted.extend.ExtendTest
TypeParameterResolver.java,org.apache.ibatis.reflection.TypeParameterResolver,org.pitest.mutationtest.engine.gregor.mutators.ReturnValsMutator,resolveTypeVar,153,NO_COVERAGE,none
TypeParameterResolver.java,org.apache.ibatis.reflection.TypeParameterResolver,org.pitest.mutationtest.engine.gregor.mutators.ReturnValsMutator,resolveTypeVar,159,NO_COVERAGE,none
TypeParameterResolver.java,org.apache.ibatis.reflection.TypeParameterResolver,org.pitest.mutationtest.engine.gregor.mutators.ReturnValsMutator,resolveTypeVar,166,NO_COVERAGE,none
TypeParameterResolver.java,org.apache.ibatis.reflection.TypeParameterResolver,org.pitest.mutationtest.engine.gregor.mutators.ReturnValsMutator,resolveTypeVar,169,NO_COVERAGE,none
TypeParameterResolver.java,org.apache.ibatis.reflection.TypeParameterResolver,org.pitest.mutationtest.engine.gregor.mutators.ArgumentPropagationMutator,resolveWildcardType,115,KILLED,org.apache.ibatis.submitted.extend.ExtendTest.org.apache.ibatis.submitted.extend.ExtendTest
TypeParameterResolver.java,org.apache.ibatis.reflection.TypeParameterResolver,org.pitest.mutationtest.engine.gregor.mutators.ArgumentPropagationMutator,resolveWildcardType,116,KILLED,org.apache.ibatis.submitted.extend.ExtendTest.org.apache.ibatis.submitted.extend.ExtendTest
TypeParameterResolver.java,org.apache.ibatis.reflection.TypeParameterResolver,org.pitest.mutationtest.engine.gregor.mutators.ConstructorCallMutator,resolveWildcardType,117,KILLED,org.apache.ibatis.submitted.extend.ExtendTest.org.apache.ibatis.submitted.extend.ExtendTest
TypeParameterResolver.java,org.apache.ibatis.reflection.TypeParameterResolver,org.pitest.mutationtest.engine.gregor.mutators.NonVoidMethodCallMutator,resolveWildcardType,115,KILLED,org.apache.ibatis.submitted.extend.ExtendTest.org.apache.ibatis.submitted.extend.ExtendTest
TypeParameterResolver.java,org.apache.ibatis.reflection.TypeParameterResolver,org.pitest.mutationtest.engine.gregor.mutators.NonVoidMethodCallMutator,resolveWildcardType,115,KILLED,org.apache.ibatis.submitted.extend.ExtendTest.org.apache.ibatis.submitted.extend.ExtendTest
TypeParameterResolver.java,org.apache.ibatis.reflection.TypeParameterResolver,org.pitest.mutationtest.engine.gregor.mutators.NonVoidMethodCallMutator,resolveWildcardType,116,KILLED,org.apache.ibatis.submitted.extend.ExtendTest.org.apache.ibatis.submitted.extend.ExtendTest
TypeParameterResolver.java,org.apache.ibatis.reflection.TypeParameterResolver,org.pitest.mutationtest.engine.gregor.mutators.NonVoidMethodCallMutator,resolveWildcardType,116,KILLED,org.apache.ibatis.submitted.extend.ExtendTest.org.apache.ibatis.submitted.extend.ExtendTest
TypeParameterResolver.java,org.apache.ibatis.reflection.TypeParameterResolver,org.pitest.mutationtest.engine.gregor.mutators.ReturnValsMutator,resolveWildcardType,117,KILLED,org.apache.ibatis.submitted.extend.ExtendTest.org.apache.ibatis.submitted.extend.ExtendTest
TypeParameterResolver.java,org.apache.ibatis.reflection.TypeParameterResolver,org.pitest.mutationtest.engine.gregor.mutators.ArgumentPropagationMutator,resolveWildcardTypeBounds,124,KILLED,org.apache.ibatis.submitted.extend.ExtendTest.org.apache.ibatis.submitted.extend.ExtendTest
TypeParameterResolver.java,org.apache.ibatis.reflection.TypeParameterResolver,org.pitest.mutationtest.engine.gregor.mutators.ArgumentPropagationMutator,resolveWildcardTypeBounds,126,NO_COVERAGE,none
TypeParameterResolver.java,org.apache.ibatis.reflection.TypeParameterResolver,org.pitest.mutationtest.engine.gregor.mutators.ArgumentPropagationMutator,resolveWildcardTypeBounds,128,NO_COVERAGE,none
TypeParameterResolver.java,org.apache.ibatis.reflection.TypeParameterResolver,org.pitest.mutationtest.engine.gregor.mutators.IncrementsMutator,resolveWildcardTypeBounds,122,KILLED,org.apache.ibatis.submitted.extend.ExtendTest.org.apache.ibatis.submitted.extend.ExtendTest
TypeParameterResolver.java,org.apache.ibatis.reflection.TypeParameterResolver,org.pitest.mutationtest.engine.gregor.mutators.InlineConstantMutator,resolveWildcardTypeBounds,122,KILLED,org.apache.ibatis.submitted.extend.ExtendTest.org.apache.ibatis.submitted.extend.ExtendTest
TypeParameterResolver.java,org.apache.ibatis.reflection.TypeParameterResolver,org.pitest.mutationtest.engine.gregor.mutators.NegateConditionalsMutator,resolveWildcardTypeBounds,122,KILLED,org.apache.ibatis.submitted.extend.ExtendTest.org.apache.ibatis.submitted.extend.ExtendTest
TypeParameterResolver.java,org.apache.ibatis.reflection.TypeParameterResolver,org.pitest.mutationtest.engine.gregor.mutators.NegateConditionalsMutator,resolveWildcardTypeBounds,123,KILLED,org.apache.ibatis.submitted.extend.ExtendTest.org.apache.ibatis.submitted.extend.ExtendTest
TypeParameterResolver.java,org.apache.ibatis.reflection.TypeParameterResolver,org.pitest.mutationtest.engine.gregor.mutators.NegateConditionalsMutator,resolveWildcardTypeBounds,127,KILLED,org.apache.ibatis.submitted.extend.ExtendTest.org.apache.ibatis.submitted.extend.ExtendTest
TypeParameterResolver.java,org.apache.ibatis.reflection.TypeParameterResolver,org.pitest.mutationtest.engine.gregor.mutators.NonVoidMethodCallMutator,resolveWildcardTypeBounds,124,KILLED,org.apache.ibatis.submitted.extend.ExtendTest.org.apache.ibatis.submitted.extend.ExtendTest
TypeParameterResolver.java,org.apache.ibatis.reflection.TypeParameterResolver,org.pitest.mutationtest.engine.gregor.mutators.NonVoidMethodCallMutator,resolveWildcardTypeBounds,126,NO_COVERAGE,none
TypeParameterResolver.java,org.apache.ibatis.reflection.TypeParameterResolver,org.pitest.mutationtest.engine.gregor.mutators.NonVoidMethodCallMutator,resolveWildcardTypeBounds,128,NO_COVERAGE,none
TypeParameterResolver.java,org.apache.ibatis.reflection.TypeParameterResolver,org.pitest.mutationtest.engine.gregor.mutators.RemoveConditionalMutator_EQUAL_ELSE,resolveWildcardTypeBounds,123,KILLED,org.apache.ibatis.submitted.extend.ExtendTest.org.apache.ibatis.submitted.extend.ExtendTest
TypeParameterResolver.java,org.apache.ibatis.reflection.TypeParameterResolver,org.pitest.mutationtest.engine.gregor.mutators.RemoveConditionalMutator_EQUAL_ELSE,resolveWildcardTypeBounds,125,KILLED,org.apache.ibatis.submitted.extend.ExtendTest.org.apache.ibatis.submitted.extend.ExtendTest
TypeParameterResolver.java,org.apache.ibatis.reflection.TypeParameterResolver,org.pitest.mutationtest.engine.gregor.mutators.RemoveConditionalMutator_EQUAL_ELSE,resolveWildcardTypeBounds,127,KILLED,org.apache.ibatis.submitted.extend.ExtendTest.org.apache.ibatis.submitted.extend.ExtendTest
TypeParameterResolver.java,org.apache.ibatis.reflection.TypeParameterResolver,org.pitest.mutationtest.engine.gregor.mutators.RemoveConditionalMutator_EQUAL_IF,resolveWildcardTypeBounds,123,KILLED,org.apache.ibatis.submitted.extend.ExtendTest.org.apache.ibatis.submitted.extend.ExtendTest
TypeParameterResolver.java,org.apache.ibatis.reflection.TypeParameterResolver,org.pitest.mutationtest.engine.gregor.mutators.RemoveConditionalMutator_EQUAL_IF,resolveWildcardTypeBounds,125,KILLED,org.apache.ibatis.submitted.extend.ExtendTest.org.apache.ibatis.submitted.extend.ExtendTest
TypeParameterResolver.java,org.apache.ibatis.reflection.TypeParameterResolver,org.pitest.mutationtest.engine.gregor.mutators.RemoveConditionalMutator_EQUAL_IF,resolveWildcardTypeBounds,127,KILLED,org.apache.ibatis.submitted.extend.ExtendTest.org.apache.ibatis.submitted.extend.ExtendTest
TypeParameterResolver.java,org.apache.ibatis.reflection.TypeParameterResolver,org.pitest.mutationtest.engine.gregor.mutators.RemoveConditionalMutator_ORDER_ELSE,resolveWildcardTypeBounds,122,KILLED,org.apache.ibatis.submitted.extend.ExtendTest.org.apache.ibatis.submitted.extend.ExtendTest
TypeParameterResolver.java,org.apache.ibatis.reflection.TypeParameterResolver,org.pitest.mutationtest.engine.gregor.mutators.ReturnValsMutator,resolveWildcardTypeBounds,133,KILLED,org.apache.ibatis.submitted.extend.ExtendTest.org.apache.ibatis.submitted.extend.ExtendTest
TypeParameterResolver.java,org.apache.ibatis.reflection.TypeParameterResolver,org.pitest.mutationtest.engine.gregor.mutators.ArgumentPropagationMutator,scanSuperTypes,198,NO_COVERAGE,none
TypeParameterResolver.java,org.apache.ibatis.reflection.TypeParameterResolver,org.pitest.mutationtest.engine.gregor.mutators.ArgumentPropagationMutator,scanSuperTypes,202,NO_COVERAGE,none
TypeParameterResolver.java,org.apache.ibatis.reflection.TypeParameterResolver,org.pitest.mutationtest.engine.gregor.mutators.ConditionalsBoundaryMutator,scanSuperTypes,180,NO_COVERAGE,none
TypeParameterResolver.java,org.apache.ibatis.reflection.TypeParameterResolver,org.pitest.mutationtest.engine.gregor.mutators.ConditionalsBoundaryMutator,scanSuperTypes,184,NO_COVERAGE,none
TypeParameterResolver.java,org.apache.ibatis.reflection.TypeParameterResolver,org.pitest.mutationtest.engine.gregor.mutators.IncrementsMutator,scanSuperTypes,184,NO_COVERAGE,none
TypeParameterResolver.java,org.apache.ibatis.reflection.TypeParameterResolver,org.pitest.mutationtest.engine.gregor.mutators.IncrementsMutator,scanSuperTypes,180,NO_COVERAGE,none
TypeParameterResolver.java,org.apache.ibatis.reflection.TypeParameterResolver,org.pitest.mutationtest.engine.gregor.mutators.InlineConstantMutator,scanSuperTypes,180,NO_COVERAGE,none
TypeParameterResolver.java,org.apache.ibatis.reflection.TypeParameterResolver,org.pitest.mutationtest.engine.gregor.mutators.InlineConstantMutator,scanSuperTypes,184,NO_COVERAGE,none
TypeParameterResolver.java,org.apache.ibatis.reflection.TypeParameterResolver,org.pitest.mutationtest.engine.gregor.mutators.NegateConditionalsMutator,scanSuperTypes,174,NO_COVERAGE,none
TypeParameterResolver.java,org.apache.ibatis.reflection.TypeParameterResolver,org.pitest.mutationtest.engine.gregor.mutators.NegateConditionalsMutator,scanSuperTypes,177,NO_COVERAGE,none
TypeParameterResolver.java,org.apache.ibatis.reflection.TypeParameterResolver,org.pitest.mutationtest.engine.gregor.mutators.NegateConditionalsMutator,scanSuperTypes,180,NO_COVERAGE,none
TypeParameterResolver.java,org.apache.ibatis.reflection.TypeParameterResolver,org.pitest.mutationtest.engine.gregor.mutators.NegateConditionalsMutator,scanSuperTypes,181,NO_COVERAGE,none
TypeParameterResolver.java,org.apache.ibatis.reflection.TypeParameterResolver,org.pitest.mutationtest.engine.gregor.mutators.NegateConditionalsMutator,scanSuperTypes,182,NO_COVERAGE,none
TypeParameterResolver.java,org.apache.ibatis.reflection.TypeParameterResolver,org.pitest.mutationtest.engine.gregor.mutators.NegateConditionalsMutator,scanSuperTypes,184,NO_COVERAGE,none
TypeParameterResolver.java,org.apache.ibatis.reflection.TypeParameterResolver,org.pitest.mutationtest.engine.gregor.mutators.NegateConditionalsMutator,scanSuperTypes,185,NO_COVERAGE,none
TypeParameterResolver.java,org.apache.ibatis.reflection.TypeParameterResolver,org.pitest.mutationtest.engine.gregor.mutators.NegateConditionalsMutator,scanSuperTypes,186,NO_COVERAGE,none
TypeParameterResolver.java,org.apache.ibatis.reflection.TypeParameterResolver,org.pitest.mutationtest.engine.gregor.mutators.NegateConditionalsMutator,scanSuperTypes,197,NO_COVERAGE,none
TypeParameterResolver.java,org.apache.ibatis.reflection.TypeParameterResolver,org.pitest.mutationtest.engine.gregor.mutators.NegateConditionalsMutator,scanSuperTypes,200,NO_COVERAGE,none
TypeParameterResolver.java,org.apache.ibatis.reflection.TypeParameterResolver,org.pitest.mutationtest.engine.gregor.mutators.NegateConditionalsMutator,scanSuperTypes,201,NO_COVERAGE,none
TypeParameterResolver.java,org.apache.ibatis.reflection.TypeParameterResolver,org.pitest.mutationtest.engine.gregor.mutators.NonVoidMethodCallMutator,scanSuperTypes,176,NO_COVERAGE,none
TypeParameterResolver.java,org.apache.ibatis.reflection.TypeParameterResolver,org.pitest.mutationtest.engine.gregor.mutators.NonVoidMethodCallMutator,scanSuperTypes,178,NO_COVERAGE,none
TypeParameterResolver.java,org.apache.ibatis.reflection.TypeParameterResolver,org.pitest.mutationtest.engine.gregor.mutators.NonVoidMethodCallMutator,scanSuperTypes,179,NO_COVERAGE,none
TypeParameterResolver.java,org.apache.ibatis.reflection.TypeParameterResolver,org.pitest.mutationtest.engine.gregor.mutators.NonVoidMethodCallMutator,scanSuperTypes,183,NO_COVERAGE,none
TypeParameterResolver.java,org.apache.ibatis.reflection.TypeParameterResolver,org.pitest.mutationtest.engine.gregor.mutators.NonVoidMethodCallMutator,scanSuperTypes,187,NO_COVERAGE,none
TypeParameterResolver.java,org.apache.ibatis.reflection.TypeParameterResolver,org.pitest.mutationtest.engine.gregor.mutators.NonVoidMethodCallMutator,scanSuperTypes,197,NO_COVERAGE,none
TypeParameterResolver.java,org.apache.ibatis.reflection.TypeParameterResolver,org.pitest.mutationtest.engine.gregor.mutators.NonVoidMethodCallMutator,scanSuperTypes,198,NO_COVERAGE,none
TypeParameterResolver.java,org.apache.ibatis.reflection.TypeParameterResolver,org.pitest.mutationtest.engine.gregor.mutators.NonVoidMethodCallMutator,scanSuperTypes,201,NO_COVERAGE,none
TypeParameterResolver.java,org.apache.ibatis.reflection.TypeParameterResolver,org.pitest.mutationtest.engine.gregor.mutators.NonVoidMethodCallMutator,scanSuperTypes,202,NO_COVERAGE,none
TypeParameterResolver.java,org.apache.ibatis.reflection.TypeParameterResolver,org.pitest.mutationtest.engine.gregor.mutators.RemoveConditionalMutator_EQUAL_ELSE,scanSuperTypes,174,NO_COVERAGE,none
TypeParameterResolver.java,org.apache.ibatis.reflection.TypeParameterResolver,org.pitest.mutationtest.engine.gregor.mutators.RemoveConditionalMutator_EQUAL_ELSE,scanSuperTypes,177,NO_COVERAGE,none
TypeParameterResolver.java,org.apache.ibatis.reflection.TypeParameterResolver,org.pitest.mutationtest.engine.gregor.mutators.RemoveConditionalMutator_EQUAL_ELSE,scanSuperTypes,181,NO_COVERAGE,none
TypeParameterResolver.java,org.apache.ibatis.reflection.TypeParameterResolver,org.pitest.mutationtest.engine.gregor.mutators.RemoveConditionalMutator_EQUAL_ELSE,scanSuperTypes,182,NO_COVERAGE,none
TypeParameterResolver.java,org.apache.ibatis.reflection.TypeParameterResolver,org.pitest.mutationtest.engine.gregor.mutators.RemoveConditionalMutator_EQUAL_ELSE,scanSuperTypes,185,NO_COVERAGE,none
TypeParameterResolver.java,org.apache.ibatis.reflection.TypeParameterResolver,org.pitest.mutationtest.engine.gregor.mutators.RemoveConditionalMutator_EQUAL_ELSE,scanSuperTypes,186,NO_COVERAGE,none
TypeParameterResolver.java,org.apache.ibatis.reflection.TypeParameterResolver,org.pitest.mutationtest.engine.gregor.mutators.RemoveConditionalMutator_EQUAL_ELSE,scanSuperTypes,197,NO_COVERAGE,none
TypeParameterResolver.java,org.apache.ibatis.reflection.TypeParameterResolver,org.pitest.mutationtest.engine.gregor.mutators.RemoveConditionalMutator_EQUAL_ELSE,scanSuperTypes,200,NO_COVERAGE,none
TypeParameterResolver.java,org.apache.ibatis.reflection.TypeParameterResolver,org.pitest.mutationtest.engine.gregor.mutators.RemoveConditionalMutator_EQUAL_ELSE,scanSuperTypes,201,NO_COVERAGE,none
TypeParameterResolver.java,org.apache.ibatis.reflection.TypeParameterResolver,org.pitest.mutationtest.engine.gregor.mutators.RemoveConditionalMutator_EQUAL_IF,scanSuperTypes,174,NO_COVERAGE,none
TypeParameterResolver.java,org.apache.ibatis.reflection.TypeParameterResolver,org.pitest.mutationtest.engine.gregor.mutators.RemoveConditionalMutator_EQUAL_IF,scanSuperTypes,177,NO_COVERAGE,none
TypeParameterResolver.java,org.apache.ibatis.reflection.TypeParameterResolver,org.pitest.mutationtest.engine.gregor.mutators.RemoveConditionalMutator_EQUAL_IF,scanSuperTypes,181,NO_COVERAGE,none
TypeParameterResolver.java,org.apache.ibatis.reflection.TypeParameterResolver,org.pitest.mutationtest.engine.gregor.mutators.RemoveConditionalMutator_EQUAL_IF,scanSuperTypes,182,NO_COVERAGE,none
TypeParameterResolver.java,org.apache.ibatis.reflection.TypeParameterResolver,org.pitest.mutationtest.engine.gregor.mutators.RemoveConditionalMutator_EQUAL_IF,scanSuperTypes,185,NO_COVERAGE,none
TypeParameterResolver.java,org.apache.ibatis.reflection.TypeParameterResolver,org.pitest.mutationtest.engine.gregor.mutators.RemoveConditionalMutator_EQUAL_IF,scanSuperTypes,186,NO_COVERAGE,none
TypeParameterResolver.java,org.apache.ibatis.reflection.TypeParameterResolver,org.pitest.mutationtest.engine.gregor.mutators.RemoveConditionalMutator_EQUAL_IF,scanSuperTypes,197,NO_COVERAGE,none
TypeParameterResolver.java,org.apache.ibatis.reflection.TypeParameterResolver,org.pitest.mutationtest.engine.gregor.mutators.RemoveConditionalMutator_EQUAL_IF,scanSuperTypes,200,NO_COVERAGE,none
TypeParameterResolver.java,org.apache.ibatis.reflection.TypeParameterResolver,org.pitest.mutationtest.engine.gregor.mutators.RemoveConditionalMutator_EQUAL_IF,scanSuperTypes,201,NO_COVERAGE,none
TypeParameterResolver.java,org.apache.ibatis.reflection.TypeParameterResolver,org.pitest.mutationtest.engine.gregor.mutators.RemoveConditionalMutator_ORDER_ELSE,scanSuperTypes,180,NO_COVERAGE,none
TypeParameterResolver.java,org.apache.ibatis.reflection.TypeParameterResolver,org.pitest.mutationtest.engine.gregor.mutators.RemoveConditionalMutator_ORDER_ELSE,scanSuperTypes,184,NO_COVERAGE,none
TypeParameterResolver.java,org.apache.ibatis.reflection.TypeParameterResolver,org.pitest.mutationtest.engine.gregor.mutators.RemoveConditionalMutator_ORDER_IF,scanSuperTypes,180,NO_COVERAGE,none
TypeParameterResolver.java,org.apache.ibatis.reflection.TypeParameterResolver,org.pitest.mutationtest.engine.gregor.mutators.RemoveConditionalMutator_ORDER_IF,scanSuperTypes,184,NO_COVERAGE,none
TypeParameterResolver.java,org.apache.ibatis.reflection.TypeParameterResolver,org.pitest.mutationtest.engine.gregor.mutators.ReturnValsMutator,scanSuperTypes,205,NO_COVERAGE,none
ResultMap.java,org.apache.ibatis.mapping.ResultMap$Builder,org.pitest.mutationtest.engine.gregor.mutators.ArgumentPropagationMutator,<init>,68,KILLED,org.apache.ibatis.submitted.extend.ExtendTest.org.apache.ibatis.submitted.extend.ExtendTest
ResultMap.java,org.apache.ibatis.mapping.ResultMap$Builder,org.pitest.mutationtest.engine.gregor.mutators.ArgumentPropagationMutator,<init>,69,KILLED,org.apache.ibatis.submitted.extend.ExtendTest.org.apache.ibatis.submitted.extend.ExtendTest
ResultMap.java,org.apache.ibatis.mapping.ResultMap$Builder,org.pitest.mutationtest.engine.gregor.mutators.NonVoidMethodCallMutator,<init>,71,KILLED,org.apache.ibatis.submitted.extend.ExtendTest.org.apache.ibatis.submitted.extend.ExtendTest
ResultMap.java,org.apache.ibatis.mapping.ResultMap$Builder,org.pitest.mutationtest.engine.gregor.mutators.experimental.MemberVariableMutator,<init>,61,KILLED,org.apache.ibatis.submitted.extend.ExtendTest.org.apache.ibatis.submitted.extend.ExtendTest
ResultMap.java,org.apache.ibatis.mapping.ResultMap$Builder,org.pitest.mutationtest.engine.gregor.mutators.ConditionalsBoundaryMutator,argNamesOfMatchingConstructor,154,NO_COVERAGE,none
ResultMap.java,org.apache.ibatis.mapping.ResultMap$Builder,org.pitest.mutationtest.engine.gregor.mutators.IncrementsMutator,argNamesOfMatchingConstructor,154,NO_COVERAGE,none
ResultMap.java,org.apache.ibatis.mapping.ResultMap$Builder,org.pitest.mutationtest.engine.gregor.mutators.InlineConstantMutator,argNamesOfMatchingConstructor,154,NO_COVERAGE,none
ResultMap.java,org.apache.ibatis.mapping.ResultMap$Builder,org.pitest.mutationtest.engine.gregor.mutators.NegateConditionalsMutator,argNamesOfMatchingConstructor,154,NO_COVERAGE,none
ResultMap.java,org.apache.ibatis.mapping.ResultMap$Builder,org.pitest.mutationtest.engine.gregor.mutators.NegateConditionalsMutator,argNamesOfMatchingConstructor,156,NO_COVERAGE,none
ResultMap.java,org.apache.ibatis.mapping.ResultMap$Builder,org.pitest.mutationtest.engine.gregor.mutators.NegateConditionalsMutator,argNamesOfMatchingConstructor,158,NO_COVERAGE,none
ResultMap.java,org.apache.ibatis.mapping.ResultMap$Builder,org.pitest.mutationtest.engine.gregor.mutators.NegateConditionalsMutator,argNamesOfMatchingConstructor,159,NO_COVERAGE,none
ResultMap.java,org.apache.ibatis.mapping.ResultMap$Builder,org.pitest.mutationtest.engine.gregor.mutators.NonVoidMethodCallMutator,argNamesOfMatchingConstructor,153,NO_COVERAGE,none
ResultMap.java,org.apache.ibatis.mapping.ResultMap$Builder,org.pitest.mutationtest.engine.gregor.mutators.NonVoidMethodCallMutator,argNamesOfMatchingConstructor,153,NO_COVERAGE,none
ResultMap.java,org.apache.ibatis.mapping.ResultMap$Builder,org.pitest.mutationtest.engine.gregor.mutators.NonVoidMethodCallMutator,argNamesOfMatchingConstructor,155,NO_COVERAGE,none
ResultMap.java,org.apache.ibatis.mapping.ResultMap$Builder,org.pitest.mutationtest.engine.gregor.mutators.NonVoidMethodCallMutator,argNamesOfMatchingConstructor,156,NO_COVERAGE,none
ResultMap.java,org.apache.ibatis.mapping.ResultMap$Builder,org.pitest.mutationtest.engine.gregor.mutators.NonVoidMethodCallMutator,argNamesOfMatchingConstructor,157,NO_COVERAGE,none
ResultMap.java,org.apache.ibatis.mapping.ResultMap$Builder,org.pitest.mutationtest.engine.gregor.mutators.NonVoidMethodCallMutator,argNamesOfMatchingConstructor,158,NO_COVERAGE,none
ResultMap.java,org.apache.ibatis.mapping.ResultMap$Builder,org.pitest.mutationtest.engine.gregor.mutators.NonVoidMethodCallMutator,argNamesOfMatchingConstructor,159,NO_COVERAGE,none
ResultMap.java,org.apache.ibatis.mapping.ResultMap$Builder,org.pitest.mutationtest.engine.gregor.mutators.RemoveConditionalMutator_EQUAL_ELSE,argNamesOfMatchingConstructor,156,NO_COVERAGE,none
ResultMap.java,org.apache.ibatis.mapping.ResultMap$Builder,org.pitest.mutationtest.engine.gregor.mutators.RemoveConditionalMutator_EQUAL_ELSE,argNamesOfMatchingConstructor,158,NO_COVERAGE,none
ResultMap.java,org.apache.ibatis.mapping.ResultMap$Builder,org.pitest.mutationtest.engine.gregor.mutators.RemoveConditionalMutator_EQUAL_ELSE,argNamesOfMatchingConstructor,159,NO_COVERAGE,none
ResultMap.java,org.apache.ibatis.mapping.ResultMap$Builder,org.pitest.mutationtest.engine.gregor.mutators.RemoveConditionalMutator_EQUAL_IF,argNamesOfMatchingConstructor,156,NO_COVERAGE,none
ResultMap.java,org.apache.ibatis.mapping.ResultMap$Builder,org.pitest.mutationtest.engine.gregor.mutators.RemoveConditionalMutator_EQUAL_IF,argNamesOfMatchingConstructor,158,NO_COVERAGE,none
ResultMap.java,org.apache.ibatis.mapping.ResultMap$Builder,org.pitest.mutationtest.engine.gregor.mutators.RemoveConditionalMutator_EQUAL_IF,argNamesOfMatchingConstructor,159,NO_COVERAGE,none
ResultMap.java,org.apache.ibatis.mapping.ResultMap$Builder,org.pitest.mutationtest.engine.gregor.mutators.RemoveConditionalMutator_ORDER_ELSE,argNamesOfMatchingConstructor,154,NO_COVERAGE,none
ResultMap.java,org.apache.ibatis.mapping.ResultMap$Builder,org.pitest.mutationtest.engine.gregor.mutators.RemoveConditionalMutator_ORDER_IF,argNamesOfMatchingConstructor,154,NO_COVERAGE,none
ResultMap.java,org.apache.ibatis.mapping.ResultMap$Builder,org.pitest.mutationtest.engine.gregor.mutators.ReturnValsMutator,argNamesOfMatchingConstructor,160,NO_COVERAGE,none
ResultMap.java,org.apache.ibatis.mapping.ResultMap$Builder,org.pitest.mutationtest.engine.gregor.mutators.ReturnValsMutator,argNamesOfMatchingConstructor,164,NO_COVERAGE,none
ResultMap.java,org.apache.ibatis.mapping.ResultMap$Builder,org.pitest.mutationtest.engine.gregor.mutators.experimental.RemoveIncrementsMutator,argNamesOfMatchingConstructor,154,NO_COVERAGE,none
ResultMap.java,org.apache.ibatis.mapping.ResultMap$Builder,org.pitest.mutationtest.engine.gregor.mutators.ConditionalsBoundaryMutator,argTypesMatch,169,NO_COVERAGE,none
ResultMap.java,org.apache.ibatis.mapping.ResultMap$Builder,org.pitest.mutationtest.engine.gregor.mutators.ConstructorCallMutator,argTypesMatch,174,NO_COVERAGE,none
ResultMap.java,org.apache.ibatis.mapping.ResultMap$Builder,org.pitest.mutationtest.engine.gregor.mutators.IncrementsMutator,argTypesMatch,169,NO_COVERAGE,none
ResultMap.java,org.apache.ibatis.mapping.ResultMap$Builder,org.pitest.mutationtest.engine.gregor.mutators.InlineConstantMutator,argTypesMatch,169,NO_COVERAGE,none
ResultMap.java,org.apache.ibatis.mapping.ResultMap$Builder,org.pitest.mutationtest.engine.gregor.mutators.InlineConstantMutator,argTypesMatch,179,NO_COVERAGE,none
ResultMap.java,org.apache.ibatis.mapping.ResultMap$Builder,org.pitest.mutationtest.engine.gregor.mutators.InlineConstantMutator,argTypesMatch,182,NO_COVERAGE,none
ResultMap.java,org.apache.ibatis.mapping.ResultMap$Builder,org.pitest.mutationtest.engine.gregor.mutators.NegateConditionalsMutator,argTypesMatch,169,NO_COVERAGE,none
ResultMap.java,org.apache.ibatis.mapping.ResultMap$Builder,org.pitest.mutationtest.engine.gregor.mutators.NegateConditionalsMutator,argTypesMatch,172,NO_COVERAGE,none
ResultMap.java,org.apache.ibatis.mapping.ResultMap$Builder,org.pitest.mutationtest.engine.gregor.mutators.NegateConditionalsMutator,argTypesMatch,173,NO_COVERAGE,none
ResultMap.java,org.apache.ibatis.mapping.ResultMap$Builder,org.pitest.mutationtest.engine.gregor.mutators.NonVoidMethodCallMutator,argTypesMatch,169,NO_COVERAGE,none
ResultMap.java,org.apache.ibatis.mapping.ResultMap$Builder,org.pitest.mutationtest.engine.gregor.mutators.NonVoidMethodCallMutator,argTypesMatch,170,NO_COVERAGE,none
ResultMap.java,org.apache.ibatis.mapping.ResultMap$Builder,org.pitest.mutationtest.engine.gregor.mutators.NonVoidMethodCallMutator,argTypesMatch,170,NO_COVERAGE,none
ResultMap.java,org.apache.ibatis.mapping.ResultMap$Builder,org.pitest.mutationtest.engine.gregor.mutators.NonVoidMethodCallMutator,argTypesMatch,171,NO_COVERAGE,none
ResultMap.java,org.apache.ibatis.mapping.ResultMap$Builder,org.pitest.mutationtest.engine.gregor.mutators.NonVoidMethodCallMutator,argTypesMatch,171,NO_COVERAGE,none
ResultMap.java,org.apache.ibatis.mapping.ResultMap$Builder,org.pitest.mutationtest.engine.gregor.mutators.NonVoidMethodCallMutator,argTypesMatch,171,NO_COVERAGE,none
ResultMap.java,org.apache.ibatis.mapping.ResultMap$Builder,org.pitest.mutationtest.engine.gregor.mutators.NonVoidMethodCallMutator,argTypesMatch,172,NO_COVERAGE,none
ResultMap.java,org.apache.ibatis.mapping.ResultMap$Builder,org.pitest.mutationtest.engine.gregor.mutators.NonVoidMethodCallMutator,argTypesMatch,173,NO_COVERAGE,none
ResultMap.java,org.apache.ibatis.mapping.ResultMap$Builder,org.pitest.mutationtest.engine.gregor.mutators.NonVoidMethodCallMutator,argTypesMatch,174,NO_COVERAGE,none
ResultMap.java,org.apache.ibatis.mapping.ResultMap$Builder,org.pitest.mutationtest.engine.gregor.mutators.NonVoidMethodCallMutator,argTypesMatch,174,NO_COVERAGE,none
ResultMap.java,org.apache.ibatis.mapping.ResultMap$Builder,org.pitest.mutationtest.engine.gregor.mutators.NonVoidMethodCallMutator,argTypesMatch,174,NO_COVERAGE,none
ResultMap.java,org.apache.ibatis.mapping.ResultMap$Builder,org.pitest.mutationtest.engine.gregor.mutators.NonVoidMethodCallMutator,argTypesMatch,175,NO_COVERAGE,none
ResultMap.java,org.apache.ibatis.mapping.ResultMap$Builder,org.pitest.mutationtest.engine.gregor.mutators.NonVoidMethodCallMutator,argTypesMatch,175,NO_COVERAGE,none
ResultMap.java,org.apache.ibatis.mapping.ResultMap$Builder,org.pitest.mutationtest.engine.gregor.mutators.NonVoidMethodCallMutator,argTypesMatch,175,NO_COVERAGE,none
ResultMap.java,org.apache.ibatis.mapping.ResultMap$Builder,org.pitest.mutationtest.engine.gregor.mutators.NonVoidMethodCallMutator,argTypesMatch,176,NO_COVERAGE,none
ResultMap.java,org.apache.ibatis.mapping.ResultMap$Builder,org.pitest.mutationtest.engine.gregor.mutators.NonVoidMethodCallMutator,argTypesMatch,176,NO_COVERAGE,none
ResultMap.java,org.apache.ibatis.mapping.ResultMap$Builder,org.pitest.mutationtest.engine.gregor.mutators.NonVoidMethodCallMutator,argTypesMatch,176,NO_COVERAGE,none
ResultMap.java,org.apache.ibatis.mapping.ResultMap$Builder,org.pitest.mutationtest.engine.gregor.mutators.NonVoidMethodCallMutator,argTypesMatch,177,NO_COVERAGE,none
ResultMap.java,org.apache.ibatis.mapping.ResultMap$Builder,org.pitest.mutationtest.engine.gregor.mutators.NonVoidMethodCallMutator,argTypesMatch,177,NO_COVERAGE,none
ResultMap.java,org.apache.ibatis.mapping.ResultMap$Builder,org.pitest.mutationtest.engine.gregor.mutators.NonVoidMethodCallMutator,argTypesMatch,177,NO_COVERAGE,none
ResultMap.java,org.apache.ibatis.mapping.ResultMap$Builder,org.pitest.mutationtest.engine.gregor.mutators.NonVoidMethodCallMutator,argTypesMatch,177,NO_COVERAGE,none
ResultMap.java,org.apache.ibatis.mapping.ResultMap$Builder,org.pitest.mutationtest.engine.gregor.mutators.RemoveConditionalMutator_EQUAL_ELSE,argTypesMatch,172,NO_COVERAGE,none
ResultMap.java,org.apache.ibatis.mapping.ResultMap$Builder,org.pitest.mutationtest.engine.gregor.mutators.RemoveConditionalMutator_EQUAL_ELSE,argTypesMatch,173,NO_COVERAGE,none
ResultMap.java,org.apache.ibatis.mapping.ResultMap$Builder,org.pitest.mutationtest.engine.gregor.mutators.RemoveConditionalMutator_EQUAL_IF,argTypesMatch,172,NO_COVERAGE,none
ResultMap.java,org.apache.ibatis.mapping.ResultMap$Builder,org.pitest.mutationtest.engine.gregor.mutators.RemoveConditionalMutator_EQUAL_IF,argTypesMatch,173,NO_COVERAGE,none
ResultMap.java,org.apache.ibatis.mapping.ResultMap$Builder,org.pitest.mutationtest.engine.gregor.mutators.RemoveConditionalMutator_ORDER_ELSE,argTypesMatch,169,NO_COVERAGE,none
ResultMap.java,org.apache.ibatis.mapping.ResultMap$Builder,org.pitest.mutationtest.engine.gregor.mutators.RemoveConditionalMutator_ORDER_IF,argTypesMatch,169,NO_COVERAGE,none
ResultMap.java,org.apache.ibatis.mapping.ResultMap$Builder,org.pitest.mutationtest.engine.gregor.mutators.ReturnValsMutator,argTypesMatch,179,NO_COVERAGE,none
ResultMap.java,org.apache.ibatis.mapping.ResultMap$Builder,org.pitest.mutationtest.engine.gregor.mutators.ReturnValsMutator,argTypesMatch,182,NO_COVERAGE,none
ResultMap.java,org.apache.ibatis.mapping.ResultMap$Builder,org.pitest.mutationtest.engine.gregor.mutators.VoidMethodCallMutator,argTypesMatch,174,NO_COVERAGE,none
ResultMap.java,org.apache.ibatis.mapping.ResultMap$Builder,org.pitest.mutationtest.engine.gregor.mutators.experimental.RemoveIncrementsMutator,argTypesMatch,169,NO_COVERAGE,none
ResultMap.java,org.apache.ibatis.mapping.ResultMap$Builder,org.pitest.mutationtest.engine.gregor.mutators.ArgumentPropagationMutator,build,90,KILLED,org.apache.ibatis.submitted.extend.ExtendTest.org.apache.ibatis.submitted.extend.ExtendTest
ResultMap.java,org.apache.ibatis.mapping.ResultMap$Builder,org.pitest.mutationtest.engine.gregor.mutators.ArgumentPropagationMutator,build,95,KILLED,org.apache.ibatis.submitted.extend.ExtendTest.org.apache.ibatis.submitted.extend.ExtendTest
ResultMap.java,org.apache.ibatis.mapping.ResultMap$Builder,org.pitest.mutationtest.engine.gregor.mutators.ArgumentPropagationMutator,build,128,NO_COVERAGE,none
ResultMap.java,org.apache.ibatis.mapping.ResultMap$Builder,org.pitest.mutationtest.engine.gregor.mutators.ArgumentPropagationMutator,build,145,KILLED,org.apache.ibatis.submitted.extend.ExtendTest.org.apache.ibatis.submitted.extend.ExtendTest
ResultMap.java,org.apache.ibatis.mapping.ResultMap$Builder,org.pitest.mutationtest.engine.gregor.mutators.ConstructorCallMutator,build,86,NO_COVERAGE,none
ResultMap.java,org.apache.ibatis.mapping.ResultMap$Builder,org.pitest.mutationtest.engine.gregor.mutators.ConstructorCallMutator,build,89,KILLED,org.apache.ibatis.submitted.extend.ExtendTest.org.apache.ibatis.submitted.extend.ExtendTest
ResultMap.java,org.apache.ibatis.mapping.ResultMap$Builder,org.pitest.mutationtest.engine.gregor.mutators.ConstructorCallMutator,build,90,KILLED,org.apache.ibatis.submitted.extend.ExtendTest.org.apache.ibatis.submitted.extend.ExtendTest
ResultMap.java,org.apache.ibatis.mapping.ResultMap$Builder,org.pitest.mutationtest.engine.gregor.mutators.ConstructorCallMutator,build,91,KILLED,org.apache.ibatis.submitted.extend.ExtendTest.org.apache.ibatis.submitted.extend.ExtendTest
ResultMap.java,org.apache.ibatis.mapping.ResultMap$Builder,org.pitest.mutationtest.engine.gregor.mutators.ConstructorCallMutator,build,92,KILLED,org.apache.ibatis.submitted.extend.ExtendTest.org.apache.ibatis.submitted.extend.ExtendTest
ResultMap.java,org.apache.ibatis.mapping.ResultMap$Builder,org.pitest.mutationtest.engine.gregor.mutators.ConstructorCallMutator,build,130,NO_COVERAGE,none
ResultMap.java,org.apache.ibatis.mapping.ResultMap$Builder,org.pitest.mutationtest.engine.gregor.mutators.ConstructorCallMutator,build,131,NO_COVERAGE,none
ResultMap.java,org.apache.ibatis.mapping.ResultMap$Builder,org.pitest.mutationtest.engine.gregor.mutators.ConstructorCallMutator,build,134,NO_COVERAGE,none
ResultMap.java,org.apache.ibatis.mapping.ResultMap$Builder,org.pitest.mutationtest.engine.gregor.mutators.NegateConditionalsMutator,build,95,KILLED,org.apache.ibatis.submitted.extend.ExtendTest.org.apache.ibatis.submitted.extend.ExtendTest
ResultMap.java,org.apache.ibatis.mapping.ResultMap$Builder,org.pitest.mutationtest.engine.gregor.mutators.NegateConditionalsMutator,build,96,SURVIVED,none
ResultMap.java,org.apache.ibatis.mapping.ResultMap$Builder,org.pitest.mutationtest.engine.gregor.mutators.NegateConditionalsMutator,build,96,KILLED,org.apache.ibatis.submitted.extend.ExtendTest.org.apache.ibatis.submitted.extend.ExtendTest
ResultMap.java,org.apache.ibatis.mapping.ResultMap$Builder,org.pitest.mutationtest.engine.gregor.mutators.NegateConditionalsMutator,build,100,NO_COVERAGE,none
ResultMap.java,org.apache.ibatis.mapping.ResultMap$Builder,org.pitest.mutationtest.engine.gregor.mutators.NegateConditionalsMutator,build,101,NO_COVERAGE,none
ResultMap.java,org.apache.ibatis.mapping.ResultMap$Builder,org.pitest.mutationtest.engine.gregor.mutators.NegateConditionalsMutator,build,103,NO_COVERAGE,none
ResultMap.java,org.apache.ibatis.mapping.ResultMap$Builder,org.pitest.mutationtest.engine.gregor.mutators.NegateConditionalsMutator,build,109,KILLED,org.apache.ibatis.submitted.extend.ExtendTest.org.apache.ibatis.submitted.extend.ExtendTest
ResultMap.java,org.apache.ibatis.mapping.ResultMap$Builder,org.pitest.mutationtest.engine.gregor.mutators.NegateConditionalsMutator,build,114,NO_COVERAGE,none
ResultMap.java,org.apache.ibatis.mapping.ResultMap$Builder,org.pitest.mutationtest.engine.gregor.mutators.NegateConditionalsMutator,build,124,KILLED,org.apache.ibatis.submitted.extend.ExtendTest.org.apache.ibatis.submitted.extend.ExtendTest
ResultMap.java,org.apache.ibatis.mapping.ResultMap$Builder,org.pitest.mutationtest.engine.gregor.mutators.NegateConditionalsMutator,build,129,NO_COVERAGE,none
ResultMap.java,org.apache.ibatis.mapping.ResultMap$Builder,org.pitest.mutationtest.engine.gregor.mutators.NonVoidMethodCallMutator,build,85,KILLED,org.apache.ibatis.submitted.extend.ExtendTest.org.apache.ibatis.submitted.extend.ExtendTest
ResultMap.java,org.apache.ibatis.mapping.ResultMap$Builder,org.pitest.mutationtest.engine.gregor.mutators.NonVoidMethodCallMutator,build,88,KILLED,org.apache.ibatis.submitted.extend.ExtendTest.org.apache.ibatis.submitted.extend.ExtendTest
ResultMap.java,org.apache.ibatis.mapping.ResultMap$Builder,org.pitest.mutationtest.engine.gregor.mutators.NonVoidMethodCallMutator,build,89,KILLED,org.apache.ibatis.submitted.extend.ExtendTest.org.apache.ibatis.submitted.extend.ExtendTest
ResultMap.java,org.apache.ibatis.mapping.ResultMap$Builder,org.pitest.mutationtest.engine.gregor.mutators.NonVoidMethodCallMutator,build,92,KILLED,org.apache.ibatis.submitted.extend.ExtendTest.org.apache.ibatis.submitted.extend.ExtendTest
ResultMap.java,org.apache.ibatis.mapping.ResultMap$Builder,org.pitest.mutationtest.engine.gregor.mutators.NonVoidMethodCallMutator,build,94,KILLED,org.apache.ibatis.submitted.extend.ExtendTest.org.apache.ibatis.submitted.extend.ExtendTest
ResultMap.java,org.apache.ibatis.mapping.ResultMap$Builder,org.pitest.mutationtest.engine.gregor.mutators.NonVoidMethodCallMutator,build,95,KILLED,org.apache.ibatis.submitted.extend.ExtendTest.org.apache.ibatis.submitted.extend.ExtendTest
ResultMap.java,org.apache.ibatis.mapping.ResultMap$Builder,org.pitest.mutationtest.engine.gregor.mutators.NonVoidMethodCallMutator,build,95,KILLED,org.apache.ibatis.submitted.extend.ExtendTest.org.apache.ibatis.submitted.extend.ExtendTest
ResultMap.java,org.apache.ibatis.mapping.ResultMap$Builder,org.pitest.mutationtest.engine.gregor.mutators.NonVoidMethodCallMutator,build,96,KILLED,org.apache.ibatis.submitted.extend.ExtendTest.org.apache.ibatis.submitted.extend.ExtendTest
ResultMap.java,org.apache.ibatis.mapping.ResultMap$Builder,org.pitest.mutationtest.engine.gregor.mutators.NonVoidMethodCallMutator,build,99,KILLED,org.apache.ibatis.submitted.extend.ExtendTest.org.apache.ibatis.submitted.extend.ExtendTest
ResultMap.java,org.apache.ibatis.mapping.ResultMap$Builder,org.pitest.mutationtest.engine.gregor.mutators.NonVoidMethodCallMutator,build,100,NO_COVERAGE,none
ResultMap.java,org.apache.ibatis.mapping.ResultMap$Builder,org.pitest.mutationtest.engine.gregor.mutators.NonVoidMethodCallMutator,build,101,NO_COVERAGE,none
ResultMap.java,org.apache.ibatis.mapping.ResultMap$Builder,org.pitest.mutationtest.engine.gregor.mutators.NonVoidMethodCallMutator,build,101,NO_COVERAGE,none
ResultMap.java,org.apache.ibatis.mapping.ResultMap$Builder,org.pitest.mutationtest.engine.gregor.mutators.NonVoidMethodCallMutator,build,101,NO_COVERAGE,none
ResultMap.java,org.apache.ibatis.mapping.ResultMap$Builder,org.pitest.mutationtest.engine.gregor.mutators.NonVoidMethodCallMutator,build,101,NO_COVERAGE,none
ResultMap.java,org.apache.ibatis.mapping.ResultMap$Builder,org.pitest.mutationtest.engine.gregor.mutators.NonVoidMethodCallMutator,build,102,NO_COVERAGE,none
ResultMap.java,org.apache.ibatis.mapping.ResultMap$Builder,org.pitest.mutationtest.engine.gregor.mutators.NonVoidMethodCallMutator,build,104,NO_COVERAGE,none
ResultMap.java,org.apache.ibatis.mapping.ResultMap$Builder,org.pitest.mutationtest.engine.gregor.mutators.NonVoidMethodCallMutator,build,104,NO_COVERAGE,none
ResultMap.java,org.apache.ibatis.mapping.ResultMap$Builder,org.pitest.mutationtest.engine.gregor.mutators.NonVoidMethodCallMutator,build,104,NO_COVERAGE,none
ResultMap.java,org.apache.ibatis.mapping.ResultMap$Builder,org.pitest.mutationtest.engine.gregor.mutators.NonVoidMethodCallMutator,build,110,KILLED,org.apache.ibatis.submitted.extend.ExtendTest.org.apache.ibatis.submitted.extend.ExtendTest
ResultMap.java,org.apache.ibatis.mapping.ResultMap$Builder,org.pitest.mutationtest.engine.gregor.mutators.NonVoidMethodCallMutator,build,110,KILLED,org.apache.ibatis.submitted.extend.ExtendTest.org.apache.ibatis.submitted.extend.ExtendTest
ResultMap.java,org.apache.ibatis.mapping.ResultMap$Builder,org.pitest.mutationtest.engine.gregor.mutators.NonVoidMethodCallMutator,build,112,KILLED,org.apache.ibatis.submitted.extend.ExtendTest.org.apache.ibatis.submitted.extend.ExtendTest
ResultMap.java,org.apache.ibatis.mapping.ResultMap$Builder,org.pitest.mutationtest.engine.gregor.mutators.NonVoidMethodCallMutator,build,112,KILLED,org.apache.ibatis.submitted.extend.ExtendTest.org.apache.ibatis.submitted.extend.ExtendTest
ResultMap.java,org.apache.ibatis.mapping.ResultMap$Builder,org.pitest.mutationtest.engine.gregor.mutators.NonVoidMethodCallMutator,build,113,NO_COVERAGE,none
ResultMap.java,org.apache.ibatis.mapping.ResultMap$Builder,org.pitest.mutationtest.engine.gregor.mutators.NonVoidMethodCallMutator,build,113,NO_COVERAGE,none
ResultMap.java,org.apache.ibatis.mapping.ResultMap$Builder,org.pitest.mutationtest.engine.gregor.mutators.NonVoidMethodCallMutator,build,114,NO_COVERAGE,none
ResultMap.java,org.apache.ibatis.mapping.ResultMap$Builder,org.pitest.mutationtest.engine.gregor.mutators.NonVoidMethodCallMutator,build,115,NO_COVERAGE,none
ResultMap.java,org.apache.ibatis.mapping.ResultMap$Builder,org.pitest.mutationtest.engine.gregor.mutators.NonVoidMethodCallMutator,build,115,NO_COVERAGE,none
ResultMap.java,org.apache.ibatis.mapping.ResultMap$Builder,org.pitest.mutationtest.engine.gregor.mutators.NonVoidMethodCallMutator,build,121,NO_COVERAGE,none
ResultMap.java,org.apache.ibatis.mapping.ResultMap$Builder,org.pitest.mutationtest.engine.gregor.mutators.NonVoidMethodCallMutator,build,124,KILLED,org.apache.ibatis.submitted.extend.ExtendTest.org.apache.ibatis.submitted.extend.ExtendTest
ResultMap.java,org.apache.ibatis.mapping.ResultMap$Builder,org.pitest.mutationtest.engine.gregor.mutators.NonVoidMethodCallMutator,build,125,KILLED,org.apache.ibatis.submitted.extend.ExtendTest.org.apache.ibatis.submitted.extend.ExtendTest
ResultMap.java,org.apache.ibatis.mapping.ResultMap$Builder,org.pitest.mutationtest.engine.gregor.mutators.NonVoidMethodCallMutator,build,125,KILLED,org.apache.ibatis.submitted.extend.ExtendTest.org.apache.ibatis.submitted.extend.ExtendTest
ResultMap.java,org.apache.ibatis.mapping.ResultMap$Builder,org.pitest.mutationtest.engine.gregor.mutators.NonVoidMethodCallMutator,build,125,KILLED,org.apache.ibatis.submitted.extend.ExtendTest.org.apache.ibatis.submitted.extend.ExtendTest
ResultMap.java,org.apache.ibatis.mapping.ResultMap$Builder,org.pitest.mutationtest.engine.gregor.mutators.NonVoidMethodCallMutator,build,128,NO_COVERAGE,none
ResultMap.java,org.apache.ibatis.mapping.ResultMap$Builder,org.pitest.mutationtest.engine.gregor.mutators.NonVoidMethodCallMutator,build,130,NO_COVERAGE,none
ResultMap.java,org.apache.ibatis.mapping.ResultMap$Builder,org.pitest.mutationtest.engine.gregor.mutators.NonVoidMethodCallMutator,build,131,NO_COVERAGE,none
ResultMap.java,org.apache.ibatis.mapping.ResultMap$Builder,org.pitest.mutationtest.engine.gregor.mutators.NonVoidMethodCallMutator,build,131,NO_COVERAGE,none
ResultMap.java,org.apache.ibatis.mapping.ResultMap$Builder,org.pitest.mutationtest.engine.gregor.mutators.NonVoidMethodCallMutator,build,131,NO_COVERAGE,none
ResultMap.java,org.apache.ibatis.mapping.ResultMap$Builder,org.pitest.mutationtest.engine.gregor.mutators.NonVoidMethodCallMutator,build,131,NO_COVERAGE,none
ResultMap.java,org.apache.ibatis.mapping.ResultMap$Builder,org.pitest.mutationtest.engine.gregor.mutators.NonVoidMethodCallMutator,build,131,NO_COVERAGE,none
ResultMap.java,org.apache.ibatis.mapping.ResultMap$Builder,org.pitest.mutationtest.engine.gregor.mutators.NonVoidMethodCallMutator,build,131,NO_COVERAGE,none
ResultMap.java,org.apache.ibatis.mapping.ResultMap$Builder,org.pitest.mutationtest.engine.gregor.mutators.NonVoidMethodCallMutator,build,131,NO_COVERAGE,none
ResultMap.java,org.apache.ibatis.mapping.ResultMap$Builder,org.pitest.mutationtest.engine.gregor.mutators.NonVoidMethodCallMutator,build,134,NO_COVERAGE,none
ResultMap.java,org.apache.ibatis.mapping.ResultMap$Builder,org.pitest.mutationtest.engine.gregor.mutators.NonVoidMethodCallMutator,build,145,KILLED,org.apache.ibatis.submitted.extend.ExtendTest.org.apache.ibatis.submitted.extend.ExtendTest
ResultMap.java,org.apache.ibatis.mapping.ResultMap$Builder,org.pitest.mutationtest.engine.gregor.mutators.NonVoidMethodCallMutator,build,145,KILLED,org.apache.ibatis.submitted.extend.ExtendTest.org.apache.ibatis.submitted.extend.ExtendTest
ResultMap.java,org.apache.ibatis.mapping.ResultMap$Builder,org.pitest.mutationtest.engine.gregor.mutators.NonVoidMethodCallMutator,build,147,KILLED,org.apache.ibatis.submitted.extend.ExtendTest.org.apache.ibatis.submitted.extend.ExtendTest
ResultMap.java,org.apache.ibatis.mapping.ResultMap$Builder,org.pitest.mutationtest.engine.gregor.mutators.NonVoidMethodCallMutator,build,147,KILLED,org.apache.ibatis.submitted.extend.ExtendTest.org.apache.ibatis.submitted.extend.ExtendTest
ResultMap.java,org.apache.ibatis.mapping.ResultMap$Builder,org.pitest.mutationtest.engine.gregor.mutators.RemoveConditionalMutator_EQUAL_ELSE,build,95,KILLED,org.apache.ibatis.submitted.extend.ExtendTest.org.apache.ibatis.submitted.extend.ExtendTest
ResultMap.java,org.apache.ibatis.mapping.ResultMap$Builder,org.pitest.mutationtest.engine.gregor.mutators.RemoveConditionalMutator_EQUAL_ELSE,build,96,KILLED,org.apache.ibatis.submitted.extend.ExtendTest.org.apache.ibatis.submitted.extend.ExtendTest
ResultMap.java,org.apache.ibatis.mapping.ResultMap$Builder,org.pitest.mutationtest.engine.gregor.mutators.RemoveConditionalMutator_EQUAL_ELSE,build,100,NO_COVERAGE,none
ResultMap.java,org.apache.ibatis.mapping.ResultMap$Builder,org.pitest.mutationtest.engine.gregor.mutators.RemoveConditionalMutator_EQUAL_ELSE,build,101,NO_COVERAGE,none
ResultMap.java,org.apache.ibatis.mapping.ResultMap$Builder,org.pitest.mutationtest.engine.gregor.mutators.RemoveConditionalMutator_EQUAL_ELSE,build,103,NO_COVERAGE,none
ResultMap.java,org.apache.ibatis.mapping.ResultMap$Builder,org.pitest.mutationtest.engine.gregor.mutators.RemoveConditionalMutator_EQUAL_ELSE,build,109,KILLED,org.apache.ibatis.submitted.extend.ExtendTest.org.apache.ibatis.submitted.extend.ExtendTest
ResultMap.java,org.apache.ibatis.mapping.ResultMap$Builder,org.pitest.mutationtest.engine.gregor.mutators.RemoveConditionalMutator_EQUAL_ELSE,build,114,NO_COVERAGE,none
ResultMap.java,org.apache.ibatis.mapping.ResultMap$Builder,org.pitest.mutationtest.engine.gregor.mutators.RemoveConditionalMutator_EQUAL_ELSE,build,129,NO_COVERAGE,none
ResultMap.java,org.apache.ibatis.mapping.ResultMap$Builder,org.pitest.mutationtest.engine.gregor.mutators.RemoveConditionalMutator_EQUAL_IF,build,95,KILLED,org.apache.ibatis.submitted.extend.ExtendTest.org.apache.ibatis.submitted.extend.ExtendTest
ResultMap.java,org.apache.ibatis.mapping.ResultMap$Builder,org.pitest.mutationtest.engine.gregor.mutators.RemoveConditionalMutator_EQUAL_IF,build,98,KILLED,org.apache.ibatis.submitted.extend.ExtendTest.org.apache.ibatis.submitted.extend.ExtendTest
ResultMap.java,org.apache.ibatis.mapping.ResultMap$Builder,org.pitest.mutationtest.engine.gregor.mutators.RemoveConditionalMutator_EQUAL_IF,build,100,NO_COVERAGE,none
ResultMap.java,org.apache.ibatis.mapping.ResultMap$Builder,org.pitest.mutationtest.engine.gregor.mutators.RemoveConditionalMutator_EQUAL_IF,build,101,NO_COVERAGE,none
ResultMap.java,org.apache.ibatis.mapping.ResultMap$Builder,org.pitest.mutationtest.engine.gregor.mutators.RemoveConditionalMutator_EQUAL_IF,build,103,NO_COVERAGE,none
ResultMap.java,org.apache.ibatis.mapping.ResultMap$Builder,org.pitest.mutationtest.engine.gregor.mutators.RemoveConditionalMutator_EQUAL_IF,build,112,KILLED,org.apache.ibatis.submitted.extend.ExtendTest.org.apache.ibatis.submitted.extend.ExtendTest
ResultMap.java,org.apache.ibatis.mapping.ResultMap$Builder,org.pitest.mutationtest.engine.gregor.mutators.RemoveConditionalMutator_EQUAL_IF,build,114,NO_COVERAGE,none
ResultMap.java,org.apache.ibatis.mapping.ResultMap$Builder,org.pitest.mutationtest.engine.gregor.mutators.RemoveConditionalMutator_EQUAL_IF,build,129,NO_COVERAGE,none
ResultMap.java,org.apache.ibatis.mapping.ResultMap$Builder,org.pitest.mutationtest.engine.gregor.mutators.VoidMethodCallMutator,build,134,NO_COVERAGE,none
ResultMap.java,org.apache.ibatis.mapping.ResultMap$Builder,org.pitest.mutationtest.engine.gregor.mutators.ArgumentPropagationMutator,discriminator,76,KILLED,org.apache.ibatis.submitted.extend.ExtendTest.org.apache.ibatis.submitted.extend.ExtendTest
ResultMap.java,org.apache.ibatis.mapping.ResultMap$Builder,org.pitest.mutationtest.engine.gregor.mutators.NonVoidMethodCallMutator,discriminator,76,KILLED,org.apache.ibatis.submitted.extend.ExtendTest.org.apache.ibatis.submitted.extend.ExtendTest
ResultMap.java,org.apache.ibatis.mapping.ResultMap$Builder,org.pitest.mutationtest.engine.gregor.mutators.ConditionalsBoundaryMutator,getArgNames,192,NO_COVERAGE,none
ResultMap.java,org.apache.ibatis.mapping.ResultMap$Builder,org.pitest.mutationtest.engine.gregor.mutators.ConditionalsBoundaryMutator,getArgNames,194,NO_COVERAGE,none
ResultMap.java,org.apache.ibatis.mapping.ResultMap$Builder,org.pitest.mutationtest.engine.gregor.mutators.ConstructorCallMutator,getArgNames,189,NO_COVERAGE,none
ResultMap.java,org.apache.ibatis.mapping.ResultMap$Builder,org.pitest.mutationtest.engine.gregor.mutators.ConstructorCallMutator,getArgNames,200,NO_COVERAGE,none
ResultMap.java,org.apache.ibatis.mapping.ResultMap$Builder,org.pitest.mutationtest.engine.gregor.mutators.IncrementsMutator,getArgNames,194,NO_COVERAGE,none
ResultMap.java,org.apache.ibatis.mapping.ResultMap$Builder,org.pitest.mutationtest.engine.gregor.mutators.IncrementsMutator,getArgNames,192,NO_COVERAGE,none
ResultMap.java,org.apache.ibatis.mapping.ResultMap$Builder,org.pitest.mutationtest.engine.gregor.mutators.InlineConstantMutator,getArgNames,192,NO_COVERAGE,none
ResultMap.java,org.apache.ibatis.mapping.ResultMap$Builder,org.pitest.mutationtest.engine.gregor.mutators.InlineConstantMutator,getArgNames,194,NO_COVERAGE,none
ResultMap.java,org.apache.ibatis.mapping.ResultMap$Builder,org.pitest.mutationtest.engine.gregor.mutators.NegateConditionalsMutator,getArgNames,186,NO_COVERAGE,none
ResultMap.java,org.apache.ibatis.mapping.ResultMap$Builder,org.pitest.mutationtest.engine.gregor.mutators.NegateConditionalsMutator,getArgNames,186,NO_COVERAGE,none
ResultMap.java,org.apache.ibatis.mapping.ResultMap$Builder,org.pitest.mutationtest.engine.gregor.mutators.NegateConditionalsMutator,getArgNames,192,NO_COVERAGE,none
ResultMap.java,org.apache.ibatis.mapping.ResultMap$Builder,org.pitest.mutationtest.engine.gregor.mutators.NegateConditionalsMutator,getArgNames,194,NO_COVERAGE,none
ResultMap.java,org.apache.ibatis.mapping.ResultMap$Builder,org.pitest.mutationtest.engine.gregor.mutators.NegateConditionalsMutator,getArgNames,195,NO_COVERAGE,none
ResultMap.java,org.apache.ibatis.mapping.ResultMap$Builder,org.pitest.mutationtest.engine.gregor.mutators.NegateConditionalsMutator,getArgNames,200,NO_COVERAGE,none
ResultMap.java,org.apache.ibatis.mapping.ResultMap$Builder,org.pitest.mutationtest.engine.gregor.mutators.NonVoidMethodCallMutator,getArgNames,186,NO_COVERAGE,none
ResultMap.java,org.apache.ibatis.mapping.ResultMap$Builder,org.pitest.mutationtest.engine.gregor.mutators.NonVoidMethodCallMutator,getArgNames,186,NO_COVERAGE,none
ResultMap.java,org.apache.ibatis.mapping.ResultMap$Builder,org.pitest.mutationtest.engine.gregor.mutators.NonVoidMethodCallMutator,getArgNames,187,NO_COVERAGE,none
ResultMap.java,org.apache.ibatis.mapping.ResultMap$Builder,org.pitest.mutationtest.engine.gregor.mutators.NonVoidMethodCallMutator,getArgNames,190,NO_COVERAGE,none
ResultMap.java,org.apache.ibatis.mapping.ResultMap$Builder,org.pitest.mutationtest.engine.gregor.mutators.NonVoidMethodCallMutator,getArgNames,196,NO_COVERAGE,none
ResultMap.java,org.apache.ibatis.mapping.ResultMap$Builder,org.pitest.mutationtest.engine.gregor.mutators.NonVoidMethodCallMutator,getArgNames,200,NO_COVERAGE,none
ResultMap.java,org.apache.ibatis.mapping.ResultMap$Builder,org.pitest.mutationtest.engine.gregor.mutators.NonVoidMethodCallMutator,getArgNames,200,NO_COVERAGE,none
ResultMap.java,org.apache.ibatis.mapping.ResultMap$Builder,org.pitest.mutationtest.engine.gregor.mutators.NonVoidMethodCallMutator,getArgNames,200,NO_COVERAGE,none
ResultMap.java,org.apache.ibatis.mapping.ResultMap$Builder,org.pitest.mutationtest.engine.gregor.mutators.NonVoidMethodCallMutator,getArgNames,200,NO_COVERAGE,none
ResultMap.java,org.apache.ibatis.mapping.ResultMap$Builder,org.pitest.mutationtest.engine.gregor.mutators.RemoveConditionalMutator_EQUAL_ELSE,getArgNames,186,NO_COVERAGE,none
ResultMap.java,org.apache.ibatis.mapping.ResultMap$Builder,org.pitest.mutationtest.engine.gregor.mutators.RemoveConditionalMutator_EQUAL_ELSE,getArgNames,186,NO_COVERAGE,none
ResultMap.java,org.apache.ibatis.mapping.ResultMap$Builder,org.pitest.mutationtest.engine.gregor.mutators.RemoveConditionalMutator_EQUAL_ELSE,getArgNames,195,NO_COVERAGE,none
ResultMap.java,org.apache.ibatis.mapping.ResultMap$Builder,org.pitest.mutationtest.engine.gregor.mutators.RemoveConditionalMutator_EQUAL_ELSE,getArgNames,200,NO_COVERAGE,none
ResultMap.java,org.apache.ibatis.mapping.ResultMap$Builder,org.pitest.mutationtest.engine.gregor.mutators.RemoveConditionalMutator_EQUAL_IF,getArgNames,186,NO_COVERAGE,none
ResultMap.java,org.apache.ibatis.mapping.ResultMap$Builder,org.pitest.mutationtest.engine.gregor.mutators.RemoveConditionalMutator_EQUAL_IF,getArgNames,186,NO_COVERAGE,none
ResultMap.java,org.apache.ibatis.mapping.ResultMap$Builder,org.pitest.mutationtest.engine.gregor.mutators.RemoveConditionalMutator_EQUAL_IF,getArgNames,195,NO_COVERAGE,none
ResultMap.java,org.apache.ibatis.mapping.ResultMap$Builder,org.pitest.mutationtest.engine.gregor.mutators.RemoveConditionalMutator_EQUAL_IF,getArgNames,200,NO_COVERAGE,none
ResultMap.java,org.apache.ibatis.mapping.ResultMap$Builder,org.pitest.mutationtest.engine.gregor.mutators.RemoveConditionalMutator_ORDER_ELSE,getArgNames,192,NO_COVERAGE,none
ResultMap.java,org.apache.ibatis.mapping.ResultMap$Builder,org.pitest.mutationtest.engine.gregor.mutators.RemoveConditionalMutator_ORDER_ELSE,getArgNames,194,NO_COVERAGE,none
ResultMap.java,org.apache.ibatis.mapping.ResultMap$Builder,org.pitest.mutationtest.engine.gregor.mutators.RemoveConditionalMutator_ORDER_IF,getArgNames,192,NO_COVERAGE,none
ResultMap.java,org.apache.ibatis.mapping.ResultMap$Builder,org.pitest.mutationtest.engine.gregor.mutators.RemoveConditionalMutator_ORDER_IF,getArgNames,194,NO_COVERAGE,none
ResultMap.java,org.apache.ibatis.mapping.ResultMap$Builder,org.pitest.mutationtest.engine.gregor.mutators.ReturnValsMutator,getArgNames,187,NO_COVERAGE,none
ResultMap.java,org.apache.ibatis.mapping.ResultMap$Builder,org.pitest.mutationtest.engine.gregor.mutators.ReturnValsMutator,getArgNames,202,NO_COVERAGE,none
ResultMap.java,org.apache.ibatis.mapping.ResultMap$Builder,org.pitest.mutationtest.engine.gregor.mutators.experimental.RemoveIncrementsMutator,getArgNames,194,NO_COVERAGE,none
ResultMap.java,org.apache.ibatis.mapping.ResultMap$Builder,org.pitest.mutationtest.engine.gregor.mutators.experimental.RemoveIncrementsMutator,getArgNames,192,NO_COVERAGE,none
ResultMap.java,org.apache.ibatis.mapping.ResultMap$Builder,org.pitest.mutationtest.engine.gregor.mutators.NonVoidMethodCallMutator,type,81,NO_COVERAGE,none
ResultMap.java,org.apache.ibatis.mapping.ResultMap$Builder,org.pitest.mutationtest.engine.gregor.mutators.ReturnValsMutator,type,81,NO_COVERAGE,none
MapperMethod.java,org.apache.ibatis.binding.MapperMethod,org.pitest.mutationtest.engine.gregor.mutators.experimental.MemberVariableMutator,<init>,49,KILLED,org.apache.ibatis.submitted.extend.ExtendTest.org.apache.ibatis.submitted.extend.ExtendTest
MapperMethod.java,org.apache.ibatis.binding.MapperMethod,org.pitest.mutationtest.engine.gregor.mutators.ArgumentPropagationMutator,convertToArray,179,NO_COVERAGE,none
MapperMethod.java,org.apache.ibatis.binding.MapperMethod,org.pitest.mutationtest.engine.gregor.mutators.ConditionalsBoundaryMutator,convertToArray,174,NO_COVERAGE,none
MapperMethod.java,org.apache.ibatis.binding.MapperMethod,org.pitest.mutationtest.engine.gregor.mutators.IncrementsMutator,convertToArray,174,NO_COVERAGE,none
MapperMethod.java,org.apache.ibatis.binding.MapperMethod,org.pitest.mutationtest.engine.gregor.mutators.InlineConstantMutator,convertToArray,174,NO_COVERAGE,none
MapperMethod.java,org.apache.ibatis.binding.MapperMethod,org.pitest.mutationtest.engine.gregor.mutators.NegateConditionalsMutator,convertToArray,173,NO_COVERAGE,none
MapperMethod.java,org.apache.ibatis.binding.MapperMethod,org.pitest.mutationtest.engine.gregor.mutators.NegateConditionalsMutator,convertToArray,174,NO_COVERAGE,none
MapperMethod.java,org.apache.ibatis.binding.MapperMethod,org.pitest.mutationtest.engine.gregor.mutators.NonVoidMethodCallMutator,convertToArray,171,NO_COVERAGE,none
MapperMethod.java,org.apache.ibatis.binding.MapperMethod,org.pitest.mutationtest.engine.gregor.mutators.NonVoidMethodCallMutator,convertToArray,171,NO_COVERAGE,none
MapperMethod.java,org.apache.ibatis.binding.MapperMethod,org.pitest.mutationtest.engine.gregor.mutators.NonVoidMethodCallMutator,convertToArray,172,NO_COVERAGE,none
MapperMethod.java,org.apache.ibatis.binding.MapperMethod,org.pitest.mutationtest.engine.gregor.mutators.NonVoidMethodCallMutator,convertToArray,172,NO_COVERAGE,none
MapperMethod.java,org.apache.ibatis.binding.MapperMethod,org.pitest.mutationtest.engine.gregor.mutators.NonVoidMethodCallMutator,convertToArray,173,NO_COVERAGE,none
MapperMethod.java,org.apache.ibatis.binding.MapperMethod,org.pitest.mutationtest.engine.gregor.mutators.NonVoidMethodCallMutator,convertToArray,174,NO_COVERAGE,none
MapperMethod.java,org.apache.ibatis.binding.MapperMethod,org.pitest.mutationtest.engine.gregor.mutators.NonVoidMethodCallMutator,convertToArray,175,NO_COVERAGE,none
MapperMethod.java,org.apache.ibatis.binding.MapperMethod,org.pitest.mutationtest.engine.gregor.mutators.NonVoidMethodCallMutator,convertToArray,179,NO_COVERAGE,none
MapperMethod.java,org.apache.ibatis.binding.MapperMethod,org.pitest.mutationtest.engine.gregor.mutators.RemoveConditionalMutator_EQUAL_ELSE,convertToArray,173,NO_COVERAGE,none
MapperMethod.java,org.apache.ibatis.binding.MapperMethod,org.pitest.mutationtest.engine.gregor.mutators.RemoveConditionalMutator_EQUAL_IF,convertToArray,173,NO_COVERAGE,none
MapperMethod.java,org.apache.ibatis.binding.MapperMethod,org.pitest.mutationtest.engine.gregor.mutators.RemoveConditionalMutator_ORDER_ELSE,convertToArray,174,NO_COVERAGE,none
MapperMethod.java,org.apache.ibatis.binding.MapperMethod,org.pitest.mutationtest.engine.gregor.mutators.RemoveConditionalMutator_ORDER_IF,convertToArray,174,NO_COVERAGE,none
MapperMethod.java,org.apache.ibatis.binding.MapperMethod,org.pitest.mutationtest.engine.gregor.mutators.ReturnValsMutator,convertToArray,177,NO_COVERAGE,none
MapperMethod.java,org.apache.ibatis.binding.MapperMethod,org.pitest.mutationtest.engine.gregor.mutators.ReturnValsMutator,convertToArray,179,NO_COVERAGE,none
MapperMethod.java,org.apache.ibatis.binding.MapperMethod,org.pitest.mutationtest.engine.gregor.mutators.VoidMethodCallMutator,convertToArray,175,NO_COVERAGE,none
MapperMethod.java,org.apache.ibatis.binding.MapperMethod,org.pitest.mutationtest.engine.gregor.mutators.NonVoidMethodCallMutator,convertToDeclaredCollection,163,NO_COVERAGE,none
MapperMethod.java,org.apache.ibatis.binding.MapperMethod,org.pitest.mutationtest.engine.gregor.mutators.NonVoidMethodCallMutator,convertToDeclaredCollection,163,NO_COVERAGE,none
MapperMethod.java,org.apache.ibatis.binding.MapperMethod,org.pitest.mutationtest.engine.gregor.mutators.NonVoidMethodCallMutator,convertToDeclaredCollection,163,NO_COVERAGE,none
MapperMethod.java,org.apache.ibatis.binding.MapperMethod,org.pitest.mutationtest.engine.gregor.mutators.NonVoidMethodCallMutator,convertToDeclaredCollection,164,NO_COVERAGE,none
MapperMethod.java,org.apache.ibatis.binding.MapperMethod,org.pitest.mutationtest.engine.gregor.mutators.ReturnValsMutator,convertToDeclaredCollection,166,NO_COVERAGE,none
MapperMethod.java,org.apache.ibatis.binding.MapperMethod,org.pitest.mutationtest.engine.gregor.mutators.VoidMethodCallMutator,convertToDeclaredCollection,165,NO_COVERAGE,none
MapperMethod.java,org.apache.ibatis.binding.MapperMethod,org.pitest.mutationtest.engine.gregor.mutators.ConstructorCallMutator,execute,89,NO_COVERAGE,none
MapperMethod.java,org.apache.ibatis.binding.MapperMethod,org.pitest.mutationtest.engine.gregor.mutators.ConstructorCallMutator,execute,89,NO_COVERAGE,none
MapperMethod.java,org.apache.ibatis.binding.MapperMethod,org.pitest.mutationtest.engine.gregor.mutators.ConstructorCallMutator,execute,92,NO_COVERAGE,none
MapperMethod.java,org.apache.ibatis.binding.MapperMethod,org.pitest.mutationtest.engine.gregor.mutators.ConstructorCallMutator,execute,93,NO_COVERAGE,none
MapperMethod.java,org.apache.ibatis.binding.MapperMethod,org.pitest.mutationtest.engine.gregor.mutators.NegateConditionalsMutator,execute,71,SURVIVED,none
MapperMethod.java,org.apache.ibatis.binding.MapperMethod,org.pitest.mutationtest.engine.gregor.mutators.NonVoidMethodCallMutator,execute,56,NO_COVERAGE,none
MapperMethod.java,org.apache.ibatis.binding.MapperMethod,org.pitest.mutationtest.engine.gregor.mutators.NonVoidMethodCallMutator,execute,57,NO_COVERAGE,none
MapperMethod.java,org.apache.ibatis.binding.MapperMethod,org.pitest.mutationtest.engine.gregor.mutators.NonVoidMethodCallMutator,execute,57,NO_COVERAGE,none
MapperMethod.java,org.apache.ibatis.binding.MapperMethod,org.pitest.mutationtest.engine.gregor.mutators.NonVoidMethodCallMutator,execute,57,NO_COVERAGE,none
MapperMethod.java,org.apache.ibatis.binding.MapperMethod,org.pitest.mutationtest.engine.gregor.mutators.NonVoidMethodCallMutator,execute,61,NO_COVERAGE,none
MapperMethod.java,org.apache.ibatis.binding.MapperMethod,org.pitest.mutationtest.engine.gregor.mutators.NonVoidMethodCallMutator,execute,62,NO_COVERAGE,none
MapperMethod.java,org.apache.ibatis.binding.MapperMethod,org.pitest.mutationtest.engine.gregor.mutators.NonVoidMethodCallMutator,execute,62,NO_COVERAGE,none
MapperMethod.java,org.apache.ibatis.binding.MapperMethod,org.pitest.mutationtest.engine.gregor.mutators.NonVoidMethodCallMutator,execute,62,NO_COVERAGE,none
MapperMethod.java,org.apache.ibatis.binding.MapperMethod,org.pitest.mutationtest.engine.gregor.mutators.NonVoidMethodCallMutator,execute,66,NO_COVERAGE,none
MapperMethod.java,org.apache.ibatis.binding.MapperMethod,org.pitest.mutationtest.engine.gregor.mutators.NonVoidMethodCallMutator,execute,67,NO_COVERAGE,none
MapperMethod.java,org.apache.ibatis.binding.MapperMethod,org.pitest.mutationtest.engine.gregor.mutators.NonVoidMethodCallMutator,execute,67,NO_COVERAGE,none
MapperMethod.java,org.apache.ibatis.binding.MapperMethod,org.pitest.mutationtest.engine.gregor.mutators.NonVoidMethodCallMutator,execute,67,NO_COVERAGE,none
MapperMethod.java,org.apache.ibatis.binding.MapperMethod,org.pitest.mutationtest.engine.gregor.mutators.NonVoidMethodCallMutator,execute,71,KILLED,org.apache.ibatis.submitted.extend.ExtendTest.org.apache.ibatis.submitted.extend.ExtendTest
MapperMethod.java,org.apache.ibatis.binding.MapperMethod,org.pitest.mutationtest.engine.gregor.mutators.NonVoidMethodCallMutator,execute,71,KILLED,org.apache.ibatis.submitted.extend.ExtendTest.org.apache.ibatis.submitted.extend.ExtendTest
MapperMethod.java,org.apache.ibatis.binding.MapperMethod,org.pitest.mutationtest.engine.gregor.mutators.NonVoidMethodCallMutator,execute,75,NO_COVERAGE,none
MapperMethod.java,org.apache.ibatis.binding.MapperMethod,org.pitest.mutationtest.engine.gregor.mutators.NonVoidMethodCallMutator,execute,76,KILLED,org.apache.ibatis.submitted.extend.ExtendTest.org.apache.ibatis.submitted.extend.ExtendTest
MapperMethod.java,org.apache.ibatis.binding.MapperMethod,org.pitest.mutationtest.engine.gregor.mutators.NonVoidMethodCallMutator,execute,77,NO_COVERAGE,none
MapperMethod.java,org.apache.ibatis.binding.MapperMethod,org.pitest.mutationtest.engine.gregor.mutators.NonVoidMethodCallMutator,execute,79,NO_COVERAGE,none
MapperMethod.java,org.apache.ibatis.binding.MapperMethod,org.pitest.mutationtest.engine.gregor.mutators.NonVoidMethodCallMutator,execute,82,KILLED,org.apache.ibatis.submitted.extend.ExtendTest.org.apache.ibatis.submitted.extend.ExtendTest
MapperMethod.java,org.apache.ibatis.binding.MapperMethod,org.pitest.mutationtest.engine.gregor.mutators.NonVoidMethodCallMutator,execute,86,NO_COVERAGE,none
MapperMethod.java,org.apache.ibatis.binding.MapperMethod,org.pitest.mutationtest.engine.gregor.mutators.NonVoidMethodCallMutator,execute,89,NO_COVERAGE,none
MapperMethod.java,org.apache.ibatis.binding.MapperMethod,org.pitest.mutationtest.engine.gregor.mutators.NonVoidMethodCallMutator,execute,89,NO_COVERAGE,none
MapperMethod.java,org.apache.ibatis.binding.MapperMethod,org.pitest.mutationtest.engine.gregor.mutators.NonVoidMethodCallMutator,execute,89,NO_COVERAGE,none
MapperMethod.java,org.apache.ibatis.binding.MapperMethod,org.pitest.mutationtest.engine.gregor.mutators.NonVoidMethodCallMutator,execute,89,NO_COVERAGE,none
MapperMethod.java,org.apache.ibatis.binding.MapperMethod,org.pitest.mutationtest.engine.gregor.mutators.NonVoidMethodCallMutator,execute,92,NO_COVERAGE,none
MapperMethod.java,org.apache.ibatis.binding.MapperMethod,org.pitest.mutationtest.engine.gregor.mutators.NonVoidMethodCallMutator,execute,92,NO_COVERAGE,none
MapperMethod.java,org.apache.ibatis.binding.MapperMethod,org.pitest.mutationtest.engine.gregor.mutators.NonVoidMethodCallMutator,execute,92,NO_COVERAGE,none
MapperMethod.java,org.apache.ibatis.binding.MapperMethod,org.pitest.mutationtest.engine.gregor.mutators.NonVoidMethodCallMutator,execute,92,NO_COVERAGE,none
MapperMethod.java,org.apache.ibatis.binding.MapperMethod,org.pitest.mutationtest.engine.gregor.mutators.NonVoidMethodCallMutator,execute,93,NO_COVERAGE,none
MapperMethod.java,org.apache.ibatis.binding.MapperMethod,org.pitest.mutationtest.engine.gregor.mutators.NonVoidMethodCallMutator,execute,93,NO_COVERAGE,none
MapperMethod.java,org.apache.ibatis.binding.MapperMethod,org.pitest.mutationtest.engine.gregor.mutators.NonVoidMethodCallMutator,execute,93,NO_COVERAGE,none
MapperMethod.java,org.apache.ibatis.binding.MapperMethod,org.pitest.mutationtest.engine.gregor.mutators.NonVoidMethodCallMutator,execute,93,NO_COVERAGE,none
MapperMethod.java,org.apache.ibatis.binding.MapperMethod,org.pitest.mutationtest.engine.gregor.mutators.RemoveConditionalMutator_EQUAL_ELSE,execute,74,KILLED,org.apache.ibatis.submitted.extend.ExtendTest.org.apache.ibatis.submitted.extend.ExtendTest
MapperMethod.java,org.apache.ibatis.binding.MapperMethod,org.pitest.mutationtest.engine.gregor.mutators.RemoveConditionalMutator_EQUAL_ELSE,execute,78,KILLED,org.apache.ibatis.submitted.extend.ExtendTest.org.apache.ibatis.submitted.extend.ExtendTest
MapperMethod.java,org.apache.ibatis.binding.MapperMethod,org.pitest.mutationtest.engine.gregor.mutators.RemoveConditionalMutator_EQUAL_ELSE,execute,91,KILLED,org.apache.ibatis.submitted.extend.ExtendTest.org.apache.ibatis.submitted.extend.ExtendTest
MapperMethod.java,org.apache.ibatis.binding.MapperMethod,org.pitest.mutationtest.engine.gregor.mutators.VoidMethodCallMutator,execute,72,NO_COVERAGE,none
MapperMethod.java,org.apache.ibatis.binding.MapperMethod,org.pitest.mutationtest.engine.gregor.mutators.experimental.RemoveSwitchMutator_2,execute,54,KILLED,org.apache.ibatis.submitted.extend.ExtendTest.org.apache.ibatis.submitted.extend.ExtendTest
MapperMethod.java,org.apache.ibatis.binding.MapperMethod,org.pitest.mutationtest.engine.gregor.mutators.experimental.RemoveSwitchMutator_3,execute,54,KILLED,org.apache.ibatis.submitted.extend.ExtendTest.org.apache.ibatis.submitted.extend.ExtendTest
MapperMethod.java,org.apache.ibatis.binding.MapperMethod,org.pitest.mutationtest.engine.gregor.mutators.experimental.SwitchMutator,execute,54,KILLED,org.apache.ibatis.submitted.extend.ExtendTest.org.apache.ibatis.submitted.extend.ExtendTest
MapperMethod.java,org.apache.ibatis.binding.MapperMethod,org.pitest.mutationtest.engine.gregor.mutators.NegateConditionalsMutator,executeForCursor,153,NO_COVERAGE,none
MapperMethod.java,org.apache.ibatis.binding.MapperMethod,org.pitest.mutationtest.engine.gregor.mutators.NonVoidMethodCallMutator,executeForCursor,152,NO_COVERAGE,none
MapperMethod.java,org.apache.ibatis.binding.MapperMethod,org.pitest.mutationtest.engine.gregor.mutators.NonVoidMethodCallMutator,executeForCursor,153,NO_COVERAGE,none
MapperMethod.java,org.apache.ibatis.binding.MapperMethod,org.pitest.mutationtest.engine.gregor.mutators.NonVoidMethodCallMutator,executeForCursor,154,NO_COVERAGE,none
MapperMethod.java,org.apache.ibatis.binding.MapperMethod,org.pitest.mutationtest.engine.gregor.mutators.NonVoidMethodCallMutator,executeForCursor,155,NO_COVERAGE,none
MapperMethod.java,org.apache.ibatis.binding.MapperMethod,org.pitest.mutationtest.engine.gregor.mutators.NonVoidMethodCallMutator,executeForCursor,155,NO_COVERAGE,none
MapperMethod.java,org.apache.ibatis.binding.MapperMethod,org.pitest.mutationtest.engine.gregor.mutators.NonVoidMethodCallMutator,executeForCursor,157,NO_COVERAGE,none
MapperMethod.java,org.apache.ibatis.binding.MapperMethod,org.pitest.mutationtest.engine.gregor.mutators.NonVoidMethodCallMutator,executeForCursor,157,NO_COVERAGE,none
MapperMethod.java,org.apache.ibatis.binding.MapperMethod,org.pitest.mutationtest.engine.gregor.mutators.RemoveConditionalMutator_EQUAL_ELSE,executeForCursor,153,NO_COVERAGE,none
MapperMethod.java,org.apache.ibatis.binding.MapperMethod,org.pitest.mutationtest.engine.gregor.mutators.RemoveConditionalMutator_EQUAL_IF,executeForCursor,153,NO_COVERAGE,none
MapperMethod.java,org.apache.ibatis.binding.MapperMethod,org.pitest.mutationtest.engine.gregor.mutators.NegateConditionalsMutator,executeForMany,133,NO_COVERAGE,none
MapperMethod.java,org.apache.ibatis.binding.MapperMethod,org.pitest.mutationtest.engine.gregor.mutators.NegateConditionalsMutator,executeForMany,140,NO_COVERAGE,none
MapperMethod.java,org.apache.ibatis.binding.MapperMethod,org.pitest.mutationtest.engine.gregor.mutators.NegateConditionalsMutator,executeForMany,141,NO_COVERAGE,none
MapperMethod.java,org.apache.ibatis.binding.MapperMethod,org.pitest.mutationtest.engine.gregor.mutators.NonVoidMethodCallMutator,executeForMany,132,NO_COVERAGE,none
MapperMethod.java,org.apache.ibatis.binding.MapperMethod,org.pitest.mutationtest.engine.gregor.mutators.NonVoidMethodCallMutator,executeForMany,133,NO_COVERAGE,none
MapperMethod.java,org.apache.ibatis.binding.MapperMethod,org.pitest.mutationtest.engine.gregor.mutators.NonVoidMethodCallMutator,executeForMany,134,NO_COVERAGE,none
MapperMethod.java,org.apache.ibatis.binding.MapperMethod,org.pitest.mutationtest.engine.gregor.mutators.NonVoidMethodCallMutator,executeForMany,135,NO_COVERAGE,none
MapperMethod.java,org.apache.ibatis.binding.MapperMethod,org.pitest.mutationtest.engine.gregor.mutators.NonVoidMethodCallMutator,executeForMany,135,NO_COVERAGE,none
MapperMethod.java,org.apache.ibatis.binding.MapperMethod,org.pitest.mutationtest.engine.gregor.mutators.NonVoidMethodCallMutator,executeForMany,137,NO_COVERAGE,none
MapperMethod.java,org.apache.ibatis.binding.MapperMethod,org.pitest.mutationtest.engine.gregor.mutators.NonVoidMethodCallMutator,executeForMany,141,NO_COVERAGE,none
MapperMethod.java,org.apache.ibatis.binding.MapperMethod,org.pitest.mutationtest.engine.gregor.mutators.NonVoidMethodCallMutator,executeForMany,141,NO_COVERAGE,none
MapperMethod.java,org.apache.ibatis.binding.MapperMethod,org.pitest.mutationtest.engine.gregor.mutators.NonVoidMethodCallMutator,executeForMany,142,NO_COVERAGE,none
MapperMethod.java,org.apache.ibatis.binding.MapperMethod,org.pitest.mutationtest.engine.gregor.mutators.NonVoidMethodCallMutator,executeForMany,144,NO_COVERAGE,none
MapperMethod.java,org.apache.ibatis.binding.MapperMethod,org.pitest.mutationtest.engine.gregor.mutators.NonVoidMethodCallMutator,executeForMany,144,NO_COVERAGE,none
MapperMethod.java,org.apache.ibatis.binding.MapperMethod,org.pitest.mutationtest.engine.gregor.mutators.RemoveConditionalMutator_EQUAL_ELSE,executeForMany,140,NO_COVERAGE,none
MapperMethod.java,org.apache.ibatis.binding.MapperMethod,org.pitest.mutationtest.engine.gregor.mutators.RemoveConditionalMutator_EQUAL_ELSE,executeForMany,141,NO_COVERAGE,none
MapperMethod.java,org.apache.ibatis.binding.MapperMethod,org.pitest.mutationtest.engine.gregor.mutators.RemoveConditionalMutator_EQUAL_IF,executeForMany,140,NO_COVERAGE,none
MapperMethod.java,org.apache.ibatis.binding.MapperMethod,org.pitest.mutationtest.engine.gregor.mutators.RemoveConditionalMutator_EQUAL_IF,executeForMany,141,NO_COVERAGE,none
MapperMethod.java,org.apache.ibatis.binding.MapperMethod,org.pitest.mutationtest.engine.gregor.mutators.ReturnValsMutator,executeForMany,142,NO_COVERAGE,none
MapperMethod.java,org.apache.ibatis.binding.MapperMethod,org.pitest.mutationtest.engine.gregor.mutators.ReturnValsMutator,executeForMany,144,NO_COVERAGE,none
MapperMethod.java,org.apache.ibatis.binding.MapperMethod,org.pitest.mutationtest.engine.gregor.mutators.ReturnValsMutator,executeForMany,147,NO_COVERAGE,none
MapperMethod.java,org.apache.ibatis.binding.MapperMethod,org.pitest.mutationtest.engine.gregor.mutators.NegateConditionalsMutator,executeForMap,186,NO_COVERAGE,none
MapperMethod.java,org.apache.ibatis.binding.MapperMethod,org.pitest.mutationtest.engine.gregor.mutators.NonVoidMethodCallMutator,executeForMap,185,NO_COVERAGE,none
MapperMethod.java,org.apache.ibatis.binding.MapperMethod,org.pitest.mutationtest.engine.gregor.mutators.NonVoidMethodCallMutator,executeForMap,186,NO_COVERAGE,none
MapperMethod.java,org.apache.ibatis.binding.MapperMethod,org.pitest.mutationtest.engine.gregor.mutators.NonVoidMethodCallMutator,executeForMap,187,NO_COVERAGE,none
MapperMethod.java,org.apache.ibatis.binding.MapperMethod,org.pitest.mutationtest.engine.gregor.mutators.NonVoidMethodCallMutator,executeForMap,188,NO_COVERAGE,none
MapperMethod.java,org.apache.ibatis.binding.MapperMethod,org.pitest.mutationtest.engine.gregor.mutators.NonVoidMethodCallMutator,executeForMap,188,NO_COVERAGE,none
MapperMethod.java,org.apache.ibatis.binding.MapperMethod,org.pitest.mutationtest.engine.gregor.mutators.NonVoidMethodCallMutator,executeForMap,188,NO_COVERAGE,none
MapperMethod.java,org.apache.ibatis.binding.MapperMethod,org.pitest.mutationtest.engine.gregor.mutators.NonVoidMethodCallMutator,executeForMap,190,NO_COVERAGE,none
MapperMethod.java,org.apache.ibatis.binding.MapperMethod,org.pitest.mutationtest.engine.gregor.mutators.NonVoidMethodCallMutator,executeForMap,190,NO_COVERAGE,none
MapperMethod.java,org.apache.ibatis.binding.MapperMethod,org.pitest.mutationtest.engine.gregor.mutators.NonVoidMethodCallMutator,executeForMap,190,NO_COVERAGE,none
MapperMethod.java,org.apache.ibatis.binding.MapperMethod,org.pitest.mutationtest.engine.gregor.mutators.RemoveConditionalMutator_EQUAL_ELSE,executeForMap,186,NO_COVERAGE,none
MapperMethod.java,org.apache.ibatis.binding.MapperMethod,org.pitest.mutationtest.engine.gregor.mutators.RemoveConditionalMutator_EQUAL_IF,executeForMap,186,NO_COVERAGE,none
MapperMethod.java,org.apache.ibatis.binding.MapperMethod,org.pitest.mutationtest.engine.gregor.mutators.ReturnValsMutator,executeForMap,192,NO_COVERAGE,none
MapperMethod.java,org.apache.ibatis.binding.MapperMethod,org.pitest.mutationtest.engine.gregor.mutators.ConstructorCallMutator,executeWithResultHandler,117,NO_COVERAGE,none
MapperMethod.java,org.apache.ibatis.binding.MapperMethod,org.pitest.mutationtest.engine.gregor.mutators.ConstructorCallMutator,executeWithResultHandler,117,NO_COVERAGE,none
MapperMethod.java,org.apache.ibatis.binding.MapperMethod,org.pitest.mutationtest.engine.gregor.mutators.InlineConstantMutator,executeWithResultHandler,116,NO_COVERAGE,none
MapperMethod.java,org.apache.ibatis.binding.MapperMethod,org.pitest.mutationtest.engine.gregor.mutators.NegateConditionalsMutator,executeWithResultHandler,116,NO_COVERAGE,none
MapperMethod.java,org.apache.ibatis.binding.MapperMethod,org.pitest.mutationtest.engine.gregor.mutators.NegateConditionalsMutator,executeWithResultHandler,122,NO_COVERAGE,none
MapperMethod.java,org.apache.ibatis.binding.MapperMethod,org.pitest.mutationtest.engine.gregor.mutators.NonVoidMethodCallMutator,executeWithResultHandler,115,NO_COVERAGE,none
MapperMethod.java,org.apache.ibatis.binding.MapperMethod,org.pitest.mutationtest.engine.gregor.mutators.NonVoidMethodCallMutator,executeWithResultHandler,115,NO_COVERAGE,none
MapperMethod.java,org.apache.ibatis.binding.MapperMethod,org.pitest.mutationtest.engine.gregor.mutators.NonVoidMethodCallMutator,executeWithResultHandler,115,NO_COVERAGE,none
MapperMethod.java,org.apache.ibatis.binding.MapperMethod,org.pitest.mutationtest.engine.gregor.mutators.NonVoidMethodCallMutator,executeWithResultHandler,116,NO_COVERAGE,none
MapperMethod.java,org.apache.ibatis.binding.MapperMethod,org.pitest.mutationtest.engine.gregor.mutators.NonVoidMethodCallMutator,executeWithResultHandler,116,NO_COVERAGE,none
MapperMethod.java,org.apache.ibatis.binding.MapperMethod,org.pitest.mutationtest.engine.gregor.mutators.NonVoidMethodCallMutator,executeWithResultHandler,116,NO_COVERAGE,none
MapperMethod.java,org.apache.ibatis.binding.MapperMethod,org.pitest.mutationtest.engine.gregor.mutators.NonVoidMethodCallMutator,executeWithResultHandler,116,NO_COVERAGE,none
MapperMethod.java,org.apache.ibatis.binding.MapperMethod,org.pitest.mutationtest.engine.gregor.mutators.NonVoidMethodCallMutator,executeWithResultHandler,117,NO_COVERAGE,none
MapperMethod.java,org.apache.ibatis.binding.MapperMethod,org.pitest.mutationtest.engine.gregor.mutators.NonVoidMethodCallMutator,executeWithResultHandler,117,NO_COVERAGE,none
MapperMethod.java,org.apache.ibatis.binding.MapperMethod,org.pitest.mutationtest.engine.gregor.mutators.NonVoidMethodCallMutator,executeWithResultHandler,117,NO_COVERAGE,none
MapperMethod.java,org.apache.ibatis.binding.MapperMethod,org.pitest.mutationtest.engine.gregor.mutators.NonVoidMethodCallMutator,executeWithResultHandler,117,NO_COVERAGE,none
MapperMethod.java,org.apache.ibatis.binding.MapperMethod,org.pitest.mutationtest.engine.gregor.mutators.NonVoidMethodCallMutator,executeWithResultHandler,117,NO_COVERAGE,none
MapperMethod.java,org.apache.ibatis.binding.MapperMethod,org.pitest.mutationtest.engine.gregor.mutators.NonVoidMethodCallMutator,executeWithResultHandler,121,NO_COVERAGE,none
MapperMethod.java,org.apache.ibatis.binding.MapperMethod,org.pitest.mutationtest.engine.gregor.mutators.NonVoidMethodCallMutator,executeWithResultHandler,122,NO_COVERAGE,none
MapperMethod.java,org.apache.ibatis.binding.MapperMethod,org.pitest.mutationtest.engine.gregor.mutators.NonVoidMethodCallMutator,executeWithResultHandler,123,NO_COVERAGE,none
MapperMethod.java,org.apache.ibatis.binding.MapperMethod,org.pitest.mutationtest.engine.gregor.mutators.NonVoidMethodCallMutator,executeWithResultHandler,124,NO_COVERAGE,none
MapperMethod.java,org.apache.ibatis.binding.MapperMethod,org.pitest.mutationtest.engine.gregor.mutators.NonVoidMethodCallMutator,executeWithResultHandler,124,NO_COVERAGE,none
MapperMethod.java,org.apache.ibatis.binding.MapperMethod,org.pitest.mutationtest.engine.gregor.mutators.NonVoidMethodCallMutator,executeWithResultHandler,126,NO_COVERAGE,none
MapperMethod.java,org.apache.ibatis.binding.MapperMethod,org.pitest.mutationtest.engine.gregor.mutators.NonVoidMethodCallMutator,executeWithResultHandler,126,NO_COVERAGE,none
MapperMethod.java,org.apache.ibatis.binding.MapperMethod,org.pitest.mutationtest.engine.gregor.mutators.RemoveConditionalMutator_EQUAL_ELSE,executeWithResultHandler,116,NO_COVERAGE,none
MapperMethod.java,org.apache.ibatis.binding.MapperMethod,org.pitest.mutationtest.engine.gregor.mutators.RemoveConditionalMutator_EQUAL_ELSE,executeWithResultHandler,122,NO_COVERAGE,none
MapperMethod.java,org.apache.ibatis.binding.MapperMethod,org.pitest.mutationtest.engine.gregor.mutators.RemoveConditionalMutator_EQUAL_IF,executeWithResultHandler,116,NO_COVERAGE,none
MapperMethod.java,org.apache.ibatis.binding.MapperMethod,org.pitest.mutationtest.engine.gregor.mutators.RemoveConditionalMutator_EQUAL_IF,executeWithResultHandler,122,NO_COVERAGE,none
MapperMethod.java,org.apache.ibatis.binding.MapperMethod,org.pitest.mutationtest.engine.gregor.mutators.VoidMethodCallMutator,executeWithResultHandler,124,NO_COVERAGE,none
MapperMethod.java,org.apache.ibatis.binding.MapperMethod,org.pitest.mutationtest.engine.gregor.mutators.VoidMethodCallMutator,executeWithResultHandler,126,NO_COVERAGE,none
MapperMethod.java,org.apache.ibatis.binding.MapperMethod,org.pitest.mutationtest.engine.gregor.mutators.ConditionalsBoundaryMutator,rowCountResult,107,NO_COVERAGE,none
MapperMethod.java,org.apache.ibatis.binding.MapperMethod,org.pitest.mutationtest.engine.gregor.mutators.ConstructorCallMutator,rowCountResult,109,NO_COVERAGE,none
MapperMethod.java,org.apache.ibatis.binding.MapperMethod,org.pitest.mutationtest.engine.gregor.mutators.ConstructorCallMutator,rowCountResult,109,NO_COVERAGE,none
MapperMethod.java,org.apache.ibatis.binding.MapperMethod,org.pitest.mutationtest.engine.gregor.mutators.InlineConstantMutator,rowCountResult,107,NO_COVERAGE,none
MapperMethod.java,org.apache.ibatis.binding.MapperMethod,org.pitest.mutationtest.engine.gregor.mutators.InlineConstantMutator,rowCountResult,107,NO_COVERAGE,none
MapperMethod.java,org.apache.ibatis.binding.MapperMethod,org.pitest.mutationtest.engine.gregor.mutators.NegateConditionalsMutator,rowCountResult,100,NO_COVERAGE,none
MapperMethod.java,org.apache.ibatis.binding.MapperMethod,org.pitest.mutationtest.engine.gregor.mutators.NegateConditionalsMutator,rowCountResult,102,NO_COVERAGE,none
MapperMethod.java,org.apache.ibatis.binding.MapperMethod,org.pitest.mutationtest.engine.gregor.mutators.NegateConditionalsMutator,rowCountResult,104,NO_COVERAGE,none
MapperMethod.java,org.apache.ibatis.binding.MapperMethod,org.pitest.mutationtest.engine.gregor.mutators.NegateConditionalsMutator,rowCountResult,104,NO_COVERAGE,none
MapperMethod.java,org.apache.ibatis.binding.MapperMethod,org.pitest.mutationtest.engine.gregor.mutators.NegateConditionalsMutator,rowCountResult,106,NO_COVERAGE,none
MapperMethod.java,org.apache.ibatis.binding.MapperMethod,org.pitest.mutationtest.engine.gregor.mutators.NegateConditionalsMutator,rowCountResult,106,NO_COVERAGE,none
MapperMethod.java,org.apache.ibatis.binding.MapperMethod,org.pitest.mutationtest.engine.gregor.mutators.NegateConditionalsMutator,rowCountResult,107,NO_COVERAGE,none
MapperMethod.java,org.apache.ibatis.binding.MapperMethod,org.pitest.mutationtest.engine.gregor.mutators.NonVoidMethodCallMutator,rowCountResult,102,NO_COVERAGE,none
MapperMethod.java,org.apache.ibatis.binding.MapperMethod,org.pitest.mutationtest.engine.gregor.mutators.NonVoidMethodCallMutator,rowCountResult,102,NO_COVERAGE,none
MapperMethod.java,org.apache.ibatis.binding.MapperMethod,org.pitest.mutationtest.engine.gregor.mutators.NonVoidMethodCallMutator,rowCountResult,102,NO_COVERAGE,none
MapperMethod.java,org.apache.ibatis.binding.MapperMethod,org.pitest.mutationtest.engine.gregor.mutators.NonVoidMethodCallMutator,rowCountResult,103,NO_COVERAGE,none
MapperMethod.java,org.apache.ibatis.binding.MapperMethod,org.pitest.mutationtest.engine.gregor.mutators.NonVoidMethodCallMutator,rowCountResult,104,NO_COVERAGE,none
MapperMethod.java,org.apache.ibatis.binding.MapperMethod,org.pitest.mutationtest.engine.gregor.mutators.NonVoidMethodCallMutator,rowCountResult,104,NO_COVERAGE,none
MapperMethod.java,org.apache.ibatis.binding.MapperMethod,org.pitest.mutationtest.engine.gregor.mutators.NonVoidMethodCallMutator,rowCountResult,104,NO_COVERAGE,none
MapperMethod.java,org.apache.ibatis.binding.MapperMethod,org.pitest.mutationtest.engine.gregor.mutators.NonVoidMethodCallMutator,rowCountResult,104,NO_COVERAGE,none
MapperMethod.java,org.apache.ibatis.binding.MapperMethod,org.pitest.mutationtest.engine.gregor.mutators.NonVoidMethodCallMutator,rowCountResult,105,NO_COVERAGE,none
MapperMethod.java,org.apache.ibatis.binding.MapperMethod,org.pitest.mutationtest.engine.gregor.mutators.NonVoidMethodCallMutator,rowCountResult,106,NO_COVERAGE,none
MapperMethod.java,org.apache.ibatis.binding.MapperMethod,org.pitest.mutationtest.engine.gregor.mutators.NonVoidMethodCallMutator,rowCountResult,106,NO_COVERAGE,none
MapperMethod.java,org.apache.ibatis.binding.MapperMethod,org.pitest.mutationtest.engine.gregor.mutators.NonVoidMethodCallMutator,rowCountResult,106,NO_COVERAGE,none
MapperMethod.java,org.apache.ibatis.binding.MapperMethod,org.pitest.mutationtest.engine.gregor.mutators.NonVoidMethodCallMutator,rowCountResult,106,NO_COVERAGE,none
MapperMethod.java,org.apache.ibatis.binding.MapperMethod,org.pitest.mutationtest.engine.gregor.mutators.NonVoidMethodCallMutator,rowCountResult,107,NO_COVERAGE,none
MapperMethod.java,org.apache.ibatis.binding.MapperMethod,org.pitest.mutationtest.engine.gregor.mutators.NonVoidMethodCallMutator,rowCountResult,109,NO_COVERAGE,none
MapperMethod.java,org.apache.ibatis.binding.MapperMethod,org.pitest.mutationtest.engine.gregor.mutators.NonVoidMethodCallMutator,rowCountResult,109,NO_COVERAGE,none
MapperMethod.java,org.apache.ibatis.binding.MapperMethod,org.pitest.mutationtest.engine.gregor.mutators.NonVoidMethodCallMutator,rowCountResult,109,NO_COVERAGE,none
MapperMethod.java,org.apache.ibatis.binding.MapperMethod,org.pitest.mutationtest.engine.gregor.mutators.NonVoidMethodCallMutator,rowCountResult,109,NO_COVERAGE,none
MapperMethod.java,org.apache.ibatis.binding.MapperMethod,org.pitest.mutationtest.engine.gregor.mutators.NonVoidMethodCallMutator,rowCountResult,109,NO_COVERAGE,none
MapperMethod.java,org.apache.ibatis.binding.MapperMethod,org.pitest.mutationtest.engine.gregor.mutators.NonVoidMethodCallMutator,rowCountResult,109,NO_COVERAGE,none
MapperMethod.java,org.apache.ibatis.binding.MapperMethod,org.pitest.mutationtest.engine.gregor.mutators.NonVoidMethodCallMutator,rowCountResult,109,NO_COVERAGE,none
MapperMethod.java,org.apache.ibatis.binding.MapperMethod,org.pitest.mutationtest.engine.gregor.mutators.RemoveConditionalMutator_EQUAL_ELSE,rowCountResult,100,NO_COVERAGE,none
MapperMethod.java,org.apache.ibatis.binding.MapperMethod,org.pitest.mutationtest.engine.gregor.mutators.RemoveConditionalMutator_EQUAL_ELSE,rowCountResult,102,NO_COVERAGE,none
MapperMethod.java,org.apache.ibatis.binding.MapperMethod,org.pitest.mutationtest.engine.gregor.mutators.RemoveConditionalMutator_EQUAL_ELSE,rowCountResult,104,NO_COVERAGE,none
MapperMethod.java,org.apache.ibatis.binding.MapperMethod,org.pitest.mutationtest.engine.gregor.mutators.RemoveConditionalMutator_EQUAL_ELSE,rowCountResult,104,NO_COVERAGE,none
MapperMethod.java,org.apache.ibatis.binding.MapperMethod,org.pitest.mutationtest.engine.gregor.mutators.RemoveConditionalMutator_EQUAL_ELSE,rowCountResult,106,NO_COVERAGE,none
MapperMethod.java,org.apache.ibatis.binding.MapperMethod,org.pitest.mutationtest.engine.gregor.mutators.RemoveConditionalMutator_EQUAL_ELSE,rowCountResult,106,NO_COVERAGE,none
MapperMethod.java,org.apache.ibatis.binding.MapperMethod,org.pitest.mutationtest.engine.gregor.mutators.RemoveConditionalMutator_EQUAL_IF,rowCountResult,100,NO_COVERAGE,none
MapperMethod.java,org.apache.ibatis.binding.MapperMethod,org.pitest.mutationtest.engine.gregor.mutators.RemoveConditionalMutator_EQUAL_IF,rowCountResult,102,NO_COVERAGE,none
MapperMethod.java,org.apache.ibatis.binding.MapperMethod,org.pitest.mutationtest.engine.gregor.mutators.RemoveConditionalMutator_EQUAL_IF,rowCountResult,102,NO_COVERAGE,none
MapperMethod.java,org.apache.ibatis.binding.MapperMethod,org.pitest.mutationtest.engine.gregor.mutators.RemoveConditionalMutator_EQUAL_IF,rowCountResult,104,NO_COVERAGE,none
MapperMethod.java,org.apache.ibatis.binding.MapperMethod,org.pitest.mutationtest.engine.gregor.mutators.RemoveConditionalMutator_EQUAL_IF,rowCountResult,104,NO_COVERAGE,none
MapperMethod.java,org.apache.ibatis.binding.MapperMethod,org.pitest.mutationtest.engine.gregor.mutators.RemoveConditionalMutator_EQUAL_IF,rowCountResult,106,NO_COVERAGE,none
MapperMethod.java,org.apache.ibatis.binding.MapperMethod,org.pitest.mutationtest.engine.gregor.mutators.RemoveConditionalMutator_EQUAL_IF,rowCountResult,106,NO_COVERAGE,none
MapperMethod.java,org.apache.ibatis.binding.MapperMethod,org.pitest.mutationtest.engine.gregor.mutators.RemoveConditionalMutator_ORDER_ELSE,rowCountResult,107,NO_COVERAGE,none
MapperMethod.java,org.apache.ibatis.binding.MapperMethod,org.pitest.mutationtest.engine.gregor.mutators.RemoveConditionalMutator_ORDER_IF,rowCountResult,107,NO_COVERAGE,none
MapperMethod.java,org.apache.ibatis.binding.MapperMethod,org.pitest.mutationtest.engine.gregor.mutators.ReturnValsMutator,rowCountResult,111,NO_COVERAGE,none
DefaultSqlSession.java,org.apache.ibatis.session.defaults.DefaultSqlSession,org.pitest.mutationtest.engine.gregor.mutators.InlineConstantMutator,<init>,66,NO_COVERAGE,none
DefaultSqlSession.java,org.apache.ibatis.session.defaults.DefaultSqlSession,org.pitest.mutationtest.engine.gregor.mutators.VoidMethodCallMutator,clearCache,306,NO_COVERAGE,none
DefaultSqlSession.java,org.apache.ibatis.session.defaults.DefaultSqlSession,org.pitest.mutationtest.engine.gregor.mutators.ArgumentPropagationMutator,close,264,KILLED,org.apache.ibatis.submitted.extend.ExtendTest.org.apache.ibatis.submitted.extend.ExtendTest
DefaultSqlSession.java,org.apache.ibatis.session.defaults.DefaultSqlSession,org.pitest.mutationtest.engine.gregor.mutators.ConstructorCallMutator,closeCursors,278,NO_COVERAGE,none
DefaultSqlSession.java,org.apache.ibatis.session.defaults.DefaultSqlSession,org.pitest.mutationtest.engine.gregor.mutators.NegateConditionalsMutator,closeCursors,273,KILLED,org.apache.ibatis.submitted.extend.ExtendTest.org.apache.ibatis.submitted.extend.ExtendTest
DefaultSqlSession.java,org.apache.ibatis.session.defaults.DefaultSqlSession,org.pitest.mutationtest.engine.gregor.mutators.NegateConditionalsMutator,closeCursors,274,NO_COVERAGE,none
DefaultSqlSession.java,org.apache.ibatis.session.defaults.DefaultSqlSession,org.pitest.mutationtest.engine.gregor.mutators.NonVoidMethodCallMutator,closeCursors,273,SURVIVED,none
DefaultSqlSession.java,org.apache.ibatis.session.defaults.DefaultSqlSession,org.pitest.mutationtest.engine.gregor.mutators.NonVoidMethodCallMutator,closeCursors,274,NO_COVERAGE,none
DefaultSqlSession.java,org.apache.ibatis.session.defaults.DefaultSqlSession,org.pitest.mutationtest.engine.gregor.mutators.NonVoidMethodCallMutator,closeCursors,274,NO_COVERAGE,none
DefaultSqlSession.java,org.apache.ibatis.session.defaults.DefaultSqlSession,org.pitest.mutationtest.engine.gregor.mutators.NonVoidMethodCallMutator,closeCursors,274,NO_COVERAGE,none
DefaultSqlSession.java,org.apache.ibatis.session.defaults.DefaultSqlSession,org.pitest.mutationtest.engine.gregor.mutators.NonVoidMethodCallMutator,closeCursors,278,NO_COVERAGE,none
DefaultSqlSession.java,org.apache.ibatis.session.defaults.DefaultSqlSession,org.pitest.mutationtest.engine.gregor.mutators.NonVoidMethodCallMutator,closeCursors,278,NO_COVERAGE,none
DefaultSqlSession.java,org.apache.ibatis.session.defaults.DefaultSqlSession,org.pitest.mutationtest.engine.gregor.mutators.NonVoidMethodCallMutator,closeCursors,278,NO_COVERAGE,none
DefaultSqlSession.java,org.apache.ibatis.session.defaults.DefaultSqlSession,org.pitest.mutationtest.engine.gregor.mutators.NonVoidMethodCallMutator,closeCursors,278,NO_COVERAGE,none
DefaultSqlSession.java,org.apache.ibatis.session.defaults.DefaultSqlSession,org.pitest.mutationtest.engine.gregor.mutators.RemoveConditionalMutator_EQUAL_ELSE,closeCursors,273,KILLED,org.apache.ibatis.submitted.extend.ExtendTest.org.apache.ibatis.submitted.extend.ExtendTest
DefaultSqlSession.java,org.apache.ibatis.session.defaults.DefaultSqlSession,org.pitest.mutationtest.engine.gregor.mutators.RemoveConditionalMutator_EQUAL_ELSE,closeCursors,274,NO_COVERAGE,none
DefaultSqlSession.java,org.apache.ibatis.session.defaults.DefaultSqlSession,org.pitest.mutationtest.engine.gregor.mutators.RemoveConditionalMutator_EQUAL_IF,closeCursors,274,NO_COVERAGE,none
DefaultSqlSession.java,org.apache.ibatis.session.defaults.DefaultSqlSession,org.pitest.mutationtest.engine.gregor.mutators.VoidMethodCallMutator,closeCursors,276,NO_COVERAGE,none
DefaultSqlSession.java,org.apache.ibatis.session.defaults.DefaultSqlSession,org.pitest.mutationtest.engine.gregor.mutators.VoidMethodCallMutator,closeCursors,281,NO_COVERAGE,none
DefaultSqlSession.java,org.apache.ibatis.session.defaults.DefaultSqlSession,org.pitest.mutationtest.engine.gregor.mutators.InlineConstantMutator,commit,218,NO_COVERAGE,none
DefaultSqlSession.java,org.apache.ibatis.session.defaults.DefaultSqlSession,org.pitest.mutationtest.engine.gregor.mutators.VoidMethodCallMutator,commit,218,NO_COVERAGE,none
DefaultSqlSession.java,org.apache.ibatis.session.defaults.DefaultSqlSession,org.pitest.mutationtest.engine.gregor.mutators.ArgumentPropagationMutator,commit,224,NO_COVERAGE,none
DefaultSqlSession.java,org.apache.ibatis.session.defaults.DefaultSqlSession,org.pitest.mutationtest.engine.gregor.mutators.ConstructorCallMutator,commit,227,NO_COVERAGE,none
DefaultSqlSession.java,org.apache.ibatis.session.defaults.DefaultSqlSession,org.pitest.mutationtest.engine.gregor.mutators.InlineConstantMutator,commit,225,NO_COVERAGE,none
DefaultSqlSession.java,org.apache.ibatis.session.defaults.DefaultSqlSession,org.pitest.mutationtest.engine.gregor.mutators.NonVoidMethodCallMutator,commit,229,NO_COVERAGE,none
DefaultSqlSession.java,org.apache.ibatis.session.defaults.DefaultSqlSession,org.pitest.mutationtest.engine.gregor.mutators.NonVoidMethodCallMutator,commit,229,NO_COVERAGE,none
DefaultSqlSession.java,org.apache.ibatis.session.defaults.DefaultSqlSession,org.pitest.mutationtest.engine.gregor.mutators.NonVoidMethodCallMutator,commit,227,NO_COVERAGE,none
DefaultSqlSession.java,org.apache.ibatis.session.defaults.DefaultSqlSession,org.pitest.mutationtest.engine.gregor.mutators.NonVoidMethodCallMutator,commit,227,NO_COVERAGE,none
DefaultSqlSession.java,org.apache.ibatis.session.defaults.DefaultSqlSession,org.pitest.mutationtest.engine.gregor.mutators.NonVoidMethodCallMutator,commit,227,NO_COVERAGE,none
DefaultSqlSession.java,org.apache.ibatis.session.defaults.DefaultSqlSession,org.pitest.mutationtest.engine.gregor.mutators.NonVoidMethodCallMutator,commit,227,NO_COVERAGE,none
DefaultSqlSession.java,org.apache.ibatis.session.defaults.DefaultSqlSession,org.pitest.mutationtest.engine.gregor.mutators.NonVoidMethodCallMutator,commit,229,NO_COVERAGE,none
DefaultSqlSession.java,org.apache.ibatis.session.defaults.DefaultSqlSession,org.pitest.mutationtest.engine.gregor.mutators.NonVoidMethodCallMutator,commit,229,NO_COVERAGE,none
DefaultSqlSession.java,org.apache.ibatis.session.defaults.DefaultSqlSession,org.pitest.mutationtest.engine.gregor.mutators.VoidMethodCallMutator,commit,224,NO_COVERAGE,none
DefaultSqlSession.java,org.apache.ibatis.session.defaults.DefaultSqlSession,org.pitest.mutationtest.engine.gregor.mutators.experimental.MemberVariableMutator,commit,225,NO_COVERAGE,none
DefaultSqlSession.java,org.apache.ibatis.session.defaults.DefaultSqlSession,org.pitest.mutationtest.engine.gregor.mutators.NonVoidMethodCallMutator,delete,208,NO_COVERAGE,none
DefaultSqlSession.java,org.apache.ibatis.session.defaults.DefaultSqlSession,org.pitest.mutationtest.engine.gregor.mutators.ReturnValsMutator,delete,208,NO_COVERAGE,none
DefaultSqlSession.java,org.apache.ibatis.session.defaults.DefaultSqlSession,org.pitest.mutationtest.engine.gregor.mutators.NonVoidMethodCallMutator,delete,213,NO_COVERAGE,none
DefaultSqlSession.java,org.apache.ibatis.session.defaults.DefaultSqlSession,org.pitest.mutationtest.engine.gregor.mutators.ReturnValsMutator,delete,213,NO_COVERAGE,none
DefaultSqlSession.java,org.apache.ibatis.session.defaults.DefaultSqlSession,org.pitest.mutationtest.engine.gregor.mutators.ConstructorCallMutator,flushStatements,255,NO_COVERAGE,none
DefaultSqlSession.java,org.apache.ibatis.session.defaults.DefaultSqlSession,org.pitest.mutationtest.engine.gregor.mutators.NonVoidMethodCallMutator,flushStatements,253,NO_COVERAGE,none
DefaultSqlSession.java,org.apache.ibatis.session.defaults.DefaultSqlSession,org.pitest.mutationtest.engine.gregor.mutators.NonVoidMethodCallMutator,flushStatements,257,NO_COVERAGE,none
DefaultSqlSession.java,org.apache.ibatis.session.defaults.DefaultSqlSession,org.pitest.mutationtest.engine.gregor.mutators.NonVoidMethodCallMutator,flushStatements,257,NO_COVERAGE,none
DefaultSqlSession.java,org.apache.ibatis.session.defaults.DefaultSqlSession,org.pitest.mutationtest.engine.gregor.mutators.NonVoidMethodCallMutator,flushStatements,255,NO_COVERAGE,none
DefaultSqlSession.java,org.apache.ibatis.session.defaults.DefaultSqlSession,org.pitest.mutationtest.engine.gregor.mutators.NonVoidMethodCallMutator,flushStatements,255,NO_COVERAGE,none
DefaultSqlSession.java,org.apache.ibatis.session.defaults.DefaultSqlSession,org.pitest.mutationtest.engine.gregor.mutators.NonVoidMethodCallMutator,flushStatements,255,NO_COVERAGE,none
DefaultSqlSession.java,org.apache.ibatis.session.defaults.DefaultSqlSession,org.pitest.mutationtest.engine.gregor.mutators.NonVoidMethodCallMutator,flushStatements,255,NO_COVERAGE,none
DefaultSqlSession.java,org.apache.ibatis.session.defaults.DefaultSqlSession,org.pitest.mutationtest.engine.gregor.mutators.NonVoidMethodCallMutator,flushStatements,257,NO_COVERAGE,none
DefaultSqlSession.java,org.apache.ibatis.session.defaults.DefaultSqlSession,org.pitest.mutationtest.engine.gregor.mutators.NonVoidMethodCallMutator,flushStatements,257,NO_COVERAGE,none
DefaultSqlSession.java,org.apache.ibatis.session.defaults.DefaultSqlSession,org.pitest.mutationtest.engine.gregor.mutators.ReturnValsMutator,flushStatements,253,NO_COVERAGE,none
DefaultSqlSession.java,org.apache.ibatis.session.defaults.DefaultSqlSession,org.pitest.mutationtest.engine.gregor.mutators.ReturnValsMutator,getConfiguration,287,KILLED,org.apache.ibatis.submitted.extend.ExtendTest.org.apache.ibatis.submitted.extend.ExtendTest
DefaultSqlSession.java,org.apache.ibatis.session.defaults.DefaultSqlSession,org.pitest.mutationtest.engine.gregor.mutators.ConstructorCallMutator,getConnection,300,NO_COVERAGE,none
DefaultSqlSession.java,org.apache.ibatis.session.defaults.DefaultSqlSession,org.pitest.mutationtest.engine.gregor.mutators.NonVoidMethodCallMutator,getConnection,298,NO_COVERAGE,none
DefaultSqlSession.java,org.apache.ibatis.session.defaults.DefaultSqlSession,org.pitest.mutationtest.engine.gregor.mutators.NonVoidMethodCallMutator,getConnection,298,NO_COVERAGE,none
DefaultSqlSession.java,org.apache.ibatis.session.defaults.DefaultSqlSession,org.pitest.mutationtest.engine.gregor.mutators.NonVoidMethodCallMutator,getConnection,300,NO_COVERAGE,none
DefaultSqlSession.java,org.apache.ibatis.session.defaults.DefaultSqlSession,org.pitest.mutationtest.engine.gregor.mutators.NonVoidMethodCallMutator,getConnection,300,NO_COVERAGE,none
DefaultSqlSession.java,org.apache.ibatis.session.defaults.DefaultSqlSession,org.pitest.mutationtest.engine.gregor.mutators.NonVoidMethodCallMutator,getConnection,300,NO_COVERAGE,none
DefaultSqlSession.java,org.apache.ibatis.session.defaults.DefaultSqlSession,org.pitest.mutationtest.engine.gregor.mutators.NonVoidMethodCallMutator,getConnection,300,NO_COVERAGE,none
DefaultSqlSession.java,org.apache.ibatis.session.defaults.DefaultSqlSession,org.pitest.mutationtest.engine.gregor.mutators.ReturnValsMutator,getConnection,298,NO_COVERAGE,none
DefaultSqlSession.java,org.apache.ibatis.session.defaults.DefaultSqlSession,org.pitest.mutationtest.engine.gregor.mutators.NonVoidMethodCallMutator,insert,180,NO_COVERAGE,none
DefaultSqlSession.java,org.apache.ibatis.session.defaults.DefaultSqlSession,org.pitest.mutationtest.engine.gregor.mutators.ReturnValsMutator,insert,180,NO_COVERAGE,none
DefaultSqlSession.java,org.apache.ibatis.session.defaults.DefaultSqlSession,org.pitest.mutationtest.engine.gregor.mutators.NonVoidMethodCallMutator,insert,185,NO_COVERAGE,none
DefaultSqlSession.java,org.apache.ibatis.session.defaults.DefaultSqlSession,org.pitest.mutationtest.engine.gregor.mutators.ReturnValsMutator,insert,185,NO_COVERAGE,none
DefaultSqlSession.java,org.apache.ibatis.session.defaults.DefaultSqlSession,org.pitest.mutationtest.engine.gregor.mutators.InlineConstantMutator,isCommitOrRollbackRequired,317,KILLED,org.apache.ibatis.submitted.extend.ExtendTest.org.apache.ibatis.submitted.extend.ExtendTest
DefaultSqlSession.java,org.apache.ibatis.session.defaults.DefaultSqlSession,org.pitest.mutationtest.engine.gregor.mutators.RemoveConditionalMutator_EQUAL_ELSE,isCommitOrRollbackRequired,317,KILLED,org.apache.ibatis.submitted.extend.ExtendTest.org.apache.ibatis.submitted.extend.ExtendTest
DefaultSqlSession.java,org.apache.ibatis.session.defaults.DefaultSqlSession,org.pitest.mutationtest.engine.gregor.mutators.RemoveConditionalMutator_EQUAL_IF,isCommitOrRollbackRequired,317,KILLED,org.apache.ibatis.submitted.extend.ExtendTest.org.apache.ibatis.submitted.extend.ExtendTest
DefaultSqlSession.java,org.apache.ibatis.session.defaults.DefaultSqlSession,org.pitest.mutationtest.engine.gregor.mutators.ConstructorCallMutator,registerCursor,311,NO_COVERAGE,none
DefaultSqlSession.java,org.apache.ibatis.session.defaults.DefaultSqlSession,org.pitest.mutationtest.engine.gregor.mutators.NegateConditionalsMutator,registerCursor,310,NO_COVERAGE,none
DefaultSqlSession.java,org.apache.ibatis.session.defaults.DefaultSqlSession,org.pitest.mutationtest.engine.gregor.mutators.NonVoidMethodCallMutator,registerCursor,313,NO_COVERAGE,none
DefaultSqlSession.java,org.apache.ibatis.session.defaults.DefaultSqlSession,org.pitest.mutationtest.engine.gregor.mutators.RemoveConditionalMutator_EQUAL_ELSE,registerCursor,310,NO_COVERAGE,none
DefaultSqlSession.java,org.apache.ibatis.session.defaults.DefaultSqlSession,org.pitest.mutationtest.engine.gregor.mutators.RemoveConditionalMutator_EQUAL_IF,registerCursor,310,NO_COVERAGE,none
DefaultSqlSession.java,org.apache.ibatis.session.defaults.DefaultSqlSession,org.pitest.mutationtest.engine.gregor.mutators.experimental.MemberVariableMutator,registerCursor,311,NO_COVERAGE,none
DefaultSqlSession.java,org.apache.ibatis.session.defaults.DefaultSqlSession,org.pitest.mutationtest.engine.gregor.mutators.InlineConstantMutator,rollback,235,NO_COVERAGE,none
DefaultSqlSession.java,org.apache.ibatis.session.defaults.DefaultSqlSession,org.pitest.mutationtest.engine.gregor.mutators.VoidMethodCallMutator,rollback,235,NO_COVERAGE,none
DefaultSqlSession.java,org.apache.ibatis.session.defaults.DefaultSqlSession,org.pitest.mutationtest.engine.gregor.mutators.ArgumentPropagationMutator,rollback,241,NO_COVERAGE,none
DefaultSqlSession.java,org.apache.ibatis.session.defaults.DefaultSqlSession,org.pitest.mutationtest.engine.gregor.mutators.ConstructorCallMutator,rollback,244,NO_COVERAGE,none
DefaultSqlSession.java,org.apache.ibatis.session.defaults.DefaultSqlSession,org.pitest.mutationtest.engine.gregor.mutators.InlineConstantMutator,rollback,242,NO_COVERAGE,none
DefaultSqlSession.java,org.apache.ibatis.session.defaults.DefaultSqlSession,org.pitest.mutationtest.engine.gregor.mutators.NonVoidMethodCallMutator,rollback,241,NO_COVERAGE,none
DefaultSqlSession.java,org.apache.ibatis.session.defaults.DefaultSqlSession,org.pitest.mutationtest.engine.gregor.mutators.NonVoidMethodCallMutator,rollback,246,NO_COVERAGE,none
DefaultSqlSession.java,org.apache.ibatis.session.defaults.DefaultSqlSession,org.pitest.mutationtest.engine.gregor.mutators.NonVoidMethodCallMutator,rollback,246,NO_COVERAGE,none
DefaultSqlSession.java,org.apache.ibatis.session.defaults.DefaultSqlSession,org.pitest.mutationtest.engine.gregor.mutators.NonVoidMethodCallMutator,rollback,244,NO_COVERAGE,none
DefaultSqlSession.java,org.apache.ibatis.session.defaults.DefaultSqlSession,org.pitest.mutationtest.engine.gregor.mutators.NonVoidMethodCallMutator,rollback,244,NO_COVERAGE,none
DefaultSqlSession.java,org.apache.ibatis.session.defaults.DefaultSqlSession,org.pitest.mutationtest.engine.gregor.mutators.NonVoidMethodCallMutator,rollback,244,NO_COVERAGE,none
DefaultSqlSession.java,org.apache.ibatis.session.defaults.DefaultSqlSession,org.pitest.mutationtest.engine.gregor.mutators.NonVoidMethodCallMutator,rollback,244,NO_COVERAGE,none
DefaultSqlSession.java,org.apache.ibatis.session.defaults.DefaultSqlSession,org.pitest.mutationtest.engine.gregor.mutators.NonVoidMethodCallMutator,rollback,246,NO_COVERAGE,none
DefaultSqlSession.java,org.apache.ibatis.session.defaults.DefaultSqlSession,org.pitest.mutationtest.engine.gregor.mutators.NonVoidMethodCallMutator,rollback,246,NO_COVERAGE,none
DefaultSqlSession.java,org.apache.ibatis.session.defaults.DefaultSqlSession,org.pitest.mutationtest.engine.gregor.mutators.VoidMethodCallMutator,rollback,241,NO_COVERAGE,none
DefaultSqlSession.java,org.apache.ibatis.session.defaults.DefaultSqlSession,org.pitest.mutationtest.engine.gregor.mutators.experimental.MemberVariableMutator,rollback,242,NO_COVERAGE,none
DefaultSqlSession.java,org.apache.ibatis.session.defaults.DefaultSqlSession,org.pitest.mutationtest.engine.gregor.mutators.VoidMethodCallMutator,select,158,NO_COVERAGE,none
DefaultSqlSession.java,org.apache.ibatis.session.defaults.DefaultSqlSession,org.pitest.mutationtest.engine.gregor.mutators.ArgumentPropagationMutator,select,170,NO_COVERAGE,none
DefaultSqlSession.java,org.apache.ibatis.session.defaults.DefaultSqlSession,org.pitest.mutationtest.engine.gregor.mutators.ConstructorCallMutator,select,172,NO_COVERAGE,none
DefaultSqlSession.java,org.apache.ibatis.session.defaults.DefaultSqlSession,org.pitest.mutationtest.engine.gregor.mutators.NonVoidMethodCallMutator,select,169,NO_COVERAGE,none
DefaultSqlSession.java,org.apache.ibatis.session.defaults.DefaultSqlSession,org.pitest.mutationtest.engine.gregor.mutators.NonVoidMethodCallMutator,select,170,NO_COVERAGE,none
DefaultSqlSession.java,org.apache.ibatis.session.defaults.DefaultSqlSession,org.pitest.mutationtest.engine.gregor.mutators.NonVoidMethodCallMutator,select,170,NO_COVERAGE,none
DefaultSqlSession.java,org.apache.ibatis.session.defaults.DefaultSqlSession,org.pitest.mutationtest.engine.gregor.mutators.NonVoidMethodCallMutator,select,174,NO_COVERAGE,none
DefaultSqlSession.java,org.apache.ibatis.session.defaults.DefaultSqlSession,org.pitest.mutationtest.engine.gregor.mutators.NonVoidMethodCallMutator,select,174,NO_COVERAGE,none
DefaultSqlSession.java,org.apache.ibatis.session.defaults.DefaultSqlSession,org.pitest.mutationtest.engine.gregor.mutators.NonVoidMethodCallMutator,select,172,NO_COVERAGE,none
DefaultSqlSession.java,org.apache.ibatis.session.defaults.DefaultSqlSession,org.pitest.mutationtest.engine.gregor.mutators.NonVoidMethodCallMutator,select,172,NO_COVERAGE,none
DefaultSqlSession.java,org.apache.ibatis.session.defaults.DefaultSqlSession,org.pitest.mutationtest.engine.gregor.mutators.NonVoidMethodCallMutator,select,172,NO_COVERAGE,none
DefaultSqlSession.java,org.apache.ibatis.session.defaults.DefaultSqlSession,org.pitest.mutationtest.engine.gregor.mutators.NonVoidMethodCallMutator,select,172,NO_COVERAGE,none
DefaultSqlSession.java,org.apache.ibatis.session.defaults.DefaultSqlSession,org.pitest.mutationtest.engine.gregor.mutators.NonVoidMethodCallMutator,select,174,NO_COVERAGE,none
DefaultSqlSession.java,org.apache.ibatis.session.defaults.DefaultSqlSession,org.pitest.mutationtest.engine.gregor.mutators.NonVoidMethodCallMutator,select,174,NO_COVERAGE,none
DefaultSqlSession.java,org.apache.ibatis.session.defaults.DefaultSqlSession,org.pitest.mutationtest.engine.gregor.mutators.VoidMethodCallMutator,select,163,NO_COVERAGE,none
DefaultSqlSession.java,org.apache.ibatis.session.defaults.DefaultSqlSession,org.pitest.mutationtest.engine.gregor.mutators.NonVoidMethodCallMutator,selectCursor,112,NO_COVERAGE,none
DefaultSqlSession.java,org.apache.ibatis.session.defaults.DefaultSqlSession,org.pitest.mutationtest.engine.gregor.mutators.ReturnValsMutator,selectCursor,112,NO_COVERAGE,none
DefaultSqlSession.java,org.apache.ibatis.session.defaults.DefaultSqlSession,org.pitest.mutationtest.engine.gregor.mutators.NonVoidMethodCallMutator,selectCursor,117,NO_COVERAGE,none
DefaultSqlSession.java,org.apache.ibatis.session.defaults.DefaultSqlSession,org.pitest.mutationtest.engine.gregor.mutators.ReturnValsMutator,selectCursor,117,NO_COVERAGE,none
DefaultSqlSession.java,org.apache.ibatis.session.defaults.DefaultSqlSession,org.pitest.mutationtest.engine.gregor.mutators.ArgumentPropagationMutator,selectCursor,124,NO_COVERAGE,none
DefaultSqlSession.java,org.apache.ibatis.session.defaults.DefaultSqlSession,org.pitest.mutationtest.engine.gregor.mutators.ConstructorCallMutator,selectCursor,128,NO_COVERAGE,none
DefaultSqlSession.java,org.apache.ibatis.session.defaults.DefaultSqlSession,org.pitest.mutationtest.engine.gregor.mutators.NonVoidMethodCallMutator,selectCursor,123,NO_COVERAGE,none
DefaultSqlSession.java,org.apache.ibatis.session.defaults.DefaultSqlSession,org.pitest.mutationtest.engine.gregor.mutators.NonVoidMethodCallMutator,selectCursor,124,NO_COVERAGE,none
DefaultSqlSession.java,org.apache.ibatis.session.defaults.DefaultSqlSession,org.pitest.mutationtest.engine.gregor.mutators.NonVoidMethodCallMutator,selectCursor,124,NO_COVERAGE,none
DefaultSqlSession.java,org.apache.ibatis.session.defaults.DefaultSqlSession,org.pitest.mutationtest.engine.gregor.mutators.NonVoidMethodCallMutator,selectCursor,130,NO_COVERAGE,none
DefaultSqlSession.java,org.apache.ibatis.session.defaults.DefaultSqlSession,org.pitest.mutationtest.engine.gregor.mutators.NonVoidMethodCallMutator,selectCursor,130,NO_COVERAGE,none
DefaultSqlSession.java,org.apache.ibatis.session.defaults.DefaultSqlSession,org.pitest.mutationtest.engine.gregor.mutators.NonVoidMethodCallMutator,selectCursor,128,NO_COVERAGE,none
DefaultSqlSession.java,org.apache.ibatis.session.defaults.DefaultSqlSession,org.pitest.mutationtest.engine.gregor.mutators.NonVoidMethodCallMutator,selectCursor,128,NO_COVERAGE,none
DefaultSqlSession.java,org.apache.ibatis.session.defaults.DefaultSqlSession,org.pitest.mutationtest.engine.gregor.mutators.NonVoidMethodCallMutator,selectCursor,128,NO_COVERAGE,none
DefaultSqlSession.java,org.apache.ibatis.session.defaults.DefaultSqlSession,org.pitest.mutationtest.engine.gregor.mutators.NonVoidMethodCallMutator,selectCursor,128,NO_COVERAGE,none
DefaultSqlSession.java,org.apache.ibatis.session.defaults.DefaultSqlSession,org.pitest.mutationtest.engine.gregor.mutators.NonVoidMethodCallMutator,selectCursor,130,NO_COVERAGE,none
DefaultSqlSession.java,org.apache.ibatis.session.defaults.DefaultSqlSession,org.pitest.mutationtest.engine.gregor.mutators.NonVoidMethodCallMutator,selectCursor,130,NO_COVERAGE,none
DefaultSqlSession.java,org.apache.ibatis.session.defaults.DefaultSqlSession,org.pitest.mutationtest.engine.gregor.mutators.ReturnValsMutator,selectCursor,126,NO_COVERAGE,none
DefaultSqlSession.java,org.apache.ibatis.session.defaults.DefaultSqlSession,org.pitest.mutationtest.engine.gregor.mutators.VoidMethodCallMutator,selectCursor,125,NO_COVERAGE,none
DefaultSqlSession.java,org.apache.ibatis.session.defaults.DefaultSqlSession,org.pitest.mutationtest.engine.gregor.mutators.NonVoidMethodCallMutator,selectList,136,NO_COVERAGE,none
DefaultSqlSession.java,org.apache.ibatis.session.defaults.DefaultSqlSession,org.pitest.mutationtest.engine.gregor.mutators.ReturnValsMutator,selectList,136,NO_COVERAGE,none
DefaultSqlSession.java,org.apache.ibatis.session.defaults.DefaultSqlSession,org.pitest.mutationtest.engine.gregor.mutators.ConstructorCallMutator,selectList,150,NO_COVERAGE,none
DefaultSqlSession.java,org.apache.ibatis.session.defaults.DefaultSqlSession,org.pitest.mutationtest.engine.gregor.mutators.NonVoidMethodCallMutator,selectList,150,NO_COVERAGE,none
DefaultSqlSession.java,org.apache.ibatis.session.defaults.DefaultSqlSession,org.pitest.mutationtest.engine.gregor.mutators.NonVoidMethodCallMutator,selectList,150,NO_COVERAGE,none
DefaultSqlSession.java,org.apache.ibatis.session.defaults.DefaultSqlSession,org.pitest.mutationtest.engine.gregor.mutators.NonVoidMethodCallMutator,selectList,150,NO_COVERAGE,none
DefaultSqlSession.java,org.apache.ibatis.session.defaults.DefaultSqlSession,org.pitest.mutationtest.engine.gregor.mutators.NonVoidMethodCallMutator,selectList,150,NO_COVERAGE,none
DefaultSqlSession.java,org.apache.ibatis.session.defaults.DefaultSqlSession,org.pitest.mutationtest.engine.gregor.mutators.NonVoidMethodCallMutator,selectMap,94,NO_COVERAGE,none
DefaultSqlSession.java,org.apache.ibatis.session.defaults.DefaultSqlSession,org.pitest.mutationtest.engine.gregor.mutators.ReturnValsMutator,selectMap,94,NO_COVERAGE,none
DefaultSqlSession.java,org.apache.ibatis.session.defaults.DefaultSqlSession,org.pitest.mutationtest.engine.gregor.mutators.ConstructorCallMutator,selectMap,101,NO_COVERAGE,none
DefaultSqlSession.java,org.apache.ibatis.session.defaults.DefaultSqlSession,org.pitest.mutationtest.engine.gregor.mutators.ConstructorCallMutator,selectMap,102,NO_COVERAGE,none
DefaultSqlSession.java,org.apache.ibatis.session.defaults.DefaultSqlSession,org.pitest.mutationtest.engine.gregor.mutators.NegateConditionalsMutator,selectMap,103,NO_COVERAGE,none
DefaultSqlSession.java,org.apache.ibatis.session.defaults.DefaultSqlSession,org.pitest.mutationtest.engine.gregor.mutators.NonVoidMethodCallMutator,selectMap,99,NO_COVERAGE,none
DefaultSqlSession.java,org.apache.ibatis.session.defaults.DefaultSqlSession,org.pitest.mutationtest.engine.gregor.mutators.NonVoidMethodCallMutator,selectMap,101,NO_COVERAGE,none
DefaultSqlSession.java,org.apache.ibatis.session.defaults.DefaultSqlSession,org.pitest.mutationtest.engine.gregor.mutators.NonVoidMethodCallMutator,selectMap,101,NO_COVERAGE,none
DefaultSqlSession.java,org.apache.ibatis.session.defaults.DefaultSqlSession,org.pitest.mutationtest.engine.gregor.mutators.NonVoidMethodCallMutator,selectMap,101,NO_COVERAGE,none
DefaultSqlSession.java,org.apache.ibatis.session.defaults.DefaultSqlSession,org.pitest.mutationtest.engine.gregor.mutators.NonVoidMethodCallMutator,selectMap,103,NO_COVERAGE,none
DefaultSqlSession.java,org.apache.ibatis.session.defaults.DefaultSqlSession,org.pitest.mutationtest.engine.gregor.mutators.NonVoidMethodCallMutator,selectMap,103,NO_COVERAGE,none
DefaultSqlSession.java,org.apache.ibatis.session.defaults.DefaultSqlSession,org.pitest.mutationtest.engine.gregor.mutators.NonVoidMethodCallMutator,selectMap,103,NO_COVERAGE,none
DefaultSqlSession.java,org.apache.ibatis.session.defaults.DefaultSqlSession,org.pitest.mutationtest.engine.gregor.mutators.NonVoidMethodCallMutator,selectMap,107,NO_COVERAGE,none
DefaultSqlSession.java,org.apache.ibatis.session.defaults.DefaultSqlSession,org.pitest.mutationtest.engine.gregor.mutators.RemoveConditionalMutator_EQUAL_ELSE,selectMap,103,NO_COVERAGE,none
DefaultSqlSession.java,org.apache.ibatis.session.defaults.DefaultSqlSession,org.pitest.mutationtest.engine.gregor.mutators.RemoveConditionalMutator_EQUAL_IF,selectMap,103,NO_COVERAGE,none
DefaultSqlSession.java,org.apache.ibatis.session.defaults.DefaultSqlSession,org.pitest.mutationtest.engine.gregor.mutators.ReturnValsMutator,selectMap,107,NO_COVERAGE,none
DefaultSqlSession.java,org.apache.ibatis.session.defaults.DefaultSqlSession,org.pitest.mutationtest.engine.gregor.mutators.VoidMethodCallMutator,selectMap,104,NO_COVERAGE,none
DefaultSqlSession.java,org.apache.ibatis.session.defaults.DefaultSqlSession,org.pitest.mutationtest.engine.gregor.mutators.VoidMethodCallMutator,selectMap,105,NO_COVERAGE,none
DefaultSqlSession.java,org.apache.ibatis.session.defaults.DefaultSqlSession,org.pitest.mutationtest.engine.gregor.mutators.NonVoidMethodCallMutator,selectMap,89,NO_COVERAGE,none
DefaultSqlSession.java,org.apache.ibatis.session.defaults.DefaultSqlSession,org.pitest.mutationtest.engine.gregor.mutators.ReturnValsMutator,selectMap,89,NO_COVERAGE,none
DefaultSqlSession.java,org.apache.ibatis.session.defaults.DefaultSqlSession,org.pitest.mutationtest.engine.gregor.mutators.ArgumentPropagationMutator,selectOne,71,NO_COVERAGE,none
DefaultSqlSession.java,org.apache.ibatis.session.defaults.DefaultSqlSession,org.pitest.mutationtest.engine.gregor.mutators.NonVoidMethodCallMutator,selectOne,71,NO_COVERAGE,none
DefaultSqlSession.java,org.apache.ibatis.session.defaults.DefaultSqlSession,org.pitest.mutationtest.engine.gregor.mutators.ReturnValsMutator,selectOne,71,NO_COVERAGE,none
DefaultSqlSession.java,org.apache.ibatis.session.defaults.DefaultSqlSession,org.pitest.mutationtest.engine.gregor.mutators.ConditionalsBoundaryMutator,selectOne,80,NO_COVERAGE,none
DefaultSqlSession.java,org.apache.ibatis.session.defaults.DefaultSqlSession,org.pitest.mutationtest.engine.gregor.mutators.ConstructorCallMutator,selectOne,81,NO_COVERAGE,none
DefaultSqlSession.java,org.apache.ibatis.session.defaults.DefaultSqlSession,org.pitest.mutationtest.engine.gregor.mutators.ConstructorCallMutator,selectOne,81,NO_COVERAGE,none
DefaultSqlSession.java,org.apache.ibatis.session.defaults.DefaultSqlSession,org.pitest.mutationtest.engine.gregor.mutators.InlineConstantMutator,selectOne,80,NO_COVERAGE,none
DefaultSqlSession.java,org.apache.ibatis.session.defaults.DefaultSqlSession,org.pitest.mutationtest.engine.gregor.mutators.NegateConditionalsMutator,selectOne,80,NO_COVERAGE,none
DefaultSqlSession.java,org.apache.ibatis.session.defaults.DefaultSqlSession,org.pitest.mutationtest.engine.gregor.mutators.NonVoidMethodCallMutator,selectOne,80,NO_COVERAGE,none
DefaultSqlSession.java,org.apache.ibatis.session.defaults.DefaultSqlSession,org.pitest.mutationtest.engine.gregor.mutators.NonVoidMethodCallMutator,selectOne,81,NO_COVERAGE,none
DefaultSqlSession.java,org.apache.ibatis.session.defaults.DefaultSqlSession,org.pitest.mutationtest.engine.gregor.mutators.NonVoidMethodCallMutator,selectOne,81,NO_COVERAGE,none
DefaultSqlSession.java,org.apache.ibatis.session.defaults.DefaultSqlSession,org.pitest.mutationtest.engine.gregor.mutators.NonVoidMethodCallMutator,selectOne,81,NO_COVERAGE,none
DefaultSqlSession.java,org.apache.ibatis.session.defaults.DefaultSqlSession,org.pitest.mutationtest.engine.gregor.mutators.NonVoidMethodCallMutator,selectOne,81,NO_COVERAGE,none
DefaultSqlSession.java,org.apache.ibatis.session.defaults.DefaultSqlSession,org.pitest.mutationtest.engine.gregor.mutators.RemoveConditionalMutator_ORDER_ELSE,selectOne,80,NO_COVERAGE,none
DefaultSqlSession.java,org.apache.ibatis.session.defaults.DefaultSqlSession,org.pitest.mutationtest.engine.gregor.mutators.RemoveConditionalMutator_ORDER_IF,selectOne,80,NO_COVERAGE,none
DefaultSqlSession.java,org.apache.ibatis.session.defaults.DefaultSqlSession,org.pitest.mutationtest.engine.gregor.mutators.ReturnValsMutator,selectOne,83,NO_COVERAGE,none
DefaultSqlSession.java,org.apache.ibatis.session.defaults.DefaultSqlSession,org.pitest.mutationtest.engine.gregor.mutators.NonVoidMethodCallMutator,update,190,NO_COVERAGE,none
DefaultSqlSession.java,org.apache.ibatis.session.defaults.DefaultSqlSession,org.pitest.mutationtest.engine.gregor.mutators.ReturnValsMutator,update,190,NO_COVERAGE,none
DefaultSqlSession.java,org.apache.ibatis.session.defaults.DefaultSqlSession,org.pitest.mutationtest.engine.gregor.mutators.ArgumentPropagationMutator,update,198,NO_COVERAGE,none
DefaultSqlSession.java,org.apache.ibatis.session.defaults.DefaultSqlSession,org.pitest.mutationtest.engine.gregor.mutators.ConstructorCallMutator,update,200,NO_COVERAGE,none
DefaultSqlSession.java,org.apache.ibatis.session.defaults.DefaultSqlSession,org.pitest.mutationtest.engine.gregor.mutators.InlineConstantMutator,update,196,NO_COVERAGE,none
DefaultSqlSession.java,org.apache.ibatis.session.defaults.DefaultSqlSession,org.pitest.mutationtest.engine.gregor.mutators.NonVoidMethodCallMutator,update,198,NO_COVERAGE,none
DefaultSqlSession.java,org.apache.ibatis.session.defaults.DefaultSqlSession,org.pitest.mutationtest.engine.gregor.mutators.NonVoidMethodCallMutator,update,198,NO_COVERAGE,none
DefaultSqlSession.java,org.apache.ibatis.session.defaults.DefaultSqlSession,org.pitest.mutationtest.engine.gregor.mutators.NonVoidMethodCallMutator,update,202,NO_COVERAGE,none
DefaultSqlSession.java,org.apache.ibatis.session.defaults.DefaultSqlSession,org.pitest.mutationtest.engine.gregor.mutators.NonVoidMethodCallMutator,update,200,NO_COVERAGE,none
DefaultSqlSession.java,org.apache.ibatis.session.defaults.DefaultSqlSession,org.pitest.mutationtest.engine.gregor.mutators.NonVoidMethodCallMutator,update,200,NO_COVERAGE,none
DefaultSqlSession.java,org.apache.ibatis.session.defaults.DefaultSqlSession,org.pitest.mutationtest.engine.gregor.mutators.NonVoidMethodCallMutator,update,200,NO_COVERAGE,none
DefaultSqlSession.java,org.apache.ibatis.session.defaults.DefaultSqlSession,org.pitest.mutationtest.engine.gregor.mutators.NonVoidMethodCallMutator,update,200,NO_COVERAGE,none
DefaultSqlSession.java,org.apache.ibatis.session.defaults.DefaultSqlSession,org.pitest.mutationtest.engine.gregor.mutators.NonVoidMethodCallMutator,update,202,NO_COVERAGE,none
DefaultSqlSession.java,org.apache.ibatis.session.defaults.DefaultSqlSession,org.pitest.mutationtest.engine.gregor.mutators.ArgumentPropagationMutator,wrapCollection,323,NO_COVERAGE,none
DefaultSqlSession.java,org.apache.ibatis.session.defaults.DefaultSqlSession,org.pitest.mutationtest.engine.gregor.mutators.ArgumentPropagationMutator,wrapCollection,325,NO_COVERAGE,none
DefaultSqlSession.java,org.apache.ibatis.session.defaults.DefaultSqlSession,org.pitest.mutationtest.engine.gregor.mutators.ArgumentPropagationMutator,wrapCollection,330,NO_COVERAGE,none
DefaultSqlSession.java,org.apache.ibatis.session.defaults.DefaultSqlSession,org.pitest.mutationtest.engine.gregor.mutators.ConstructorCallMutator,wrapCollection,322,NO_COVERAGE,none
DefaultSqlSession.java,org.apache.ibatis.session.defaults.DefaultSqlSession,org.pitest.mutationtest.engine.gregor.mutators.ConstructorCallMutator,wrapCollection,329,NO_COVERAGE,none
DefaultSqlSession.java,org.apache.ibatis.session.defaults.DefaultSqlSession,org.pitest.mutationtest.engine.gregor.mutators.NegateConditionalsMutator,wrapCollection,324,NO_COVERAGE,none
DefaultSqlSession.java,org.apache.ibatis.session.defaults.DefaultSqlSession,org.pitest.mutationtest.engine.gregor.mutators.NegateConditionalsMutator,wrapCollection,328,KILLED,org.apache.ibatis.submitted.extend.ExtendTest.org.apache.ibatis.submitted.extend.ExtendTest
DefaultSqlSession.java,org.apache.ibatis.session.defaults.DefaultSqlSession,org.pitest.mutationtest.engine.gregor.mutators.NonVoidMethodCallMutator,wrapCollection,323,NO_COVERAGE,none
DefaultSqlSession.java,org.apache.ibatis.session.defaults.DefaultSqlSession,org.pitest.mutationtest.engine.gregor.mutators.NonVoidMethodCallMutator,wrapCollection,325,NO_COVERAGE,none
DefaultSqlSession.java,org.apache.ibatis.session.defaults.DefaultSqlSession,org.pitest.mutationtest.engine.gregor.mutators.NonVoidMethodCallMutator,wrapCollection,328,KILLED,org.apache.ibatis.submitted.extend.ExtendTest.org.apache.ibatis.submitted.extend.ExtendTest
DefaultSqlSession.java,org.apache.ibatis.session.defaults.DefaultSqlSession,org.pitest.mutationtest.engine.gregor.mutators.NonVoidMethodCallMutator,wrapCollection,330,NO_COVERAGE,none
DefaultSqlSession.java,org.apache.ibatis.session.defaults.DefaultSqlSession,org.pitest.mutationtest.engine.gregor.mutators.RemoveConditionalMutator_EQUAL_ELSE,wrapCollection,324,NO_COVERAGE,none
DefaultSqlSession.java,org.apache.ibatis.session.defaults.DefaultSqlSession,org.pitest.mutationtest.engine.gregor.mutators.RemoveConditionalMutator_EQUAL_IF,wrapCollection,324,NO_COVERAGE,none
DefaultSqlSession.java,org.apache.ibatis.session.defaults.DefaultSqlSession,org.pitest.mutationtest.engine.gregor.mutators.RemoveConditionalMutator_EQUAL_IF,wrapCollection,328,KILLED,org.apache.ibatis.submitted.extend.ExtendTest.org.apache.ibatis.submitted.extend.ExtendTest
DefaultSqlSession.java,org.apache.ibatis.session.defaults.DefaultSqlSession,org.pitest.mutationtest.engine.gregor.mutators.ReturnValsMutator,wrapCollection,327,NO_COVERAGE,none
DefaultSqlSession.java,org.apache.ibatis.session.defaults.DefaultSqlSession,org.pitest.mutationtest.engine.gregor.mutators.ReturnValsMutator,wrapCollection,331,NO_COVERAGE,none
AbstractSQL.java,org.apache.ibatis.jdbc.AbstractSQL,org.pitest.mutationtest.engine.gregor.mutators.ConstructorCallMutator,<init>,34,NO_COVERAGE,none
AbstractSQL.java,org.apache.ibatis.jdbc.AbstractSQL,org.pitest.mutationtest.engine.gregor.mutators.experimental.MemberVariableMutator,<init>,34,NO_COVERAGE,none
AbstractSQL.java,org.apache.ibatis.jdbc.AbstractSQL,org.pitest.mutationtest.engine.gregor.mutators.NonVoidMethodCallMutator,AND,220,NO_COVERAGE,none
AbstractSQL.java,org.apache.ibatis.jdbc.AbstractSQL,org.pitest.mutationtest.engine.gregor.mutators.NonVoidMethodCallMutator,AND,220,NO_COVERAGE,none
AbstractSQL.java,org.apache.ibatis.jdbc.AbstractSQL,org.pitest.mutationtest.engine.gregor.mutators.NonVoidMethodCallMutator,AND,221,NO_COVERAGE,none
AbstractSQL.java,org.apache.ibatis.jdbc.AbstractSQL,org.pitest.mutationtest.engine.gregor.mutators.ReturnValsMutator,AND,221,NO_COVERAGE,none
AbstractSQL.java,org.apache.ibatis.jdbc.AbstractSQL,org.pitest.mutationtest.engine.gregor.mutators.NonVoidMethodCallMutator,DELETE_FROM,116,NO_COVERAGE,none
AbstractSQL.java,org.apache.ibatis.jdbc.AbstractSQL,org.pitest.mutationtest.engine.gregor.mutators.NonVoidMethodCallMutator,DELETE_FROM,117,NO_COVERAGE,none
AbstractSQL.java,org.apache.ibatis.jdbc.AbstractSQL,org.pitest.mutationtest.engine.gregor.mutators.NonVoidMethodCallMutator,DELETE_FROM,117,NO_COVERAGE,none
AbstractSQL.java,org.apache.ibatis.jdbc.AbstractSQL,org.pitest.mutationtest.engine.gregor.mutators.NonVoidMethodCallMutator,DELETE_FROM,118,NO_COVERAGE,none
AbstractSQL.java,org.apache.ibatis.jdbc.AbstractSQL,org.pitest.mutationtest.engine.gregor.mutators.ReturnValsMutator,DELETE_FROM,118,NO_COVERAGE,none
AbstractSQL.java,org.apache.ibatis.jdbc.AbstractSQL,org.pitest.mutationtest.engine.gregor.mutators.experimental.MemberVariableMutator,DELETE_FROM,116,NO_COVERAGE,none
AbstractSQL.java,org.apache.ibatis.jdbc.AbstractSQL,org.pitest.mutationtest.engine.gregor.mutators.NonVoidMethodCallMutator,FROM,122,NO_COVERAGE,none
AbstractSQL.java,org.apache.ibatis.jdbc.AbstractSQL,org.pitest.mutationtest.engine.gregor.mutators.NonVoidMethodCallMutator,FROM,122,NO_COVERAGE,none
AbstractSQL.java,org.apache.ibatis.jdbc.AbstractSQL,org.pitest.mutationtest.engine.gregor.mutators.NonVoidMethodCallMutator,FROM,123,NO_COVERAGE,none
AbstractSQL.java,org.apache.ibatis.jdbc.AbstractSQL,org.pitest.mutationtest.engine.gregor.mutators.ReturnValsMutator,FROM,123,NO_COVERAGE,none
AbstractSQL.java,org.apache.ibatis.jdbc.AbstractSQL,org.pitest.mutationtest.engine.gregor.mutators.NonVoidMethodCallMutator,FROM,130,NO_COVERAGE,none
AbstractSQL.java,org.apache.ibatis.jdbc.AbstractSQL,org.pitest.mutationtest.engine.gregor.mutators.NonVoidMethodCallMutator,FROM,130,NO_COVERAGE,none
AbstractSQL.java,org.apache.ibatis.jdbc.AbstractSQL,org.pitest.mutationtest.engine.gregor.mutators.NonVoidMethodCallMutator,FROM,130,NO_COVERAGE,none
AbstractSQL.java,org.apache.ibatis.jdbc.AbstractSQL,org.pitest.mutationtest.engine.gregor.mutators.NonVoidMethodCallMutator,FROM,131,NO_COVERAGE,none
AbstractSQL.java,org.apache.ibatis.jdbc.AbstractSQL,org.pitest.mutationtest.engine.gregor.mutators.ReturnValsMutator,FROM,131,NO_COVERAGE,none
AbstractSQL.java,org.apache.ibatis.jdbc.AbstractSQL,org.pitest.mutationtest.engine.gregor.mutators.NonVoidMethodCallMutator,GROUP_BY,225,NO_COVERAGE,none
AbstractSQL.java,org.apache.ibatis.jdbc.AbstractSQL,org.pitest.mutationtest.engine.gregor.mutators.NonVoidMethodCallMutator,GROUP_BY,225,NO_COVERAGE,none
AbstractSQL.java,org.apache.ibatis.jdbc.AbstractSQL,org.pitest.mutationtest.engine.gregor.mutators.NonVoidMethodCallMutator,GROUP_BY,226,NO_COVERAGE,none
AbstractSQL.java,org.apache.ibatis.jdbc.AbstractSQL,org.pitest.mutationtest.engine.gregor.mutators.ReturnValsMutator,GROUP_BY,226,NO_COVERAGE,none
AbstractSQL.java,org.apache.ibatis.jdbc.AbstractSQL,org.pitest.mutationtest.engine.gregor.mutators.NonVoidMethodCallMutator,GROUP_BY,233,NO_COVERAGE,none
AbstractSQL.java,org.apache.ibatis.jdbc.AbstractSQL,org.pitest.mutationtest.engine.gregor.mutators.NonVoidMethodCallMutator,GROUP_BY,233,NO_COVERAGE,none
AbstractSQL.java,org.apache.ibatis.jdbc.AbstractSQL,org.pitest.mutationtest.engine.gregor.mutators.NonVoidMethodCallMutator,GROUP_BY,233,NO_COVERAGE,none
AbstractSQL.java,org.apache.ibatis.jdbc.AbstractSQL,org.pitest.mutationtest.engine.gregor.mutators.NonVoidMethodCallMutator,GROUP_BY,234,NO_COVERAGE,none
AbstractSQL.java,org.apache.ibatis.jdbc.AbstractSQL,org.pitest.mutationtest.engine.gregor.mutators.ReturnValsMutator,GROUP_BY,234,NO_COVERAGE,none
AbstractSQL.java,org.apache.ibatis.jdbc.AbstractSQL,org.pitest.mutationtest.engine.gregor.mutators.NonVoidMethodCallMutator,HAVING,238,NO_COVERAGE,none
AbstractSQL.java,org.apache.ibatis.jdbc.AbstractSQL,org.pitest.mutationtest.engine.gregor.mutators.NonVoidMethodCallMutator,HAVING,238,NO_COVERAGE,none
AbstractSQL.java,org.apache.ibatis.jdbc.AbstractSQL,org.pitest.mutationtest.engine.gregor.mutators.NonVoidMethodCallMutator,HAVING,239,NO_COVERAGE,none
AbstractSQL.java,org.apache.ibatis.jdbc.AbstractSQL,org.pitest.mutationtest.engine.gregor.mutators.NonVoidMethodCallMutator,HAVING,239,NO_COVERAGE,none
AbstractSQL.java,org.apache.ibatis.jdbc.AbstractSQL,org.pitest.mutationtest.engine.gregor.mutators.NonVoidMethodCallMutator,HAVING,240,NO_COVERAGE,none
AbstractSQL.java,org.apache.ibatis.jdbc.AbstractSQL,org.pitest.mutationtest.engine.gregor.mutators.ReturnValsMutator,HAVING,240,NO_COVERAGE,none
AbstractSQL.java,org.apache.ibatis.jdbc.AbstractSQL,org.pitest.mutationtest.engine.gregor.mutators.experimental.MemberVariableMutator,HAVING,239,NO_COVERAGE,none
AbstractSQL.java,org.apache.ibatis.jdbc.AbstractSQL,org.pitest.mutationtest.engine.gregor.mutators.NonVoidMethodCallMutator,HAVING,247,NO_COVERAGE,none
AbstractSQL.java,org.apache.ibatis.jdbc.AbstractSQL,org.pitest.mutationtest.engine.gregor.mutators.NonVoidMethodCallMutator,HAVING,247,NO_COVERAGE,none
AbstractSQL.java,org.apache.ibatis.jdbc.AbstractSQL,org.pitest.mutationtest.engine.gregor.mutators.NonVoidMethodCallMutator,HAVING,247,NO_COVERAGE,none
AbstractSQL.java,org.apache.ibatis.jdbc.AbstractSQL,org.pitest.mutationtest.engine.gregor.mutators.NonVoidMethodCallMutator,HAVING,248,NO_COVERAGE,none
AbstractSQL.java,org.apache.ibatis.jdbc.AbstractSQL,org.pitest.mutationtest.engine.gregor.mutators.NonVoidMethodCallMutator,HAVING,248,NO_COVERAGE,none
AbstractSQL.java,org.apache.ibatis.jdbc.AbstractSQL,org.pitest.mutationtest.engine.gregor.mutators.NonVoidMethodCallMutator,HAVING,249,NO_COVERAGE,none
AbstractSQL.java,org.apache.ibatis.jdbc.AbstractSQL,org.pitest.mutationtest.engine.gregor.mutators.ReturnValsMutator,HAVING,249,NO_COVERAGE,none
AbstractSQL.java,org.apache.ibatis.jdbc.AbstractSQL,org.pitest.mutationtest.engine.gregor.mutators.experimental.MemberVariableMutator,HAVING,248,NO_COVERAGE,none
AbstractSQL.java,org.apache.ibatis.jdbc.AbstractSQL,org.pitest.mutationtest.engine.gregor.mutators.NonVoidMethodCallMutator,INNER_JOIN,148,NO_COVERAGE,none
AbstractSQL.java,org.apache.ibatis.jdbc.AbstractSQL,org.pitest.mutationtest.engine.gregor.mutators.NonVoidMethodCallMutator,INNER_JOIN,148,NO_COVERAGE,none
AbstractSQL.java,org.apache.ibatis.jdbc.AbstractSQL,org.pitest.mutationtest.engine.gregor.mutators.NonVoidMethodCallMutator,INNER_JOIN,149,NO_COVERAGE,none
AbstractSQL.java,org.apache.ibatis.jdbc.AbstractSQL,org.pitest.mutationtest.engine.gregor.mutators.ReturnValsMutator,INNER_JOIN,149,NO_COVERAGE,none
AbstractSQL.java,org.apache.ibatis.jdbc.AbstractSQL,org.pitest.mutationtest.engine.gregor.mutators.NonVoidMethodCallMutator,INNER_JOIN,156,NO_COVERAGE,none
AbstractSQL.java,org.apache.ibatis.jdbc.AbstractSQL,org.pitest.mutationtest.engine.gregor.mutators.NonVoidMethodCallMutator,INNER_JOIN,156,NO_COVERAGE,none
AbstractSQL.java,org.apache.ibatis.jdbc.AbstractSQL,org.pitest.mutationtest.engine.gregor.mutators.NonVoidMethodCallMutator,INNER_JOIN,156,NO_COVERAGE,none
AbstractSQL.java,org.apache.ibatis.jdbc.AbstractSQL,org.pitest.mutationtest.engine.gregor.mutators.NonVoidMethodCallMutator,INNER_JOIN,157,NO_COVERAGE,none
AbstractSQL.java,org.apache.ibatis.jdbc.AbstractSQL,org.pitest.mutationtest.engine.gregor.mutators.ReturnValsMutator,INNER_JOIN,157,NO_COVERAGE,none
AbstractSQL.java,org.apache.ibatis.jdbc.AbstractSQL,org.pitest.mutationtest.engine.gregor.mutators.NonVoidMethodCallMutator,INSERT_INTO,58,NO_COVERAGE,none
AbstractSQL.java,org.apache.ibatis.jdbc.AbstractSQL,org.pitest.mutationtest.engine.gregor.mutators.NonVoidMethodCallMutator,INSERT_INTO,59,NO_COVERAGE,none
AbstractSQL.java,org.apache.ibatis.jdbc.AbstractSQL,org.pitest.mutationtest.engine.gregor.mutators.NonVoidMethodCallMutator,INSERT_INTO,59,NO_COVERAGE,none
AbstractSQL.java,org.apache.ibatis.jdbc.AbstractSQL,org.pitest.mutationtest.engine.gregor.mutators.NonVoidMethodCallMutator,INSERT_INTO,60,NO_COVERAGE,none
AbstractSQL.java,org.apache.ibatis.jdbc.AbstractSQL,org.pitest.mutationtest.engine.gregor.mutators.ReturnValsMutator,INSERT_INTO,60,NO_COVERAGE,none
AbstractSQL.java,org.apache.ibatis.jdbc.AbstractSQL,org.pitest.mutationtest.engine.gregor.mutators.experimental.MemberVariableMutator,INSERT_INTO,58,NO_COVERAGE,none
AbstractSQL.java,org.apache.ibatis.jdbc.AbstractSQL,org.pitest.mutationtest.engine.gregor.mutators.NonVoidMethodCallMutator,INTO_COLUMNS,73,NO_COVERAGE,none
AbstractSQL.java,org.apache.ibatis.jdbc.AbstractSQL,org.pitest.mutationtest.engine.gregor.mutators.NonVoidMethodCallMutator,INTO_COLUMNS,73,NO_COVERAGE,none
AbstractSQL.java,org.apache.ibatis.jdbc.AbstractSQL,org.pitest.mutationtest.engine.gregor.mutators.NonVoidMethodCallMutator,INTO_COLUMNS,73,NO_COVERAGE,none
AbstractSQL.java,org.apache.ibatis.jdbc.AbstractSQL,org.pitest.mutationtest.engine.gregor.mutators.NonVoidMethodCallMutator,INTO_COLUMNS,74,NO_COVERAGE,none
AbstractSQL.java,org.apache.ibatis.jdbc.AbstractSQL,org.pitest.mutationtest.engine.gregor.mutators.ReturnValsMutator,INTO_COLUMNS,74,NO_COVERAGE,none
AbstractSQL.java,org.apache.ibatis.jdbc.AbstractSQL,org.pitest.mutationtest.engine.gregor.mutators.NonVoidMethodCallMutator,INTO_VALUES,81,NO_COVERAGE,none
AbstractSQL.java,org.apache.ibatis.jdbc.AbstractSQL,org.pitest.mutationtest.engine.gregor.mutators.NonVoidMethodCallMutator,INTO_VALUES,81,NO_COVERAGE,none
AbstractSQL.java,org.apache.ibatis.jdbc.AbstractSQL,org.pitest.mutationtest.engine.gregor.mutators.NonVoidMethodCallMutator,INTO_VALUES,81,NO_COVERAGE,none
AbstractSQL.java,org.apache.ibatis.jdbc.AbstractSQL,org.pitest.mutationtest.engine.gregor.mutators.NonVoidMethodCallMutator,INTO_VALUES,82,NO_COVERAGE,none
AbstractSQL.java,org.apache.ibatis.jdbc.AbstractSQL,org.pitest.mutationtest.engine.gregor.mutators.ReturnValsMutator,INTO_VALUES,82,NO_COVERAGE,none
AbstractSQL.java,org.apache.ibatis.jdbc.AbstractSQL,org.pitest.mutationtest.engine.gregor.mutators.NonVoidMethodCallMutator,JOIN,135,NO_COVERAGE,none
AbstractSQL.java,org.apache.ibatis.jdbc.AbstractSQL,org.pitest.mutationtest.engine.gregor.mutators.NonVoidMethodCallMutator,JOIN,135,NO_COVERAGE,none
AbstractSQL.java,org.apache.ibatis.jdbc.AbstractSQL,org.pitest.mutationtest.engine.gregor.mutators.NonVoidMethodCallMutator,JOIN,136,NO_COVERAGE,none
AbstractSQL.java,org.apache.ibatis.jdbc.AbstractSQL,org.pitest.mutationtest.engine.gregor.mutators.ReturnValsMutator,JOIN,136,NO_COVERAGE,none
AbstractSQL.java,org.apache.ibatis.jdbc.AbstractSQL,org.pitest.mutationtest.engine.gregor.mutators.NonVoidMethodCallMutator,JOIN,143,NO_COVERAGE,none
AbstractSQL.java,org.apache.ibatis.jdbc.AbstractSQL,org.pitest.mutationtest.engine.gregor.mutators.NonVoidMethodCallMutator,JOIN,143,NO_COVERAGE,none
AbstractSQL.java,org.apache.ibatis.jdbc.AbstractSQL,org.pitest.mutationtest.engine.gregor.mutators.NonVoidMethodCallMutator,JOIN,143,NO_COVERAGE,none
AbstractSQL.java,org.apache.ibatis.jdbc.AbstractSQL,org.pitest.mutationtest.engine.gregor.mutators.NonVoidMethodCallMutator,JOIN,144,NO_COVERAGE,none
AbstractSQL.java,org.apache.ibatis.jdbc.AbstractSQL,org.pitest.mutationtest.engine.gregor.mutators.ReturnValsMutator,JOIN,144,NO_COVERAGE,none
AbstractSQL.java,org.apache.ibatis.jdbc.AbstractSQL,org.pitest.mutationtest.engine.gregor.mutators.NonVoidMethodCallMutator,LEFT_OUTER_JOIN,161,NO_COVERAGE,none
AbstractSQL.java,org.apache.ibatis.jdbc.AbstractSQL,org.pitest.mutationtest.engine.gregor.mutators.NonVoidMethodCallMutator,LEFT_OUTER_JOIN,161,NO_COVERAGE,none
AbstractSQL.java,org.apache.ibatis.jdbc.AbstractSQL,org.pitest.mutationtest.engine.gregor.mutators.NonVoidMethodCallMutator,LEFT_OUTER_JOIN,162,NO_COVERAGE,none
AbstractSQL.java,org.apache.ibatis.jdbc.AbstractSQL,org.pitest.mutationtest.engine.gregor.mutators.ReturnValsMutator,LEFT_OUTER_JOIN,162,NO_COVERAGE,none
AbstractSQL.java,org.apache.ibatis.jdbc.AbstractSQL,org.pitest.mutationtest.engine.gregor.mutators.NonVoidMethodCallMutator,LEFT_OUTER_JOIN,169,NO_COVERAGE,none
AbstractSQL.java,org.apache.ibatis.jdbc.AbstractSQL,org.pitest.mutationtest.engine.gregor.mutators.NonVoidMethodCallMutator,LEFT_OUTER_JOIN,169,NO_COVERAGE,none
AbstractSQL.java,org.apache.ibatis.jdbc.AbstractSQL,org.pitest.mutationtest.engine.gregor.mutators.NonVoidMethodCallMutator,LEFT_OUTER_JOIN,169,NO_COVERAGE,none
AbstractSQL.java,org.apache.ibatis.jdbc.AbstractSQL,org.pitest.mutationtest.engine.gregor.mutators.NonVoidMethodCallMutator,LEFT_OUTER_JOIN,170,NO_COVERAGE,none
AbstractSQL.java,org.apache.ibatis.jdbc.AbstractSQL,org.pitest.mutationtest.engine.gregor.mutators.ReturnValsMutator,LEFT_OUTER_JOIN,170,NO_COVERAGE,none
AbstractSQL.java,org.apache.ibatis.jdbc.AbstractSQL,org.pitest.mutationtest.engine.gregor.mutators.NonVoidMethodCallMutator,OR,215,NO_COVERAGE,none
AbstractSQL.java,org.apache.ibatis.jdbc.AbstractSQL,org.pitest.mutationtest.engine.gregor.mutators.NonVoidMethodCallMutator,OR,215,NO_COVERAGE,none
AbstractSQL.java,org.apache.ibatis.jdbc.AbstractSQL,org.pitest.mutationtest.engine.gregor.mutators.NonVoidMethodCallMutator,OR,216,NO_COVERAGE,none
AbstractSQL.java,org.apache.ibatis.jdbc.AbstractSQL,org.pitest.mutationtest.engine.gregor.mutators.ReturnValsMutator,OR,216,NO_COVERAGE,none
AbstractSQL.java,org.apache.ibatis.jdbc.AbstractSQL,org.pitest.mutationtest.engine.gregor.mutators.NonVoidMethodCallMutator,ORDER_BY,253,NO_COVERAGE,none
AbstractSQL.java,org.apache.ibatis.jdbc.AbstractSQL,org.pitest.mutationtest.engine.gregor.mutators.NonVoidMethodCallMutator,ORDER_BY,253,NO_COVERAGE,none
AbstractSQL.java,org.apache.ibatis.jdbc.AbstractSQL,org.pitest.mutationtest.engine.gregor.mutators.NonVoidMethodCallMutator,ORDER_BY,254,NO_COVERAGE,none
AbstractSQL.java,org.apache.ibatis.jdbc.AbstractSQL,org.pitest.mutationtest.engine.gregor.mutators.ReturnValsMutator,ORDER_BY,254,NO_COVERAGE,none
AbstractSQL.java,org.apache.ibatis.jdbc.AbstractSQL,org.pitest.mutationtest.engine.gregor.mutators.NonVoidMethodCallMutator,ORDER_BY,261,NO_COVERAGE,none
AbstractSQL.java,org.apache.ibatis.jdbc.AbstractSQL,org.pitest.mutationtest.engine.gregor.mutators.NonVoidMethodCallMutator,ORDER_BY,261,NO_COVERAGE,none
AbstractSQL.java,org.apache.ibatis.jdbc.AbstractSQL,org.pitest.mutationtest.engine.gregor.mutators.NonVoidMethodCallMutator,ORDER_BY,261,NO_COVERAGE,none
AbstractSQL.java,org.apache.ibatis.jdbc.AbstractSQL,org.pitest.mutationtest.engine.gregor.mutators.NonVoidMethodCallMutator,ORDER_BY,262,NO_COVERAGE,none
AbstractSQL.java,org.apache.ibatis.jdbc.AbstractSQL,org.pitest.mutationtest.engine.gregor.mutators.ReturnValsMutator,ORDER_BY,262,NO_COVERAGE,none
AbstractSQL.java,org.apache.ibatis.jdbc.AbstractSQL,org.pitest.mutationtest.engine.gregor.mutators.NonVoidMethodCallMutator,OUTER_JOIN,187,NO_COVERAGE,none
AbstractSQL.java,org.apache.ibatis.jdbc.AbstractSQL,org.pitest.mutationtest.engine.gregor.mutators.NonVoidMethodCallMutator,OUTER_JOIN,187,NO_COVERAGE,none
AbstractSQL.java,org.apache.ibatis.jdbc.AbstractSQL,org.pitest.mutationtest.engine.gregor.mutators.NonVoidMethodCallMutator,OUTER_JOIN,188,NO_COVERAGE,none
AbstractSQL.java,org.apache.ibatis.jdbc.AbstractSQL,org.pitest.mutationtest.engine.gregor.mutators.ReturnValsMutator,OUTER_JOIN,188,NO_COVERAGE,none
AbstractSQL.java,org.apache.ibatis.jdbc.AbstractSQL,org.pitest.mutationtest.engine.gregor.mutators.NonVoidMethodCallMutator,OUTER_JOIN,195,NO_COVERAGE,none
AbstractSQL.java,org.apache.ibatis.jdbc.AbstractSQL,org.pitest.mutationtest.engine.gregor.mutators.NonVoidMethodCallMutator,OUTER_JOIN,195,NO_COVERAGE,none
AbstractSQL.java,org.apache.ibatis.jdbc.AbstractSQL,org.pitest.mutationtest.engine.gregor.mutators.NonVoidMethodCallMutator,OUTER_JOIN,195,NO_COVERAGE,none
AbstractSQL.java,org.apache.ibatis.jdbc.AbstractSQL,org.pitest.mutationtest.engine.gregor.mutators.NonVoidMethodCallMutator,OUTER_JOIN,196,NO_COVERAGE,none
AbstractSQL.java,org.apache.ibatis.jdbc.AbstractSQL,org.pitest.mutationtest.engine.gregor.mutators.ReturnValsMutator,OUTER_JOIN,196,NO_COVERAGE,none
AbstractSQL.java,org.apache.ibatis.jdbc.AbstractSQL,org.pitest.mutationtest.engine.gregor.mutators.NonVoidMethodCallMutator,RIGHT_OUTER_JOIN,174,NO_COVERAGE,none
AbstractSQL.java,org.apache.ibatis.jdbc.AbstractSQL,org.pitest.mutationtest.engine.gregor.mutators.NonVoidMethodCallMutator,RIGHT_OUTER_JOIN,174,NO_COVERAGE,none
AbstractSQL.java,org.apache.ibatis.jdbc.AbstractSQL,org.pitest.mutationtest.engine.gregor.mutators.NonVoidMethodCallMutator,RIGHT_OUTER_JOIN,175,NO_COVERAGE,none
AbstractSQL.java,org.apache.ibatis.jdbc.AbstractSQL,org.pitest.mutationtest.engine.gregor.mutators.ReturnValsMutator,RIGHT_OUTER_JOIN,175,NO_COVERAGE,none
AbstractSQL.java,org.apache.ibatis.jdbc.AbstractSQL,org.pitest.mutationtest.engine.gregor.mutators.NonVoidMethodCallMutator,RIGHT_OUTER_JOIN,182,NO_COVERAGE,none
AbstractSQL.java,org.apache.ibatis.jdbc.AbstractSQL,org.pitest.mutationtest.engine.gregor.mutators.NonVoidMethodCallMutator,RIGHT_OUTER_JOIN,182,NO_COVERAGE,none
AbstractSQL.java,org.apache.ibatis.jdbc.AbstractSQL,org.pitest.mutationtest.engine.gregor.mutators.NonVoidMethodCallMutator,RIGHT_OUTER_JOIN,182,NO_COVERAGE,none
AbstractSQL.java,org.apache.ibatis.jdbc.AbstractSQL,org.pitest.mutationtest.engine.gregor.mutators.NonVoidMethodCallMutator,RIGHT_OUTER_JOIN,183,NO_COVERAGE,none
AbstractSQL.java,org.apache.ibatis.jdbc.AbstractSQL,org.pitest.mutationtest.engine.gregor.mutators.ReturnValsMutator,RIGHT_OUTER_JOIN,183,NO_COVERAGE,none
AbstractSQL.java,org.apache.ibatis.jdbc.AbstractSQL,org.pitest.mutationtest.engine.gregor.mutators.NonVoidMethodCallMutator,SELECT,86,NO_COVERAGE,none
AbstractSQL.java,org.apache.ibatis.jdbc.AbstractSQL,org.pitest.mutationtest.engine.gregor.mutators.NonVoidMethodCallMutator,SELECT,87,NO_COVERAGE,none
AbstractSQL.java,org.apache.ibatis.jdbc.AbstractSQL,org.pitest.mutationtest.engine.gregor.mutators.NonVoidMethodCallMutator,SELECT,87,NO_COVERAGE,none
AbstractSQL.java,org.apache.ibatis.jdbc.AbstractSQL,org.pitest.mutationtest.engine.gregor.mutators.NonVoidMethodCallMutator,SELECT,88,NO_COVERAGE,none
AbstractSQL.java,org.apache.ibatis.jdbc.AbstractSQL,org.pitest.mutationtest.engine.gregor.mutators.ReturnValsMutator,SELECT,88,NO_COVERAGE,none
AbstractSQL.java,org.apache.ibatis.jdbc.AbstractSQL,org.pitest.mutationtest.engine.gregor.mutators.experimental.MemberVariableMutator,SELECT,86,NO_COVERAGE,none
AbstractSQL.java,org.apache.ibatis.jdbc.AbstractSQL,org.pitest.mutationtest.engine.gregor.mutators.NonVoidMethodCallMutator,SELECT,95,NO_COVERAGE,none
AbstractSQL.java,org.apache.ibatis.jdbc.AbstractSQL,org.pitest.mutationtest.engine.gregor.mutators.NonVoidMethodCallMutator,SELECT,96,NO_COVERAGE,none
AbstractSQL.java,org.apache.ibatis.jdbc.AbstractSQL,org.pitest.mutationtest.engine.gregor.mutators.NonVoidMethodCallMutator,SELECT,96,NO_COVERAGE,none
AbstractSQL.java,org.apache.ibatis.jdbc.AbstractSQL,org.pitest.mutationtest.engine.gregor.mutators.NonVoidMethodCallMutator,SELECT,96,NO_COVERAGE,none
AbstractSQL.java,org.apache.ibatis.jdbc.AbstractSQL,org.pitest.mutationtest.engine.gregor.mutators.NonVoidMethodCallMutator,SELECT,97,NO_COVERAGE,none
AbstractSQL.java,org.apache.ibatis.jdbc.AbstractSQL,org.pitest.mutationtest.engine.gregor.mutators.ReturnValsMutator,SELECT,97,NO_COVERAGE,none
AbstractSQL.java,org.apache.ibatis.jdbc.AbstractSQL,org.pitest.mutationtest.engine.gregor.mutators.experimental.MemberVariableMutator,SELECT,95,NO_COVERAGE,none
AbstractSQL.java,org.apache.ibatis.jdbc.AbstractSQL,org.pitest.mutationtest.engine.gregor.mutators.InlineConstantMutator,SELECT_DISTINCT,101,NO_COVERAGE,none
AbstractSQL.java,org.apache.ibatis.jdbc.AbstractSQL,org.pitest.mutationtest.engine.gregor.mutators.NonVoidMethodCallMutator,SELECT_DISTINCT,101,NO_COVERAGE,none
AbstractSQL.java,org.apache.ibatis.jdbc.AbstractSQL,org.pitest.mutationtest.engine.gregor.mutators.NonVoidMethodCallMutator,SELECT_DISTINCT,102,NO_COVERAGE,none
AbstractSQL.java,org.apache.ibatis.jdbc.AbstractSQL,org.pitest.mutationtest.engine.gregor.mutators.NonVoidMethodCallMutator,SELECT_DISTINCT,103,NO_COVERAGE,none
AbstractSQL.java,org.apache.ibatis.jdbc.AbstractSQL,org.pitest.mutationtest.engine.gregor.mutators.ReturnValsMutator,SELECT_DISTINCT,103,NO_COVERAGE,none
AbstractSQL.java,org.apache.ibatis.jdbc.AbstractSQL,org.pitest.mutationtest.engine.gregor.mutators.experimental.MemberVariableMutator,SELECT_DISTINCT,101,NO_COVERAGE,none
AbstractSQL.java,org.apache.ibatis.jdbc.AbstractSQL,org.pitest.mutationtest.engine.gregor.mutators.InlineConstantMutator,SELECT_DISTINCT,110,NO_COVERAGE,none
AbstractSQL.java,org.apache.ibatis.jdbc.AbstractSQL,org.pitest.mutationtest.engine.gregor.mutators.NonVoidMethodCallMutator,SELECT_DISTINCT,110,NO_COVERAGE,none
AbstractSQL.java,org.apache.ibatis.jdbc.AbstractSQL,org.pitest.mutationtest.engine.gregor.mutators.NonVoidMethodCallMutator,SELECT_DISTINCT,111,NO_COVERAGE,none
AbstractSQL.java,org.apache.ibatis.jdbc.AbstractSQL,org.pitest.mutationtest.engine.gregor.mutators.NonVoidMethodCallMutator,SELECT_DISTINCT,112,NO_COVERAGE,none
AbstractSQL.java,org.apache.ibatis.jdbc.AbstractSQL,org.pitest.mutationtest.engine.gregor.mutators.ReturnValsMutator,SELECT_DISTINCT,112,NO_COVERAGE,none
AbstractSQL.java,org.apache.ibatis.jdbc.AbstractSQL,org.pitest.mutationtest.engine.gregor.mutators.experimental.MemberVariableMutator,SELECT_DISTINCT,110,NO_COVERAGE,none
AbstractSQL.java,org.apache.ibatis.jdbc.AbstractSQL,org.pitest.mutationtest.engine.gregor.mutators.NonVoidMethodCallMutator,SET,45,NO_COVERAGE,none
AbstractSQL.java,org.apache.ibatis.jdbc.AbstractSQL,org.pitest.mutationtest.engine.gregor.mutators.NonVoidMethodCallMutator,SET,45,NO_COVERAGE,none
AbstractSQL.java,org.apache.ibatis.jdbc.AbstractSQL,org.pitest.mutationtest.engine.gregor.mutators.NonVoidMethodCallMutator,SET,46,NO_COVERAGE,none
AbstractSQL.java,org.apache.ibatis.jdbc.AbstractSQL,org.pitest.mutationtest.engine.gregor.mutators.ReturnValsMutator,SET,46,NO_COVERAGE,none
AbstractSQL.java,org.apache.ibatis.jdbc.AbstractSQL,org.pitest.mutationtest.engine.gregor.mutators.NonVoidMethodCallMutator,SET,53,NO_COVERAGE,none
AbstractSQL.java,org.apache.ibatis.jdbc.AbstractSQL,org.pitest.mutationtest.engine.gregor.mutators.NonVoidMethodCallMutator,SET,53,NO_COVERAGE,none
AbstractSQL.java,org.apache.ibatis.jdbc.AbstractSQL,org.pitest.mutationtest.engine.gregor.mutators.NonVoidMethodCallMutator,SET,53,NO_COVERAGE,none
AbstractSQL.java,org.apache.ibatis.jdbc.AbstractSQL,org.pitest.mutationtest.engine.gregor.mutators.NonVoidMethodCallMutator,SET,54,NO_COVERAGE,none
AbstractSQL.java,org.apache.ibatis.jdbc.AbstractSQL,org.pitest.mutationtest.engine.gregor.mutators.ReturnValsMutator,SET,54,NO_COVERAGE,none
AbstractSQL.java,org.apache.ibatis.jdbc.AbstractSQL,org.pitest.mutationtest.engine.gregor.mutators.NonVoidMethodCallMutator,UPDATE,39,NO_COVERAGE,none
AbstractSQL.java,org.apache.ibatis.jdbc.AbstractSQL,org.pitest.mutationtest.engine.gregor.mutators.NonVoidMethodCallMutator,UPDATE,40,NO_COVERAGE,none
AbstractSQL.java,org.apache.ibatis.jdbc.AbstractSQL,org.pitest.mutationtest.engine.gregor.mutators.NonVoidMethodCallMutator,UPDATE,40,NO_COVERAGE,none
AbstractSQL.java,org.apache.ibatis.jdbc.AbstractSQL,org.pitest.mutationtest.engine.gregor.mutators.NonVoidMethodCallMutator,UPDATE,41,NO_COVERAGE,none
AbstractSQL.java,org.apache.ibatis.jdbc.AbstractSQL,org.pitest.mutationtest.engine.gregor.mutators.ReturnValsMutator,UPDATE,41,NO_COVERAGE,none
AbstractSQL.java,org.apache.ibatis.jdbc.AbstractSQL,org.pitest.mutationtest.engine.gregor.mutators.experimental.MemberVariableMutator,UPDATE,39,NO_COVERAGE,none
AbstractSQL.java,org.apache.ibatis.jdbc.AbstractSQL,org.pitest.mutationtest.engine.gregor.mutators.NonVoidMethodCallMutator,VALUES,64,NO_COVERAGE,none
AbstractSQL.java,org.apache.ibatis.jdbc.AbstractSQL,org.pitest.mutationtest.engine.gregor.mutators.NonVoidMethodCallMutator,VALUES,64,NO_COVERAGE,none
AbstractSQL.java,org.apache.ibatis.jdbc.AbstractSQL,org.pitest.mutationtest.engine.gregor.mutators.NonVoidMethodCallMutator,VALUES,65,NO_COVERAGE,none
AbstractSQL.java,org.apache.ibatis.jdbc.AbstractSQL,org.pitest.mutationtest.engine.gregor.mutators.NonVoidMethodCallMutator,VALUES,65,NO_COVERAGE,none
AbstractSQL.java,org.apache.ibatis.jdbc.AbstractSQL,org.pitest.mutationtest.engine.gregor.mutators.NonVoidMethodCallMutator,VALUES,66,NO_COVERAGE,none
AbstractSQL.java,org.apache.ibatis.jdbc.AbstractSQL,org.pitest.mutationtest.engine.gregor.mutators.ReturnValsMutator,VALUES,66,NO_COVERAGE,none
AbstractSQL.java,org.apache.ibatis.jdbc.AbstractSQL,org.pitest.mutationtest.engine.gregor.mutators.NonVoidMethodCallMutator,WHERE,200,NO_COVERAGE,none
AbstractSQL.java,org.apache.ibatis.jdbc.AbstractSQL,org.pitest.mutationtest.engine.gregor.mutators.NonVoidMethodCallMutator,WHERE,200,NO_COVERAGE,none
AbstractSQL.java,org.apache.ibatis.jdbc.AbstractSQL,org.pitest.mutationtest.engine.gregor.mutators.NonVoidMethodCallMutator,WHERE,201,NO_COVERAGE,none
AbstractSQL.java,org.apache.ibatis.jdbc.AbstractSQL,org.pitest.mutationtest.engine.gregor.mutators.NonVoidMethodCallMutator,WHERE,201,NO_COVERAGE,none
AbstractSQL.java,org.apache.ibatis.jdbc.AbstractSQL,org.pitest.mutationtest.engine.gregor.mutators.NonVoidMethodCallMutator,WHERE,202,NO_COVERAGE,none
AbstractSQL.java,org.apache.ibatis.jdbc.AbstractSQL,org.pitest.mutationtest.engine.gregor.mutators.ReturnValsMutator,WHERE,202,NO_COVERAGE,none
AbstractSQL.java,org.apache.ibatis.jdbc.AbstractSQL,org.pitest.mutationtest.engine.gregor.mutators.experimental.MemberVariableMutator,WHERE,201,NO_COVERAGE,none
AbstractSQL.java,org.apache.ibatis.jdbc.AbstractSQL,org.pitest.mutationtest.engine.gregor.mutators.NonVoidMethodCallMutator,WHERE,209,NO_COVERAGE,none
AbstractSQL.java,org.apache.ibatis.jdbc.AbstractSQL,org.pitest.mutationtest.engine.gregor.mutators.NonVoidMethodCallMutator,WHERE,209,NO_COVERAGE,none
AbstractSQL.java,org.apache.ibatis.jdbc.AbstractSQL,org.pitest.mutationtest.engine.gregor.mutators.NonVoidMethodCallMutator,WHERE,209,NO_COVERAGE,none
AbstractSQL.java,org.apache.ibatis.jdbc.AbstractSQL,org.pitest.mutationtest.engine.gregor.mutators.NonVoidMethodCallMutator,WHERE,210,NO_COVERAGE,none
AbstractSQL.java,org.apache.ibatis.jdbc.AbstractSQL,org.pitest.mutationtest.engine.gregor.mutators.NonVoidMethodCallMutator,WHERE,210,NO_COVERAGE,none
AbstractSQL.java,org.apache.ibatis.jdbc.AbstractSQL,org.pitest.mutationtest.engine.gregor.mutators.NonVoidMethodCallMutator,WHERE,211,NO_COVERAGE,none
AbstractSQL.java,org.apache.ibatis.jdbc.AbstractSQL,org.pitest.mutationtest.engine.gregor.mutators.ReturnValsMutator,WHERE,211,NO_COVERAGE,none
AbstractSQL.java,org.apache.ibatis.jdbc.AbstractSQL,org.pitest.mutationtest.engine.gregor.mutators.experimental.MemberVariableMutator,WHERE,210,NO_COVERAGE,none
AbstractSQL.java,org.apache.ibatis.jdbc.AbstractSQL,org.pitest.mutationtest.engine.gregor.mutators.ReturnValsMutator,sql,266,NO_COVERAGE,none
AbstractSQL.java,org.apache.ibatis.jdbc.AbstractSQL,org.pitest.mutationtest.engine.gregor.mutators.ConstructorCallMutator,toString,276,NO_COVERAGE,none
AbstractSQL.java,org.apache.ibatis.jdbc.AbstractSQL,org.pitest.mutationtest.engine.gregor.mutators.NonVoidMethodCallMutator,toString,277,NO_COVERAGE,none
AbstractSQL.java,org.apache.ibatis.jdbc.AbstractSQL,org.pitest.mutationtest.engine.gregor.mutators.NonVoidMethodCallMutator,toString,277,NO_COVERAGE,none
AbstractSQL.java,org.apache.ibatis.jdbc.AbstractSQL,org.pitest.mutationtest.engine.gregor.mutators.NonVoidMethodCallMutator,toString,278,NO_COVERAGE,none
AbstractSQL.java,org.apache.ibatis.jdbc.AbstractSQL,org.pitest.mutationtest.engine.gregor.mutators.ReturnValsMutator,toString,278,NO_COVERAGE,none
AbstractSQL.java,org.apache.ibatis.jdbc.AbstractSQL,org.pitest.mutationtest.engine.gregor.mutators.NonVoidMethodCallMutator,usingAppender,270,NO_COVERAGE,none
AbstractSQL.java,org.apache.ibatis.jdbc.AbstractSQL,org.pitest.mutationtest.engine.gregor.mutators.NonVoidMethodCallMutator,usingAppender,270,NO_COVERAGE,none
AbstractSQL.java,org.apache.ibatis.jdbc.AbstractSQL,org.pitest.mutationtest.engine.gregor.mutators.ReturnValsMutator,usingAppender,271,NO_COVERAGE,none
SqlSessionManager.java,org.apache.ibatis.session.SqlSessionManager,org.pitest.mutationtest.engine.gregor.mutators.ConstructorCallMutator,<init>,40,NO_COVERAGE,none
SqlSessionManager.java,org.apache.ibatis.session.SqlSessionManager,org.pitest.mutationtest.engine.gregor.mutators.ConstructorCallMutator,<init>,45,NO_COVERAGE,none
SqlSessionManager.java,org.apache.ibatis.session.SqlSessionManager,org.pitest.mutationtest.engine.gregor.mutators.InlineConstantMutator,<init>,45,NO_COVERAGE,none
SqlSessionManager.java,org.apache.ibatis.session.SqlSessionManager,org.pitest.mutationtest.engine.gregor.mutators.InlineConstantMutator,<init>,45,NO_COVERAGE,none
SqlSessionManager.java,org.apache.ibatis.session.SqlSessionManager,org.pitest.mutationtest.engine.gregor.mutators.NonVoidMethodCallMutator,<init>,45,NO_COVERAGE,none
SqlSessionManager.java,org.apache.ibatis.session.SqlSessionManager,org.pitest.mutationtest.engine.gregor.mutators.NonVoidMethodCallMutator,<init>,44,NO_COVERAGE,none
SqlSessionManager.java,org.apache.ibatis.session.SqlSessionManager,org.pitest.mutationtest.engine.gregor.mutators.experimental.MemberVariableMutator,<init>,40,NO_COVERAGE,none
SqlSessionManager.java,org.apache.ibatis.session.SqlSessionManager,org.pitest.mutationtest.engine.gregor.mutators.experimental.MemberVariableMutator,<init>,43,NO_COVERAGE,none
SqlSessionManager.java,org.apache.ibatis.session.SqlSessionManager,org.pitest.mutationtest.engine.gregor.mutators.experimental.MemberVariableMutator,<init>,44,NO_COVERAGE,none
SqlSessionManager.java,org.apache.ibatis.session.SqlSessionManager,org.pitest.mutationtest.engine.gregor.mutators.ConstructorCallMutator,clearCache,277,NO_COVERAGE,none
SqlSessionManager.java,org.apache.ibatis.session.SqlSessionManager,org.pitest.mutationtest.engine.gregor.mutators.NegateConditionalsMutator,clearCache,276,NO_COVERAGE,none
SqlSessionManager.java,org.apache.ibatis.session.SqlSessionManager,org.pitest.mutationtest.engine.gregor.mutators.NonVoidMethodCallMutator,clearCache,275,NO_COVERAGE,none
SqlSessionManager.java,org.apache.ibatis.session.SqlSessionManager,org.pitest.mutationtest.engine.gregor.mutators.RemoveConditionalMutator_EQUAL_ELSE,clearCache,276,NO_COVERAGE,none
SqlSessionManager.java,org.apache.ibatis.session.SqlSessionManager,org.pitest.mutationtest.engine.gregor.mutators.RemoveConditionalMutator_EQUAL_IF,clearCache,276,NO_COVERAGE,none
SqlSessionManager.java,org.apache.ibatis.session.SqlSessionManager,org.pitest.mutationtest.engine.gregor.mutators.VoidMethodCallMutator,clearCache,279,NO_COVERAGE,none
SqlSessionManager.java,org.apache.ibatis.session.SqlSessionManager,org.pitest.mutationtest.engine.gregor.mutators.ConstructorCallMutator,close,331,NO_COVERAGE,none
SqlSessionManager.java,org.apache.ibatis.session.SqlSessionManager,org.pitest.mutationtest.engine.gregor.mutators.NegateConditionalsMutator,close,330,NO_COVERAGE,none
SqlSessionManager.java,org.apache.ibatis.session.SqlSessionManager,org.pitest.mutationtest.engine.gregor.mutators.NonVoidMethodCallMutator,close,329,NO_COVERAGE,none
SqlSessionManager.java,org.apache.ibatis.session.SqlSessionManager,org.pitest.mutationtest.engine.gregor.mutators.RemoveConditionalMutator_EQUAL_ELSE,close,330,NO_COVERAGE,none
SqlSessionManager.java,org.apache.ibatis.session.SqlSessionManager,org.pitest.mutationtest.engine.gregor.mutators.RemoveConditionalMutator_EQUAL_IF,close,330,NO_COVERAGE,none
SqlSessionManager.java,org.apache.ibatis.session.SqlSessionManager,org.pitest.mutationtest.engine.gregor.mutators.VoidMethodCallMutator,close,336,NO_COVERAGE,none
SqlSessionManager.java,org.apache.ibatis.session.SqlSessionManager,org.pitest.mutationtest.engine.gregor.mutators.ConstructorCallMutator,commit,286,NO_COVERAGE,none
SqlSessionManager.java,org.apache.ibatis.session.SqlSessionManager,org.pitest.mutationtest.engine.gregor.mutators.NonVoidMethodCallMutator,commit,284,NO_COVERAGE,none
SqlSessionManager.java,org.apache.ibatis.session.SqlSessionManager,org.pitest.mutationtest.engine.gregor.mutators.VoidMethodCallMutator,commit,288,NO_COVERAGE,none
SqlSessionManager.java,org.apache.ibatis.session.SqlSessionManager,org.pitest.mutationtest.engine.gregor.mutators.ConstructorCallMutator,commit,295,NO_COVERAGE,none
SqlSessionManager.java,org.apache.ibatis.session.SqlSessionManager,org.pitest.mutationtest.engine.gregor.mutators.NegateConditionalsMutator,commit,294,NO_COVERAGE,none
SqlSessionManager.java,org.apache.ibatis.session.SqlSessionManager,org.pitest.mutationtest.engine.gregor.mutators.NonVoidMethodCallMutator,commit,293,NO_COVERAGE,none
SqlSessionManager.java,org.apache.ibatis.session.SqlSessionManager,org.pitest.mutationtest.engine.gregor.mutators.RemoveConditionalMutator_EQUAL_ELSE,commit,294,NO_COVERAGE,none
SqlSessionManager.java,org.apache.ibatis.session.SqlSessionManager,org.pitest.mutationtest.engine.gregor.mutators.RemoveConditionalMutator_EQUAL_IF,commit,294,NO_COVERAGE,none
SqlSessionManager.java,org.apache.ibatis.session.SqlSessionManager,org.pitest.mutationtest.engine.gregor.mutators.VoidMethodCallMutator,commit,297,NO_COVERAGE,none
SqlSessionManager.java,org.apache.ibatis.session.SqlSessionManager,org.pitest.mutationtest.engine.gregor.mutators.NonVoidMethodCallMutator,delete,251,NO_COVERAGE,none
SqlSessionManager.java,org.apache.ibatis.session.SqlSessionManager,org.pitest.mutationtest.engine.gregor.mutators.ReturnValsMutator,delete,251,NO_COVERAGE,none
SqlSessionManager.java,org.apache.ibatis.session.SqlSessionManager,org.pitest.mutationtest.engine.gregor.mutators.NonVoidMethodCallMutator,delete,256,NO_COVERAGE,none
SqlSessionManager.java,org.apache.ibatis.session.SqlSessionManager,org.pitest.mutationtest.engine.gregor.mutators.ReturnValsMutator,delete,256,NO_COVERAGE,none
SqlSessionManager.java,org.apache.ibatis.session.SqlSessionManager,org.pitest.mutationtest.engine.gregor.mutators.ConstructorCallMutator,flushStatements,322,NO_COVERAGE,none
SqlSessionManager.java,org.apache.ibatis.session.SqlSessionManager,org.pitest.mutationtest.engine.gregor.mutators.NegateConditionalsMutator,flushStatements,321,NO_COVERAGE,none
SqlSessionManager.java,org.apache.ibatis.session.SqlSessionManager,org.pitest.mutationtest.engine.gregor.mutators.NonVoidMethodCallMutator,flushStatements,320,NO_COVERAGE,none
SqlSessionManager.java,org.apache.ibatis.session.SqlSessionManager,org.pitest.mutationtest.engine.gregor.mutators.NonVoidMethodCallMutator,flushStatements,324,NO_COVERAGE,none
SqlSessionManager.java,org.apache.ibatis.session.SqlSessionManager,org.pitest.mutationtest.engine.gregor.mutators.RemoveConditionalMutator_EQUAL_ELSE,flushStatements,321,NO_COVERAGE,none
SqlSessionManager.java,org.apache.ibatis.session.SqlSessionManager,org.pitest.mutationtest.engine.gregor.mutators.RemoveConditionalMutator_EQUAL_IF,flushStatements,321,NO_COVERAGE,none
SqlSessionManager.java,org.apache.ibatis.session.SqlSessionManager,org.pitest.mutationtest.engine.gregor.mutators.ReturnValsMutator,flushStatements,324,NO_COVERAGE,none
SqlSessionManager.java,org.apache.ibatis.session.SqlSessionManager,org.pitest.mutationtest.engine.gregor.mutators.NonVoidMethodCallMutator,getConfiguration,156,NO_COVERAGE,none
SqlSessionManager.java,org.apache.ibatis.session.SqlSessionManager,org.pitest.mutationtest.engine.gregor.mutators.ReturnValsMutator,getConfiguration,156,NO_COVERAGE,none
SqlSessionManager.java,org.apache.ibatis.session.SqlSessionManager,org.pitest.mutationtest.engine.gregor.mutators.ConstructorCallMutator,getConnection,268,NO_COVERAGE,none
SqlSessionManager.java,org.apache.ibatis.session.SqlSessionManager,org.pitest.mutationtest.engine.gregor.mutators.NegateConditionalsMutator,getConnection,267,NO_COVERAGE,none
SqlSessionManager.java,org.apache.ibatis.session.SqlSessionManager,org.pitest.mutationtest.engine.gregor.mutators.NonVoidMethodCallMutator,getConnection,266,NO_COVERAGE,none
SqlSessionManager.java,org.apache.ibatis.session.SqlSessionManager,org.pitest.mutationtest.engine.gregor.mutators.NonVoidMethodCallMutator,getConnection,270,NO_COVERAGE,none
SqlSessionManager.java,org.apache.ibatis.session.SqlSessionManager,org.pitest.mutationtest.engine.gregor.mutators.RemoveConditionalMutator_EQUAL_ELSE,getConnection,267,NO_COVERAGE,none
SqlSessionManager.java,org.apache.ibatis.session.SqlSessionManager,org.pitest.mutationtest.engine.gregor.mutators.RemoveConditionalMutator_EQUAL_IF,getConnection,267,NO_COVERAGE,none
SqlSessionManager.java,org.apache.ibatis.session.SqlSessionManager,org.pitest.mutationtest.engine.gregor.mutators.ReturnValsMutator,getConnection,270,NO_COVERAGE,none
SqlSessionManager.java,org.apache.ibatis.session.SqlSessionManager,org.pitest.mutationtest.engine.gregor.mutators.NonVoidMethodCallMutator,getMapper,261,NO_COVERAGE,none
SqlSessionManager.java,org.apache.ibatis.session.SqlSessionManager,org.pitest.mutationtest.engine.gregor.mutators.NonVoidMethodCallMutator,getMapper,261,NO_COVERAGE,none
SqlSessionManager.java,org.apache.ibatis.session.SqlSessionManager,org.pitest.mutationtest.engine.gregor.mutators.ReturnValsMutator,getMapper,261,NO_COVERAGE,none
SqlSessionManager.java,org.apache.ibatis.session.SqlSessionManager,org.pitest.mutationtest.engine.gregor.mutators.NonVoidMethodCallMutator,insert,231,NO_COVERAGE,none
SqlSessionManager.java,org.apache.ibatis.session.SqlSessionManager,org.pitest.mutationtest.engine.gregor.mutators.ReturnValsMutator,insert,231,NO_COVERAGE,none
SqlSessionManager.java,org.apache.ibatis.session.SqlSessionManager,org.pitest.mutationtest.engine.gregor.mutators.NonVoidMethodCallMutator,insert,236,NO_COVERAGE,none
SqlSessionManager.java,org.apache.ibatis.session.SqlSessionManager,org.pitest.mutationtest.engine.gregor.mutators.ReturnValsMutator,insert,236,NO_COVERAGE,none
SqlSessionManager.java,org.apache.ibatis.session.SqlSessionManager,org.pitest.mutationtest.engine.gregor.mutators.InlineConstantMutator,isManagedSessionStarted,111,NO_COVERAGE,none
SqlSessionManager.java,org.apache.ibatis.session.SqlSessionManager,org.pitest.mutationtest.engine.gregor.mutators.InlineConstantMutator,isManagedSessionStarted,111,NO_COVERAGE,none
SqlSessionManager.java,org.apache.ibatis.session.SqlSessionManager,org.pitest.mutationtest.engine.gregor.mutators.NegateConditionalsMutator,isManagedSessionStarted,111,NO_COVERAGE,none
SqlSessionManager.java,org.apache.ibatis.session.SqlSessionManager,org.pitest.mutationtest.engine.gregor.mutators.NonVoidMethodCallMutator,isManagedSessionStarted,111,NO_COVERAGE,none
SqlSessionManager.java,org.apache.ibatis.session.SqlSessionManager,org.pitest.mutationtest.engine.gregor.mutators.RemoveConditionalMutator_EQUAL_ELSE,isManagedSessionStarted,111,NO_COVERAGE,none
SqlSessionManager.java,org.apache.ibatis.session.SqlSessionManager,org.pitest.mutationtest.engine.gregor.mutators.RemoveConditionalMutator_EQUAL_IF,isManagedSessionStarted,111,NO_COVERAGE,none
SqlSessionManager.java,org.apache.ibatis.session.SqlSessionManager,org.pitest.mutationtest.engine.gregor.mutators.ReturnValsMutator,isManagedSessionStarted,111,NO_COVERAGE,none
SqlSessionManager.java,org.apache.ibatis.session.SqlSessionManager,org.pitest.mutationtest.engine.gregor.mutators.ConstructorCallMutator,newInstance,63,NO_COVERAGE,none
SqlSessionManager.java,org.apache.ibatis.session.SqlSessionManager,org.pitest.mutationtest.engine.gregor.mutators.ConstructorCallMutator,newInstance,63,NO_COVERAGE,none
SqlSessionManager.java,org.apache.ibatis.session.SqlSessionManager,org.pitest.mutationtest.engine.gregor.mutators.NonVoidMethodCallMutator,newInstance,63,NO_COVERAGE,none
SqlSessionManager.java,org.apache.ibatis.session.SqlSessionManager,org.pitest.mutationtest.engine.gregor.mutators.ReturnValsMutator,newInstance,63,NO_COVERAGE,none
SqlSessionManager.java,org.apache.ibatis.session.SqlSessionManager,org.pitest.mutationtest.engine.gregor.mutators.ConstructorCallMutator,newInstance,67,NO_COVERAGE,none
SqlSessionManager.java,org.apache.ibatis.session.SqlSessionManager,org.pitest.mutationtest.engine.gregor.mutators.ConstructorCallMutator,newInstance,67,NO_COVERAGE,none
SqlSessionManager.java,org.apache.ibatis.session.SqlSessionManager,org.pitest.mutationtest.engine.gregor.mutators.NonVoidMethodCallMutator,newInstance,67,NO_COVERAGE,none
SqlSessionManager.java,org.apache.ibatis.session.SqlSessionManager,org.pitest.mutationtest.engine.gregor.mutators.ReturnValsMutator,newInstance,67,NO_COVERAGE,none
SqlSessionManager.java,org.apache.ibatis.session.SqlSessionManager,org.pitest.mutationtest.engine.gregor.mutators.ConstructorCallMutator,newInstance,71,NO_COVERAGE,none
SqlSessionManager.java,org.apache.ibatis.session.SqlSessionManager,org.pitest.mutationtest.engine.gregor.mutators.ConstructorCallMutator,newInstance,71,NO_COVERAGE,none
SqlSessionManager.java,org.apache.ibatis.session.SqlSessionManager,org.pitest.mutationtest.engine.gregor.mutators.NonVoidMethodCallMutator,newInstance,71,NO_COVERAGE,none
SqlSessionManager.java,org.apache.ibatis.session.SqlSessionManager,org.pitest.mutationtest.engine.gregor.mutators.ReturnValsMutator,newInstance,71,NO_COVERAGE,none
SqlSessionManager.java,org.apache.ibatis.session.SqlSessionManager,org.pitest.mutationtest.engine.gregor.mutators.ConstructorCallMutator,newInstance,51,NO_COVERAGE,none
SqlSessionManager.java,org.apache.ibatis.session.SqlSessionManager,org.pitest.mutationtest.engine.gregor.mutators.ConstructorCallMutator,newInstance,51,NO_COVERAGE,none
SqlSessionManager.java,org.apache.ibatis.session.SqlSessionManager,org.pitest.mutationtest.engine.gregor.mutators.NonVoidMethodCallMutator,newInstance,51,NO_COVERAGE,none
SqlSessionManager.java,org.apache.ibatis.session.SqlSessionManager,org.pitest.mutationtest.engine.gregor.mutators.ReturnValsMutator,newInstance,51,NO_COVERAGE,none
SqlSessionManager.java,org.apache.ibatis.session.SqlSessionManager,org.pitest.mutationtest.engine.gregor.mutators.ConstructorCallMutator,newInstance,55,NO_COVERAGE,none
SqlSessionManager.java,org.apache.ibatis.session.SqlSessionManager,org.pitest.mutationtest.engine.gregor.mutators.ConstructorCallMutator,newInstance,55,NO_COVERAGE,none
SqlSessionManager.java,org.apache.ibatis.session.SqlSessionManager,org.pitest.mutationtest.engine.gregor.mutators.NonVoidMethodCallMutator,newInstance,55,NO_COVERAGE,none
SqlSessionManager.java,org.apache.ibatis.session.SqlSessionManager,org.pitest.mutationtest.engine.gregor.mutators.ReturnValsMutator,newInstance,55,NO_COVERAGE,none
SqlSessionManager.java,org.apache.ibatis.session.SqlSessionManager,org.pitest.mutationtest.engine.gregor.mutators.ConstructorCallMutator,newInstance,59,NO_COVERAGE,none
SqlSessionManager.java,org.apache.ibatis.session.SqlSessionManager,org.pitest.mutationtest.engine.gregor.mutators.ConstructorCallMutator,newInstance,59,NO_COVERAGE,none
SqlSessionManager.java,org.apache.ibatis.session.SqlSessionManager,org.pitest.mutationtest.engine.gregor.mutators.NonVoidMethodCallMutator,newInstance,59,NO_COVERAGE,none
SqlSessionManager.java,org.apache.ibatis.session.SqlSessionManager,org.pitest.mutationtest.engine.gregor.mutators.ReturnValsMutator,newInstance,59,NO_COVERAGE,none
SqlSessionManager.java,org.apache.ibatis.session.SqlSessionManager,org.pitest.mutationtest.engine.gregor.mutators.ConstructorCallMutator,newInstance,75,NO_COVERAGE,none
SqlSessionManager.java,org.apache.ibatis.session.SqlSessionManager,org.pitest.mutationtest.engine.gregor.mutators.ReturnValsMutator,newInstance,75,NO_COVERAGE,none
SqlSessionManager.java,org.apache.ibatis.session.SqlSessionManager,org.pitest.mutationtest.engine.gregor.mutators.NonVoidMethodCallMutator,openSession,116,NO_COVERAGE,none
SqlSessionManager.java,org.apache.ibatis.session.SqlSessionManager,org.pitest.mutationtest.engine.gregor.mutators.ReturnValsMutator,openSession,116,NO_COVERAGE,none
SqlSessionManager.java,org.apache.ibatis.session.SqlSessionManager,org.pitest.mutationtest.engine.gregor.mutators.NonVoidMethodCallMutator,openSession,126,NO_COVERAGE,none
SqlSessionManager.java,org.apache.ibatis.session.SqlSessionManager,org.pitest.mutationtest.engine.gregor.mutators.ReturnValsMutator,openSession,126,NO_COVERAGE,none
SqlSessionManager.java,org.apache.ibatis.session.SqlSessionManager,org.pitest.mutationtest.engine.gregor.mutators.NonVoidMethodCallMutator,openSession,136,NO_COVERAGE,none
SqlSessionManager.java,org.apache.ibatis.session.SqlSessionManager,org.pitest.mutationtest.engine.gregor.mutators.ReturnValsMutator,openSession,136,NO_COVERAGE,none
SqlSessionManager.java,org.apache.ibatis.session.SqlSessionManager,org.pitest.mutationtest.engine.gregor.mutators.NonVoidMethodCallMutator,openSession,151,NO_COVERAGE,none
SqlSessionManager.java,org.apache.ibatis.session.SqlSessionManager,org.pitest.mutationtest.engine.gregor.mutators.ReturnValsMutator,openSession,151,NO_COVERAGE,none
SqlSessionManager.java,org.apache.ibatis.session.SqlSessionManager,org.pitest.mutationtest.engine.gregor.mutators.NonVoidMethodCallMutator,openSession,146,NO_COVERAGE,none
SqlSessionManager.java,org.apache.ibatis.session.SqlSessionManager,org.pitest.mutationtest.engine.gregor.mutators.ReturnValsMutator,openSession,146,NO_COVERAGE,none
SqlSessionManager.java,org.apache.ibatis.session.SqlSessionManager,org.pitest.mutationtest.engine.gregor.mutators.NonVoidMethodCallMutator,openSession,141,NO_COVERAGE,none
SqlSessionManager.java,org.apache.ibatis.session.SqlSessionManager,org.pitest.mutationtest.engine.gregor.mutators.ReturnValsMutator,openSession,141,NO_COVERAGE,none
SqlSessionManager.java,org.apache.ibatis.session.SqlSessionManager,org.pitest.mutationtest.engine.gregor.mutators.NonVoidMethodCallMutator,openSession,131,NO_COVERAGE,none
SqlSessionManager.java,org.apache.ibatis.session.SqlSessionManager,org.pitest.mutationtest.engine.gregor.mutators.ReturnValsMutator,openSession,131,NO_COVERAGE,none
SqlSessionManager.java,org.apache.ibatis.session.SqlSessionManager,org.pitest.mutationtest.engine.gregor.mutators.NonVoidMethodCallMutator,openSession,121,NO_COVERAGE,none
SqlSessionManager.java,org.apache.ibatis.session.SqlSessionManager,org.pitest.mutationtest.engine.gregor.mutators.ReturnValsMutator,openSession,121,NO_COVERAGE,none
SqlSessionManager.java,org.apache.ibatis.session.SqlSessionManager,org.pitest.mutationtest.engine.gregor.mutators.ConstructorCallMutator,rollback,304,NO_COVERAGE,none
SqlSessionManager.java,org.apache.ibatis.session.SqlSessionManager,org.pitest.mutationtest.engine.gregor.mutators.NegateConditionalsMutator,rollback,303,NO_COVERAGE,none
SqlSessionManager.java,org.apache.ibatis.session.SqlSessionManager,org.pitest.mutationtest.engine.gregor.mutators.NonVoidMethodCallMutator,rollback,302,NO_COVERAGE,none
SqlSessionManager.java,org.apache.ibatis.session.SqlSessionManager,org.pitest.mutationtest.engine.gregor.mutators.RemoveConditionalMutator_EQUAL_ELSE,rollback,303,NO_COVERAGE,none
SqlSessionManager.java,org.apache.ibatis.session.SqlSessionManager,org.pitest.mutationtest.engine.gregor.mutators.RemoveConditionalMutator_EQUAL_IF,rollback,303,NO_COVERAGE,none
SqlSessionManager.java,org.apache.ibatis.session.SqlSessionManager,org.pitest.mutationtest.engine.gregor.mutators.VoidMethodCallMutator,rollback,306,NO_COVERAGE,none
SqlSessionManager.java,org.apache.ibatis.session.SqlSessionManager,org.pitest.mutationtest.engine.gregor.mutators.ConstructorCallMutator,rollback,313,NO_COVERAGE,none
SqlSessionManager.java,org.apache.ibatis.session.SqlSessionManager,org.pitest.mutationtest.engine.gregor.mutators.NegateConditionalsMutator,rollback,312,NO_COVERAGE,none
SqlSessionManager.java,org.apache.ibatis.session.SqlSessionManager,org.pitest.mutationtest.engine.gregor.mutators.NonVoidMethodCallMutator,rollback,311,NO_COVERAGE,none
SqlSessionManager.java,org.apache.ibatis.session.SqlSessionManager,org.pitest.mutationtest.engine.gregor.mutators.RemoveConditionalMutator_EQUAL_ELSE,rollback,312,NO_COVERAGE,none
SqlSessionManager.java,org.apache.ibatis.session.SqlSessionManager,org.pitest.mutationtest.engine.gregor.mutators.RemoveConditionalMutator_EQUAL_IF,rollback,312,NO_COVERAGE,none
SqlSessionManager.java,org.apache.ibatis.session.SqlSessionManager,org.pitest.mutationtest.engine.gregor.mutators.VoidMethodCallMutator,rollback,315,NO_COVERAGE,none
SqlSessionManager.java,org.apache.ibatis.session.SqlSessionManager,org.pitest.mutationtest.engine.gregor.mutators.VoidMethodCallMutator,select,221,NO_COVERAGE,none
SqlSessionManager.java,org.apache.ibatis.session.SqlSessionManager,org.pitest.mutationtest.engine.gregor.mutators.VoidMethodCallMutator,select,226,NO_COVERAGE,none
SqlSessionManager.java,org.apache.ibatis.session.SqlSessionManager,org.pitest.mutationtest.engine.gregor.mutators.VoidMethodCallMutator,select,216,NO_COVERAGE,none
SqlSessionManager.java,org.apache.ibatis.session.SqlSessionManager,org.pitest.mutationtest.engine.gregor.mutators.NonVoidMethodCallMutator,selectCursor,186,NO_COVERAGE,none
SqlSessionManager.java,org.apache.ibatis.session.SqlSessionManager,org.pitest.mutationtest.engine.gregor.mutators.ReturnValsMutator,selectCursor,186,NO_COVERAGE,none
SqlSessionManager.java,org.apache.ibatis.session.SqlSessionManager,org.pitest.mutationtest.engine.gregor.mutators.NonVoidMethodCallMutator,selectCursor,191,NO_COVERAGE,none
SqlSessionManager.java,org.apache.ibatis.session.SqlSessionManager,org.pitest.mutationtest.engine.gregor.mutators.ReturnValsMutator,selectCursor,191,NO_COVERAGE,none
SqlSessionManager.java,org.apache.ibatis.session.SqlSessionManager,org.pitest.mutationtest.engine.gregor.mutators.NonVoidMethodCallMutator,selectCursor,196,NO_COVERAGE,none
SqlSessionManager.java,org.apache.ibatis.session.SqlSessionManager,org.pitest.mutationtest.engine.gregor.mutators.ReturnValsMutator,selectCursor,196,NO_COVERAGE,none
SqlSessionManager.java,org.apache.ibatis.session.SqlSessionManager,org.pitest.mutationtest.engine.gregor.mutators.NonVoidMethodCallMutator,selectList,201,NO_COVERAGE,none
SqlSessionManager.java,org.apache.ibatis.session.SqlSessionManager,org.pitest.mutationtest.engine.gregor.mutators.ReturnValsMutator,selectList,201,NO_COVERAGE,none
SqlSessionManager.java,org.apache.ibatis.session.SqlSessionManager,org.pitest.mutationtest.engine.gregor.mutators.NonVoidMethodCallMutator,selectList,206,NO_COVERAGE,none
SqlSessionManager.java,org.apache.ibatis.session.SqlSessionManager,org.pitest.mutationtest.engine.gregor.mutators.ReturnValsMutator,selectList,206,NO_COVERAGE,none
SqlSessionManager.java,org.apache.ibatis.session.SqlSessionManager,org.pitest.mutationtest.engine.gregor.mutators.NonVoidMethodCallMutator,selectList,211,NO_COVERAGE,none
SqlSessionManager.java,org.apache.ibatis.session.SqlSessionManager,org.pitest.mutationtest.engine.gregor.mutators.ReturnValsMutator,selectList,211,NO_COVERAGE,none
SqlSessionManager.java,org.apache.ibatis.session.SqlSessionManager,org.pitest.mutationtest.engine.gregor.mutators.NonVoidMethodCallMutator,selectMap,176,NO_COVERAGE,none
SqlSessionManager.java,org.apache.ibatis.session.SqlSessionManager,org.pitest.mutationtest.engine.gregor.mutators.ReturnValsMutator,selectMap,176,NO_COVERAGE,none
SqlSessionManager.java,org.apache.ibatis.session.SqlSessionManager,org.pitest.mutationtest.engine.gregor.mutators.NonVoidMethodCallMutator,selectMap,181,NO_COVERAGE,none
SqlSessionManager.java,org.apache.ibatis.session.SqlSessionManager,org.pitest.mutationtest.engine.gregor.mutators.ReturnValsMutator,selectMap,181,NO_COVERAGE,none
SqlSessionManager.java,org.apache.ibatis.session.SqlSessionManager,org.pitest.mutationtest.engine.gregor.mutators.NonVoidMethodCallMutator,selectMap,171,NO_COVERAGE,none
SqlSessionManager.java,org.apache.ibatis.session.SqlSessionManager,org.pitest.mutationtest.engine.gregor.mutators.ReturnValsMutator,selectMap,171,NO_COVERAGE,none
SqlSessionManager.java,org.apache.ibatis.session.SqlSessionManager,org.pitest.mutationtest.engine.gregor.mutators.NonVoidMethodCallMutator,selectOne,161,NO_COVERAGE,none
SqlSessionManager.java,org.apache.ibatis.session.SqlSessionManager,org.pitest.mutationtest.engine.gregor.mutators.ReturnValsMutator,selectOne,161,NO_COVERAGE,none
SqlSessionManager.java,org.apache.ibatis.session.SqlSessionManager,org.pitest.mutationtest.engine.gregor.mutators.ArgumentPropagationMutator,selectOne,166,NO_COVERAGE,none
SqlSessionManager.java,org.apache.ibatis.session.SqlSessionManager,org.pitest.mutationtest.engine.gregor.mutators.NonVoidMethodCallMutator,selectOne,166,NO_COVERAGE,none
SqlSessionManager.java,org.apache.ibatis.session.SqlSessionManager,org.pitest.mutationtest.engine.gregor.mutators.ReturnValsMutator,selectOne,166,NO_COVERAGE,none
SqlSessionManager.java,org.apache.ibatis.session.SqlSessionManager,org.pitest.mutationtest.engine.gregor.mutators.NonVoidMethodCallMutator,startManagedSession,79,NO_COVERAGE,none
SqlSessionManager.java,org.apache.ibatis.session.SqlSessionManager,org.pitest.mutationtest.engine.gregor.mutators.VoidMethodCallMutator,startManagedSession,79,NO_COVERAGE,none
SqlSessionManager.java,org.apache.ibatis.session.SqlSessionManager,org.pitest.mutationtest.engine.gregor.mutators.NonVoidMethodCallMutator,startManagedSession,87,NO_COVERAGE,none
SqlSessionManager.java,org.apache.ibatis.session.SqlSessionManager,org.pitest.mutationtest.engine.gregor.mutators.VoidMethodCallMutator,startManagedSession,87,NO_COVERAGE,none
SqlSessionManager.java,org.apache.ibatis.session.SqlSessionManager,org.pitest.mutationtest.engine.gregor.mutators.NonVoidMethodCallMutator,startManagedSession,95,NO_COVERAGE,none
SqlSessionManager.java,org.apache.ibatis.session.SqlSessionManager,org.pitest.mutationtest.engine.gregor.mutators.VoidMethodCallMutator,startManagedSession,95,NO_COVERAGE,none
SqlSessionManager.java,org.apache.ibatis.session.SqlSessionManager,org.pitest.mutationtest.engine.gregor.mutators.NonVoidMethodCallMutator,startManagedSession,107,NO_COVERAGE,none
SqlSessionManager.java,org.apache.ibatis.session.SqlSessionManager,org.pitest.mutationtest.engine.gregor.mutators.VoidMethodCallMutator,startManagedSession,107,NO_COVERAGE,none
SqlSessionManager.java,org.apache.ibatis.session.SqlSessionManager,org.pitest.mutationtest.engine.gregor.mutators.NonVoidMethodCallMutator,startManagedSession,103,NO_COVERAGE,none
SqlSessionManager.java,org.apache.ibatis.session.SqlSessionManager,org.pitest.mutationtest.engine.gregor.mutators.VoidMethodCallMutator,startManagedSession,103,NO_COVERAGE,none
SqlSessionManager.java,org.apache.ibatis.session.SqlSessionManager,org.pitest.mutationtest.engine.gregor.mutators.NonVoidMethodCallMutator,startManagedSession,99,NO_COVERAGE,none
SqlSessionManager.java,org.apache.ibatis.session.SqlSessionManager,org.pitest.mutationtest.engine.gregor.mutators.VoidMethodCallMutator,startManagedSession,99,NO_COVERAGE,none
SqlSessionManager.java,org.apache.ibatis.session.SqlSessionManager,org.pitest.mutationtest.engine.gregor.mutators.NonVoidMethodCallMutator,startManagedSession,91,NO_COVERAGE,none
SqlSessionManager.java,org.apache.ibatis.session.SqlSessionManager,org.pitest.mutationtest.engine.gregor.mutators.VoidMethodCallMutator,startManagedSession,91,NO_COVERAGE,none
SqlSessionManager.java,org.apache.ibatis.session.SqlSessionManager,org.pitest.mutationtest.engine.gregor.mutators.NonVoidMethodCallMutator,startManagedSession,83,NO_COVERAGE,none
SqlSessionManager.java,org.apache.ibatis.session.SqlSessionManager,org.pitest.mutationtest.engine.gregor.mutators.VoidMethodCallMutator,startManagedSession,83,NO_COVERAGE,none
SqlSessionManager.java,org.apache.ibatis.session.SqlSessionManager,org.pitest.mutationtest.engine.gregor.mutators.NonVoidMethodCallMutator,update,241,NO_COVERAGE,none
SqlSessionManager.java,org.apache.ibatis.session.SqlSessionManager,org.pitest.mutationtest.engine.gregor.mutators.ReturnValsMutator,update,241,NO_COVERAGE,none
SqlSessionManager.java,org.apache.ibatis.session.SqlSessionManager,org.pitest.mutationtest.engine.gregor.mutators.NonVoidMethodCallMutator,update,246,NO_COVERAGE,none
SqlSessionManager.java,org.apache.ibatis.session.SqlSessionManager,org.pitest.mutationtest.engine.gregor.mutators.ReturnValsMutator,update,246,NO_COVERAGE,none
BaseJdbcLogger.java,org.apache.ibatis.logging.jdbc.BaseJdbcLogger,org.pitest.mutationtest.engine.gregor.mutators.ConstructorCallMutator,<init>,42,NO_COVERAGE,none
BaseJdbcLogger.java,org.apache.ibatis.logging.jdbc.BaseJdbcLogger,org.pitest.mutationtest.engine.gregor.mutators.ConstructorCallMutator,<init>,44,NO_COVERAGE,none
BaseJdbcLogger.java,org.apache.ibatis.logging.jdbc.BaseJdbcLogger,org.pitest.mutationtest.engine.gregor.mutators.ConstructorCallMutator,<init>,45,NO_COVERAGE,none
BaseJdbcLogger.java,org.apache.ibatis.logging.jdbc.BaseJdbcLogger,org.pitest.mutationtest.engine.gregor.mutators.InlineConstantMutator,<init>,56,NO_COVERAGE,none
BaseJdbcLogger.java,org.apache.ibatis.logging.jdbc.BaseJdbcLogger,org.pitest.mutationtest.engine.gregor.mutators.NegateConditionalsMutator,<init>,55,NO_COVERAGE,none
BaseJdbcLogger.java,org.apache.ibatis.logging.jdbc.BaseJdbcLogger,org.pitest.mutationtest.engine.gregor.mutators.RemoveConditionalMutator_EQUAL_ELSE,<init>,55,NO_COVERAGE,none
BaseJdbcLogger.java,org.apache.ibatis.logging.jdbc.BaseJdbcLogger,org.pitest.mutationtest.engine.gregor.mutators.RemoveConditionalMutator_EQUAL_IF,<init>,55,NO_COVERAGE,none
BaseJdbcLogger.java,org.apache.ibatis.logging.jdbc.BaseJdbcLogger,org.pitest.mutationtest.engine.gregor.mutators.experimental.MemberVariableMutator,<init>,42,NO_COVERAGE,none
BaseJdbcLogger.java,org.apache.ibatis.logging.jdbc.BaseJdbcLogger,org.pitest.mutationtest.engine.gregor.mutators.experimental.MemberVariableMutator,<init>,44,NO_COVERAGE,none
BaseJdbcLogger.java,org.apache.ibatis.logging.jdbc.BaseJdbcLogger,org.pitest.mutationtest.engine.gregor.mutators.experimental.MemberVariableMutator,<init>,45,NO_COVERAGE,none
BaseJdbcLogger.java,org.apache.ibatis.logging.jdbc.BaseJdbcLogger,org.pitest.mutationtest.engine.gregor.mutators.experimental.MemberVariableMutator,<init>,54,NO_COVERAGE,none
BaseJdbcLogger.java,org.apache.ibatis.logging.jdbc.BaseJdbcLogger,org.pitest.mutationtest.engine.gregor.mutators.experimental.MemberVariableMutator,<init>,56,NO_COVERAGE,none
BaseJdbcLogger.java,org.apache.ibatis.logging.jdbc.BaseJdbcLogger,org.pitest.mutationtest.engine.gregor.mutators.experimental.MemberVariableMutator,<init>,58,NO_COVERAGE,none
BaseJdbcLogger.java,org.apache.ibatis.logging.jdbc.BaseJdbcLogger,org.pitest.mutationtest.engine.gregor.mutators.NegateConditionalsMutator,arrayValueString,127,NO_COVERAGE,none
BaseJdbcLogger.java,org.apache.ibatis.logging.jdbc.BaseJdbcLogger,org.pitest.mutationtest.engine.gregor.mutators.NegateConditionalsMutator,arrayValueString,129,NO_COVERAGE,none
BaseJdbcLogger.java,org.apache.ibatis.logging.jdbc.BaseJdbcLogger,org.pitest.mutationtest.engine.gregor.mutators.NegateConditionalsMutator,arrayValueString,131,NO_COVERAGE,none
BaseJdbcLogger.java,org.apache.ibatis.logging.jdbc.BaseJdbcLogger,org.pitest.mutationtest.engine.gregor.mutators.NegateConditionalsMutator,arrayValueString,133,NO_COVERAGE,none
BaseJdbcLogger.java,org.apache.ibatis.logging.jdbc.BaseJdbcLogger,org.pitest.mutationtest.engine.gregor.mutators.NegateConditionalsMutator,arrayValueString,135,NO_COVERAGE,none
BaseJdbcLogger.java,org.apache.ibatis.logging.jdbc.BaseJdbcLogger,org.pitest.mutationtest.engine.gregor.mutators.NegateConditionalsMutator,arrayValueString,137,NO_COVERAGE,none
BaseJdbcLogger.java,org.apache.ibatis.logging.jdbc.BaseJdbcLogger,org.pitest.mutationtest.engine.gregor.mutators.NegateConditionalsMutator,arrayValueString,139,NO_COVERAGE,none
BaseJdbcLogger.java,org.apache.ibatis.logging.jdbc.BaseJdbcLogger,org.pitest.mutationtest.engine.gregor.mutators.NegateConditionalsMutator,arrayValueString,141,NO_COVERAGE,none
BaseJdbcLogger.java,org.apache.ibatis.logging.jdbc.BaseJdbcLogger,org.pitest.mutationtest.engine.gregor.mutators.NonVoidMethodCallMutator,arrayValueString,126,NO_COVERAGE,none
BaseJdbcLogger.java,org.apache.ibatis.logging.jdbc.BaseJdbcLogger,org.pitest.mutationtest.engine.gregor.mutators.NonVoidMethodCallMutator,arrayValueString,128,NO_COVERAGE,none
BaseJdbcLogger.java,org.apache.ibatis.logging.jdbc.BaseJdbcLogger,org.pitest.mutationtest.engine.gregor.mutators.NonVoidMethodCallMutator,arrayValueString,130,NO_COVERAGE,none
BaseJdbcLogger.java,org.apache.ibatis.logging.jdbc.BaseJdbcLogger,org.pitest.mutationtest.engine.gregor.mutators.NonVoidMethodCallMutator,arrayValueString,132,NO_COVERAGE,none
BaseJdbcLogger.java,org.apache.ibatis.logging.jdbc.BaseJdbcLogger,org.pitest.mutationtest.engine.gregor.mutators.NonVoidMethodCallMutator,arrayValueString,134,NO_COVERAGE,none
BaseJdbcLogger.java,org.apache.ibatis.logging.jdbc.BaseJdbcLogger,org.pitest.mutationtest.engine.gregor.mutators.NonVoidMethodCallMutator,arrayValueString,136,NO_COVERAGE,none
BaseJdbcLogger.java,org.apache.ibatis.logging.jdbc.BaseJdbcLogger,org.pitest.mutationtest.engine.gregor.mutators.NonVoidMethodCallMutator,arrayValueString,138,NO_COVERAGE,none
BaseJdbcLogger.java,org.apache.ibatis.logging.jdbc.BaseJdbcLogger,org.pitest.mutationtest.engine.gregor.mutators.NonVoidMethodCallMutator,arrayValueString,140,NO_COVERAGE,none
BaseJdbcLogger.java,org.apache.ibatis.logging.jdbc.BaseJdbcLogger,org.pitest.mutationtest.engine.gregor.mutators.NonVoidMethodCallMutator,arrayValueString,142,NO_COVERAGE,none
BaseJdbcLogger.java,org.apache.ibatis.logging.jdbc.BaseJdbcLogger,org.pitest.mutationtest.engine.gregor.mutators.NonVoidMethodCallMutator,arrayValueString,144,NO_COVERAGE,none
BaseJdbcLogger.java,org.apache.ibatis.logging.jdbc.BaseJdbcLogger,org.pitest.mutationtest.engine.gregor.mutators.NonVoidMethodCallMutator,arrayValueString,147,NO_COVERAGE,none
BaseJdbcLogger.java,org.apache.ibatis.logging.jdbc.BaseJdbcLogger,org.pitest.mutationtest.engine.gregor.mutators.RemoveConditionalMutator_EQUAL_ELSE,arrayValueString,127,NO_COVERAGE,none
BaseJdbcLogger.java,org.apache.ibatis.logging.jdbc.BaseJdbcLogger,org.pitest.mutationtest.engine.gregor.mutators.RemoveConditionalMutator_EQUAL_ELSE,arrayValueString,129,NO_COVERAGE,none
BaseJdbcLogger.java,org.apache.ibatis.logging.jdbc.BaseJdbcLogger,org.pitest.mutationtest.engine.gregor.mutators.RemoveConditionalMutator_EQUAL_ELSE,arrayValueString,131,NO_COVERAGE,none
BaseJdbcLogger.java,org.apache.ibatis.logging.jdbc.BaseJdbcLogger,org.pitest.mutationtest.engine.gregor.mutators.RemoveConditionalMutator_EQUAL_ELSE,arrayValueString,133,NO_COVERAGE,none
BaseJdbcLogger.java,org.apache.ibatis.logging.jdbc.BaseJdbcLogger,org.pitest.mutationtest.engine.gregor.mutators.RemoveConditionalMutator_EQUAL_ELSE,arrayValueString,135,NO_COVERAGE,none
BaseJdbcLogger.java,org.apache.ibatis.logging.jdbc.BaseJdbcLogger,org.pitest.mutationtest.engine.gregor.mutators.RemoveConditionalMutator_EQUAL_ELSE,arrayValueString,137,NO_COVERAGE,none
BaseJdbcLogger.java,org.apache.ibatis.logging.jdbc.BaseJdbcLogger,org.pitest.mutationtest.engine.gregor.mutators.RemoveConditionalMutator_EQUAL_ELSE,arrayValueString,139,NO_COVERAGE,none
BaseJdbcLogger.java,org.apache.ibatis.logging.jdbc.BaseJdbcLogger,org.pitest.mutationtest.engine.gregor.mutators.RemoveConditionalMutator_EQUAL_ELSE,arrayValueString,141,NO_COVERAGE,none
BaseJdbcLogger.java,org.apache.ibatis.logging.jdbc.BaseJdbcLogger,org.pitest.mutationtest.engine.gregor.mutators.RemoveConditionalMutator_EQUAL_IF,arrayValueString,127,NO_COVERAGE,none
BaseJdbcLogger.java,org.apache.ibatis.logging.jdbc.BaseJdbcLogger,org.pitest.mutationtest.engine.gregor.mutators.RemoveConditionalMutator_EQUAL_IF,arrayValueString,129,NO_COVERAGE,none
BaseJdbcLogger.java,org.apache.ibatis.logging.jdbc.BaseJdbcLogger,org.pitest.mutationtest.engine.gregor.mutators.RemoveConditionalMutator_EQUAL_IF,arrayValueString,131,NO_COVERAGE,none
BaseJdbcLogger.java,org.apache.ibatis.logging.jdbc.BaseJdbcLogger,org.pitest.mutationtest.engine.gregor.mutators.RemoveConditionalMutator_EQUAL_IF,arrayValueString,133,NO_COVERAGE,none
BaseJdbcLogger.java,org.apache.ibatis.logging.jdbc.BaseJdbcLogger,org.pitest.mutationtest.engine.gregor.mutators.RemoveConditionalMutator_EQUAL_IF,arrayValueString,135,NO_COVERAGE,none
BaseJdbcLogger.java,org.apache.ibatis.logging.jdbc.BaseJdbcLogger,org.pitest.mutationtest.engine.gregor.mutators.RemoveConditionalMutator_EQUAL_IF,arrayValueString,137,NO_COVERAGE,none
BaseJdbcLogger.java,org.apache.ibatis.logging.jdbc.BaseJdbcLogger,org.pitest.mutationtest.engine.gregor.mutators.RemoveConditionalMutator_EQUAL_IF,arrayValueString,139,NO_COVERAGE,none
BaseJdbcLogger.java,org.apache.ibatis.logging.jdbc.BaseJdbcLogger,org.pitest.mutationtest.engine.gregor.mutators.RemoveConditionalMutator_EQUAL_IF,arrayValueString,141,NO_COVERAGE,none
BaseJdbcLogger.java,org.apache.ibatis.logging.jdbc.BaseJdbcLogger,org.pitest.mutationtest.engine.gregor.mutators.ReturnValsMutator,arrayValueString,128,NO_COVERAGE,none
BaseJdbcLogger.java,org.apache.ibatis.logging.jdbc.BaseJdbcLogger,org.pitest.mutationtest.engine.gregor.mutators.ReturnValsMutator,arrayValueString,130,NO_COVERAGE,none
BaseJdbcLogger.java,org.apache.ibatis.logging.jdbc.BaseJdbcLogger,org.pitest.mutationtest.engine.gregor.mutators.ReturnValsMutator,arrayValueString,132,NO_COVERAGE,none
BaseJdbcLogger.java,org.apache.ibatis.logging.jdbc.BaseJdbcLogger,org.pitest.mutationtest.engine.gregor.mutators.ReturnValsMutator,arrayValueString,134,NO_COVERAGE,none
BaseJdbcLogger.java,org.apache.ibatis.logging.jdbc.BaseJdbcLogger,org.pitest.mutationtest.engine.gregor.mutators.ReturnValsMutator,arrayValueString,136,NO_COVERAGE,none
BaseJdbcLogger.java,org.apache.ibatis.logging.jdbc.BaseJdbcLogger,org.pitest.mutationtest.engine.gregor.mutators.ReturnValsMutator,arrayValueString,138,NO_COVERAGE,none
BaseJdbcLogger.java,org.apache.ibatis.logging.jdbc.BaseJdbcLogger,org.pitest.mutationtest.engine.gregor.mutators.ReturnValsMutator,arrayValueString,140,NO_COVERAGE,none
BaseJdbcLogger.java,org.apache.ibatis.logging.jdbc.BaseJdbcLogger,org.pitest.mutationtest.engine.gregor.mutators.ReturnValsMutator,arrayValueString,142,NO_COVERAGE,none
BaseJdbcLogger.java,org.apache.ibatis.logging.jdbc.BaseJdbcLogger,org.pitest.mutationtest.engine.gregor.mutators.ReturnValsMutator,arrayValueString,144,NO_COVERAGE,none
BaseJdbcLogger.java,org.apache.ibatis.logging.jdbc.BaseJdbcLogger,org.pitest.mutationtest.engine.gregor.mutators.ReturnValsMutator,arrayValueString,147,NO_COVERAGE,none
BaseJdbcLogger.java,org.apache.ibatis.logging.jdbc.BaseJdbcLogger,org.pitest.mutationtest.engine.gregor.mutators.VoidMethodCallMutator,clearColumnInfo,156,NO_COVERAGE,none
BaseJdbcLogger.java,org.apache.ibatis.logging.jdbc.BaseJdbcLogger,org.pitest.mutationtest.engine.gregor.mutators.VoidMethodCallMutator,clearColumnInfo,157,NO_COVERAGE,none
BaseJdbcLogger.java,org.apache.ibatis.logging.jdbc.BaseJdbcLogger,org.pitest.mutationtest.engine.gregor.mutators.VoidMethodCallMutator,clearColumnInfo,158,NO_COVERAGE,none
BaseJdbcLogger.java,org.apache.ibatis.logging.jdbc.BaseJdbcLogger,org.pitest.mutationtest.engine.gregor.mutators.ConstructorCallMutator,debug,181,NO_COVERAGE,none
BaseJdbcLogger.java,org.apache.ibatis.logging.jdbc.BaseJdbcLogger,org.pitest.mutationtest.engine.gregor.mutators.NegateConditionalsMutator,debug,180,NO_COVERAGE,none
BaseJdbcLogger.java,org.apache.ibatis.logging.jdbc.BaseJdbcLogger,org.pitest.mutationtest.engine.gregor.mutators.NonVoidMethodCallMutator,debug,180,NO_COVERAGE,none
BaseJdbcLogger.java,org.apache.ibatis.logging.jdbc.BaseJdbcLogger,org.pitest.mutationtest.engine.gregor.mutators.NonVoidMethodCallMutator,debug,181,NO_COVERAGE,none
BaseJdbcLogger.java,org.apache.ibatis.logging.jdbc.BaseJdbcLogger,org.pitest.mutationtest.engine.gregor.mutators.NonVoidMethodCallMutator,debug,181,NO_COVERAGE,none
BaseJdbcLogger.java,org.apache.ibatis.logging.jdbc.BaseJdbcLogger,org.pitest.mutationtest.engine.gregor.mutators.NonVoidMethodCallMutator,debug,181,NO_COVERAGE,none
BaseJdbcLogger.java,org.apache.ibatis.logging.jdbc.BaseJdbcLogger,org.pitest.mutationtest.engine.gregor.mutators.NonVoidMethodCallMutator,debug,181,NO_COVERAGE,none
BaseJdbcLogger.java,org.apache.ibatis.logging.jdbc.BaseJdbcLogger,org.pitest.mutationtest.engine.gregor.mutators.RemoveConditionalMutator_EQUAL_ELSE,debug,180,NO_COVERAGE,none
BaseJdbcLogger.java,org.apache.ibatis.logging.jdbc.BaseJdbcLogger,org.pitest.mutationtest.engine.gregor.mutators.RemoveConditionalMutator_EQUAL_IF,debug,180,NO_COVERAGE,none
BaseJdbcLogger.java,org.apache.ibatis.logging.jdbc.BaseJdbcLogger,org.pitest.mutationtest.engine.gregor.mutators.VoidMethodCallMutator,debug,181,NO_COVERAGE,none
BaseJdbcLogger.java,org.apache.ibatis.logging.jdbc.BaseJdbcLogger,org.pitest.mutationtest.engine.gregor.mutators.ArgumentPropagationMutator,getColumn,101,NO_COVERAGE,none
BaseJdbcLogger.java,org.apache.ibatis.logging.jdbc.BaseJdbcLogger,org.pitest.mutationtest.engine.gregor.mutators.NonVoidMethodCallMutator,getColumn,101,NO_COVERAGE,none
BaseJdbcLogger.java,org.apache.ibatis.logging.jdbc.BaseJdbcLogger,org.pitest.mutationtest.engine.gregor.mutators.ReturnValsMutator,getColumn,101,NO_COVERAGE,none
BaseJdbcLogger.java,org.apache.ibatis.logging.jdbc.BaseJdbcLogger,org.pitest.mutationtest.engine.gregor.mutators.NonVoidMethodCallMutator,getColumnString,152,NO_COVERAGE,none
BaseJdbcLogger.java,org.apache.ibatis.logging.jdbc.BaseJdbcLogger,org.pitest.mutationtest.engine.gregor.mutators.ReturnValsMutator,getColumnString,152,NO_COVERAGE,none
BaseJdbcLogger.java,org.apache.ibatis.logging.jdbc.BaseJdbcLogger,org.pitest.mutationtest.engine.gregor.mutators.ConstructorCallMutator,getParameterValueString,105,NO_COVERAGE,none
BaseJdbcLogger.java,org.apache.ibatis.logging.jdbc.BaseJdbcLogger,org.pitest.mutationtest.engine.gregor.mutators.ConstructorCallMutator,getParameterValueString,110,NO_COVERAGE,none
BaseJdbcLogger.java,org.apache.ibatis.logging.jdbc.BaseJdbcLogger,org.pitest.mutationtest.engine.gregor.mutators.InlineConstantMutator,getParameterValueString,114,NO_COVERAGE,none
BaseJdbcLogger.java,org.apache.ibatis.logging.jdbc.BaseJdbcLogger,org.pitest.mutationtest.engine.gregor.mutators.InlineConstantMutator,getParameterValueString,114,NO_COVERAGE,none
BaseJdbcLogger.java,org.apache.ibatis.logging.jdbc.BaseJdbcLogger,org.pitest.mutationtest.engine.gregor.mutators.MathMutator,getParameterValueString,114,NO_COVERAGE,none
BaseJdbcLogger.java,org.apache.ibatis.logging.jdbc.BaseJdbcLogger,org.pitest.mutationtest.engine.gregor.mutators.NegateConditionalsMutator,getParameterValueString,106,NO_COVERAGE,none
BaseJdbcLogger.java,org.apache.ibatis.logging.jdbc.BaseJdbcLogger,org.pitest.mutationtest.engine.gregor.mutators.NegateConditionalsMutator,getParameterValueString,107,NO_COVERAGE,none
BaseJdbcLogger.java,org.apache.ibatis.logging.jdbc.BaseJdbcLogger,org.pitest.mutationtest.engine.gregor.mutators.NonVoidMethodCallMutator,getParameterValueString,105,NO_COVERAGE,none
BaseJdbcLogger.java,org.apache.ibatis.logging.jdbc.BaseJdbcLogger,org.pitest.mutationtest.engine.gregor.mutators.NonVoidMethodCallMutator,getParameterValueString,106,NO_COVERAGE,none
BaseJdbcLogger.java,org.apache.ibatis.logging.jdbc.BaseJdbcLogger,org.pitest.mutationtest.engine.gregor.mutators.NonVoidMethodCallMutator,getParameterValueString,106,NO_COVERAGE,none
BaseJdbcLogger.java,org.apache.ibatis.logging.jdbc.BaseJdbcLogger,org.pitest.mutationtest.engine.gregor.mutators.NonVoidMethodCallMutator,getParameterValueString,108,NO_COVERAGE,none
BaseJdbcLogger.java,org.apache.ibatis.logging.jdbc.BaseJdbcLogger,org.pitest.mutationtest.engine.gregor.mutators.NonVoidMethodCallMutator,getParameterValueString,110,NO_COVERAGE,none
BaseJdbcLogger.java,org.apache.ibatis.logging.jdbc.BaseJdbcLogger,org.pitest.mutationtest.engine.gregor.mutators.NonVoidMethodCallMutator,getParameterValueString,110,NO_COVERAGE,none
BaseJdbcLogger.java,org.apache.ibatis.logging.jdbc.BaseJdbcLogger,org.pitest.mutationtest.engine.gregor.mutators.NonVoidMethodCallMutator,getParameterValueString,110,NO_COVERAGE,none
BaseJdbcLogger.java,org.apache.ibatis.logging.jdbc.BaseJdbcLogger,org.pitest.mutationtest.engine.gregor.mutators.NonVoidMethodCallMutator,getParameterValueString,110,NO_COVERAGE,none
BaseJdbcLogger.java,org.apache.ibatis.logging.jdbc.BaseJdbcLogger,org.pitest.mutationtest.engine.gregor.mutators.NonVoidMethodCallMutator,getParameterValueString,110,NO_COVERAGE,none
BaseJdbcLogger.java,org.apache.ibatis.logging.jdbc.BaseJdbcLogger,org.pitest.mutationtest.engine.gregor.mutators.NonVoidMethodCallMutator,getParameterValueString,110,NO_COVERAGE,none
BaseJdbcLogger.java,org.apache.ibatis.logging.jdbc.BaseJdbcLogger,org.pitest.mutationtest.engine.gregor.mutators.NonVoidMethodCallMutator,getParameterValueString,110,NO_COVERAGE,none
BaseJdbcLogger.java,org.apache.ibatis.logging.jdbc.BaseJdbcLogger,org.pitest.mutationtest.engine.gregor.mutators.NonVoidMethodCallMutator,getParameterValueString,110,NO_COVERAGE,none
BaseJdbcLogger.java,org.apache.ibatis.logging.jdbc.BaseJdbcLogger,org.pitest.mutationtest.engine.gregor.mutators.NonVoidMethodCallMutator,getParameterValueString,110,NO_COVERAGE,none
BaseJdbcLogger.java,org.apache.ibatis.logging.jdbc.BaseJdbcLogger,org.pitest.mutationtest.engine.gregor.mutators.NonVoidMethodCallMutator,getParameterValueString,113,NO_COVERAGE,none
BaseJdbcLogger.java,org.apache.ibatis.logging.jdbc.BaseJdbcLogger,org.pitest.mutationtest.engine.gregor.mutators.NonVoidMethodCallMutator,getParameterValueString,114,NO_COVERAGE,none
BaseJdbcLogger.java,org.apache.ibatis.logging.jdbc.BaseJdbcLogger,org.pitest.mutationtest.engine.gregor.mutators.NonVoidMethodCallMutator,getParameterValueString,114,NO_COVERAGE,none
BaseJdbcLogger.java,org.apache.ibatis.logging.jdbc.BaseJdbcLogger,org.pitest.mutationtest.engine.gregor.mutators.RemoveConditionalMutator_EQUAL_ELSE,getParameterValueString,106,NO_COVERAGE,none
BaseJdbcLogger.java,org.apache.ibatis.logging.jdbc.BaseJdbcLogger,org.pitest.mutationtest.engine.gregor.mutators.RemoveConditionalMutator_EQUAL_ELSE,getParameterValueString,107,NO_COVERAGE,none
BaseJdbcLogger.java,org.apache.ibatis.logging.jdbc.BaseJdbcLogger,org.pitest.mutationtest.engine.gregor.mutators.RemoveConditionalMutator_EQUAL_IF,getParameterValueString,106,NO_COVERAGE,none
BaseJdbcLogger.java,org.apache.ibatis.logging.jdbc.BaseJdbcLogger,org.pitest.mutationtest.engine.gregor.mutators.RemoveConditionalMutator_EQUAL_IF,getParameterValueString,107,NO_COVERAGE,none
BaseJdbcLogger.java,org.apache.ibatis.logging.jdbc.BaseJdbcLogger,org.pitest.mutationtest.engine.gregor.mutators.ReturnValsMutator,getParameterValueString,114,NO_COVERAGE,none
BaseJdbcLogger.java,org.apache.ibatis.logging.jdbc.BaseJdbcLogger,org.pitest.mutationtest.engine.gregor.mutators.NonVoidMethodCallMutator,isDebugEnabled,172,NO_COVERAGE,none
BaseJdbcLogger.java,org.apache.ibatis.logging.jdbc.BaseJdbcLogger,org.pitest.mutationtest.engine.gregor.mutators.ReturnValsMutator,isDebugEnabled,172,NO_COVERAGE,none
BaseJdbcLogger.java,org.apache.ibatis.logging.jdbc.BaseJdbcLogger,org.pitest.mutationtest.engine.gregor.mutators.NonVoidMethodCallMutator,isTraceEnabled,176,NO_COVERAGE,none
BaseJdbcLogger.java,org.apache.ibatis.logging.jdbc.BaseJdbcLogger,org.pitest.mutationtest.engine.gregor.mutators.ReturnValsMutator,isTraceEnabled,176,NO_COVERAGE,none
BaseJdbcLogger.java,org.apache.ibatis.logging.jdbc.BaseJdbcLogger,org.pitest.mutationtest.engine.gregor.mutators.NegateConditionalsMutator,objectValueString,118,NO_COVERAGE,none
BaseJdbcLogger.java,org.apache.ibatis.logging.jdbc.BaseJdbcLogger,org.pitest.mutationtest.engine.gregor.mutators.NonVoidMethodCallMutator,objectValueString,119,NO_COVERAGE,none
BaseJdbcLogger.java,org.apache.ibatis.logging.jdbc.BaseJdbcLogger,org.pitest.mutationtest.engine.gregor.mutators.NonVoidMethodCallMutator,objectValueString,121,NO_COVERAGE,none
BaseJdbcLogger.java,org.apache.ibatis.logging.jdbc.BaseJdbcLogger,org.pitest.mutationtest.engine.gregor.mutators.RemoveConditionalMutator_EQUAL_ELSE,objectValueString,118,NO_COVERAGE,none
BaseJdbcLogger.java,org.apache.ibatis.logging.jdbc.BaseJdbcLogger,org.pitest.mutationtest.engine.gregor.mutators.RemoveConditionalMutator_EQUAL_IF,objectValueString,118,NO_COVERAGE,none
BaseJdbcLogger.java,org.apache.ibatis.logging.jdbc.BaseJdbcLogger,org.pitest.mutationtest.engine.gregor.mutators.ReturnValsMutator,objectValueString,119,NO_COVERAGE,none
BaseJdbcLogger.java,org.apache.ibatis.logging.jdbc.BaseJdbcLogger,org.pitest.mutationtest.engine.gregor.mutators.ReturnValsMutator,objectValueString,121,NO_COVERAGE,none
BaseJdbcLogger.java,org.apache.ibatis.logging.jdbc.BaseJdbcLogger,org.pitest.mutationtest.engine.gregor.mutators.ConstructorCallMutator,prefix,200,NO_COVERAGE,none
BaseJdbcLogger.java,org.apache.ibatis.logging.jdbc.BaseJdbcLogger,org.pitest.mutationtest.engine.gregor.mutators.InlineConstantMutator,prefix,192,NO_COVERAGE,none
BaseJdbcLogger.java,org.apache.ibatis.logging.jdbc.BaseJdbcLogger,org.pitest.mutationtest.engine.gregor.mutators.InlineConstantMutator,prefix,192,NO_COVERAGE,none
BaseJdbcLogger.java,org.apache.ibatis.logging.jdbc.BaseJdbcLogger,org.pitest.mutationtest.engine.gregor.mutators.InlineConstantMutator,prefix,193,NO_COVERAGE,none
BaseJdbcLogger.java,org.apache.ibatis.logging.jdbc.BaseJdbcLogger,org.pitest.mutationtest.engine.gregor.mutators.InlineConstantMutator,prefix,194,NO_COVERAGE,none
BaseJdbcLogger.java,org.apache.ibatis.logging.jdbc.BaseJdbcLogger,org.pitest.mutationtest.engine.gregor.mutators.InlineConstantMutator,prefix,194,NO_COVERAGE,none
BaseJdbcLogger.java,org.apache.ibatis.logging.jdbc.BaseJdbcLogger,org.pitest.mutationtest.engine.gregor.mutators.InlineConstantMutator,prefix,194,NO_COVERAGE,none
BaseJdbcLogger.java,org.apache.ibatis.logging.jdbc.BaseJdbcLogger,org.pitest.mutationtest.engine.gregor.mutators.InlineConstantMutator,prefix,196,NO_COVERAGE,none
BaseJdbcLogger.java,org.apache.ibatis.logging.jdbc.BaseJdbcLogger,org.pitest.mutationtest.engine.gregor.mutators.InlineConstantMutator,prefix,196,NO_COVERAGE,none
BaseJdbcLogger.java,org.apache.ibatis.logging.jdbc.BaseJdbcLogger,org.pitest.mutationtest.engine.gregor.mutators.InlineConstantMutator,prefix,198,NO_COVERAGE,none
BaseJdbcLogger.java,org.apache.ibatis.logging.jdbc.BaseJdbcLogger,org.pitest.mutationtest.engine.gregor.mutators.InlineConstantMutator,prefix,198,NO_COVERAGE,none
BaseJdbcLogger.java,org.apache.ibatis.logging.jdbc.BaseJdbcLogger,org.pitest.mutationtest.engine.gregor.mutators.MathMutator,prefix,192,NO_COVERAGE,none
BaseJdbcLogger.java,org.apache.ibatis.logging.jdbc.BaseJdbcLogger,org.pitest.mutationtest.engine.gregor.mutators.MathMutator,prefix,192,NO_COVERAGE,none
BaseJdbcLogger.java,org.apache.ibatis.logging.jdbc.BaseJdbcLogger,org.pitest.mutationtest.engine.gregor.mutators.MathMutator,prefix,194,NO_COVERAGE,none
BaseJdbcLogger.java,org.apache.ibatis.logging.jdbc.BaseJdbcLogger,org.pitest.mutationtest.engine.gregor.mutators.MathMutator,prefix,194,NO_COVERAGE,none
BaseJdbcLogger.java,org.apache.ibatis.logging.jdbc.BaseJdbcLogger,org.pitest.mutationtest.engine.gregor.mutators.MathMutator,prefix,196,NO_COVERAGE,none
BaseJdbcLogger.java,org.apache.ibatis.logging.jdbc.BaseJdbcLogger,org.pitest.mutationtest.engine.gregor.mutators.NegateConditionalsMutator,prefix,195,NO_COVERAGE,none
BaseJdbcLogger.java,org.apache.ibatis.logging.jdbc.BaseJdbcLogger,org.pitest.mutationtest.engine.gregor.mutators.RemoveConditionalMutator_EQUAL_ELSE,prefix,195,NO_COVERAGE,none
BaseJdbcLogger.java,org.apache.ibatis.logging.jdbc.BaseJdbcLogger,org.pitest.mutationtest.engine.gregor.mutators.RemoveConditionalMutator_EQUAL_IF,prefix,195,NO_COVERAGE,none
BaseJdbcLogger.java,org.apache.ibatis.logging.jdbc.BaseJdbcLogger,org.pitest.mutationtest.engine.gregor.mutators.ReturnValsMutator,prefix,200,NO_COVERAGE,none
BaseJdbcLogger.java,org.apache.ibatis.logging.jdbc.BaseJdbcLogger,org.pitest.mutationtest.engine.gregor.mutators.VoidMethodCallMutator,prefix,193,NO_COVERAGE,none
BaseJdbcLogger.java,org.apache.ibatis.logging.jdbc.BaseJdbcLogger,org.pitest.mutationtest.engine.gregor.mutators.ConstructorCallMutator,removeBreakingWhitespace,162,NO_COVERAGE,none
BaseJdbcLogger.java,org.apache.ibatis.logging.jdbc.BaseJdbcLogger,org.pitest.mutationtest.engine.gregor.mutators.ConstructorCallMutator,removeBreakingWhitespace,163,NO_COVERAGE,none
BaseJdbcLogger.java,org.apache.ibatis.logging.jdbc.BaseJdbcLogger,org.pitest.mutationtest.engine.gregor.mutators.NegateConditionalsMutator,removeBreakingWhitespace,164,NO_COVERAGE,none
BaseJdbcLogger.java,org.apache.ibatis.logging.jdbc.BaseJdbcLogger,org.pitest.mutationtest.engine.gregor.mutators.NonVoidMethodCallMutator,removeBreakingWhitespace,164,NO_COVERAGE,none
BaseJdbcLogger.java,org.apache.ibatis.logging.jdbc.BaseJdbcLogger,org.pitest.mutationtest.engine.gregor.mutators.NonVoidMethodCallMutator,removeBreakingWhitespace,165,NO_COVERAGE,none
BaseJdbcLogger.java,org.apache.ibatis.logging.jdbc.BaseJdbcLogger,org.pitest.mutationtest.engine.gregor.mutators.NonVoidMethodCallMutator,removeBreakingWhitespace,166,NO_COVERAGE,none
BaseJdbcLogger.java,org.apache.ibatis.logging.jdbc.BaseJdbcLogger,org.pitest.mutationtest.engine.gregor.mutators.NonVoidMethodCallMutator,removeBreakingWhitespace,168,NO_COVERAGE,none
BaseJdbcLogger.java,org.apache.ibatis.logging.jdbc.BaseJdbcLogger,org.pitest.mutationtest.engine.gregor.mutators.RemoveConditionalMutator_EQUAL_ELSE,removeBreakingWhitespace,164,NO_COVERAGE,none
BaseJdbcLogger.java,org.apache.ibatis.logging.jdbc.BaseJdbcLogger,org.pitest.mutationtest.engine.gregor.mutators.RemoveConditionalMutator_EQUAL_IF,removeBreakingWhitespace,164,NO_COVERAGE,none
BaseJdbcLogger.java,org.apache.ibatis.logging.jdbc.BaseJdbcLogger,org.pitest.mutationtest.engine.gregor.mutators.ReturnValsMutator,removeBreakingWhitespace,168,NO_COVERAGE,none
BaseJdbcLogger.java,org.apache.ibatis.logging.jdbc.BaseJdbcLogger,org.pitest.mutationtest.engine.gregor.mutators.ArgumentPropagationMutator,setColumn,95,NO_COVERAGE,none
BaseJdbcLogger.java,org.apache.ibatis.logging.jdbc.BaseJdbcLogger,org.pitest.mutationtest.engine.gregor.mutators.NonVoidMethodCallMutator,setColumn,95,NO_COVERAGE,none
BaseJdbcLogger.java,org.apache.ibatis.logging.jdbc.BaseJdbcLogger,org.pitest.mutationtest.engine.gregor.mutators.NonVoidMethodCallMutator,setColumn,96,NO_COVERAGE,none
BaseJdbcLogger.java,org.apache.ibatis.logging.jdbc.BaseJdbcLogger,org.pitest.mutationtest.engine.gregor.mutators.NonVoidMethodCallMutator,setColumn,97,NO_COVERAGE,none
BaseJdbcLogger.java,org.apache.ibatis.logging.jdbc.BaseJdbcLogger,org.pitest.mutationtest.engine.gregor.mutators.ConstructorCallMutator,trace,187,NO_COVERAGE,none
BaseJdbcLogger.java,org.apache.ibatis.logging.jdbc.BaseJdbcLogger,org.pitest.mutationtest.engine.gregor.mutators.NegateConditionalsMutator,trace,186,NO_COVERAGE,none
BaseJdbcLogger.java,org.apache.ibatis.logging.jdbc.BaseJdbcLogger,org.pitest.mutationtest.engine.gregor.mutators.NonVoidMethodCallMutator,trace,186,NO_COVERAGE,none
BaseJdbcLogger.java,org.apache.ibatis.logging.jdbc.BaseJdbcLogger,org.pitest.mutationtest.engine.gregor.mutators.NonVoidMethodCallMutator,trace,187,NO_COVERAGE,none
BaseJdbcLogger.java,org.apache.ibatis.logging.jdbc.BaseJdbcLogger,org.pitest.mutationtest.engine.gregor.mutators.NonVoidMethodCallMutator,trace,187,NO_COVERAGE,none
BaseJdbcLogger.java,org.apache.ibatis.logging.jdbc.BaseJdbcLogger,org.pitest.mutationtest.engine.gregor.mutators.NonVoidMethodCallMutator,trace,187,NO_COVERAGE,none
BaseJdbcLogger.java,org.apache.ibatis.logging.jdbc.BaseJdbcLogger,org.pitest.mutationtest.engine.gregor.mutators.NonVoidMethodCallMutator,trace,187,NO_COVERAGE,none
BaseJdbcLogger.java,org.apache.ibatis.logging.jdbc.BaseJdbcLogger,org.pitest.mutationtest.engine.gregor.mutators.RemoveConditionalMutator_EQUAL_ELSE,trace,186,NO_COVERAGE,none
BaseJdbcLogger.java,org.apache.ibatis.logging.jdbc.BaseJdbcLogger,org.pitest.mutationtest.engine.gregor.mutators.RemoveConditionalMutator_EQUAL_IF,trace,186,NO_COVERAGE,none
BaseJdbcLogger.java,org.apache.ibatis.logging.jdbc.BaseJdbcLogger,org.pitest.mutationtest.engine.gregor.mutators.VoidMethodCallMutator,trace,187,NO_COVERAGE,none
SqlRunner.java,org.apache.ibatis.jdbc.SqlRunner,org.pitest.mutationtest.engine.gregor.mutators.ConstructorCallMutator,<init>,48,NO_COVERAGE,none
SqlRunner.java,org.apache.ibatis.jdbc.SqlRunner,org.pitest.mutationtest.engine.gregor.mutators.experimental.MemberVariableMutator,<init>,47,NO_COVERAGE,none
SqlRunner.java,org.apache.ibatis.jdbc.SqlRunner,org.pitest.mutationtest.engine.gregor.mutators.experimental.MemberVariableMutator,<init>,48,NO_COVERAGE,none
SqlRunner.java,org.apache.ibatis.jdbc.SqlRunner,org.pitest.mutationtest.engine.gregor.mutators.VoidMethodCallMutator,closeConnection,196,NO_COVERAGE,none
SqlRunner.java,org.apache.ibatis.jdbc.SqlRunner,org.pitest.mutationtest.engine.gregor.mutators.NonVoidMethodCallMutator,delete,171,NO_COVERAGE,none
SqlRunner.java,org.apache.ibatis.jdbc.SqlRunner,org.pitest.mutationtest.engine.gregor.mutators.ReturnValsMutator,delete,171,NO_COVERAGE,none
SqlRunner.java,org.apache.ibatis.jdbc.SqlRunner,org.pitest.mutationtest.engine.gregor.mutators.ArgumentPropagationMutator,getResults,243,NO_COVERAGE,none
SqlRunner.java,org.apache.ibatis.jdbc.SqlRunner,org.pitest.mutationtest.engine.gregor.mutators.ConditionalsBoundaryMutator,getResults,225,NO_COVERAGE,none
SqlRunner.java,org.apache.ibatis.jdbc.SqlRunner,org.pitest.mutationtest.engine.gregor.mutators.ConditionalsBoundaryMutator,getResults,240,NO_COVERAGE,none
SqlRunner.java,org.apache.ibatis.jdbc.SqlRunner,org.pitest.mutationtest.engine.gregor.mutators.ConstructorCallMutator,getResults,221,NO_COVERAGE,none
SqlRunner.java,org.apache.ibatis.jdbc.SqlRunner,org.pitest.mutationtest.engine.gregor.mutators.ConstructorCallMutator,getResults,222,NO_COVERAGE,none
SqlRunner.java,org.apache.ibatis.jdbc.SqlRunner,org.pitest.mutationtest.engine.gregor.mutators.ConstructorCallMutator,getResults,223,NO_COVERAGE,none
SqlRunner.java,org.apache.ibatis.jdbc.SqlRunner,org.pitest.mutationtest.engine.gregor.mutators.ConstructorCallMutator,getResults,239,NO_COVERAGE,none
SqlRunner.java,org.apache.ibatis.jdbc.SqlRunner,org.pitest.mutationtest.engine.gregor.mutators.IncrementsMutator,getResults,225,NO_COVERAGE,none
SqlRunner.java,org.apache.ibatis.jdbc.SqlRunner,org.pitest.mutationtest.engine.gregor.mutators.IncrementsMutator,getResults,240,NO_COVERAGE,none
SqlRunner.java,org.apache.ibatis.jdbc.SqlRunner,org.pitest.mutationtest.engine.gregor.mutators.InlineConstantMutator,getResults,225,NO_COVERAGE,none
SqlRunner.java,org.apache.ibatis.jdbc.SqlRunner,org.pitest.mutationtest.engine.gregor.mutators.InlineConstantMutator,getResults,226,NO_COVERAGE,none
SqlRunner.java,org.apache.ibatis.jdbc.SqlRunner,org.pitest.mutationtest.engine.gregor.mutators.InlineConstantMutator,getResults,228,NO_COVERAGE,none
SqlRunner.java,org.apache.ibatis.jdbc.SqlRunner,org.pitest.mutationtest.engine.gregor.mutators.InlineConstantMutator,getResults,240,NO_COVERAGE,none
SqlRunner.java,org.apache.ibatis.jdbc.SqlRunner,org.pitest.mutationtest.engine.gregor.mutators.MathMutator,getResults,226,NO_COVERAGE,none
SqlRunner.java,org.apache.ibatis.jdbc.SqlRunner,org.pitest.mutationtest.engine.gregor.mutators.MathMutator,getResults,228,NO_COVERAGE,none
SqlRunner.java,org.apache.ibatis.jdbc.SqlRunner,org.pitest.mutationtest.engine.gregor.mutators.NegateConditionalsMutator,getResults,225,NO_COVERAGE,none
SqlRunner.java,org.apache.ibatis.jdbc.SqlRunner,org.pitest.mutationtest.engine.gregor.mutators.NegateConditionalsMutator,getResults,230,NO_COVERAGE,none
SqlRunner.java,org.apache.ibatis.jdbc.SqlRunner,org.pitest.mutationtest.engine.gregor.mutators.NegateConditionalsMutator,getResults,238,NO_COVERAGE,none
SqlRunner.java,org.apache.ibatis.jdbc.SqlRunner,org.pitest.mutationtest.engine.gregor.mutators.NegateConditionalsMutator,getResults,240,NO_COVERAGE,none
SqlRunner.java,org.apache.ibatis.jdbc.SqlRunner,org.pitest.mutationtest.engine.gregor.mutators.NegateConditionalsMutator,getResults,249,NO_COVERAGE,none
SqlRunner.java,org.apache.ibatis.jdbc.SqlRunner,org.pitest.mutationtest.engine.gregor.mutators.NonVoidMethodCallMutator,getResults,224,NO_COVERAGE,none
SqlRunner.java,org.apache.ibatis.jdbc.SqlRunner,org.pitest.mutationtest.engine.gregor.mutators.NonVoidMethodCallMutator,getResults,225,NO_COVERAGE,none
SqlRunner.java,org.apache.ibatis.jdbc.SqlRunner,org.pitest.mutationtest.engine.gregor.mutators.NonVoidMethodCallMutator,getResults,226,NO_COVERAGE,none
SqlRunner.java,org.apache.ibatis.jdbc.SqlRunner,org.pitest.mutationtest.engine.gregor.mutators.NonVoidMethodCallMutator,getResults,226,NO_COVERAGE,none
SqlRunner.java,org.apache.ibatis.jdbc.SqlRunner,org.pitest.mutationtest.engine.gregor.mutators.NonVoidMethodCallMutator,getResults,228,NO_COVERAGE,none
SqlRunner.java,org.apache.ibatis.jdbc.SqlRunner,org.pitest.mutationtest.engine.gregor.mutators.NonVoidMethodCallMutator,getResults,228,NO_COVERAGE,none
SqlRunner.java,org.apache.ibatis.jdbc.SqlRunner,org.pitest.mutationtest.engine.gregor.mutators.NonVoidMethodCallMutator,getResults,229,NO_COVERAGE,none
SqlRunner.java,org.apache.ibatis.jdbc.SqlRunner,org.pitest.mutationtest.engine.gregor.mutators.NonVoidMethodCallMutator,getResults,231,NO_COVERAGE,none
SqlRunner.java,org.apache.ibatis.jdbc.SqlRunner,org.pitest.mutationtest.engine.gregor.mutators.NonVoidMethodCallMutator,getResults,233,NO_COVERAGE,none
SqlRunner.java,org.apache.ibatis.jdbc.SqlRunner,org.pitest.mutationtest.engine.gregor.mutators.NonVoidMethodCallMutator,getResults,235,NO_COVERAGE,none
SqlRunner.java,org.apache.ibatis.jdbc.SqlRunner,org.pitest.mutationtest.engine.gregor.mutators.NonVoidMethodCallMutator,getResults,235,NO_COVERAGE,none
SqlRunner.java,org.apache.ibatis.jdbc.SqlRunner,org.pitest.mutationtest.engine.gregor.mutators.NonVoidMethodCallMutator,getResults,238,NO_COVERAGE,none
SqlRunner.java,org.apache.ibatis.jdbc.SqlRunner,org.pitest.mutationtest.engine.gregor.mutators.NonVoidMethodCallMutator,getResults,240,NO_COVERAGE,none
SqlRunner.java,org.apache.ibatis.jdbc.SqlRunner,org.pitest.mutationtest.engine.gregor.mutators.NonVoidMethodCallMutator,getResults,241,NO_COVERAGE,none
SqlRunner.java,org.apache.ibatis.jdbc.SqlRunner,org.pitest.mutationtest.engine.gregor.mutators.NonVoidMethodCallMutator,getResults,242,NO_COVERAGE,none
SqlRunner.java,org.apache.ibatis.jdbc.SqlRunner,org.pitest.mutationtest.engine.gregor.mutators.NonVoidMethodCallMutator,getResults,243,NO_COVERAGE,none
SqlRunner.java,org.apache.ibatis.jdbc.SqlRunner,org.pitest.mutationtest.engine.gregor.mutators.NonVoidMethodCallMutator,getResults,243,NO_COVERAGE,none
SqlRunner.java,org.apache.ibatis.jdbc.SqlRunner,org.pitest.mutationtest.engine.gregor.mutators.NonVoidMethodCallMutator,getResults,243,NO_COVERAGE,none
SqlRunner.java,org.apache.ibatis.jdbc.SqlRunner,org.pitest.mutationtest.engine.gregor.mutators.NonVoidMethodCallMutator,getResults,245,NO_COVERAGE,none
SqlRunner.java,org.apache.ibatis.jdbc.SqlRunner,org.pitest.mutationtest.engine.gregor.mutators.RemoveConditionalMutator_EQUAL_ELSE,getResults,230,NO_COVERAGE,none
SqlRunner.java,org.apache.ibatis.jdbc.SqlRunner,org.pitest.mutationtest.engine.gregor.mutators.RemoveConditionalMutator_EQUAL_ELSE,getResults,238,NO_COVERAGE,none
SqlRunner.java,org.apache.ibatis.jdbc.SqlRunner,org.pitest.mutationtest.engine.gregor.mutators.RemoveConditionalMutator_EQUAL_ELSE,getResults,249,NO_COVERAGE,none
SqlRunner.java,org.apache.ibatis.jdbc.SqlRunner,org.pitest.mutationtest.engine.gregor.mutators.RemoveConditionalMutator_EQUAL_IF,getResults,230,NO_COVERAGE,none
SqlRunner.java,org.apache.ibatis.jdbc.SqlRunner,org.pitest.mutationtest.engine.gregor.mutators.RemoveConditionalMutator_EQUAL_IF,getResults,238,NO_COVERAGE,none
SqlRunner.java,org.apache.ibatis.jdbc.SqlRunner,org.pitest.mutationtest.engine.gregor.mutators.RemoveConditionalMutator_EQUAL_IF,getResults,249,NO_COVERAGE,none
SqlRunner.java,org.apache.ibatis.jdbc.SqlRunner,org.pitest.mutationtest.engine.gregor.mutators.RemoveConditionalMutator_ORDER_ELSE,getResults,225,NO_COVERAGE,none
SqlRunner.java,org.apache.ibatis.jdbc.SqlRunner,org.pitest.mutationtest.engine.gregor.mutators.RemoveConditionalMutator_ORDER_ELSE,getResults,240,NO_COVERAGE,none
SqlRunner.java,org.apache.ibatis.jdbc.SqlRunner,org.pitest.mutationtest.engine.gregor.mutators.RemoveConditionalMutator_ORDER_IF,getResults,225,NO_COVERAGE,none
SqlRunner.java,org.apache.ibatis.jdbc.SqlRunner,org.pitest.mutationtest.engine.gregor.mutators.RemoveConditionalMutator_ORDER_IF,getResults,240,NO_COVERAGE,none
SqlRunner.java,org.apache.ibatis.jdbc.SqlRunner,org.pitest.mutationtest.engine.gregor.mutators.ReturnValsMutator,getResults,247,NO_COVERAGE,none
SqlRunner.java,org.apache.ibatis.jdbc.SqlRunner,org.pitest.mutationtest.engine.gregor.mutators.VoidMethodCallMutator,getResults,251,NO_COVERAGE,none
SqlRunner.java,org.apache.ibatis.jdbc.SqlRunner,org.pitest.mutationtest.engine.gregor.mutators.InlineConstantMutator,insert,105,NO_COVERAGE,none
SqlRunner.java,org.apache.ibatis.jdbc.SqlRunner,org.pitest.mutationtest.engine.gregor.mutators.InlineConstantMutator,insert,115,NO_COVERAGE,none
SqlRunner.java,org.apache.ibatis.jdbc.SqlRunner,org.pitest.mutationtest.engine.gregor.mutators.InlineConstantMutator,insert,116,NO_COVERAGE,none
SqlRunner.java,org.apache.ibatis.jdbc.SqlRunner,org.pitest.mutationtest.engine.gregor.mutators.InlineConstantMutator,insert,130,NO_COVERAGE,none
SqlRunner.java,org.apache.ibatis.jdbc.SqlRunner,org.pitest.mutationtest.engine.gregor.mutators.NegateConditionalsMutator,insert,104,NO_COVERAGE,none
SqlRunner.java,org.apache.ibatis.jdbc.SqlRunner,org.pitest.mutationtest.engine.gregor.mutators.NegateConditionalsMutator,insert,113,NO_COVERAGE,none
SqlRunner.java,org.apache.ibatis.jdbc.SqlRunner,org.pitest.mutationtest.engine.gregor.mutators.NegateConditionalsMutator,insert,115,NO_COVERAGE,none
SqlRunner.java,org.apache.ibatis.jdbc.SqlRunner,org.pitest.mutationtest.engine.gregor.mutators.NegateConditionalsMutator,insert,118,NO_COVERAGE,none
SqlRunner.java,org.apache.ibatis.jdbc.SqlRunner,org.pitest.mutationtest.engine.gregor.mutators.NegateConditionalsMutator,insert,120,NO_COVERAGE,none
SqlRunner.java,org.apache.ibatis.jdbc.SqlRunner,org.pitest.mutationtest.engine.gregor.mutators.NonVoidMethodCallMutator,insert,105,NO_COVERAGE,none
SqlRunner.java,org.apache.ibatis.jdbc.SqlRunner,org.pitest.mutationtest.engine.gregor.mutators.NonVoidMethodCallMutator,insert,107,NO_COVERAGE,none
SqlRunner.java,org.apache.ibatis.jdbc.SqlRunner,org.pitest.mutationtest.engine.gregor.mutators.NonVoidMethodCallMutator,insert,112,NO_COVERAGE,none
SqlRunner.java,org.apache.ibatis.jdbc.SqlRunner,org.pitest.mutationtest.engine.gregor.mutators.NonVoidMethodCallMutator,insert,114,NO_COVERAGE,none
SqlRunner.java,org.apache.ibatis.jdbc.SqlRunner,org.pitest.mutationtest.engine.gregor.mutators.NonVoidMethodCallMutator,insert,114,NO_COVERAGE,none
SqlRunner.java,org.apache.ibatis.jdbc.SqlRunner,org.pitest.mutationtest.engine.gregor.mutators.NonVoidMethodCallMutator,insert,115,NO_COVERAGE,none
SqlRunner.java,org.apache.ibatis.jdbc.SqlRunner,org.pitest.mutationtest.engine.gregor.mutators.NonVoidMethodCallMutator,insert,116,NO_COVERAGE,none
SqlRunner.java,org.apache.ibatis.jdbc.SqlRunner,org.pitest.mutationtest.engine.gregor.mutators.NonVoidMethodCallMutator,insert,117,NO_COVERAGE,none
SqlRunner.java,org.apache.ibatis.jdbc.SqlRunner,org.pitest.mutationtest.engine.gregor.mutators.NonVoidMethodCallMutator,insert,117,NO_COVERAGE,none
SqlRunner.java,org.apache.ibatis.jdbc.SqlRunner,org.pitest.mutationtest.engine.gregor.mutators.NonVoidMethodCallMutator,insert,118,NO_COVERAGE,none
SqlRunner.java,org.apache.ibatis.jdbc.SqlRunner,org.pitest.mutationtest.engine.gregor.mutators.NonVoidMethodCallMutator,insert,119,NO_COVERAGE,none
SqlRunner.java,org.apache.ibatis.jdbc.SqlRunner,org.pitest.mutationtest.engine.gregor.mutators.NonVoidMethodCallMutator,insert,122,NO_COVERAGE,none
SqlRunner.java,org.apache.ibatis.jdbc.SqlRunner,org.pitest.mutationtest.engine.gregor.mutators.NonVoidMethodCallMutator,insert,122,NO_COVERAGE,none
SqlRunner.java,org.apache.ibatis.jdbc.SqlRunner,org.pitest.mutationtest.engine.gregor.mutators.RemoveConditionalMutator_EQUAL_ELSE,insert,104,NO_COVERAGE,none
SqlRunner.java,org.apache.ibatis.jdbc.SqlRunner,org.pitest.mutationtest.engine.gregor.mutators.RemoveConditionalMutator_EQUAL_ELSE,insert,113,NO_COVERAGE,none
SqlRunner.java,org.apache.ibatis.jdbc.SqlRunner,org.pitest.mutationtest.engine.gregor.mutators.RemoveConditionalMutator_EQUAL_ELSE,insert,115,NO_COVERAGE,none
SqlRunner.java,org.apache.ibatis.jdbc.SqlRunner,org.pitest.mutationtest.engine.gregor.mutators.RemoveConditionalMutator_EQUAL_ELSE,insert,118,NO_COVERAGE,none
SqlRunner.java,org.apache.ibatis.jdbc.SqlRunner,org.pitest.mutationtest.engine.gregor.mutators.RemoveConditionalMutator_EQUAL_ELSE,insert,120,NO_COVERAGE,none
SqlRunner.java,org.apache.ibatis.jdbc.SqlRunner,org.pitest.mutationtest.engine.gregor.mutators.RemoveConditionalMutator_EQUAL_IF,insert,104,NO_COVERAGE,none
SqlRunner.java,org.apache.ibatis.jdbc.SqlRunner,org.pitest.mutationtest.engine.gregor.mutators.RemoveConditionalMutator_EQUAL_IF,insert,113,NO_COVERAGE,none
SqlRunner.java,org.apache.ibatis.jdbc.SqlRunner,org.pitest.mutationtest.engine.gregor.mutators.RemoveConditionalMutator_EQUAL_IF,insert,115,NO_COVERAGE,none
SqlRunner.java,org.apache.ibatis.jdbc.SqlRunner,org.pitest.mutationtest.engine.gregor.mutators.RemoveConditionalMutator_EQUAL_IF,insert,118,NO_COVERAGE,none
SqlRunner.java,org.apache.ibatis.jdbc.SqlRunner,org.pitest.mutationtest.engine.gregor.mutators.RemoveConditionalMutator_EQUAL_IF,insert,120,NO_COVERAGE,none
SqlRunner.java,org.apache.ibatis.jdbc.SqlRunner,org.pitest.mutationtest.engine.gregor.mutators.ReturnValsMutator,insert,122,NO_COVERAGE,none
SqlRunner.java,org.apache.ibatis.jdbc.SqlRunner,org.pitest.mutationtest.engine.gregor.mutators.ReturnValsMutator,insert,130,NO_COVERAGE,none
SqlRunner.java,org.apache.ibatis.jdbc.SqlRunner,org.pitest.mutationtest.engine.gregor.mutators.VoidMethodCallMutator,insert,111,NO_COVERAGE,none
SqlRunner.java,org.apache.ibatis.jdbc.SqlRunner,org.pitest.mutationtest.engine.gregor.mutators.VoidMethodCallMutator,insert,133,NO_COVERAGE,none
SqlRunner.java,org.apache.ibatis.jdbc.SqlRunner,org.pitest.mutationtest.engine.gregor.mutators.NonVoidMethodCallMutator,run,182,NO_COVERAGE,none
SqlRunner.java,org.apache.ibatis.jdbc.SqlRunner,org.pitest.mutationtest.engine.gregor.mutators.NonVoidMethodCallMutator,run,184,NO_COVERAGE,none
SqlRunner.java,org.apache.ibatis.jdbc.SqlRunner,org.pitest.mutationtest.engine.gregor.mutators.VoidMethodCallMutator,run,187,NO_COVERAGE,none
SqlRunner.java,org.apache.ibatis.jdbc.SqlRunner,org.pitest.mutationtest.engine.gregor.mutators.NonVoidMethodCallMutator,selectAll,80,NO_COVERAGE,none
SqlRunner.java,org.apache.ibatis.jdbc.SqlRunner,org.pitest.mutationtest.engine.gregor.mutators.NonVoidMethodCallMutator,selectAll,83,NO_COVERAGE,none
SqlRunner.java,org.apache.ibatis.jdbc.SqlRunner,org.pitest.mutationtest.engine.gregor.mutators.NonVoidMethodCallMutator,selectAll,84,NO_COVERAGE,none
SqlRunner.java,org.apache.ibatis.jdbc.SqlRunner,org.pitest.mutationtest.engine.gregor.mutators.ReturnValsMutator,selectAll,84,NO_COVERAGE,none
SqlRunner.java,org.apache.ibatis.jdbc.SqlRunner,org.pitest.mutationtest.engine.gregor.mutators.VoidMethodCallMutator,selectAll,82,NO_COVERAGE,none
SqlRunner.java,org.apache.ibatis.jdbc.SqlRunner,org.pitest.mutationtest.engine.gregor.mutators.VoidMethodCallMutator,selectAll,87,NO_COVERAGE,none
SqlRunner.java,org.apache.ibatis.jdbc.SqlRunner,org.pitest.mutationtest.engine.gregor.mutators.ConstructorCallMutator,selectOne,66,NO_COVERAGE,none
SqlRunner.java,org.apache.ibatis.jdbc.SqlRunner,org.pitest.mutationtest.engine.gregor.mutators.ConstructorCallMutator,selectOne,66,NO_COVERAGE,none
SqlRunner.java,org.apache.ibatis.jdbc.SqlRunner,org.pitest.mutationtest.engine.gregor.mutators.InlineConstantMutator,selectOne,65,NO_COVERAGE,none
SqlRunner.java,org.apache.ibatis.jdbc.SqlRunner,org.pitest.mutationtest.engine.gregor.mutators.InlineConstantMutator,selectOne,68,NO_COVERAGE,none
SqlRunner.java,org.apache.ibatis.jdbc.SqlRunner,org.pitest.mutationtest.engine.gregor.mutators.NegateConditionalsMutator,selectOne,65,NO_COVERAGE,none
SqlRunner.java,org.apache.ibatis.jdbc.SqlRunner,org.pitest.mutationtest.engine.gregor.mutators.NonVoidMethodCallMutator,selectOne,64,NO_COVERAGE,none
SqlRunner.java,org.apache.ibatis.jdbc.SqlRunner,org.pitest.mutationtest.engine.gregor.mutators.NonVoidMethodCallMutator,selectOne,65,NO_COVERAGE,none
SqlRunner.java,org.apache.ibatis.jdbc.SqlRunner,org.pitest.mutationtest.engine.gregor.mutators.NonVoidMethodCallMutator,selectOne,66,NO_COVERAGE,none
SqlRunner.java,org.apache.ibatis.jdbc.SqlRunner,org.pitest.mutationtest.engine.gregor.mutators.NonVoidMethodCallMutator,selectOne,66,NO_COVERAGE,none
SqlRunner.java,org.apache.ibatis.jdbc.SqlRunner,org.pitest.mutationtest.engine.gregor.mutators.NonVoidMethodCallMutator,selectOne,66,NO_COVERAGE,none
SqlRunner.java,org.apache.ibatis.jdbc.SqlRunner,org.pitest.mutationtest.engine.gregor.mutators.NonVoidMethodCallMutator,selectOne,66,NO_COVERAGE,none
SqlRunner.java,org.apache.ibatis.jdbc.SqlRunner,org.pitest.mutationtest.engine.gregor.mutators.NonVoidMethodCallMutator,selectOne,66,NO_COVERAGE,none
SqlRunner.java,org.apache.ibatis.jdbc.SqlRunner,org.pitest.mutationtest.engine.gregor.mutators.NonVoidMethodCallMutator,selectOne,68,NO_COVERAGE,none
SqlRunner.java,org.apache.ibatis.jdbc.SqlRunner,org.pitest.mutationtest.engine.gregor.mutators.RemoveConditionalMutator_EQUAL_ELSE,selectOne,65,NO_COVERAGE,none
SqlRunner.java,org.apache.ibatis.jdbc.SqlRunner,org.pitest.mutationtest.engine.gregor.mutators.RemoveConditionalMutator_EQUAL_IF,selectOne,65,NO_COVERAGE,none
SqlRunner.java,org.apache.ibatis.jdbc.SqlRunner,org.pitest.mutationtest.engine.gregor.mutators.ReturnValsMutator,selectOne,68,NO_COVERAGE,none
SqlRunner.java,org.apache.ibatis.jdbc.SqlRunner,org.pitest.mutationtest.engine.gregor.mutators.ConditionalsBoundaryMutator,setParameters,203,NO_COVERAGE,none
SqlRunner.java,org.apache.ibatis.jdbc.SqlRunner,org.pitest.mutationtest.engine.gregor.mutators.ConstructorCallMutator,setParameters,205,NO_COVERAGE,none
SqlRunner.java,org.apache.ibatis.jdbc.SqlRunner,org.pitest.mutationtest.engine.gregor.mutators.ConstructorCallMutator,setParameters,211,NO_COVERAGE,none
SqlRunner.java,org.apache.ibatis.jdbc.SqlRunner,org.pitest.mutationtest.engine.gregor.mutators.ConstructorCallMutator,setParameters,211,NO_COVERAGE,none
SqlRunner.java,org.apache.ibatis.jdbc.SqlRunner,org.pitest.mutationtest.engine.gregor.mutators.IncrementsMutator,setParameters,203,NO_COVERAGE,none
SqlRunner.java,org.apache.ibatis.jdbc.SqlRunner,org.pitest.mutationtest.engine.gregor.mutators.InlineConstantMutator,setParameters,203,NO_COVERAGE,none
SqlRunner.java,org.apache.ibatis.jdbc.SqlRunner,org.pitest.mutationtest.engine.gregor.mutators.InlineConstantMutator,setParameters,207,NO_COVERAGE,none
SqlRunner.java,org.apache.ibatis.jdbc.SqlRunner,org.pitest.mutationtest.engine.gregor.mutators.InlineConstantMutator,setParameters,213,NO_COVERAGE,none
SqlRunner.java,org.apache.ibatis.jdbc.SqlRunner,org.pitest.mutationtest.engine.gregor.mutators.MathMutator,setParameters,207,NO_COVERAGE,none
SqlRunner.java,org.apache.ibatis.jdbc.SqlRunner,org.pitest.mutationtest.engine.gregor.mutators.MathMutator,setParameters,213,NO_COVERAGE,none
SqlRunner.java,org.apache.ibatis.jdbc.SqlRunner,org.pitest.mutationtest.engine.gregor.mutators.NegateConditionalsMutator,setParameters,203,NO_COVERAGE,none
SqlRunner.java,org.apache.ibatis.jdbc.SqlRunner,org.pitest.mutationtest.engine.gregor.mutators.NegateConditionalsMutator,setParameters,204,NO_COVERAGE,none
SqlRunner.java,org.apache.ibatis.jdbc.SqlRunner,org.pitest.mutationtest.engine.gregor.mutators.NegateConditionalsMutator,setParameters,206,NO_COVERAGE,none
SqlRunner.java,org.apache.ibatis.jdbc.SqlRunner,org.pitest.mutationtest.engine.gregor.mutators.NegateConditionalsMutator,setParameters,210,NO_COVERAGE,none
SqlRunner.java,org.apache.ibatis.jdbc.SqlRunner,org.pitest.mutationtest.engine.gregor.mutators.NonVoidMethodCallMutator,setParameters,207,NO_COVERAGE,none
SqlRunner.java,org.apache.ibatis.jdbc.SqlRunner,org.pitest.mutationtest.engine.gregor.mutators.NonVoidMethodCallMutator,setParameters,207,NO_COVERAGE,none
SqlRunner.java,org.apache.ibatis.jdbc.SqlRunner,org.pitest.mutationtest.engine.gregor.mutators.NonVoidMethodCallMutator,setParameters,209,NO_COVERAGE,none
SqlRunner.java,org.apache.ibatis.jdbc.SqlRunner,org.pitest.mutationtest.engine.gregor.mutators.NonVoidMethodCallMutator,setParameters,209,NO_COVERAGE,none
SqlRunner.java,org.apache.ibatis.jdbc.SqlRunner,org.pitest.mutationtest.engine.gregor.mutators.NonVoidMethodCallMutator,setParameters,211,NO_COVERAGE,none
SqlRunner.java,org.apache.ibatis.jdbc.SqlRunner,org.pitest.mutationtest.engine.gregor.mutators.NonVoidMethodCallMutator,setParameters,211,NO_COVERAGE,none
SqlRunner.java,org.apache.ibatis.jdbc.SqlRunner,org.pitest.mutationtest.engine.gregor.mutators.NonVoidMethodCallMutator,setParameters,211,NO_COVERAGE,none
SqlRunner.java,org.apache.ibatis.jdbc.SqlRunner,org.pitest.mutationtest.engine.gregor.mutators.NonVoidMethodCallMutator,setParameters,211,NO_COVERAGE,none
SqlRunner.java,org.apache.ibatis.jdbc.SqlRunner,org.pitest.mutationtest.engine.gregor.mutators.RemoveConditionalMutator_EQUAL_ELSE,setParameters,204,NO_COVERAGE,none
SqlRunner.java,org.apache.ibatis.jdbc.SqlRunner,org.pitest.mutationtest.engine.gregor.mutators.RemoveConditionalMutator_EQUAL_ELSE,setParameters,206,NO_COVERAGE,none
SqlRunner.java,org.apache.ibatis.jdbc.SqlRunner,org.pitest.mutationtest.engine.gregor.mutators.RemoveConditionalMutator_EQUAL_ELSE,setParameters,210,NO_COVERAGE,none
SqlRunner.java,org.apache.ibatis.jdbc.SqlRunner,org.pitest.mutationtest.engine.gregor.mutators.RemoveConditionalMutator_EQUAL_IF,setParameters,204,NO_COVERAGE,none
SqlRunner.java,org.apache.ibatis.jdbc.SqlRunner,org.pitest.mutationtest.engine.gregor.mutators.RemoveConditionalMutator_EQUAL_IF,setParameters,206,NO_COVERAGE,none
SqlRunner.java,org.apache.ibatis.jdbc.SqlRunner,org.pitest.mutationtest.engine.gregor.mutators.RemoveConditionalMutator_EQUAL_IF,setParameters,210,NO_COVERAGE,none
SqlRunner.java,org.apache.ibatis.jdbc.SqlRunner,org.pitest.mutationtest.engine.gregor.mutators.RemoveConditionalMutator_ORDER_ELSE,setParameters,203,NO_COVERAGE,none
SqlRunner.java,org.apache.ibatis.jdbc.SqlRunner,org.pitest.mutationtest.engine.gregor.mutators.RemoveConditionalMutator_ORDER_IF,setParameters,203,NO_COVERAGE,none
SqlRunner.java,org.apache.ibatis.jdbc.SqlRunner,org.pitest.mutationtest.engine.gregor.mutators.VoidMethodCallMutator,setParameters,207,NO_COVERAGE,none
SqlRunner.java,org.apache.ibatis.jdbc.SqlRunner,org.pitest.mutationtest.engine.gregor.mutators.VoidMethodCallMutator,setParameters,213,NO_COVERAGE,none
SqlRunner.java,org.apache.ibatis.jdbc.SqlRunner,org.pitest.mutationtest.engine.gregor.mutators.experimental.RemoveIncrementsMutator,setParameters,203,NO_COVERAGE,none
SqlRunner.java,org.apache.ibatis.jdbc.SqlRunner,org.pitest.mutationtest.engine.gregor.mutators.experimental.MemberVariableMutator,setUseGeneratedKeySupport,52,NO_COVERAGE,none
SqlRunner.java,org.apache.ibatis.jdbc.SqlRunner,org.pitest.mutationtest.engine.gregor.mutators.NonVoidMethodCallMutator,update,149,NO_COVERAGE,none
SqlRunner.java,org.apache.ibatis.jdbc.SqlRunner,org.pitest.mutationtest.engine.gregor.mutators.NonVoidMethodCallMutator,update,152,NO_COVERAGE,none
SqlRunner.java,org.apache.ibatis.jdbc.SqlRunner,org.pitest.mutationtest.engine.gregor.mutators.ReturnValsMutator,update,152,NO_COVERAGE,none
SqlRunner.java,org.apache.ibatis.jdbc.SqlRunner,org.pitest.mutationtest.engine.gregor.mutators.VoidMethodCallMutator,update,151,NO_COVERAGE,none
SqlRunner.java,org.apache.ibatis.jdbc.SqlRunner,org.pitest.mutationtest.engine.gregor.mutators.VoidMethodCallMutator,update,155,NO_COVERAGE,none
ResultLoaderMap.java,org.apache.ibatis.executor.loader.ResultLoaderMap$LoadPair,org.pitest.mutationtest.engine.gregor.mutators.ConstructorCallMutator,<init>,161,NO_COVERAGE,none
ResultLoaderMap.java,org.apache.ibatis.executor.loader.ResultLoaderMap$LoadPair,org.pitest.mutationtest.engine.gregor.mutators.NegateConditionalsMutator,<init>,153,NO_COVERAGE,none
ResultLoaderMap.java,org.apache.ibatis.executor.loader.ResultLoaderMap$LoadPair,org.pitest.mutationtest.engine.gregor.mutators.NegateConditionalsMutator,<init>,160,NO_COVERAGE,none
ResultLoaderMap.java,org.apache.ibatis.executor.loader.ResultLoaderMap$LoadPair,org.pitest.mutationtest.engine.gregor.mutators.NonVoidMethodCallMutator,<init>,149,NO_COVERAGE,none
ResultLoaderMap.java,org.apache.ibatis.executor.loader.ResultLoaderMap$LoadPair,org.pitest.mutationtest.engine.gregor.mutators.NonVoidMethodCallMutator,<init>,154,NO_COVERAGE,none
ResultLoaderMap.java,org.apache.ibatis.executor.loader.ResultLoaderMap$LoadPair,org.pitest.mutationtest.engine.gregor.mutators.NonVoidMethodCallMutator,<init>,157,NO_COVERAGE,none
ResultLoaderMap.java,org.apache.ibatis.executor.loader.ResultLoaderMap$LoadPair,org.pitest.mutationtest.engine.gregor.mutators.NonVoidMethodCallMutator,<init>,159,NO_COVERAGE,none
ResultLoaderMap.java,org.apache.ibatis.executor.loader.ResultLoaderMap$LoadPair,org.pitest.mutationtest.engine.gregor.mutators.NonVoidMethodCallMutator,<init>,160,NO_COVERAGE,none
ResultLoaderMap.java,org.apache.ibatis.executor.loader.ResultLoaderMap$LoadPair,org.pitest.mutationtest.engine.gregor.mutators.NonVoidMethodCallMutator,<init>,161,NO_COVERAGE,none
ResultLoaderMap.java,org.apache.ibatis.executor.loader.ResultLoaderMap$LoadPair,org.pitest.mutationtest.engine.gregor.mutators.NonVoidMethodCallMutator,<init>,161,NO_COVERAGE,none
ResultLoaderMap.java,org.apache.ibatis.executor.loader.ResultLoaderMap$LoadPair,org.pitest.mutationtest.engine.gregor.mutators.NonVoidMethodCallMutator,<init>,161,NO_COVERAGE,none
ResultLoaderMap.java,org.apache.ibatis.executor.loader.ResultLoaderMap$LoadPair,org.pitest.mutationtest.engine.gregor.mutators.NonVoidMethodCallMutator,<init>,162,NO_COVERAGE,none
ResultLoaderMap.java,org.apache.ibatis.executor.loader.ResultLoaderMap$LoadPair,org.pitest.mutationtest.engine.gregor.mutators.NonVoidMethodCallMutator,<init>,162,NO_COVERAGE,none
ResultLoaderMap.java,org.apache.ibatis.executor.loader.ResultLoaderMap$LoadPair,org.pitest.mutationtest.engine.gregor.mutators.NonVoidMethodCallMutator,<init>,162,NO_COVERAGE,none
ResultLoaderMap.java,org.apache.ibatis.executor.loader.ResultLoaderMap$LoadPair,org.pitest.mutationtest.engine.gregor.mutators.NonVoidMethodCallMutator,<init>,162,NO_COVERAGE,none
ResultLoaderMap.java,org.apache.ibatis.executor.loader.ResultLoaderMap$LoadPair,org.pitest.mutationtest.engine.gregor.mutators.NonVoidMethodCallMutator,<init>,162,NO_COVERAGE,none
ResultLoaderMap.java,org.apache.ibatis.executor.loader.ResultLoaderMap$LoadPair,org.pitest.mutationtest.engine.gregor.mutators.RemoveConditionalMutator_EQUAL_ELSE,<init>,149,NO_COVERAGE,none
ResultLoaderMap.java,org.apache.ibatis.executor.loader.ResultLoaderMap$LoadPair,org.pitest.mutationtest.engine.gregor.mutators.RemoveConditionalMutator_EQUAL_ELSE,<init>,153,NO_COVERAGE,none
ResultLoaderMap.java,org.apache.ibatis.executor.loader.ResultLoaderMap$LoadPair,org.pitest.mutationtest.engine.gregor.mutators.RemoveConditionalMutator_EQUAL_ELSE,<init>,160,NO_COVERAGE,none
ResultLoaderMap.java,org.apache.ibatis.executor.loader.ResultLoaderMap$LoadPair,org.pitest.mutationtest.engine.gregor.mutators.RemoveConditionalMutator_EQUAL_IF,<init>,153,NO_COVERAGE,none
ResultLoaderMap.java,org.apache.ibatis.executor.loader.ResultLoaderMap$LoadPair,org.pitest.mutationtest.engine.gregor.mutators.RemoveConditionalMutator_EQUAL_IF,<init>,160,NO_COVERAGE,none
ResultLoaderMap.java,org.apache.ibatis.executor.loader.ResultLoaderMap$LoadPair,org.pitest.mutationtest.engine.gregor.mutators.VoidMethodCallMutator,<init>,161,NO_COVERAGE,none
ResultLoaderMap.java,org.apache.ibatis.executor.loader.ResultLoaderMap$LoadPair,org.pitest.mutationtest.engine.gregor.mutators.experimental.MemberVariableMutator,<init>,113,NO_COVERAGE,none
ResultLoaderMap.java,org.apache.ibatis.executor.loader.ResultLoaderMap$LoadPair,org.pitest.mutationtest.engine.gregor.mutators.experimental.MemberVariableMutator,<init>,154,NO_COVERAGE,none
ResultLoaderMap.java,org.apache.ibatis.executor.loader.ResultLoaderMap$LoadPair,org.pitest.mutationtest.engine.gregor.mutators.experimental.MemberVariableMutator,<init>,155,NO_COVERAGE,none
ResultLoaderMap.java,org.apache.ibatis.executor.loader.ResultLoaderMap$LoadPair,org.pitest.mutationtest.engine.gregor.mutators.experimental.MemberVariableMutator,<init>,157,NO_COVERAGE,none
ResultLoaderMap.java,org.apache.ibatis.executor.loader.ResultLoaderMap$LoadPair,org.pitest.mutationtest.engine.gregor.mutators.ArgumentPropagationMutator,getConfiguration,245,NO_COVERAGE,none
ResultLoaderMap.java,org.apache.ibatis.executor.loader.ResultLoaderMap$LoadPair,org.pitest.mutationtest.engine.gregor.mutators.ArgumentPropagationMutator,getConfiguration,268,NO_COVERAGE,none
ResultLoaderMap.java,org.apache.ibatis.executor.loader.ResultLoaderMap$LoadPair,org.pitest.mutationtest.engine.gregor.mutators.ConstructorCallMutator,getConfiguration,220,NO_COVERAGE,none
ResultLoaderMap.java,org.apache.ibatis.executor.loader.ResultLoaderMap$LoadPair,org.pitest.mutationtest.engine.gregor.mutators.ConstructorCallMutator,getConfiguration,227,NO_COVERAGE,none
ResultLoaderMap.java,org.apache.ibatis.executor.loader.ResultLoaderMap$LoadPair,org.pitest.mutationtest.engine.gregor.mutators.ConstructorCallMutator,getConfiguration,227,NO_COVERAGE,none
ResultLoaderMap.java,org.apache.ibatis.executor.loader.ResultLoaderMap$LoadPair,org.pitest.mutationtest.engine.gregor.mutators.ConstructorCallMutator,getConfiguration,233,NO_COVERAGE,none
ResultLoaderMap.java,org.apache.ibatis.executor.loader.ResultLoaderMap$LoadPair,org.pitest.mutationtest.engine.gregor.mutators.ConstructorCallMutator,getConfiguration,248,NO_COVERAGE,none
ResultLoaderMap.java,org.apache.ibatis.executor.loader.ResultLoaderMap$LoadPair,org.pitest.mutationtest.engine.gregor.mutators.ConstructorCallMutator,getConfiguration,248,NO_COVERAGE,none
ResultLoaderMap.java,org.apache.ibatis.executor.loader.ResultLoaderMap$LoadPair,org.pitest.mutationtest.engine.gregor.mutators.ConstructorCallMutator,getConfiguration,252,NO_COVERAGE,none
ResultLoaderMap.java,org.apache.ibatis.executor.loader.ResultLoaderMap$LoadPair,org.pitest.mutationtest.engine.gregor.mutators.ConstructorCallMutator,getConfiguration,254,NO_COVERAGE,none
ResultLoaderMap.java,org.apache.ibatis.executor.loader.ResultLoaderMap$LoadPair,org.pitest.mutationtest.engine.gregor.mutators.ConstructorCallMutator,getConfiguration,256,NO_COVERAGE,none
ResultLoaderMap.java,org.apache.ibatis.executor.loader.ResultLoaderMap$LoadPair,org.pitest.mutationtest.engine.gregor.mutators.ConstructorCallMutator,getConfiguration,256,NO_COVERAGE,none
ResultLoaderMap.java,org.apache.ibatis.executor.loader.ResultLoaderMap$LoadPair,org.pitest.mutationtest.engine.gregor.mutators.ConstructorCallMutator,getConfiguration,262,NO_COVERAGE,none
ResultLoaderMap.java,org.apache.ibatis.executor.loader.ResultLoaderMap$LoadPair,org.pitest.mutationtest.engine.gregor.mutators.ConstructorCallMutator,getConfiguration,265,NO_COVERAGE,none
ResultLoaderMap.java,org.apache.ibatis.executor.loader.ResultLoaderMap$LoadPair,org.pitest.mutationtest.engine.gregor.mutators.InlineConstantMutator,getConfiguration,225,NO_COVERAGE,none
ResultLoaderMap.java,org.apache.ibatis.executor.loader.ResultLoaderMap$LoadPair,org.pitest.mutationtest.engine.gregor.mutators.InlineConstantMutator,getConfiguration,245,NO_COVERAGE,none
ResultLoaderMap.java,org.apache.ibatis.executor.loader.ResultLoaderMap$LoadPair,org.pitest.mutationtest.engine.gregor.mutators.NegateConditionalsMutator,getConfiguration,219,NO_COVERAGE,none
ResultLoaderMap.java,org.apache.ibatis.executor.loader.ResultLoaderMap$LoadPair,org.pitest.mutationtest.engine.gregor.mutators.NegateConditionalsMutator,getConfiguration,226,NO_COVERAGE,none
ResultLoaderMap.java,org.apache.ibatis.executor.loader.ResultLoaderMap$LoadPair,org.pitest.mutationtest.engine.gregor.mutators.NegateConditionalsMutator,getConfiguration,232,NO_COVERAGE,none
ResultLoaderMap.java,org.apache.ibatis.executor.loader.ResultLoaderMap$LoadPair,org.pitest.mutationtest.engine.gregor.mutators.NegateConditionalsMutator,getConfiguration,261,NO_COVERAGE,none
ResultLoaderMap.java,org.apache.ibatis.executor.loader.ResultLoaderMap$LoadPair,org.pitest.mutationtest.engine.gregor.mutators.NegateConditionalsMutator,getConfiguration,262,NO_COVERAGE,none
ResultLoaderMap.java,org.apache.ibatis.executor.loader.ResultLoaderMap$LoadPair,org.pitest.mutationtest.engine.gregor.mutators.NonVoidMethodCallMutator,getConfiguration,225,NO_COVERAGE,none
ResultLoaderMap.java,org.apache.ibatis.executor.loader.ResultLoaderMap$LoadPair,org.pitest.mutationtest.engine.gregor.mutators.NonVoidMethodCallMutator,getConfiguration,226,NO_COVERAGE,none
ResultLoaderMap.java,org.apache.ibatis.executor.loader.ResultLoaderMap$LoadPair,org.pitest.mutationtest.engine.gregor.mutators.NonVoidMethodCallMutator,getConfiguration,226,NO_COVERAGE,none
ResultLoaderMap.java,org.apache.ibatis.executor.loader.ResultLoaderMap$LoadPair,org.pitest.mutationtest.engine.gregor.mutators.NonVoidMethodCallMutator,getConfiguration,227,NO_COVERAGE,none
ResultLoaderMap.java,org.apache.ibatis.executor.loader.ResultLoaderMap$LoadPair,org.pitest.mutationtest.engine.gregor.mutators.NonVoidMethodCallMutator,getConfiguration,227,NO_COVERAGE,none
ResultLoaderMap.java,org.apache.ibatis.executor.loader.ResultLoaderMap$LoadPair,org.pitest.mutationtest.engine.gregor.mutators.NonVoidMethodCallMutator,getConfiguration,227,NO_COVERAGE,none
ResultLoaderMap.java,org.apache.ibatis.executor.loader.ResultLoaderMap$LoadPair,org.pitest.mutationtest.engine.gregor.mutators.NonVoidMethodCallMutator,getConfiguration,227,NO_COVERAGE,none
ResultLoaderMap.java,org.apache.ibatis.executor.loader.ResultLoaderMap$LoadPair,org.pitest.mutationtest.engine.gregor.mutators.NonVoidMethodCallMutator,getConfiguration,227,NO_COVERAGE,none
ResultLoaderMap.java,org.apache.ibatis.executor.loader.ResultLoaderMap$LoadPair,org.pitest.mutationtest.engine.gregor.mutators.NonVoidMethodCallMutator,getConfiguration,227,NO_COVERAGE,none
ResultLoaderMap.java,org.apache.ibatis.executor.loader.ResultLoaderMap$LoadPair,org.pitest.mutationtest.engine.gregor.mutators.NonVoidMethodCallMutator,getConfiguration,232,NO_COVERAGE,none
ResultLoaderMap.java,org.apache.ibatis.executor.loader.ResultLoaderMap$LoadPair,org.pitest.mutationtest.engine.gregor.mutators.NonVoidMethodCallMutator,getConfiguration,233,NO_COVERAGE,none
ResultLoaderMap.java,org.apache.ibatis.executor.loader.ResultLoaderMap$LoadPair,org.pitest.mutationtest.engine.gregor.mutators.NonVoidMethodCallMutator,getConfiguration,245,NO_COVERAGE,none
ResultLoaderMap.java,org.apache.ibatis.executor.loader.ResultLoaderMap$LoadPair,org.pitest.mutationtest.engine.gregor.mutators.NonVoidMethodCallMutator,getConfiguration,248,NO_COVERAGE,none
ResultLoaderMap.java,org.apache.ibatis.executor.loader.ResultLoaderMap$LoadPair,org.pitest.mutationtest.engine.gregor.mutators.NonVoidMethodCallMutator,getConfiguration,248,NO_COVERAGE,none
ResultLoaderMap.java,org.apache.ibatis.executor.loader.ResultLoaderMap$LoadPair,org.pitest.mutationtest.engine.gregor.mutators.NonVoidMethodCallMutator,getConfiguration,248,NO_COVERAGE,none
ResultLoaderMap.java,org.apache.ibatis.executor.loader.ResultLoaderMap$LoadPair,org.pitest.mutationtest.engine.gregor.mutators.NonVoidMethodCallMutator,getConfiguration,248,NO_COVERAGE,none
ResultLoaderMap.java,org.apache.ibatis.executor.loader.ResultLoaderMap$LoadPair,org.pitest.mutationtest.engine.gregor.mutators.NonVoidMethodCallMutator,getConfiguration,248,NO_COVERAGE,none
ResultLoaderMap.java,org.apache.ibatis.executor.loader.ResultLoaderMap$LoadPair,org.pitest.mutationtest.engine.gregor.mutators.NonVoidMethodCallMutator,getConfiguration,248,NO_COVERAGE,none
ResultLoaderMap.java,org.apache.ibatis.executor.loader.ResultLoaderMap$LoadPair,org.pitest.mutationtest.engine.gregor.mutators.NonVoidMethodCallMutator,getConfiguration,252,NO_COVERAGE,none
ResultLoaderMap.java,org.apache.ibatis.executor.loader.ResultLoaderMap$LoadPair,org.pitest.mutationtest.engine.gregor.mutators.NonVoidMethodCallMutator,getConfiguration,252,NO_COVERAGE,none
ResultLoaderMap.java,org.apache.ibatis.executor.loader.ResultLoaderMap$LoadPair,org.pitest.mutationtest.engine.gregor.mutators.NonVoidMethodCallMutator,getConfiguration,252,NO_COVERAGE,none
ResultLoaderMap.java,org.apache.ibatis.executor.loader.ResultLoaderMap$LoadPair,org.pitest.mutationtest.engine.gregor.mutators.NonVoidMethodCallMutator,getConfiguration,252,NO_COVERAGE,none
ResultLoaderMap.java,org.apache.ibatis.executor.loader.ResultLoaderMap$LoadPair,org.pitest.mutationtest.engine.gregor.mutators.NonVoidMethodCallMutator,getConfiguration,252,NO_COVERAGE,none
ResultLoaderMap.java,org.apache.ibatis.executor.loader.ResultLoaderMap$LoadPair,org.pitest.mutationtest.engine.gregor.mutators.NonVoidMethodCallMutator,getConfiguration,252,NO_COVERAGE,none
ResultLoaderMap.java,org.apache.ibatis.executor.loader.ResultLoaderMap$LoadPair,org.pitest.mutationtest.engine.gregor.mutators.NonVoidMethodCallMutator,getConfiguration,254,NO_COVERAGE,none
ResultLoaderMap.java,org.apache.ibatis.executor.loader.ResultLoaderMap$LoadPair,org.pitest.mutationtest.engine.gregor.mutators.NonVoidMethodCallMutator,getConfiguration,256,NO_COVERAGE,none
ResultLoaderMap.java,org.apache.ibatis.executor.loader.ResultLoaderMap$LoadPair,org.pitest.mutationtest.engine.gregor.mutators.NonVoidMethodCallMutator,getConfiguration,256,NO_COVERAGE,none
ResultLoaderMap.java,org.apache.ibatis.executor.loader.ResultLoaderMap$LoadPair,org.pitest.mutationtest.engine.gregor.mutators.NonVoidMethodCallMutator,getConfiguration,256,NO_COVERAGE,none
ResultLoaderMap.java,org.apache.ibatis.executor.loader.ResultLoaderMap$LoadPair,org.pitest.mutationtest.engine.gregor.mutators.NonVoidMethodCallMutator,getConfiguration,256,NO_COVERAGE,none
ResultLoaderMap.java,org.apache.ibatis.executor.loader.ResultLoaderMap$LoadPair,org.pitest.mutationtest.engine.gregor.mutators.NonVoidMethodCallMutator,getConfiguration,256,NO_COVERAGE,none
ResultLoaderMap.java,org.apache.ibatis.executor.loader.ResultLoaderMap$LoadPair,org.pitest.mutationtest.engine.gregor.mutators.NonVoidMethodCallMutator,getConfiguration,256,NO_COVERAGE,none
ResultLoaderMap.java,org.apache.ibatis.executor.loader.ResultLoaderMap$LoadPair,org.pitest.mutationtest.engine.gregor.mutators.NonVoidMethodCallMutator,getConfiguration,262,NO_COVERAGE,none
ResultLoaderMap.java,org.apache.ibatis.executor.loader.ResultLoaderMap$LoadPair,org.pitest.mutationtest.engine.gregor.mutators.NonVoidMethodCallMutator,getConfiguration,262,NO_COVERAGE,none
ResultLoaderMap.java,org.apache.ibatis.executor.loader.ResultLoaderMap$LoadPair,org.pitest.mutationtest.engine.gregor.mutators.NonVoidMethodCallMutator,getConfiguration,262,NO_COVERAGE,none
ResultLoaderMap.java,org.apache.ibatis.executor.loader.ResultLoaderMap$LoadPair,org.pitest.mutationtest.engine.gregor.mutators.NonVoidMethodCallMutator,getConfiguration,262,NO_COVERAGE,none
ResultLoaderMap.java,org.apache.ibatis.executor.loader.ResultLoaderMap$LoadPair,org.pitest.mutationtest.engine.gregor.mutators.NonVoidMethodCallMutator,getConfiguration,262,NO_COVERAGE,none
ResultLoaderMap.java,org.apache.ibatis.executor.loader.ResultLoaderMap$LoadPair,org.pitest.mutationtest.engine.gregor.mutators.NonVoidMethodCallMutator,getConfiguration,262,NO_COVERAGE,none
ResultLoaderMap.java,org.apache.ibatis.executor.loader.ResultLoaderMap$LoadPair,org.pitest.mutationtest.engine.gregor.mutators.NonVoidMethodCallMutator,getConfiguration,262,NO_COVERAGE,none
ResultLoaderMap.java,org.apache.ibatis.executor.loader.ResultLoaderMap$LoadPair,org.pitest.mutationtest.engine.gregor.mutators.NonVoidMethodCallMutator,getConfiguration,265,NO_COVERAGE,none
ResultLoaderMap.java,org.apache.ibatis.executor.loader.ResultLoaderMap$LoadPair,org.pitest.mutationtest.engine.gregor.mutators.NonVoidMethodCallMutator,getConfiguration,265,NO_COVERAGE,none
ResultLoaderMap.java,org.apache.ibatis.executor.loader.ResultLoaderMap$LoadPair,org.pitest.mutationtest.engine.gregor.mutators.NonVoidMethodCallMutator,getConfiguration,265,NO_COVERAGE,none
ResultLoaderMap.java,org.apache.ibatis.executor.loader.ResultLoaderMap$LoadPair,org.pitest.mutationtest.engine.gregor.mutators.NonVoidMethodCallMutator,getConfiguration,265,NO_COVERAGE,none
ResultLoaderMap.java,org.apache.ibatis.executor.loader.ResultLoaderMap$LoadPair,org.pitest.mutationtest.engine.gregor.mutators.NonVoidMethodCallMutator,getConfiguration,268,NO_COVERAGE,none
ResultLoaderMap.java,org.apache.ibatis.executor.loader.ResultLoaderMap$LoadPair,org.pitest.mutationtest.engine.gregor.mutators.RemoveConditionalMutator_EQUAL_ELSE,getConfiguration,219,NO_COVERAGE,none
ResultLoaderMap.java,org.apache.ibatis.executor.loader.ResultLoaderMap$LoadPair,org.pitest.mutationtest.engine.gregor.mutators.RemoveConditionalMutator_EQUAL_ELSE,getConfiguration,226,NO_COVERAGE,none
ResultLoaderMap.java,org.apache.ibatis.executor.loader.ResultLoaderMap$LoadPair,org.pitest.mutationtest.engine.gregor.mutators.RemoveConditionalMutator_EQUAL_ELSE,getConfiguration,232,NO_COVERAGE,none
ResultLoaderMap.java,org.apache.ibatis.executor.loader.ResultLoaderMap$LoadPair,org.pitest.mutationtest.engine.gregor.mutators.RemoveConditionalMutator_EQUAL_ELSE,getConfiguration,261,NO_COVERAGE,none
ResultLoaderMap.java,org.apache.ibatis.executor.loader.ResultLoaderMap$LoadPair,org.pitest.mutationtest.engine.gregor.mutators.RemoveConditionalMutator_EQUAL_ELSE,getConfiguration,262,NO_COVERAGE,none
ResultLoaderMap.java,org.apache.ibatis.executor.loader.ResultLoaderMap$LoadPair,org.pitest.mutationtest.engine.gregor.mutators.RemoveConditionalMutator_EQUAL_IF,getConfiguration,219,NO_COVERAGE,none
ResultLoaderMap.java,org.apache.ibatis.executor.loader.ResultLoaderMap$LoadPair,org.pitest.mutationtest.engine.gregor.mutators.RemoveConditionalMutator_EQUAL_IF,getConfiguration,226,NO_COVERAGE,none
ResultLoaderMap.java,org.apache.ibatis.executor.loader.ResultLoaderMap$LoadPair,org.pitest.mutationtest.engine.gregor.mutators.RemoveConditionalMutator_EQUAL_IF,getConfiguration,232,NO_COVERAGE,none
ResultLoaderMap.java,org.apache.ibatis.executor.loader.ResultLoaderMap$LoadPair,org.pitest.mutationtest.engine.gregor.mutators.RemoveConditionalMutator_EQUAL_IF,getConfiguration,261,NO_COVERAGE,none
ResultLoaderMap.java,org.apache.ibatis.executor.loader.ResultLoaderMap$LoadPair,org.pitest.mutationtest.engine.gregor.mutators.RemoveConditionalMutator_EQUAL_IF,getConfiguration,262,NO_COVERAGE,none
ResultLoaderMap.java,org.apache.ibatis.executor.loader.ResultLoaderMap$LoadPair,org.pitest.mutationtest.engine.gregor.mutators.ReturnValsMutator,getConfiguration,268,NO_COVERAGE,none
ResultLoaderMap.java,org.apache.ibatis.executor.loader.ResultLoaderMap$LoadPair,org.pitest.mutationtest.engine.gregor.mutators.NegateConditionalsMutator,getLogger,272,NO_COVERAGE,none
ResultLoaderMap.java,org.apache.ibatis.executor.loader.ResultLoaderMap$LoadPair,org.pitest.mutationtest.engine.gregor.mutators.NonVoidMethodCallMutator,getLogger,273,NO_COVERAGE,none
ResultLoaderMap.java,org.apache.ibatis.executor.loader.ResultLoaderMap$LoadPair,org.pitest.mutationtest.engine.gregor.mutators.NonVoidMethodCallMutator,getLogger,273,NO_COVERAGE,none
ResultLoaderMap.java,org.apache.ibatis.executor.loader.ResultLoaderMap$LoadPair,org.pitest.mutationtest.engine.gregor.mutators.RemoveConditionalMutator_EQUAL_ELSE,getLogger,272,NO_COVERAGE,none
ResultLoaderMap.java,org.apache.ibatis.executor.loader.ResultLoaderMap$LoadPair,org.pitest.mutationtest.engine.gregor.mutators.RemoveConditionalMutator_EQUAL_IF,getLogger,272,NO_COVERAGE,none
ResultLoaderMap.java,org.apache.ibatis.executor.loader.ResultLoaderMap$LoadPair,org.pitest.mutationtest.engine.gregor.mutators.ReturnValsMutator,getLogger,275,NO_COVERAGE,none
ResultLoaderMap.java,org.apache.ibatis.executor.loader.ResultLoaderMap$LoadPair,org.pitest.mutationtest.engine.gregor.mutators.experimental.MemberVariableMutator,getLogger,273,NO_COVERAGE,none
ResultLoaderMap.java,org.apache.ibatis.executor.loader.ResultLoaderMap$LoadPair,org.pitest.mutationtest.engine.gregor.mutators.ConstructorCallMutator,load,174,NO_COVERAGE,none
ResultLoaderMap.java,org.apache.ibatis.executor.loader.ResultLoaderMap$LoadPair,org.pitest.mutationtest.engine.gregor.mutators.ConstructorCallMutator,load,177,NO_COVERAGE,none
ResultLoaderMap.java,org.apache.ibatis.executor.loader.ResultLoaderMap$LoadPair,org.pitest.mutationtest.engine.gregor.mutators.RemoveConditionalMutator_EQUAL_ELSE,load,176,NO_COVERAGE,none
ResultLoaderMap.java,org.apache.ibatis.executor.loader.ResultLoaderMap$LoadPair,org.pitest.mutationtest.engine.gregor.mutators.VoidMethodCallMutator,load,180,NO_COVERAGE,none
ResultLoaderMap.java,org.apache.ibatis.executor.loader.ResultLoaderMap$LoadPair,org.pitest.mutationtest.engine.gregor.mutators.ConstructorCallMutator,load,186,NO_COVERAGE,none
ResultLoaderMap.java,org.apache.ibatis.executor.loader.ResultLoaderMap$LoadPair,org.pitest.mutationtest.engine.gregor.mutators.ConstructorCallMutator,load,186,NO_COVERAGE,none
ResultLoaderMap.java,org.apache.ibatis.executor.loader.ResultLoaderMap$LoadPair,org.pitest.mutationtest.engine.gregor.mutators.ConstructorCallMutator,load,194,NO_COVERAGE,none
ResultLoaderMap.java,org.apache.ibatis.executor.loader.ResultLoaderMap$LoadPair,org.pitest.mutationtest.engine.gregor.mutators.ConstructorCallMutator,load,195,NO_COVERAGE,none
ResultLoaderMap.java,org.apache.ibatis.executor.loader.ResultLoaderMap$LoadPair,org.pitest.mutationtest.engine.gregor.mutators.ConstructorCallMutator,load,201,NO_COVERAGE,none
ResultLoaderMap.java,org.apache.ibatis.executor.loader.ResultLoaderMap$LoadPair,org.pitest.mutationtest.engine.gregor.mutators.ConstructorCallMutator,load,202,NO_COVERAGE,none
ResultLoaderMap.java,org.apache.ibatis.executor.loader.ResultLoaderMap$LoadPair,org.pitest.mutationtest.engine.gregor.mutators.ConstructorCallMutator,load,211,NO_COVERAGE,none
ResultLoaderMap.java,org.apache.ibatis.executor.loader.ResultLoaderMap$LoadPair,org.pitest.mutationtest.engine.gregor.mutators.ConstructorCallMutator,load,211,NO_COVERAGE,none
ResultLoaderMap.java,org.apache.ibatis.executor.loader.ResultLoaderMap$LoadPair,org.pitest.mutationtest.engine.gregor.mutators.NegateConditionalsMutator,load,185,NO_COVERAGE,none
ResultLoaderMap.java,org.apache.ibatis.executor.loader.ResultLoaderMap$LoadPair,org.pitest.mutationtest.engine.gregor.mutators.NegateConditionalsMutator,load,193,NO_COVERAGE,none
ResultLoaderMap.java,org.apache.ibatis.executor.loader.ResultLoaderMap$LoadPair,org.pitest.mutationtest.engine.gregor.mutators.NonVoidMethodCallMutator,load,186,NO_COVERAGE,none
ResultLoaderMap.java,org.apache.ibatis.executor.loader.ResultLoaderMap$LoadPair,org.pitest.mutationtest.engine.gregor.mutators.NonVoidMethodCallMutator,load,186,NO_COVERAGE,none
ResultLoaderMap.java,org.apache.ibatis.executor.loader.ResultLoaderMap$LoadPair,org.pitest.mutationtest.engine.gregor.mutators.NonVoidMethodCallMutator,load,186,NO_COVERAGE,none
ResultLoaderMap.java,org.apache.ibatis.executor.loader.ResultLoaderMap$LoadPair,org.pitest.mutationtest.engine.gregor.mutators.NonVoidMethodCallMutator,load,186,NO_COVERAGE,none
ResultLoaderMap.java,org.apache.ibatis.executor.loader.ResultLoaderMap$LoadPair,org.pitest.mutationtest.engine.gregor.mutators.NonVoidMethodCallMutator,load,186,NO_COVERAGE,none
ResultLoaderMap.java,org.apache.ibatis.executor.loader.ResultLoaderMap$LoadPair,org.pitest.mutationtest.engine.gregor.mutators.NonVoidMethodCallMutator,load,186,NO_COVERAGE,none
ResultLoaderMap.java,org.apache.ibatis.executor.loader.ResultLoaderMap$LoadPair,org.pitest.mutationtest.engine.gregor.mutators.NonVoidMethodCallMutator,load,191,NO_COVERAGE,none
ResultLoaderMap.java,org.apache.ibatis.executor.loader.ResultLoaderMap$LoadPair,org.pitest.mutationtest.engine.gregor.mutators.NonVoidMethodCallMutator,load,192,NO_COVERAGE,none
ResultLoaderMap.java,org.apache.ibatis.executor.loader.ResultLoaderMap$LoadPair,org.pitest.mutationtest.engine.gregor.mutators.NonVoidMethodCallMutator,load,194,NO_COVERAGE,none
ResultLoaderMap.java,org.apache.ibatis.executor.loader.ResultLoaderMap$LoadPair,org.pitest.mutationtest.engine.gregor.mutators.NonVoidMethodCallMutator,load,194,NO_COVERAGE,none
ResultLoaderMap.java,org.apache.ibatis.executor.loader.ResultLoaderMap$LoadPair,org.pitest.mutationtest.engine.gregor.mutators.NonVoidMethodCallMutator,load,194,NO_COVERAGE,none
ResultLoaderMap.java,org.apache.ibatis.executor.loader.ResultLoaderMap$LoadPair,org.pitest.mutationtest.engine.gregor.mutators.NonVoidMethodCallMutator,load,195,NO_COVERAGE,none
ResultLoaderMap.java,org.apache.ibatis.executor.loader.ResultLoaderMap$LoadPair,org.pitest.mutationtest.engine.gregor.mutators.NonVoidMethodCallMutator,load,195,NO_COVERAGE,none
ResultLoaderMap.java,org.apache.ibatis.executor.loader.ResultLoaderMap$LoadPair,org.pitest.mutationtest.engine.gregor.mutators.NonVoidMethodCallMutator,load,195,NO_COVERAGE,none
ResultLoaderMap.java,org.apache.ibatis.executor.loader.ResultLoaderMap$LoadPair,org.pitest.mutationtest.engine.gregor.mutators.NonVoidMethodCallMutator,load,195,NO_COVERAGE,none
ResultLoaderMap.java,org.apache.ibatis.executor.loader.ResultLoaderMap$LoadPair,org.pitest.mutationtest.engine.gregor.mutators.NonVoidMethodCallMutator,load,195,NO_COVERAGE,none
ResultLoaderMap.java,org.apache.ibatis.executor.loader.ResultLoaderMap$LoadPair,org.pitest.mutationtest.engine.gregor.mutators.NonVoidMethodCallMutator,load,195,NO_COVERAGE,none
ResultLoaderMap.java,org.apache.ibatis.executor.loader.ResultLoaderMap$LoadPair,org.pitest.mutationtest.engine.gregor.mutators.NonVoidMethodCallMutator,load,200,NO_COVERAGE,none
ResultLoaderMap.java,org.apache.ibatis.executor.loader.ResultLoaderMap$LoadPair,org.pitest.mutationtest.engine.gregor.mutators.NonVoidMethodCallMutator,load,202,NO_COVERAGE,none
ResultLoaderMap.java,org.apache.ibatis.executor.loader.ResultLoaderMap$LoadPair,org.pitest.mutationtest.engine.gregor.mutators.NonVoidMethodCallMutator,load,215,NO_COVERAGE,none
ResultLoaderMap.java,org.apache.ibatis.executor.loader.ResultLoaderMap$LoadPair,org.pitest.mutationtest.engine.gregor.mutators.RemoveConditionalMutator_EQUAL_ELSE,load,184,NO_COVERAGE,none
ResultLoaderMap.java,org.apache.ibatis.executor.loader.ResultLoaderMap$LoadPair,org.pitest.mutationtest.engine.gregor.mutators.RemoveConditionalMutator_EQUAL_ELSE,load,185,NO_COVERAGE,none
ResultLoaderMap.java,org.apache.ibatis.executor.loader.ResultLoaderMap$LoadPair,org.pitest.mutationtest.engine.gregor.mutators.RemoveConditionalMutator_EQUAL_ELSE,load,193,NO_COVERAGE,none
ResultLoaderMap.java,org.apache.ibatis.executor.loader.ResultLoaderMap$LoadPair,org.pitest.mutationtest.engine.gregor.mutators.RemoveConditionalMutator_EQUAL_ELSE,load,209,NO_COVERAGE,none
ResultLoaderMap.java,org.apache.ibatis.executor.loader.ResultLoaderMap$LoadPair,org.pitest.mutationtest.engine.gregor.mutators.RemoveConditionalMutator_EQUAL_IF,load,184,NO_COVERAGE,none
ResultLoaderMap.java,org.apache.ibatis.executor.loader.ResultLoaderMap$LoadPair,org.pitest.mutationtest.engine.gregor.mutators.RemoveConditionalMutator_EQUAL_IF,load,185,NO_COVERAGE,none
ResultLoaderMap.java,org.apache.ibatis.executor.loader.ResultLoaderMap$LoadPair,org.pitest.mutationtest.engine.gregor.mutators.RemoveConditionalMutator_EQUAL_IF,load,193,NO_COVERAGE,none
ResultLoaderMap.java,org.apache.ibatis.executor.loader.ResultLoaderMap$LoadPair,org.pitest.mutationtest.engine.gregor.mutators.RemoveConditionalMutator_EQUAL_IF,load,209,NO_COVERAGE,none
ResultLoaderMap.java,org.apache.ibatis.executor.loader.ResultLoaderMap$LoadPair,org.pitest.mutationtest.engine.gregor.mutators.VoidMethodCallMutator,load,215,NO_COVERAGE,none
ResultLoaderMap.java,org.apache.ibatis.executor.loader.ResultLoaderMap$LoadPair,org.pitest.mutationtest.engine.gregor.mutators.experimental.MemberVariableMutator,load,200,NO_COVERAGE,none
ResultLoaderMap.java,org.apache.ibatis.executor.loader.ResultLoaderMap$LoadPair,org.pitest.mutationtest.engine.gregor.mutators.experimental.MemberVariableMutator,load,202,NO_COVERAGE,none
ResultLoaderMap.java,org.apache.ibatis.executor.loader.ResultLoaderMap$LoadPair,org.pitest.mutationtest.engine.gregor.mutators.experimental.MemberVariableMutator,load,211,NO_COVERAGE,none
ProviderSqlSource.java,org.apache.ibatis.builder.annotation.ProviderSqlSource,org.pitest.mutationtest.engine.gregor.mutators.ArgumentPropagationMutator,<init>,44,NO_COVERAGE,none
ProviderSqlSource.java,org.apache.ibatis.builder.annotation.ProviderSqlSource,org.pitest.mutationtest.engine.gregor.mutators.ArgumentPropagationMutator,<init>,45,NO_COVERAGE,none
ProviderSqlSource.java,org.apache.ibatis.builder.annotation.ProviderSqlSource,org.pitest.mutationtest.engine.gregor.mutators.ConditionalsBoundaryMutator,<init>,47,NO_COVERAGE,none
ProviderSqlSource.java,org.apache.ibatis.builder.annotation.ProviderSqlSource,org.pitest.mutationtest.engine.gregor.mutators.ConstructorCallMutator,<init>,43,NO_COVERAGE,none
ProviderSqlSource.java,org.apache.ibatis.builder.annotation.ProviderSqlSource,org.pitest.mutationtest.engine.gregor.mutators.ConstructorCallMutator,<init>,51,NO_COVERAGE,none
ProviderSqlSource.java,org.apache.ibatis.builder.annotation.ProviderSqlSource,org.pitest.mutationtest.engine.gregor.mutators.ConstructorCallMutator,<init>,52,NO_COVERAGE,none
ProviderSqlSource.java,org.apache.ibatis.builder.annotation.ProviderSqlSource,org.pitest.mutationtest.engine.gregor.mutators.ConstructorCallMutator,<init>,56,NO_COVERAGE,none
ProviderSqlSource.java,org.apache.ibatis.builder.annotation.ProviderSqlSource,org.pitest.mutationtest.engine.gregor.mutators.ConstructorCallMutator,<init>,63,NO_COVERAGE,none
ProviderSqlSource.java,org.apache.ibatis.builder.annotation.ProviderSqlSource,org.pitest.mutationtest.engine.gregor.mutators.ConstructorCallMutator,<init>,63,NO_COVERAGE,none
ProviderSqlSource.java,org.apache.ibatis.builder.annotation.ProviderSqlSource,org.pitest.mutationtest.engine.gregor.mutators.ConstructorCallMutator,<init>,66,NO_COVERAGE,none
ProviderSqlSource.java,org.apache.ibatis.builder.annotation.ProviderSqlSource,org.pitest.mutationtest.engine.gregor.mutators.ConstructorCallMutator,<init>,67,NO_COVERAGE,none
ProviderSqlSource.java,org.apache.ibatis.builder.annotation.ProviderSqlSource,org.pitest.mutationtest.engine.gregor.mutators.IncrementsMutator,<init>,47,NO_COVERAGE,none
ProviderSqlSource.java,org.apache.ibatis.builder.annotation.ProviderSqlSource,org.pitest.mutationtest.engine.gregor.mutators.InlineConstantMutator,<init>,44,NO_COVERAGE,none
ProviderSqlSource.java,org.apache.ibatis.builder.annotation.ProviderSqlSource,org.pitest.mutationtest.engine.gregor.mutators.InlineConstantMutator,<init>,44,NO_COVERAGE,none
ProviderSqlSource.java,org.apache.ibatis.builder.annotation.ProviderSqlSource,org.pitest.mutationtest.engine.gregor.mutators.InlineConstantMutator,<init>,45,NO_COVERAGE,none
ProviderSqlSource.java,org.apache.ibatis.builder.annotation.ProviderSqlSource,org.pitest.mutationtest.engine.gregor.mutators.InlineConstantMutator,<init>,45,NO_COVERAGE,none
ProviderSqlSource.java,org.apache.ibatis.builder.annotation.ProviderSqlSource,org.pitest.mutationtest.engine.gregor.mutators.InlineConstantMutator,<init>,47,NO_COVERAGE,none
ProviderSqlSource.java,org.apache.ibatis.builder.annotation.ProviderSqlSource,org.pitest.mutationtest.engine.gregor.mutators.NegateConditionalsMutator,<init>,47,NO_COVERAGE,none
ProviderSqlSource.java,org.apache.ibatis.builder.annotation.ProviderSqlSource,org.pitest.mutationtest.engine.gregor.mutators.NegateConditionalsMutator,<init>,48,NO_COVERAGE,none
ProviderSqlSource.java,org.apache.ibatis.builder.annotation.ProviderSqlSource,org.pitest.mutationtest.engine.gregor.mutators.NegateConditionalsMutator,<init>,49,NO_COVERAGE,none
ProviderSqlSource.java,org.apache.ibatis.builder.annotation.ProviderSqlSource,org.pitest.mutationtest.engine.gregor.mutators.NegateConditionalsMutator,<init>,50,NO_COVERAGE,none
ProviderSqlSource.java,org.apache.ibatis.builder.annotation.ProviderSqlSource,org.pitest.mutationtest.engine.gregor.mutators.NegateConditionalsMutator,<init>,65,NO_COVERAGE,none
ProviderSqlSource.java,org.apache.ibatis.builder.annotation.ProviderSqlSource,org.pitest.mutationtest.engine.gregor.mutators.NonVoidMethodCallMutator,<init>,44,NO_COVERAGE,none
ProviderSqlSource.java,org.apache.ibatis.builder.annotation.ProviderSqlSource,org.pitest.mutationtest.engine.gregor.mutators.NonVoidMethodCallMutator,<init>,44,NO_COVERAGE,none
ProviderSqlSource.java,org.apache.ibatis.builder.annotation.ProviderSqlSource,org.pitest.mutationtest.engine.gregor.mutators.NonVoidMethodCallMutator,<init>,44,NO_COVERAGE,none
ProviderSqlSource.java,org.apache.ibatis.builder.annotation.ProviderSqlSource,org.pitest.mutationtest.engine.gregor.mutators.NonVoidMethodCallMutator,<init>,45,NO_COVERAGE,none
ProviderSqlSource.java,org.apache.ibatis.builder.annotation.ProviderSqlSource,org.pitest.mutationtest.engine.gregor.mutators.NonVoidMethodCallMutator,<init>,45,NO_COVERAGE,none
ProviderSqlSource.java,org.apache.ibatis.builder.annotation.ProviderSqlSource,org.pitest.mutationtest.engine.gregor.mutators.NonVoidMethodCallMutator,<init>,45,NO_COVERAGE,none
ProviderSqlSource.java,org.apache.ibatis.builder.annotation.ProviderSqlSource,org.pitest.mutationtest.engine.gregor.mutators.NonVoidMethodCallMutator,<init>,47,NO_COVERAGE,none
ProviderSqlSource.java,org.apache.ibatis.builder.annotation.ProviderSqlSource,org.pitest.mutationtest.engine.gregor.mutators.NonVoidMethodCallMutator,<init>,48,NO_COVERAGE,none
ProviderSqlSource.java,org.apache.ibatis.builder.annotation.ProviderSqlSource,org.pitest.mutationtest.engine.gregor.mutators.NonVoidMethodCallMutator,<init>,48,NO_COVERAGE,none
ProviderSqlSource.java,org.apache.ibatis.builder.annotation.ProviderSqlSource,org.pitest.mutationtest.engine.gregor.mutators.NonVoidMethodCallMutator,<init>,49,NO_COVERAGE,none
ProviderSqlSource.java,org.apache.ibatis.builder.annotation.ProviderSqlSource,org.pitest.mutationtest.engine.gregor.mutators.NonVoidMethodCallMutator,<init>,51,NO_COVERAGE,none
ProviderSqlSource.java,org.apache.ibatis.builder.annotation.ProviderSqlSource,org.pitest.mutationtest.engine.gregor.mutators.NonVoidMethodCallMutator,<init>,51,NO_COVERAGE,none
ProviderSqlSource.java,org.apache.ibatis.builder.annotation.ProviderSqlSource,org.pitest.mutationtest.engine.gregor.mutators.NonVoidMethodCallMutator,<init>,51,NO_COVERAGE,none
ProviderSqlSource.java,org.apache.ibatis.builder.annotation.ProviderSqlSource,org.pitest.mutationtest.engine.gregor.mutators.NonVoidMethodCallMutator,<init>,52,NO_COVERAGE,none
ProviderSqlSource.java,org.apache.ibatis.builder.annotation.ProviderSqlSource,org.pitest.mutationtest.engine.gregor.mutators.NonVoidMethodCallMutator,<init>,52,NO_COVERAGE,none
ProviderSqlSource.java,org.apache.ibatis.builder.annotation.ProviderSqlSource,org.pitest.mutationtest.engine.gregor.mutators.NonVoidMethodCallMutator,<init>,52,NO_COVERAGE,none
ProviderSqlSource.java,org.apache.ibatis.builder.annotation.ProviderSqlSource,org.pitest.mutationtest.engine.gregor.mutators.NonVoidMethodCallMutator,<init>,52,NO_COVERAGE,none
ProviderSqlSource.java,org.apache.ibatis.builder.annotation.ProviderSqlSource,org.pitest.mutationtest.engine.gregor.mutators.NonVoidMethodCallMutator,<init>,56,NO_COVERAGE,none
ProviderSqlSource.java,org.apache.ibatis.builder.annotation.ProviderSqlSource,org.pitest.mutationtest.engine.gregor.mutators.NonVoidMethodCallMutator,<init>,63,NO_COVERAGE,none
ProviderSqlSource.java,org.apache.ibatis.builder.annotation.ProviderSqlSource,org.pitest.mutationtest.engine.gregor.mutators.NonVoidMethodCallMutator,<init>,63,NO_COVERAGE,none
ProviderSqlSource.java,org.apache.ibatis.builder.annotation.ProviderSqlSource,org.pitest.mutationtest.engine.gregor.mutators.NonVoidMethodCallMutator,<init>,63,NO_COVERAGE,none
ProviderSqlSource.java,org.apache.ibatis.builder.annotation.ProviderSqlSource,org.pitest.mutationtest.engine.gregor.mutators.NonVoidMethodCallMutator,<init>,66,NO_COVERAGE,none
ProviderSqlSource.java,org.apache.ibatis.builder.annotation.ProviderSqlSource,org.pitest.mutationtest.engine.gregor.mutators.NonVoidMethodCallMutator,<init>,66,NO_COVERAGE,none
ProviderSqlSource.java,org.apache.ibatis.builder.annotation.ProviderSqlSource,org.pitest.mutationtest.engine.gregor.mutators.NonVoidMethodCallMutator,<init>,66,NO_COVERAGE,none
ProviderSqlSource.java,org.apache.ibatis.builder.annotation.ProviderSqlSource,org.pitest.mutationtest.engine.gregor.mutators.NonVoidMethodCallMutator,<init>,67,NO_COVERAGE,none
ProviderSqlSource.java,org.apache.ibatis.builder.annotation.ProviderSqlSource,org.pitest.mutationtest.engine.gregor.mutators.NonVoidMethodCallMutator,<init>,67,NO_COVERAGE,none
ProviderSqlSource.java,org.apache.ibatis.builder.annotation.ProviderSqlSource,org.pitest.mutationtest.engine.gregor.mutators.NonVoidMethodCallMutator,<init>,67,NO_COVERAGE,none
ProviderSqlSource.java,org.apache.ibatis.builder.annotation.ProviderSqlSource,org.pitest.mutationtest.engine.gregor.mutators.NonVoidMethodCallMutator,<init>,67,NO_COVERAGE,none
ProviderSqlSource.java,org.apache.ibatis.builder.annotation.ProviderSqlSource,org.pitest.mutationtest.engine.gregor.mutators.RemoveConditionalMutator_EQUAL_ELSE,<init>,48,NO_COVERAGE,none
ProviderSqlSource.java,org.apache.ibatis.builder.annotation.ProviderSqlSource,org.pitest.mutationtest.engine.gregor.mutators.RemoveConditionalMutator_EQUAL_ELSE,<init>,49,NO_COVERAGE,none
ProviderSqlSource.java,org.apache.ibatis.builder.annotation.ProviderSqlSource,org.pitest.mutationtest.engine.gregor.mutators.RemoveConditionalMutator_EQUAL_ELSE,<init>,50,NO_COVERAGE,none
ProviderSqlSource.java,org.apache.ibatis.builder.annotation.ProviderSqlSource,org.pitest.mutationtest.engine.gregor.mutators.RemoveConditionalMutator_EQUAL_ELSE,<init>,65,NO_COVERAGE,none
ProviderSqlSource.java,org.apache.ibatis.builder.annotation.ProviderSqlSource,org.pitest.mutationtest.engine.gregor.mutators.RemoveConditionalMutator_EQUAL_IF,<init>,48,NO_COVERAGE,none
ProviderSqlSource.java,org.apache.ibatis.builder.annotation.ProviderSqlSource,org.pitest.mutationtest.engine.gregor.mutators.RemoveConditionalMutator_EQUAL_IF,<init>,49,NO_COVERAGE,none
ProviderSqlSource.java,org.apache.ibatis.builder.annotation.ProviderSqlSource,org.pitest.mutationtest.engine.gregor.mutators.RemoveConditionalMutator_EQUAL_IF,<init>,50,NO_COVERAGE,none
ProviderSqlSource.java,org.apache.ibatis.builder.annotation.ProviderSqlSource,org.pitest.mutationtest.engine.gregor.mutators.RemoveConditionalMutator_EQUAL_IF,<init>,65,NO_COVERAGE,none
ProviderSqlSource.java,org.apache.ibatis.builder.annotation.ProviderSqlSource,org.pitest.mutationtest.engine.gregor.mutators.RemoveConditionalMutator_ORDER_ELSE,<init>,47,NO_COVERAGE,none
ProviderSqlSource.java,org.apache.ibatis.builder.annotation.ProviderSqlSource,org.pitest.mutationtest.engine.gregor.mutators.RemoveConditionalMutator_ORDER_IF,<init>,47,NO_COVERAGE,none
ProviderSqlSource.java,org.apache.ibatis.builder.annotation.ProviderSqlSource,org.pitest.mutationtest.engine.gregor.mutators.experimental.MemberVariableMutator,<init>,43,NO_COVERAGE,none
ProviderSqlSource.java,org.apache.ibatis.builder.annotation.ProviderSqlSource,org.pitest.mutationtest.engine.gregor.mutators.experimental.MemberVariableMutator,<init>,44,NO_COVERAGE,none
ProviderSqlSource.java,org.apache.ibatis.builder.annotation.ProviderSqlSource,org.pitest.mutationtest.engine.gregor.mutators.experimental.MemberVariableMutator,<init>,55,NO_COVERAGE,none
ProviderSqlSource.java,org.apache.ibatis.builder.annotation.ProviderSqlSource,org.pitest.mutationtest.engine.gregor.mutators.experimental.MemberVariableMutator,<init>,56,NO_COVERAGE,none
ProviderSqlSource.java,org.apache.ibatis.builder.annotation.ProviderSqlSource,org.pitest.mutationtest.engine.gregor.mutators.ArgumentPropagationMutator,createSqlSource,82,NO_COVERAGE,none
ProviderSqlSource.java,org.apache.ibatis.builder.annotation.ProviderSqlSource,org.pitest.mutationtest.engine.gregor.mutators.ArgumentPropagationMutator,createSqlSource,85,NO_COVERAGE,none
ProviderSqlSource.java,org.apache.ibatis.builder.annotation.ProviderSqlSource,org.pitest.mutationtest.engine.gregor.mutators.ArgumentPropagationMutator,createSqlSource,89,NO_COVERAGE,none
ProviderSqlSource.java,org.apache.ibatis.builder.annotation.ProviderSqlSource,org.pitest.mutationtest.engine.gregor.mutators.ConstructorCallMutator,createSqlSource,91,NO_COVERAGE,none
ProviderSqlSource.java,org.apache.ibatis.builder.annotation.ProviderSqlSource,org.pitest.mutationtest.engine.gregor.mutators.ConstructorCallMutator,createSqlSource,92,NO_COVERAGE,none
ProviderSqlSource.java,org.apache.ibatis.builder.annotation.ProviderSqlSource,org.pitest.mutationtest.engine.gregor.mutators.ConstructorCallMutator,createSqlSource,98,NO_COVERAGE,none
ProviderSqlSource.java,org.apache.ibatis.builder.annotation.ProviderSqlSource,org.pitest.mutationtest.engine.gregor.mutators.ConstructorCallMutator,createSqlSource,102,NO_COVERAGE,none
ProviderSqlSource.java,org.apache.ibatis.builder.annotation.ProviderSqlSource,org.pitest.mutationtest.engine.gregor.mutators.ConstructorCallMutator,createSqlSource,103,NO_COVERAGE,none
ProviderSqlSource.java,org.apache.ibatis.builder.annotation.ProviderSqlSource,org.pitest.mutationtest.engine.gregor.mutators.InlineConstantMutator,createSqlSource,82,NO_COVERAGE,none
ProviderSqlSource.java,org.apache.ibatis.builder.annotation.ProviderSqlSource,org.pitest.mutationtest.engine.gregor.mutators.InlineConstantMutator,createSqlSource,83,NO_COVERAGE,none
ProviderSqlSource.java,org.apache.ibatis.builder.annotation.ProviderSqlSource,org.pitest.mutationtest.engine.gregor.mutators.InlineConstantMutator,createSqlSource,83,NO_COVERAGE,none
ProviderSqlSource.java,org.apache.ibatis.builder.annotation.ProviderSqlSource,org.pitest.mutationtest.engine.gregor.mutators.InlineConstantMutator,createSqlSource,85,NO_COVERAGE,none
ProviderSqlSource.java,org.apache.ibatis.builder.annotation.ProviderSqlSource,org.pitest.mutationtest.engine.gregor.mutators.InlineConstantMutator,createSqlSource,85,NO_COVERAGE,none
ProviderSqlSource.java,org.apache.ibatis.builder.annotation.ProviderSqlSource,org.pitest.mutationtest.engine.gregor.mutators.InlineConstantMutator,createSqlSource,92,NO_COVERAGE,none
ProviderSqlSource.java,org.apache.ibatis.builder.annotation.ProviderSqlSource,org.pitest.mutationtest.engine.gregor.mutators.NegateConditionalsMutator,createSqlSource,81,NO_COVERAGE,none
ProviderSqlSource.java,org.apache.ibatis.builder.annotation.ProviderSqlSource,org.pitest.mutationtest.engine.gregor.mutators.NegateConditionalsMutator,createSqlSource,83,NO_COVERAGE,none
ProviderSqlSource.java,org.apache.ibatis.builder.annotation.ProviderSqlSource,org.pitest.mutationtest.engine.gregor.mutators.NegateConditionalsMutator,createSqlSource,83,NO_COVERAGE,none
ProviderSqlSource.java,org.apache.ibatis.builder.annotation.ProviderSqlSource,org.pitest.mutationtest.engine.gregor.mutators.NegateConditionalsMutator,createSqlSource,84,NO_COVERAGE,none
ProviderSqlSource.java,org.apache.ibatis.builder.annotation.ProviderSqlSource,org.pitest.mutationtest.engine.gregor.mutators.NegateConditionalsMutator,createSqlSource,86,NO_COVERAGE,none
ProviderSqlSource.java,org.apache.ibatis.builder.annotation.ProviderSqlSource,org.pitest.mutationtest.engine.gregor.mutators.NegateConditionalsMutator,createSqlSource,92,NO_COVERAGE,none
ProviderSqlSource.java,org.apache.ibatis.builder.annotation.ProviderSqlSource,org.pitest.mutationtest.engine.gregor.mutators.NegateConditionalsMutator,createSqlSource,97,NO_COVERAGE,none
ProviderSqlSource.java,org.apache.ibatis.builder.annotation.ProviderSqlSource,org.pitest.mutationtest.engine.gregor.mutators.NonVoidMethodCallMutator,createSqlSource,79,NO_COVERAGE,none
ProviderSqlSource.java,org.apache.ibatis.builder.annotation.ProviderSqlSource,org.pitest.mutationtest.engine.gregor.mutators.NonVoidMethodCallMutator,createSqlSource,82,NO_COVERAGE,none
ProviderSqlSource.java,org.apache.ibatis.builder.annotation.ProviderSqlSource,org.pitest.mutationtest.engine.gregor.mutators.NonVoidMethodCallMutator,createSqlSource,82,NO_COVERAGE,none
ProviderSqlSource.java,org.apache.ibatis.builder.annotation.ProviderSqlSource,org.pitest.mutationtest.engine.gregor.mutators.NonVoidMethodCallMutator,createSqlSource,84,NO_COVERAGE,none
ProviderSqlSource.java,org.apache.ibatis.builder.annotation.ProviderSqlSource,org.pitest.mutationtest.engine.gregor.mutators.NonVoidMethodCallMutator,createSqlSource,84,NO_COVERAGE,none
ProviderSqlSource.java,org.apache.ibatis.builder.annotation.ProviderSqlSource,org.pitest.mutationtest.engine.gregor.mutators.NonVoidMethodCallMutator,createSqlSource,85,NO_COVERAGE,none
ProviderSqlSource.java,org.apache.ibatis.builder.annotation.ProviderSqlSource,org.pitest.mutationtest.engine.gregor.mutators.NonVoidMethodCallMutator,createSqlSource,85,NO_COVERAGE,none
ProviderSqlSource.java,org.apache.ibatis.builder.annotation.ProviderSqlSource,org.pitest.mutationtest.engine.gregor.mutators.NonVoidMethodCallMutator,createSqlSource,89,NO_COVERAGE,none
ProviderSqlSource.java,org.apache.ibatis.builder.annotation.ProviderSqlSource,org.pitest.mutationtest.engine.gregor.mutators.NonVoidMethodCallMutator,createSqlSource,89,NO_COVERAGE,none
ProviderSqlSource.java,org.apache.ibatis.builder.annotation.ProviderSqlSource,org.pitest.mutationtest.engine.gregor.mutators.NonVoidMethodCallMutator,createSqlSource,89,NO_COVERAGE,none
ProviderSqlSource.java,org.apache.ibatis.builder.annotation.ProviderSqlSource,org.pitest.mutationtest.engine.gregor.mutators.NonVoidMethodCallMutator,createSqlSource,91,NO_COVERAGE,none
ProviderSqlSource.java,org.apache.ibatis.builder.annotation.ProviderSqlSource,org.pitest.mutationtest.engine.gregor.mutators.NonVoidMethodCallMutator,createSqlSource,92,NO_COVERAGE,none
ProviderSqlSource.java,org.apache.ibatis.builder.annotation.ProviderSqlSource,org.pitest.mutationtest.engine.gregor.mutators.NonVoidMethodCallMutator,createSqlSource,92,NO_COVERAGE,none
ProviderSqlSource.java,org.apache.ibatis.builder.annotation.ProviderSqlSource,org.pitest.mutationtest.engine.gregor.mutators.NonVoidMethodCallMutator,createSqlSource,92,NO_COVERAGE,none
ProviderSqlSource.java,org.apache.ibatis.builder.annotation.ProviderSqlSource,org.pitest.mutationtest.engine.gregor.mutators.NonVoidMethodCallMutator,createSqlSource,92,NO_COVERAGE,none
ProviderSqlSource.java,org.apache.ibatis.builder.annotation.ProviderSqlSource,org.pitest.mutationtest.engine.gregor.mutators.NonVoidMethodCallMutator,createSqlSource,92,NO_COVERAGE,none
ProviderSqlSource.java,org.apache.ibatis.builder.annotation.ProviderSqlSource,org.pitest.mutationtest.engine.gregor.mutators.NonVoidMethodCallMutator,createSqlSource,92,NO_COVERAGE,none
ProviderSqlSource.java,org.apache.ibatis.builder.annotation.ProviderSqlSource,org.pitest.mutationtest.engine.gregor.mutators.NonVoidMethodCallMutator,createSqlSource,92,NO_COVERAGE,none
ProviderSqlSource.java,org.apache.ibatis.builder.annotation.ProviderSqlSource,org.pitest.mutationtest.engine.gregor.mutators.NonVoidMethodCallMutator,createSqlSource,92,NO_COVERAGE,none
ProviderSqlSource.java,org.apache.ibatis.builder.annotation.ProviderSqlSource,org.pitest.mutationtest.engine.gregor.mutators.NonVoidMethodCallMutator,createSqlSource,92,NO_COVERAGE,none
ProviderSqlSource.java,org.apache.ibatis.builder.annotation.ProviderSqlSource,org.pitest.mutationtest.engine.gregor.mutators.NonVoidMethodCallMutator,createSqlSource,97,NO_COVERAGE,none
ProviderSqlSource.java,org.apache.ibatis.builder.annotation.ProviderSqlSource,org.pitest.mutationtest.engine.gregor.mutators.NonVoidMethodCallMutator,createSqlSource,98,NO_COVERAGE,none
ProviderSqlSource.java,org.apache.ibatis.builder.annotation.ProviderSqlSource,org.pitest.mutationtest.engine.gregor.mutators.NonVoidMethodCallMutator,createSqlSource,102,NO_COVERAGE,none
ProviderSqlSource.java,org.apache.ibatis.builder.annotation.ProviderSqlSource,org.pitest.mutationtest.engine.gregor.mutators.NonVoidMethodCallMutator,createSqlSource,103,NO_COVERAGE,none
ProviderSqlSource.java,org.apache.ibatis.builder.annotation.ProviderSqlSource,org.pitest.mutationtest.engine.gregor.mutators.NonVoidMethodCallMutator,createSqlSource,103,NO_COVERAGE,none
ProviderSqlSource.java,org.apache.ibatis.builder.annotation.ProviderSqlSource,org.pitest.mutationtest.engine.gregor.mutators.NonVoidMethodCallMutator,createSqlSource,103,NO_COVERAGE,none
ProviderSqlSource.java,org.apache.ibatis.builder.annotation.ProviderSqlSource,org.pitest.mutationtest.engine.gregor.mutators.NonVoidMethodCallMutator,createSqlSource,103,NO_COVERAGE,none
ProviderSqlSource.java,org.apache.ibatis.builder.annotation.ProviderSqlSource,org.pitest.mutationtest.engine.gregor.mutators.NonVoidMethodCallMutator,createSqlSource,103,NO_COVERAGE,none
ProviderSqlSource.java,org.apache.ibatis.builder.annotation.ProviderSqlSource,org.pitest.mutationtest.engine.gregor.mutators.NonVoidMethodCallMutator,createSqlSource,103,NO_COVERAGE,none
ProviderSqlSource.java,org.apache.ibatis.builder.annotation.ProviderSqlSource,org.pitest.mutationtest.engine.gregor.mutators.NonVoidMethodCallMutator,createSqlSource,103,NO_COVERAGE,none
ProviderSqlSource.java,org.apache.ibatis.builder.annotation.ProviderSqlSource,org.pitest.mutationtest.engine.gregor.mutators.NonVoidMethodCallMutator,createSqlSource,103,NO_COVERAGE,none
ProviderSqlSource.java,org.apache.ibatis.builder.annotation.ProviderSqlSource,org.pitest.mutationtest.engine.gregor.mutators.RemoveConditionalMutator_EQUAL_ELSE,createSqlSource,81,NO_COVERAGE,none
ProviderSqlSource.java,org.apache.ibatis.builder.annotation.ProviderSqlSource,org.pitest.mutationtest.engine.gregor.mutators.RemoveConditionalMutator_EQUAL_ELSE,createSqlSource,83,NO_COVERAGE,none
ProviderSqlSource.java,org.apache.ibatis.builder.annotation.ProviderSqlSource,org.pitest.mutationtest.engine.gregor.mutators.RemoveConditionalMutator_EQUAL_ELSE,createSqlSource,83,NO_COVERAGE,none
ProviderSqlSource.java,org.apache.ibatis.builder.annotation.ProviderSqlSource,org.pitest.mutationtest.engine.gregor.mutators.RemoveConditionalMutator_EQUAL_ELSE,createSqlSource,84,NO_COVERAGE,none
ProviderSqlSource.java,org.apache.ibatis.builder.annotation.ProviderSqlSource,org.pitest.mutationtest.engine.gregor.mutators.RemoveConditionalMutator_EQUAL_ELSE,createSqlSource,86,NO_COVERAGE,none
ProviderSqlSource.java,org.apache.ibatis.builder.annotation.ProviderSqlSource,org.pitest.mutationtest.engine.gregor.mutators.RemoveConditionalMutator_EQUAL_ELSE,createSqlSource,92,NO_COVERAGE,none
ProviderSqlSource.java,org.apache.ibatis.builder.annotation.ProviderSqlSource,org.pitest.mutationtest.engine.gregor.mutators.RemoveConditionalMutator_EQUAL_ELSE,createSqlSource,97,NO_COVERAGE,none
ProviderSqlSource.java,org.apache.ibatis.builder.annotation.ProviderSqlSource,org.pitest.mutationtest.engine.gregor.mutators.RemoveConditionalMutator_EQUAL_IF,createSqlSource,81,NO_COVERAGE,none
ProviderSqlSource.java,org.apache.ibatis.builder.annotation.ProviderSqlSource,org.pitest.mutationtest.engine.gregor.mutators.RemoveConditionalMutator_EQUAL_IF,createSqlSource,83,NO_COVERAGE,none
ProviderSqlSource.java,org.apache.ibatis.builder.annotation.ProviderSqlSource,org.pitest.mutationtest.engine.gregor.mutators.RemoveConditionalMutator_EQUAL_IF,createSqlSource,83,NO_COVERAGE,none
ProviderSqlSource.java,org.apache.ibatis.builder.annotation.ProviderSqlSource,org.pitest.mutationtest.engine.gregor.mutators.RemoveConditionalMutator_EQUAL_IF,createSqlSource,84,NO_COVERAGE,none
ProviderSqlSource.java,org.apache.ibatis.builder.annotation.ProviderSqlSource,org.pitest.mutationtest.engine.gregor.mutators.RemoveConditionalMutator_EQUAL_IF,createSqlSource,86,NO_COVERAGE,none
ProviderSqlSource.java,org.apache.ibatis.builder.annotation.ProviderSqlSource,org.pitest.mutationtest.engine.gregor.mutators.RemoveConditionalMutator_EQUAL_IF,createSqlSource,92,NO_COVERAGE,none
ProviderSqlSource.java,org.apache.ibatis.builder.annotation.ProviderSqlSource,org.pitest.mutationtest.engine.gregor.mutators.RemoveConditionalMutator_EQUAL_IF,createSqlSource,97,NO_COVERAGE,none
ProviderSqlSource.java,org.apache.ibatis.builder.annotation.ProviderSqlSource,org.pitest.mutationtest.engine.gregor.mutators.ReturnValsMutator,createSqlSource,98,NO_COVERAGE,none
ProviderSqlSource.java,org.apache.ibatis.builder.annotation.ProviderSqlSource,org.pitest.mutationtest.engine.gregor.mutators.ArgumentPropagationMutator,extractProviderMethodArguments,111,NO_COVERAGE,none
ProviderSqlSource.java,org.apache.ibatis.builder.annotation.ProviderSqlSource,org.pitest.mutationtest.engine.gregor.mutators.ConditionalsBoundaryMutator,extractProviderMethodArguments,110,NO_COVERAGE,none
ProviderSqlSource.java,org.apache.ibatis.builder.annotation.ProviderSqlSource,org.pitest.mutationtest.engine.gregor.mutators.IncrementsMutator,extractProviderMethodArguments,110,NO_COVERAGE,none
ProviderSqlSource.java,org.apache.ibatis.builder.annotation.ProviderSqlSource,org.pitest.mutationtest.engine.gregor.mutators.InlineConstantMutator,extractProviderMethodArguments,110,NO_COVERAGE,none
ProviderSqlSource.java,org.apache.ibatis.builder.annotation.ProviderSqlSource,org.pitest.mutationtest.engine.gregor.mutators.NegateConditionalsMutator,extractProviderMethodArguments,110,NO_COVERAGE,none
ProviderSqlSource.java,org.apache.ibatis.builder.annotation.ProviderSqlSource,org.pitest.mutationtest.engine.gregor.mutators.NonVoidMethodCallMutator,extractProviderMethodArguments,111,NO_COVERAGE,none
ProviderSqlSource.java,org.apache.ibatis.builder.annotation.ProviderSqlSource,org.pitest.mutationtest.engine.gregor.mutators.RemoveConditionalMutator_ORDER_ELSE,extractProviderMethodArguments,110,NO_COVERAGE,none
ProviderSqlSource.java,org.apache.ibatis.builder.annotation.ProviderSqlSource,org.pitest.mutationtest.engine.gregor.mutators.RemoveConditionalMutator_ORDER_IF,extractProviderMethodArguments,110,NO_COVERAGE,none
ProviderSqlSource.java,org.apache.ibatis.builder.annotation.ProviderSqlSource,org.pitest.mutationtest.engine.gregor.mutators.ReturnValsMutator,extractProviderMethodArguments,113,NO_COVERAGE,none
ProviderSqlSource.java,org.apache.ibatis.builder.annotation.ProviderSqlSource,org.pitest.mutationtest.engine.gregor.mutators.NonVoidMethodCallMutator,getBoundSql,73,NO_COVERAGE,none
ProviderSqlSource.java,org.apache.ibatis.builder.annotation.ProviderSqlSource,org.pitest.mutationtest.engine.gregor.mutators.NonVoidMethodCallMutator,getBoundSql,74,NO_COVERAGE,none
ProviderSqlSource.java,org.apache.ibatis.builder.annotation.ProviderSqlSource,org.pitest.mutationtest.engine.gregor.mutators.ReturnValsMutator,getBoundSql,74,NO_COVERAGE,none
VFS.java,org.apache.ibatis.io.VFS,org.pitest.mutationtest.engine.gregor.mutators.NegateConditionalsMutator,addImplClass,97,NO_COVERAGE,none
VFS.java,org.apache.ibatis.io.VFS,org.pitest.mutationtest.engine.gregor.mutators.NonVoidMethodCallMutator,addImplClass,98,NO_COVERAGE,none
VFS.java,org.apache.ibatis.io.VFS,org.pitest.mutationtest.engine.gregor.mutators.RemoveConditionalMutator_EQUAL_ELSE,addImplClass,97,NO_COVERAGE,none
VFS.java,org.apache.ibatis.io.VFS,org.pitest.mutationtest.engine.gregor.mutators.RemoveConditionalMutator_EQUAL_IF,addImplClass,97,NO_COVERAGE,none
VFS.java,org.apache.ibatis.io.VFS,org.pitest.mutationtest.engine.gregor.mutators.ConstructorCallMutator,getClass,109,NO_COVERAGE,none
VFS.java,org.apache.ibatis.io.VFS,org.pitest.mutationtest.engine.gregor.mutators.NegateConditionalsMutator,getClass,108,NO_COVERAGE,none
VFS.java,org.apache.ibatis.io.VFS,org.pitest.mutationtest.engine.gregor.mutators.NonVoidMethodCallMutator,getClass,105,NO_COVERAGE,none
VFS.java,org.apache.ibatis.io.VFS,org.pitest.mutationtest.engine.gregor.mutators.NonVoidMethodCallMutator,getClass,105,NO_COVERAGE,none
VFS.java,org.apache.ibatis.io.VFS,org.pitest.mutationtest.engine.gregor.mutators.NonVoidMethodCallMutator,getClass,105,NO_COVERAGE,none
VFS.java,org.apache.ibatis.io.VFS,org.pitest.mutationtest.engine.gregor.mutators.NonVoidMethodCallMutator,getClass,108,NO_COVERAGE,none
VFS.java,org.apache.ibatis.io.VFS,org.pitest.mutationtest.engine.gregor.mutators.NonVoidMethodCallMutator,getClass,109,NO_COVERAGE,none
VFS.java,org.apache.ibatis.io.VFS,org.pitest.mutationtest.engine.gregor.mutators.NonVoidMethodCallMutator,getClass,109,NO_COVERAGE,none
VFS.java,org.apache.ibatis.io.VFS,org.pitest.mutationtest.engine.gregor.mutators.NonVoidMethodCallMutator,getClass,109,NO_COVERAGE,none
VFS.java,org.apache.ibatis.io.VFS,org.pitest.mutationtest.engine.gregor.mutators.RemoveConditionalMutator_EQUAL_ELSE,getClass,108,NO_COVERAGE,none
VFS.java,org.apache.ibatis.io.VFS,org.pitest.mutationtest.engine.gregor.mutators.RemoveConditionalMutator_EQUAL_IF,getClass,108,NO_COVERAGE,none
VFS.java,org.apache.ibatis.io.VFS,org.pitest.mutationtest.engine.gregor.mutators.ReturnValsMutator,getClass,105,NO_COVERAGE,none
VFS.java,org.apache.ibatis.io.VFS,org.pitest.mutationtest.engine.gregor.mutators.ReturnValsMutator,getClass,111,NO_COVERAGE,none
VFS.java,org.apache.ibatis.io.VFS,org.pitest.mutationtest.engine.gregor.mutators.VoidMethodCallMutator,getClass,109,NO_COVERAGE,none
VFS.java,org.apache.ibatis.io.VFS,org.pitest.mutationtest.engine.gregor.mutators.ConstructorCallMutator,getInstance,58,NO_COVERAGE,none
VFS.java,org.apache.ibatis.io.VFS,org.pitest.mutationtest.engine.gregor.mutators.ConstructorCallMutator,getInstance,70,NO_COVERAGE,none
VFS.java,org.apache.ibatis.io.VFS,org.pitest.mutationtest.engine.gregor.mutators.ConstructorCallMutator,getInstance,75,NO_COVERAGE,none
VFS.java,org.apache.ibatis.io.VFS,org.pitest.mutationtest.engine.gregor.mutators.ConstructorCallMutator,getInstance,78,NO_COVERAGE,none
VFS.java,org.apache.ibatis.io.VFS,org.pitest.mutationtest.engine.gregor.mutators.ConstructorCallMutator,getInstance,84,NO_COVERAGE,none
VFS.java,org.apache.ibatis.io.VFS,org.pitest.mutationtest.engine.gregor.mutators.IncrementsMutator,getInstance,64,NO_COVERAGE,none
VFS.java,org.apache.ibatis.io.VFS,org.pitest.mutationtest.engine.gregor.mutators.InlineConstantMutator,getInstance,64,NO_COVERAGE,none
VFS.java,org.apache.ibatis.io.VFS,org.pitest.mutationtest.engine.gregor.mutators.NegateConditionalsMutator,getInstance,53,NO_COVERAGE,none
VFS.java,org.apache.ibatis.io.VFS,org.pitest.mutationtest.engine.gregor.mutators.NegateConditionalsMutator,getInstance,64,NO_COVERAGE,none
VFS.java,org.apache.ibatis.io.VFS,org.pitest.mutationtest.engine.gregor.mutators.NegateConditionalsMutator,getInstance,64,NO_COVERAGE,none
VFS.java,org.apache.ibatis.io.VFS,org.pitest.mutationtest.engine.gregor.mutators.NegateConditionalsMutator,getInstance,68,NO_COVERAGE,none
VFS.java,org.apache.ibatis.io.VFS,org.pitest.mutationtest.engine.gregor.mutators.NegateConditionalsMutator,getInstance,68,NO_COVERAGE,none
VFS.java,org.apache.ibatis.io.VFS,org.pitest.mutationtest.engine.gregor.mutators.NegateConditionalsMutator,getInstance,69,NO_COVERAGE,none
VFS.java,org.apache.ibatis.io.VFS,org.pitest.mutationtest.engine.gregor.mutators.NegateConditionalsMutator,getInstance,83,NO_COVERAGE,none
VFS.java,org.apache.ibatis.io.VFS,org.pitest.mutationtest.engine.gregor.mutators.NonVoidMethodCallMutator,getInstance,59,NO_COVERAGE,none
VFS.java,org.apache.ibatis.io.VFS,org.pitest.mutationtest.engine.gregor.mutators.NonVoidMethodCallMutator,getInstance,60,NO_COVERAGE,none
VFS.java,org.apache.ibatis.io.VFS,org.pitest.mutationtest.engine.gregor.mutators.NonVoidMethodCallMutator,getInstance,60,NO_COVERAGE,none
VFS.java,org.apache.ibatis.io.VFS,org.pitest.mutationtest.engine.gregor.mutators.NonVoidMethodCallMutator,getInstance,64,NO_COVERAGE,none
VFS.java,org.apache.ibatis.io.VFS,org.pitest.mutationtest.engine.gregor.mutators.NonVoidMethodCallMutator,getInstance,65,NO_COVERAGE,none
VFS.java,org.apache.ibatis.io.VFS,org.pitest.mutationtest.engine.gregor.mutators.NonVoidMethodCallMutator,getInstance,67,NO_COVERAGE,none
VFS.java,org.apache.ibatis.io.VFS,org.pitest.mutationtest.engine.gregor.mutators.NonVoidMethodCallMutator,getInstance,68,NO_COVERAGE,none
VFS.java,org.apache.ibatis.io.VFS,org.pitest.mutationtest.engine.gregor.mutators.NonVoidMethodCallMutator,getInstance,69,NO_COVERAGE,none
VFS.java,org.apache.ibatis.io.VFS,org.pitest.mutationtest.engine.gregor.mutators.NonVoidMethodCallMutator,getInstance,70,NO_COVERAGE,none
VFS.java,org.apache.ibatis.io.VFS,org.pitest.mutationtest.engine.gregor.mutators.NonVoidMethodCallMutator,getInstance,70,NO_COVERAGE,none
VFS.java,org.apache.ibatis.io.VFS,org.pitest.mutationtest.engine.gregor.mutators.NonVoidMethodCallMutator,getInstance,70,NO_COVERAGE,none
VFS.java,org.apache.ibatis.io.VFS,org.pitest.mutationtest.engine.gregor.mutators.NonVoidMethodCallMutator,getInstance,70,NO_COVERAGE,none
VFS.java,org.apache.ibatis.io.VFS,org.pitest.mutationtest.engine.gregor.mutators.NonVoidMethodCallMutator,getInstance,70,NO_COVERAGE,none
VFS.java,org.apache.ibatis.io.VFS,org.pitest.mutationtest.engine.gregor.mutators.NonVoidMethodCallMutator,getInstance,75,NO_COVERAGE,none
VFS.java,org.apache.ibatis.io.VFS,org.pitest.mutationtest.engine.gregor.mutators.NonVoidMethodCallMutator,getInstance,75,NO_COVERAGE,none
VFS.java,org.apache.ibatis.io.VFS,org.pitest.mutationtest.engine.gregor.mutators.NonVoidMethodCallMutator,getInstance,75,NO_COVERAGE,none
VFS.java,org.apache.ibatis.io.VFS,org.pitest.mutationtest.engine.gregor.mutators.NonVoidMethodCallMutator,getInstance,78,NO_COVERAGE,none
VFS.java,org.apache.ibatis.io.VFS,org.pitest.mutationtest.engine.gregor.mutators.NonVoidMethodCallMutator,getInstance,78,NO_COVERAGE,none
VFS.java,org.apache.ibatis.io.VFS,org.pitest.mutationtest.engine.gregor.mutators.NonVoidMethodCallMutator,getInstance,78,NO_COVERAGE,none
VFS.java,org.apache.ibatis.io.VFS,org.pitest.mutationtest.engine.gregor.mutators.NonVoidMethodCallMutator,getInstance,83,NO_COVERAGE,none
VFS.java,org.apache.ibatis.io.VFS,org.pitest.mutationtest.engine.gregor.mutators.NonVoidMethodCallMutator,getInstance,84,NO_COVERAGE,none
VFS.java,org.apache.ibatis.io.VFS,org.pitest.mutationtest.engine.gregor.mutators.NonVoidMethodCallMutator,getInstance,84,NO_COVERAGE,none
VFS.java,org.apache.ibatis.io.VFS,org.pitest.mutationtest.engine.gregor.mutators.NonVoidMethodCallMutator,getInstance,84,NO_COVERAGE,none
VFS.java,org.apache.ibatis.io.VFS,org.pitest.mutationtest.engine.gregor.mutators.NonVoidMethodCallMutator,getInstance,84,NO_COVERAGE,none
VFS.java,org.apache.ibatis.io.VFS,org.pitest.mutationtest.engine.gregor.mutators.NonVoidMethodCallMutator,getInstance,84,NO_COVERAGE,none
VFS.java,org.apache.ibatis.io.VFS,org.pitest.mutationtest.engine.gregor.mutators.RemoveConditionalMutator_EQUAL_ELSE,getInstance,53,NO_COVERAGE,none
VFS.java,org.apache.ibatis.io.VFS,org.pitest.mutationtest.engine.gregor.mutators.RemoveConditionalMutator_EQUAL_ELSE,getInstance,64,NO_COVERAGE,none
VFS.java,org.apache.ibatis.io.VFS,org.pitest.mutationtest.engine.gregor.mutators.RemoveConditionalMutator_EQUAL_ELSE,getInstance,64,NO_COVERAGE,none
VFS.java,org.apache.ibatis.io.VFS,org.pitest.mutationtest.engine.gregor.mutators.RemoveConditionalMutator_EQUAL_ELSE,getInstance,68,NO_COVERAGE,none
VFS.java,org.apache.ibatis.io.VFS,org.pitest.mutationtest.engine.gregor.mutators.RemoveConditionalMutator_EQUAL_ELSE,getInstance,68,NO_COVERAGE,none
VFS.java,org.apache.ibatis.io.VFS,org.pitest.mutationtest.engine.gregor.mutators.RemoveConditionalMutator_EQUAL_ELSE,getInstance,69,NO_COVERAGE,none
VFS.java,org.apache.ibatis.io.VFS,org.pitest.mutationtest.engine.gregor.mutators.RemoveConditionalMutator_EQUAL_ELSE,getInstance,83,NO_COVERAGE,none
VFS.java,org.apache.ibatis.io.VFS,org.pitest.mutationtest.engine.gregor.mutators.RemoveConditionalMutator_EQUAL_IF,getInstance,53,NO_COVERAGE,none
VFS.java,org.apache.ibatis.io.VFS,org.pitest.mutationtest.engine.gregor.mutators.RemoveConditionalMutator_EQUAL_IF,getInstance,64,NO_COVERAGE,none
VFS.java,org.apache.ibatis.io.VFS,org.pitest.mutationtest.engine.gregor.mutators.RemoveConditionalMutator_EQUAL_IF,getInstance,64,NO_COVERAGE,none
VFS.java,org.apache.ibatis.io.VFS,org.pitest.mutationtest.engine.gregor.mutators.RemoveConditionalMutator_EQUAL_IF,getInstance,68,NO_COVERAGE,none
VFS.java,org.apache.ibatis.io.VFS,org.pitest.mutationtest.engine.gregor.mutators.RemoveConditionalMutator_EQUAL_IF,getInstance,68,NO_COVERAGE,none
VFS.java,org.apache.ibatis.io.VFS,org.pitest.mutationtest.engine.gregor.mutators.RemoveConditionalMutator_EQUAL_IF,getInstance,69,NO_COVERAGE,none
VFS.java,org.apache.ibatis.io.VFS,org.pitest.mutationtest.engine.gregor.mutators.RemoveConditionalMutator_EQUAL_IF,getInstance,83,NO_COVERAGE,none
VFS.java,org.apache.ibatis.io.VFS,org.pitest.mutationtest.engine.gregor.mutators.ReturnValsMutator,getInstance,54,NO_COVERAGE,none
VFS.java,org.apache.ibatis.io.VFS,org.pitest.mutationtest.engine.gregor.mutators.ReturnValsMutator,getInstance,76,NO_COVERAGE,none
VFS.java,org.apache.ibatis.io.VFS,org.pitest.mutationtest.engine.gregor.mutators.ReturnValsMutator,getInstance,79,NO_COVERAGE,none
VFS.java,org.apache.ibatis.io.VFS,org.pitest.mutationtest.engine.gregor.mutators.ReturnValsMutator,getInstance,87,NO_COVERAGE,none
VFS.java,org.apache.ibatis.io.VFS,org.pitest.mutationtest.engine.gregor.mutators.VoidMethodCallMutator,getInstance,70,NO_COVERAGE,none
VFS.java,org.apache.ibatis.io.VFS,org.pitest.mutationtest.engine.gregor.mutators.VoidMethodCallMutator,getInstance,75,NO_COVERAGE,none
VFS.java,org.apache.ibatis.io.VFS,org.pitest.mutationtest.engine.gregor.mutators.VoidMethodCallMutator,getInstance,78,NO_COVERAGE,none
VFS.java,org.apache.ibatis.io.VFS,org.pitest.mutationtest.engine.gregor.mutators.VoidMethodCallMutator,getInstance,84,NO_COVERAGE,none
VFS.java,org.apache.ibatis.io.VFS,org.pitest.mutationtest.engine.gregor.mutators.experimental.RemoveIncrementsMutator,getInstance,64,NO_COVERAGE,none
VFS.java,org.apache.ibatis.io.VFS,org.pitest.mutationtest.engine.gregor.mutators.ConstructorCallMutator,getMethod,129,NO_COVERAGE,none
VFS.java,org.apache.ibatis.io.VFS,org.pitest.mutationtest.engine.gregor.mutators.ConstructorCallMutator,getMethod,132,NO_COVERAGE,none
VFS.java,org.apache.ibatis.io.VFS,org.pitest.mutationtest.engine.gregor.mutators.NegateConditionalsMutator,getMethod,123,NO_COVERAGE,none
VFS.java,org.apache.ibatis.io.VFS,org.pitest.mutationtest.engine.gregor.mutators.NonVoidMethodCallMutator,getMethod,127,NO_COVERAGE,none
VFS.java,org.apache.ibatis.io.VFS,org.pitest.mutationtest.engine.gregor.mutators.NonVoidMethodCallMutator,getMethod,129,NO_COVERAGE,none
VFS.java,org.apache.ibatis.io.VFS,org.pitest.mutationtest.engine.gregor.mutators.NonVoidMethodCallMutator,getMethod,129,NO_COVERAGE,none
VFS.java,org.apache.ibatis.io.VFS,org.pitest.mutationtest.engine.gregor.mutators.NonVoidMethodCallMutator,getMethod,129,NO_COVERAGE,none
VFS.java,org.apache.ibatis.io.VFS,org.pitest.mutationtest.engine.gregor.mutators.NonVoidMethodCallMutator,getMethod,129,NO_COVERAGE,none
VFS.java,org.apache.ibatis.io.VFS,org.pitest.mutationtest.engine.gregor.mutators.NonVoidMethodCallMutator,getMethod,129,NO_COVERAGE,none
VFS.java,org.apache.ibatis.io.VFS,org.pitest.mutationtest.engine.gregor.mutators.NonVoidMethodCallMutator,getMethod,129,NO_COVERAGE,none
VFS.java,org.apache.ibatis.io.VFS,org.pitest.mutationtest.engine.gregor.mutators.NonVoidMethodCallMutator,getMethod,129,NO_COVERAGE,none
VFS.java,org.apache.ibatis.io.VFS,org.pitest.mutationtest.engine.gregor.mutators.NonVoidMethodCallMutator,getMethod,129,NO_COVERAGE,none
VFS.java,org.apache.ibatis.io.VFS,org.pitest.mutationtest.engine.gregor.mutators.NonVoidMethodCallMutator,getMethod,132,NO_COVERAGE,none
VFS.java,org.apache.ibatis.io.VFS,org.pitest.mutationtest.engine.gregor.mutators.NonVoidMethodCallMutator,getMethod,132,NO_COVERAGE,none
VFS.java,org.apache.ibatis.io.VFS,org.pitest.mutationtest.engine.gregor.mutators.NonVoidMethodCallMutator,getMethod,132,NO_COVERAGE,none
VFS.java,org.apache.ibatis.io.VFS,org.pitest.mutationtest.engine.gregor.mutators.NonVoidMethodCallMutator,getMethod,132,NO_COVERAGE,none
VFS.java,org.apache.ibatis.io.VFS,org.pitest.mutationtest.engine.gregor.mutators.NonVoidMethodCallMutator,getMethod,132,NO_COVERAGE,none
VFS.java,org.apache.ibatis.io.VFS,org.pitest.mutationtest.engine.gregor.mutators.NonVoidMethodCallMutator,getMethod,132,NO_COVERAGE,none
VFS.java,org.apache.ibatis.io.VFS,org.pitest.mutationtest.engine.gregor.mutators.NonVoidMethodCallMutator,getMethod,132,NO_COVERAGE,none
VFS.java,org.apache.ibatis.io.VFS,org.pitest.mutationtest.engine.gregor.mutators.NonVoidMethodCallMutator,getMethod,132,NO_COVERAGE,none
VFS.java,org.apache.ibatis.io.VFS,org.pitest.mutationtest.engine.gregor.mutators.NonVoidMethodCallMutator,getMethod,132,NO_COVERAGE,none
VFS.java,org.apache.ibatis.io.VFS,org.pitest.mutationtest.engine.gregor.mutators.NonVoidMethodCallMutator,getMethod,132,NO_COVERAGE,none
VFS.java,org.apache.ibatis.io.VFS,org.pitest.mutationtest.engine.gregor.mutators.RemoveConditionalMutator_EQUAL_ELSE,getMethod,123,NO_COVERAGE,none
VFS.java,org.apache.ibatis.io.VFS,org.pitest.mutationtest.engine.gregor.mutators.RemoveConditionalMutator_EQUAL_IF,getMethod,123,NO_COVERAGE,none
VFS.java,org.apache.ibatis.io.VFS,org.pitest.mutationtest.engine.gregor.mutators.ReturnValsMutator,getMethod,124,NO_COVERAGE,none
VFS.java,org.apache.ibatis.io.VFS,org.pitest.mutationtest.engine.gregor.mutators.ReturnValsMutator,getMethod,127,NO_COVERAGE,none
VFS.java,org.apache.ibatis.io.VFS,org.pitest.mutationtest.engine.gregor.mutators.ReturnValsMutator,getMethod,130,NO_COVERAGE,none
VFS.java,org.apache.ibatis.io.VFS,org.pitest.mutationtest.engine.gregor.mutators.ReturnValsMutator,getMethod,133,NO_COVERAGE,none
VFS.java,org.apache.ibatis.io.VFS,org.pitest.mutationtest.engine.gregor.mutators.VoidMethodCallMutator,getMethod,129,NO_COVERAGE,none
VFS.java,org.apache.ibatis.io.VFS,org.pitest.mutationtest.engine.gregor.mutators.VoidMethodCallMutator,getMethod,132,NO_COVERAGE,none
VFS.java,org.apache.ibatis.io.VFS,org.pitest.mutationtest.engine.gregor.mutators.NonVoidMethodCallMutator,getResources,174,NO_COVERAGE,none
VFS.java,org.apache.ibatis.io.VFS,org.pitest.mutationtest.engine.gregor.mutators.NonVoidMethodCallMutator,getResources,174,NO_COVERAGE,none
VFS.java,org.apache.ibatis.io.VFS,org.pitest.mutationtest.engine.gregor.mutators.NonVoidMethodCallMutator,getResources,174,NO_COVERAGE,none
VFS.java,org.apache.ibatis.io.VFS,org.pitest.mutationtest.engine.gregor.mutators.NonVoidMethodCallMutator,getResources,174,NO_COVERAGE,none
VFS.java,org.apache.ibatis.io.VFS,org.pitest.mutationtest.engine.gregor.mutators.ReturnValsMutator,getResources,174,NO_COVERAGE,none
VFS.java,org.apache.ibatis.io.VFS,org.pitest.mutationtest.engine.gregor.mutators.ArgumentPropagationMutator,invoke,151,NO_COVERAGE,none
VFS.java,org.apache.ibatis.io.VFS,org.pitest.mutationtest.engine.gregor.mutators.ConstructorCallMutator,invoke,153,NO_COVERAGE,none
VFS.java,org.apache.ibatis.io.VFS,org.pitest.mutationtest.engine.gregor.mutators.ConstructorCallMutator,invoke,155,NO_COVERAGE,none
VFS.java,org.apache.ibatis.io.VFS,org.pitest.mutationtest.engine.gregor.mutators.ConstructorCallMutator,invoke,160,NO_COVERAGE,none
VFS.java,org.apache.ibatis.io.VFS,org.pitest.mutationtest.engine.gregor.mutators.NegateConditionalsMutator,invoke,157,NO_COVERAGE,none
VFS.java,org.apache.ibatis.io.VFS,org.pitest.mutationtest.engine.gregor.mutators.NonVoidMethodCallMutator,invoke,151,NO_COVERAGE,none
VFS.java,org.apache.ibatis.io.VFS,org.pitest.mutationtest.engine.gregor.mutators.NonVoidMethodCallMutator,invoke,157,NO_COVERAGE,none
VFS.java,org.apache.ibatis.io.VFS,org.pitest.mutationtest.engine.gregor.mutators.NonVoidMethodCallMutator,invoke,158,NO_COVERAGE,none
VFS.java,org.apache.ibatis.io.VFS,org.pitest.mutationtest.engine.gregor.mutators.RemoveConditionalMutator_EQUAL_ELSE,invoke,157,NO_COVERAGE,none
VFS.java,org.apache.ibatis.io.VFS,org.pitest.mutationtest.engine.gregor.mutators.RemoveConditionalMutator_EQUAL_IF,invoke,157,NO_COVERAGE,none
VFS.java,org.apache.ibatis.io.VFS,org.pitest.mutationtest.engine.gregor.mutators.ReturnValsMutator,invoke,151,NO_COVERAGE,none
VFS.java,org.apache.ibatis.io.VFS,org.pitest.mutationtest.engine.gregor.mutators.ConstructorCallMutator,list,201,NO_COVERAGE,none
VFS.java,org.apache.ibatis.io.VFS,org.pitest.mutationtest.engine.gregor.mutators.NegateConditionalsMutator,list,202,NO_COVERAGE,none
VFS.java,org.apache.ibatis.io.VFS,org.pitest.mutationtest.engine.gregor.mutators.NonVoidMethodCallMutator,list,202,NO_COVERAGE,none
VFS.java,org.apache.ibatis.io.VFS,org.pitest.mutationtest.engine.gregor.mutators.NonVoidMethodCallMutator,list,202,NO_COVERAGE,none
VFS.java,org.apache.ibatis.io.VFS,org.pitest.mutationtest.engine.gregor.mutators.NonVoidMethodCallMutator,list,202,NO_COVERAGE,none
VFS.java,org.apache.ibatis.io.VFS,org.pitest.mutationtest.engine.gregor.mutators.NonVoidMethodCallMutator,list,202,NO_COVERAGE,none
VFS.java,org.apache.ibatis.io.VFS,org.pitest.mutationtest.engine.gregor.mutators.NonVoidMethodCallMutator,list,203,NO_COVERAGE,none
VFS.java,org.apache.ibatis.io.VFS,org.pitest.mutationtest.engine.gregor.mutators.NonVoidMethodCallMutator,list,203,NO_COVERAGE,none
VFS.java,org.apache.ibatis.io.VFS,org.pitest.mutationtest.engine.gregor.mutators.RemoveConditionalMutator_EQUAL_ELSE,list,202,NO_COVERAGE,none
VFS.java,org.apache.ibatis.io.VFS,org.pitest.mutationtest.engine.gregor.mutators.RemoveConditionalMutator_EQUAL_IF,list,202,NO_COVERAGE,none
VFS.java,org.apache.ibatis.io.VFS,org.pitest.mutationtest.engine.gregor.mutators.ReturnValsMutator,list,205,NO_COVERAGE,none
BeanWrapper.java,org.apache.ibatis.reflection.wrapper.BeanWrapper,org.pitest.mutationtest.engine.gregor.mutators.NonVoidMethodCallMutator,<init>,40,KILLED,org.apache.ibatis.submitted.extend.ExtendTest.org.apache.ibatis.submitted.extend.ExtendTest
BeanWrapper.java,org.apache.ibatis.reflection.wrapper.BeanWrapper,org.pitest.mutationtest.engine.gregor.mutators.experimental.MemberVariableMutator,<init>,39,KILLED,org.apache.ibatis.submitted.extend.ExtendTest.org.apache.ibatis.submitted.extend.ExtendTest
BeanWrapper.java,org.apache.ibatis.reflection.wrapper.BeanWrapper,org.pitest.mutationtest.engine.gregor.mutators.ConstructorCallMutator,add,196,NO_COVERAGE,none
BeanWrapper.java,org.apache.ibatis.reflection.wrapper.BeanWrapper,org.pitest.mutationtest.engine.gregor.mutators.ConstructorCallMutator,addAll,201,NO_COVERAGE,none
BeanWrapper.java,org.apache.ibatis.reflection.wrapper.BeanWrapper,org.pitest.mutationtest.engine.gregor.mutators.ArgumentPropagationMutator,findProperty,65,KILLED,org.apache.ibatis.submitted.extend.ExtendTest.org.apache.ibatis.submitted.extend.ExtendTest
BeanWrapper.java,org.apache.ibatis.reflection.wrapper.BeanWrapper,org.pitest.mutationtest.engine.gregor.mutators.NonVoidMethodCallMutator,findProperty,65,KILLED,org.apache.ibatis.submitted.extend.ExtendTest.org.apache.ibatis.submitted.extend.ExtendTest
BeanWrapper.java,org.apache.ibatis.reflection.wrapper.BeanWrapper,org.pitest.mutationtest.engine.gregor.mutators.ReturnValsMutator,findProperty,65,KILLED,org.apache.ibatis.submitted.extend.ExtendTest.org.apache.ibatis.submitted.extend.ExtendTest
BeanWrapper.java,org.apache.ibatis.reflection.wrapper.BeanWrapper,org.pitest.mutationtest.engine.gregor.mutators.ArgumentPropagationMutator,get,46,NO_COVERAGE,none
BeanWrapper.java,org.apache.ibatis.reflection.wrapper.BeanWrapper,org.pitest.mutationtest.engine.gregor.mutators.ArgumentPropagationMutator,get,47,NO_COVERAGE,none
BeanWrapper.java,org.apache.ibatis.reflection.wrapper.BeanWrapper,org.pitest.mutationtest.engine.gregor.mutators.NegateConditionalsMutator,get,45,NO_COVERAGE,none
BeanWrapper.java,org.apache.ibatis.reflection.wrapper.BeanWrapper,org.pitest.mutationtest.engine.gregor.mutators.NonVoidMethodCallMutator,get,45,NO_COVERAGE,none
BeanWrapper.java,org.apache.ibatis.reflection.wrapper.BeanWrapper,org.pitest.mutationtest.engine.gregor.mutators.NonVoidMethodCallMutator,get,46,NO_COVERAGE,none
BeanWrapper.java,org.apache.ibatis.reflection.wrapper.BeanWrapper,org.pitest.mutationtest.engine.gregor.mutators.NonVoidMethodCallMutator,get,47,NO_COVERAGE,none
BeanWrapper.java,org.apache.ibatis.reflection.wrapper.BeanWrapper,org.pitest.mutationtest.engine.gregor.mutators.NonVoidMethodCallMutator,get,49,NO_COVERAGE,none
BeanWrapper.java,org.apache.ibatis.reflection.wrapper.BeanWrapper,org.pitest.mutationtest.engine.gregor.mutators.ReturnValsMutator,get,47,NO_COVERAGE,none
BeanWrapper.java,org.apache.ibatis.reflection.wrapper.BeanWrapper,org.pitest.mutationtest.engine.gregor.mutators.ReturnValsMutator,get,49,NO_COVERAGE,none
BeanWrapper.java,org.apache.ibatis.reflection.wrapper.BeanWrapper,org.pitest.mutationtest.engine.gregor.mutators.ArgumentPropagationMutator,getBeanProperty,166,NO_COVERAGE,none
BeanWrapper.java,org.apache.ibatis.reflection.wrapper.BeanWrapper,org.pitest.mutationtest.engine.gregor.mutators.ConstructorCallMutator,getBeanProperty,171,NO_COVERAGE,none
BeanWrapper.java,org.apache.ibatis.reflection.wrapper.BeanWrapper,org.pitest.mutationtest.engine.gregor.mutators.ConstructorCallMutator,getBeanProperty,171,NO_COVERAGE,none
BeanWrapper.java,org.apache.ibatis.reflection.wrapper.BeanWrapper,org.pitest.mutationtest.engine.gregor.mutators.NonVoidMethodCallMutator,getBeanProperty,162,NO_COVERAGE,none
BeanWrapper.java,org.apache.ibatis.reflection.wrapper.BeanWrapper,org.pitest.mutationtest.engine.gregor.mutators.NonVoidMethodCallMutator,getBeanProperty,162,NO_COVERAGE,none
BeanWrapper.java,org.apache.ibatis.reflection.wrapper.BeanWrapper,org.pitest.mutationtest.engine.gregor.mutators.NonVoidMethodCallMutator,getBeanProperty,164,NO_COVERAGE,none
BeanWrapper.java,org.apache.ibatis.reflection.wrapper.BeanWrapper,org.pitest.mutationtest.engine.gregor.mutators.NonVoidMethodCallMutator,getBeanProperty,166,NO_COVERAGE,none
BeanWrapper.java,org.apache.ibatis.reflection.wrapper.BeanWrapper,org.pitest.mutationtest.engine.gregor.mutators.NonVoidMethodCallMutator,getBeanProperty,171,NO_COVERAGE,none
BeanWrapper.java,org.apache.ibatis.reflection.wrapper.BeanWrapper,org.pitest.mutationtest.engine.gregor.mutators.NonVoidMethodCallMutator,getBeanProperty,171,NO_COVERAGE,none
BeanWrapper.java,org.apache.ibatis.reflection.wrapper.BeanWrapper,org.pitest.mutationtest.engine.gregor.mutators.NonVoidMethodCallMutator,getBeanProperty,171,NO_COVERAGE,none
BeanWrapper.java,org.apache.ibatis.reflection.wrapper.BeanWrapper,org.pitest.mutationtest.engine.gregor.mutators.NonVoidMethodCallMutator,getBeanProperty,171,NO_COVERAGE,none
BeanWrapper.java,org.apache.ibatis.reflection.wrapper.BeanWrapper,org.pitest.mutationtest.engine.gregor.mutators.NonVoidMethodCallMutator,getBeanProperty,171,NO_COVERAGE,none
BeanWrapper.java,org.apache.ibatis.reflection.wrapper.BeanWrapper,org.pitest.mutationtest.engine.gregor.mutators.NonVoidMethodCallMutator,getBeanProperty,171,NO_COVERAGE,none
BeanWrapper.java,org.apache.ibatis.reflection.wrapper.BeanWrapper,org.pitest.mutationtest.engine.gregor.mutators.NonVoidMethodCallMutator,getBeanProperty,171,NO_COVERAGE,none
BeanWrapper.java,org.apache.ibatis.reflection.wrapper.BeanWrapper,org.pitest.mutationtest.engine.gregor.mutators.NonVoidMethodCallMutator,getBeanProperty,171,NO_COVERAGE,none
BeanWrapper.java,org.apache.ibatis.reflection.wrapper.BeanWrapper,org.pitest.mutationtest.engine.gregor.mutators.NonVoidMethodCallMutator,getBeanProperty,171,NO_COVERAGE,none
BeanWrapper.java,org.apache.ibatis.reflection.wrapper.BeanWrapper,org.pitest.mutationtest.engine.gregor.mutators.NonVoidMethodCallMutator,getBeanProperty,171,NO_COVERAGE,none
BeanWrapper.java,org.apache.ibatis.reflection.wrapper.BeanWrapper,org.pitest.mutationtest.engine.gregor.mutators.ReturnValsMutator,getBeanProperty,164,NO_COVERAGE,none
BeanWrapper.java,org.apache.ibatis.reflection.wrapper.BeanWrapper,org.pitest.mutationtest.engine.gregor.mutators.NonVoidMethodCallMutator,getGetterNames,70,NO_COVERAGE,none
BeanWrapper.java,org.apache.ibatis.reflection.wrapper.BeanWrapper,org.pitest.mutationtest.engine.gregor.mutators.ReturnValsMutator,getGetterNames,70,NO_COVERAGE,none
BeanWrapper.java,org.apache.ibatis.reflection.wrapper.BeanWrapper,org.pitest.mutationtest.engine.gregor.mutators.NegateConditionalsMutator,getGetterType,98,NO_COVERAGE,none
BeanWrapper.java,org.apache.ibatis.reflection.wrapper.BeanWrapper,org.pitest.mutationtest.engine.gregor.mutators.NonVoidMethodCallMutator,getGetterType,97,NO_COVERAGE,none
BeanWrapper.java,org.apache.ibatis.reflection.wrapper.BeanWrapper,org.pitest.mutationtest.engine.gregor.mutators.NonVoidMethodCallMutator,getGetterType,97,NO_COVERAGE,none
BeanWrapper.java,org.apache.ibatis.reflection.wrapper.BeanWrapper,org.pitest.mutationtest.engine.gregor.mutators.NonVoidMethodCallMutator,getGetterType,99,NO_COVERAGE,none
BeanWrapper.java,org.apache.ibatis.reflection.wrapper.BeanWrapper,org.pitest.mutationtest.engine.gregor.mutators.NonVoidMethodCallMutator,getGetterType,101,NO_COVERAGE,none
BeanWrapper.java,org.apache.ibatis.reflection.wrapper.BeanWrapper,org.pitest.mutationtest.engine.gregor.mutators.NonVoidMethodCallMutator,getGetterType,101,NO_COVERAGE,none
BeanWrapper.java,org.apache.ibatis.reflection.wrapper.BeanWrapper,org.pitest.mutationtest.engine.gregor.mutators.RemoveConditionalMutator_EQUAL_ELSE,getGetterType,98,NO_COVERAGE,none
BeanWrapper.java,org.apache.ibatis.reflection.wrapper.BeanWrapper,org.pitest.mutationtest.engine.gregor.mutators.RemoveConditionalMutator_EQUAL_IF,getGetterType,98,NO_COVERAGE,none
BeanWrapper.java,org.apache.ibatis.reflection.wrapper.BeanWrapper,org.pitest.mutationtest.engine.gregor.mutators.ReturnValsMutator,getGetterType,99,NO_COVERAGE,none
BeanWrapper.java,org.apache.ibatis.reflection.wrapper.BeanWrapper,org.pitest.mutationtest.engine.gregor.mutators.ReturnValsMutator,getGetterType,101,NO_COVERAGE,none
BeanWrapper.java,org.apache.ibatis.reflection.wrapper.BeanWrapper,org.pitest.mutationtest.engine.gregor.mutators.NonVoidMethodCallMutator,getSetterNames,75,NO_COVERAGE,none
BeanWrapper.java,org.apache.ibatis.reflection.wrapper.BeanWrapper,org.pitest.mutationtest.engine.gregor.mutators.ReturnValsMutator,getSetterNames,75,NO_COVERAGE,none
BeanWrapper.java,org.apache.ibatis.reflection.wrapper.BeanWrapper,org.pitest.mutationtest.engine.gregor.mutators.NegateConditionalsMutator,getSetterType,83,NO_COVERAGE,none
BeanWrapper.java,org.apache.ibatis.reflection.wrapper.BeanWrapper,org.pitest.mutationtest.engine.gregor.mutators.NonVoidMethodCallMutator,getSetterType,82,NO_COVERAGE,none
BeanWrapper.java,org.apache.ibatis.reflection.wrapper.BeanWrapper,org.pitest.mutationtest.engine.gregor.mutators.NonVoidMethodCallMutator,getSetterType,82,NO_COVERAGE,none
BeanWrapper.java,org.apache.ibatis.reflection.wrapper.BeanWrapper,org.pitest.mutationtest.engine.gregor.mutators.NonVoidMethodCallMutator,getSetterType,84,NO_COVERAGE,none
BeanWrapper.java,org.apache.ibatis.reflection.wrapper.BeanWrapper,org.pitest.mutationtest.engine.gregor.mutators.NonVoidMethodCallMutator,getSetterType,86,NO_COVERAGE,none
BeanWrapper.java,org.apache.ibatis.reflection.wrapper.BeanWrapper,org.pitest.mutationtest.engine.gregor.mutators.NonVoidMethodCallMutator,getSetterType,86,NO_COVERAGE,none
BeanWrapper.java,org.apache.ibatis.reflection.wrapper.BeanWrapper,org.pitest.mutationtest.engine.gregor.mutators.RemoveConditionalMutator_EQUAL_ELSE,getSetterType,83,NO_COVERAGE,none
BeanWrapper.java,org.apache.ibatis.reflection.wrapper.BeanWrapper,org.pitest.mutationtest.engine.gregor.mutators.RemoveConditionalMutator_EQUAL_IF,getSetterType,83,NO_COVERAGE,none
BeanWrapper.java,org.apache.ibatis.reflection.wrapper.BeanWrapper,org.pitest.mutationtest.engine.gregor.mutators.ReturnValsMutator,getSetterType,84,NO_COVERAGE,none
BeanWrapper.java,org.apache.ibatis.reflection.wrapper.BeanWrapper,org.pitest.mutationtest.engine.gregor.mutators.ReturnValsMutator,getSetterType,86,NO_COVERAGE,none
BeanWrapper.java,org.apache.ibatis.reflection.wrapper.BeanWrapper,org.pitest.mutationtest.engine.gregor.mutators.InlineConstantMutator,hasGetter,139,NO_COVERAGE,none
BeanWrapper.java,org.apache.ibatis.reflection.wrapper.BeanWrapper,org.pitest.mutationtest.engine.gregor.mutators.NegateConditionalsMutator,hasGetter,131,NO_COVERAGE,none
BeanWrapper.java,org.apache.ibatis.reflection.wrapper.BeanWrapper,org.pitest.mutationtest.engine.gregor.mutators.NegateConditionalsMutator,hasGetter,133,NO_COVERAGE,none
BeanWrapper.java,org.apache.ibatis.reflection.wrapper.BeanWrapper,org.pitest.mutationtest.engine.gregor.mutators.NonVoidMethodCallMutator,hasGetter,131,NO_COVERAGE,none
BeanWrapper.java,org.apache.ibatis.reflection.wrapper.BeanWrapper,org.pitest.mutationtest.engine.gregor.mutators.NonVoidMethodCallMutator,hasGetter,131,NO_COVERAGE,none
BeanWrapper.java,org.apache.ibatis.reflection.wrapper.BeanWrapper,org.pitest.mutationtest.engine.gregor.mutators.NonVoidMethodCallMutator,hasGetter,132,NO_COVERAGE,none
BeanWrapper.java,org.apache.ibatis.reflection.wrapper.BeanWrapper,org.pitest.mutationtest.engine.gregor.mutators.NonVoidMethodCallMutator,hasGetter,132,NO_COVERAGE,none
BeanWrapper.java,org.apache.ibatis.reflection.wrapper.BeanWrapper,org.pitest.mutationtest.engine.gregor.mutators.NonVoidMethodCallMutator,hasGetter,134,NO_COVERAGE,none
BeanWrapper.java,org.apache.ibatis.reflection.wrapper.BeanWrapper,org.pitest.mutationtest.engine.gregor.mutators.NonVoidMethodCallMutator,hasGetter,136,NO_COVERAGE,none
BeanWrapper.java,org.apache.ibatis.reflection.wrapper.BeanWrapper,org.pitest.mutationtest.engine.gregor.mutators.NonVoidMethodCallMutator,hasGetter,136,NO_COVERAGE,none
BeanWrapper.java,org.apache.ibatis.reflection.wrapper.BeanWrapper,org.pitest.mutationtest.engine.gregor.mutators.RemoveConditionalMutator_EQUAL_ELSE,hasGetter,131,NO_COVERAGE,none
BeanWrapper.java,org.apache.ibatis.reflection.wrapper.BeanWrapper,org.pitest.mutationtest.engine.gregor.mutators.RemoveConditionalMutator_EQUAL_ELSE,hasGetter,133,NO_COVERAGE,none
BeanWrapper.java,org.apache.ibatis.reflection.wrapper.BeanWrapper,org.pitest.mutationtest.engine.gregor.mutators.RemoveConditionalMutator_EQUAL_IF,hasGetter,131,NO_COVERAGE,none
BeanWrapper.java,org.apache.ibatis.reflection.wrapper.BeanWrapper,org.pitest.mutationtest.engine.gregor.mutators.RemoveConditionalMutator_EQUAL_IF,hasGetter,133,NO_COVERAGE,none
BeanWrapper.java,org.apache.ibatis.reflection.wrapper.BeanWrapper,org.pitest.mutationtest.engine.gregor.mutators.ReturnValsMutator,hasGetter,134,NO_COVERAGE,none
BeanWrapper.java,org.apache.ibatis.reflection.wrapper.BeanWrapper,org.pitest.mutationtest.engine.gregor.mutators.ReturnValsMutator,hasGetter,136,NO_COVERAGE,none
BeanWrapper.java,org.apache.ibatis.reflection.wrapper.BeanWrapper,org.pitest.mutationtest.engine.gregor.mutators.ReturnValsMutator,hasGetter,139,NO_COVERAGE,none
BeanWrapper.java,org.apache.ibatis.reflection.wrapper.BeanWrapper,org.pitest.mutationtest.engine.gregor.mutators.InlineConstantMutator,hasSetter,120,NO_COVERAGE,none
BeanWrapper.java,org.apache.ibatis.reflection.wrapper.BeanWrapper,org.pitest.mutationtest.engine.gregor.mutators.NegateConditionalsMutator,hasSetter,112,NO_COVERAGE,none
BeanWrapper.java,org.apache.ibatis.reflection.wrapper.BeanWrapper,org.pitest.mutationtest.engine.gregor.mutators.NegateConditionalsMutator,hasSetter,114,NO_COVERAGE,none
BeanWrapper.java,org.apache.ibatis.reflection.wrapper.BeanWrapper,org.pitest.mutationtest.engine.gregor.mutators.NonVoidMethodCallMutator,hasSetter,112,NO_COVERAGE,none
BeanWrapper.java,org.apache.ibatis.reflection.wrapper.BeanWrapper,org.pitest.mutationtest.engine.gregor.mutators.NonVoidMethodCallMutator,hasSetter,112,NO_COVERAGE,none
BeanWrapper.java,org.apache.ibatis.reflection.wrapper.BeanWrapper,org.pitest.mutationtest.engine.gregor.mutators.NonVoidMethodCallMutator,hasSetter,113,NO_COVERAGE,none
BeanWrapper.java,org.apache.ibatis.reflection.wrapper.BeanWrapper,org.pitest.mutationtest.engine.gregor.mutators.NonVoidMethodCallMutator,hasSetter,113,NO_COVERAGE,none
BeanWrapper.java,org.apache.ibatis.reflection.wrapper.BeanWrapper,org.pitest.mutationtest.engine.gregor.mutators.NonVoidMethodCallMutator,hasSetter,115,NO_COVERAGE,none
BeanWrapper.java,org.apache.ibatis.reflection.wrapper.BeanWrapper,org.pitest.mutationtest.engine.gregor.mutators.NonVoidMethodCallMutator,hasSetter,117,NO_COVERAGE,none
BeanWrapper.java,org.apache.ibatis.reflection.wrapper.BeanWrapper,org.pitest.mutationtest.engine.gregor.mutators.NonVoidMethodCallMutator,hasSetter,117,NO_COVERAGE,none
BeanWrapper.java,org.apache.ibatis.reflection.wrapper.BeanWrapper,org.pitest.mutationtest.engine.gregor.mutators.RemoveConditionalMutator_EQUAL_ELSE,hasSetter,112,NO_COVERAGE,none
BeanWrapper.java,org.apache.ibatis.reflection.wrapper.BeanWrapper,org.pitest.mutationtest.engine.gregor.mutators.RemoveConditionalMutator_EQUAL_ELSE,hasSetter,114,NO_COVERAGE,none
BeanWrapper.java,org.apache.ibatis.reflection.wrapper.BeanWrapper,org.pitest.mutationtest.engine.gregor.mutators.RemoveConditionalMutator_EQUAL_IF,hasSetter,112,NO_COVERAGE,none
BeanWrapper.java,org.apache.ibatis.reflection.wrapper.BeanWrapper,org.pitest.mutationtest.engine.gregor.mutators.RemoveConditionalMutator_EQUAL_IF,hasSetter,114,NO_COVERAGE,none
BeanWrapper.java,org.apache.ibatis.reflection.wrapper.BeanWrapper,org.pitest.mutationtest.engine.gregor.mutators.ReturnValsMutator,hasSetter,115,NO_COVERAGE,none
BeanWrapper.java,org.apache.ibatis.reflection.wrapper.BeanWrapper,org.pitest.mutationtest.engine.gregor.mutators.ReturnValsMutator,hasSetter,117,NO_COVERAGE,none
BeanWrapper.java,org.apache.ibatis.reflection.wrapper.BeanWrapper,org.pitest.mutationtest.engine.gregor.mutators.ReturnValsMutator,hasSetter,120,NO_COVERAGE,none
BeanWrapper.java,org.apache.ibatis.reflection.wrapper.BeanWrapper,org.pitest.mutationtest.engine.gregor.mutators.ConstructorCallMutator,instantiatePropertyValue,155,NO_COVERAGE,none
BeanWrapper.java,org.apache.ibatis.reflection.wrapper.BeanWrapper,org.pitest.mutationtest.engine.gregor.mutators.ConstructorCallMutator,instantiatePropertyValue,155,NO_COVERAGE,none
BeanWrapper.java,org.apache.ibatis.reflection.wrapper.BeanWrapper,org.pitest.mutationtest.engine.gregor.mutators.NonVoidMethodCallMutator,instantiatePropertyValue,149,NO_COVERAGE,none
BeanWrapper.java,org.apache.ibatis.reflection.wrapper.BeanWrapper,org.pitest.mutationtest.engine.gregor.mutators.NonVoidMethodCallMutator,instantiatePropertyValue,149,NO_COVERAGE,none
BeanWrapper.java,org.apache.ibatis.reflection.wrapper.BeanWrapper,org.pitest.mutationtest.engine.gregor.mutators.NonVoidMethodCallMutator,instantiatePropertyValue,151,NO_COVERAGE,none
BeanWrapper.java,org.apache.ibatis.reflection.wrapper.BeanWrapper,org.pitest.mutationtest.engine.gregor.mutators.NonVoidMethodCallMutator,instantiatePropertyValue,152,NO_COVERAGE,none
BeanWrapper.java,org.apache.ibatis.reflection.wrapper.BeanWrapper,org.pitest.mutationtest.engine.gregor.mutators.NonVoidMethodCallMutator,instantiatePropertyValue,152,NO_COVERAGE,none
BeanWrapper.java,org.apache.ibatis.reflection.wrapper.BeanWrapper,org.pitest.mutationtest.engine.gregor.mutators.NonVoidMethodCallMutator,instantiatePropertyValue,152,NO_COVERAGE,none
BeanWrapper.java,org.apache.ibatis.reflection.wrapper.BeanWrapper,org.pitest.mutationtest.engine.gregor.mutators.NonVoidMethodCallMutator,instantiatePropertyValue,152,NO_COVERAGE,none
BeanWrapper.java,org.apache.ibatis.reflection.wrapper.BeanWrapper,org.pitest.mutationtest.engine.gregor.mutators.NonVoidMethodCallMutator,instantiatePropertyValue,155,NO_COVERAGE,none
BeanWrapper.java,org.apache.ibatis.reflection.wrapper.BeanWrapper,org.pitest.mutationtest.engine.gregor.mutators.NonVoidMethodCallMutator,instantiatePropertyValue,155,NO_COVERAGE,none
BeanWrapper.java,org.apache.ibatis.reflection.wrapper.BeanWrapper,org.pitest.mutationtest.engine.gregor.mutators.NonVoidMethodCallMutator,instantiatePropertyValue,155,NO_COVERAGE,none
BeanWrapper.java,org.apache.ibatis.reflection.wrapper.BeanWrapper,org.pitest.mutationtest.engine.gregor.mutators.NonVoidMethodCallMutator,instantiatePropertyValue,155,NO_COVERAGE,none
BeanWrapper.java,org.apache.ibatis.reflection.wrapper.BeanWrapper,org.pitest.mutationtest.engine.gregor.mutators.NonVoidMethodCallMutator,instantiatePropertyValue,155,NO_COVERAGE,none
BeanWrapper.java,org.apache.ibatis.reflection.wrapper.BeanWrapper,org.pitest.mutationtest.engine.gregor.mutators.NonVoidMethodCallMutator,instantiatePropertyValue,155,NO_COVERAGE,none
BeanWrapper.java,org.apache.ibatis.reflection.wrapper.BeanWrapper,org.pitest.mutationtest.engine.gregor.mutators.NonVoidMethodCallMutator,instantiatePropertyValue,155,NO_COVERAGE,none
BeanWrapper.java,org.apache.ibatis.reflection.wrapper.BeanWrapper,org.pitest.mutationtest.engine.gregor.mutators.NonVoidMethodCallMutator,instantiatePropertyValue,155,NO_COVERAGE,none
BeanWrapper.java,org.apache.ibatis.reflection.wrapper.BeanWrapper,org.pitest.mutationtest.engine.gregor.mutators.NonVoidMethodCallMutator,instantiatePropertyValue,155,NO_COVERAGE,none
BeanWrapper.java,org.apache.ibatis.reflection.wrapper.BeanWrapper,org.pitest.mutationtest.engine.gregor.mutators.NonVoidMethodCallMutator,instantiatePropertyValue,155,NO_COVERAGE,none
BeanWrapper.java,org.apache.ibatis.reflection.wrapper.BeanWrapper,org.pitest.mutationtest.engine.gregor.mutators.NonVoidMethodCallMutator,instantiatePropertyValue,155,NO_COVERAGE,none
BeanWrapper.java,org.apache.ibatis.reflection.wrapper.BeanWrapper,org.pitest.mutationtest.engine.gregor.mutators.ReturnValsMutator,instantiatePropertyValue,157,NO_COVERAGE,none
BeanWrapper.java,org.apache.ibatis.reflection.wrapper.BeanWrapper,org.pitest.mutationtest.engine.gregor.mutators.VoidMethodCallMutator,instantiatePropertyValue,153,NO_COVERAGE,none
BeanWrapper.java,org.apache.ibatis.reflection.wrapper.BeanWrapper,org.pitest.mutationtest.engine.gregor.mutators.InlineConstantMutator,isCollection,191,NO_COVERAGE,none
BeanWrapper.java,org.apache.ibatis.reflection.wrapper.BeanWrapper,org.pitest.mutationtest.engine.gregor.mutators.ReturnValsMutator,isCollection,191,NO_COVERAGE,none
BeanWrapper.java,org.apache.ibatis.reflection.wrapper.BeanWrapper,org.pitest.mutationtest.engine.gregor.mutators.ArgumentPropagationMutator,set,56,NO_COVERAGE,none
BeanWrapper.java,org.apache.ibatis.reflection.wrapper.BeanWrapper,org.pitest.mutationtest.engine.gregor.mutators.NonVoidMethodCallMutator,set,56,NO_COVERAGE,none
BeanWrapper.java,org.apache.ibatis.reflection.wrapper.BeanWrapper,org.pitest.mutationtest.engine.gregor.mutators.VoidMethodCallMutator,set,57,NO_COVERAGE,none
BeanWrapper.java,org.apache.ibatis.reflection.wrapper.BeanWrapper,org.pitest.mutationtest.engine.gregor.mutators.ArgumentPropagationMutator,setBeanProperty,182,NO_COVERAGE,none
BeanWrapper.java,org.apache.ibatis.reflection.wrapper.BeanWrapper,org.pitest.mutationtest.engine.gregor.mutators.ConstructorCallMutator,setBeanProperty,185,NO_COVERAGE,none
BeanWrapper.java,org.apache.ibatis.reflection.wrapper.BeanWrapper,org.pitest.mutationtest.engine.gregor.mutators.ConstructorCallMutator,setBeanProperty,185,NO_COVERAGE,none
BeanWrapper.java,org.apache.ibatis.reflection.wrapper.BeanWrapper,org.pitest.mutationtest.engine.gregor.mutators.NonVoidMethodCallMutator,setBeanProperty,182,NO_COVERAGE,none
BeanWrapper.java,org.apache.ibatis.reflection.wrapper.BeanWrapper,org.pitest.mutationtest.engine.gregor.mutators.NonVoidMethodCallMutator,setBeanProperty,185,NO_COVERAGE,none
BeanWrapper.java,org.apache.ibatis.reflection.wrapper.BeanWrapper,org.pitest.mutationtest.engine.gregor.mutators.NonVoidMethodCallMutator,setBeanProperty,185,NO_COVERAGE,none
BeanWrapper.java,org.apache.ibatis.reflection.wrapper.BeanWrapper,org.pitest.mutationtest.engine.gregor.mutators.NonVoidMethodCallMutator,setBeanProperty,185,NO_COVERAGE,none
BeanWrapper.java,org.apache.ibatis.reflection.wrapper.BeanWrapper,org.pitest.mutationtest.engine.gregor.mutators.NonVoidMethodCallMutator,setBeanProperty,185,NO_COVERAGE,none
BeanWrapper.java,org.apache.ibatis.reflection.wrapper.BeanWrapper,org.pitest.mutationtest.engine.gregor.mutators.NonVoidMethodCallMutator,setBeanProperty,185,NO_COVERAGE,none
BeanWrapper.java,org.apache.ibatis.reflection.wrapper.BeanWrapper,org.pitest.mutationtest.engine.gregor.mutators.NonVoidMethodCallMutator,setBeanProperty,185,NO_COVERAGE,none
BeanWrapper.java,org.apache.ibatis.reflection.wrapper.BeanWrapper,org.pitest.mutationtest.engine.gregor.mutators.NonVoidMethodCallMutator,setBeanProperty,185,NO_COVERAGE,none
BeanWrapper.java,org.apache.ibatis.reflection.wrapper.BeanWrapper,org.pitest.mutationtest.engine.gregor.mutators.NonVoidMethodCallMutator,setBeanProperty,185,NO_COVERAGE,none
BeanWrapper.java,org.apache.ibatis.reflection.wrapper.BeanWrapper,org.pitest.mutationtest.engine.gregor.mutators.NonVoidMethodCallMutator,setBeanProperty,185,NO_COVERAGE,none
BeanWrapper.java,org.apache.ibatis.reflection.wrapper.BeanWrapper,org.pitest.mutationtest.engine.gregor.mutators.NonVoidMethodCallMutator,setBeanProperty,185,NO_COVERAGE,none
BeanWrapper.java,org.apache.ibatis.reflection.wrapper.BeanWrapper,org.pitest.mutationtest.engine.gregor.mutators.NonVoidMethodCallMutator,setBeanProperty,185,NO_COVERAGE,none
BeanWrapper.java,org.apache.ibatis.reflection.wrapper.BeanWrapper,org.pitest.mutationtest.engine.gregor.mutators.NonVoidMethodCallMutator,setBeanProperty,185,NO_COVERAGE,none
BaseWrapper.java,org.apache.ibatis.reflection.wrapper.BaseWrapper,org.pitest.mutationtest.engine.gregor.mutators.ArgumentPropagationMutator,getCollectionValue,47,NO_COVERAGE,none
BaseWrapper.java,org.apache.ibatis.reflection.wrapper.BaseWrapper,org.pitest.mutationtest.engine.gregor.mutators.ConstructorCallMutator,getCollectionValue,71,NO_COVERAGE,none
BaseWrapper.java,org.apache.ibatis.reflection.wrapper.BaseWrapper,org.pitest.mutationtest.engine.gregor.mutators.ConstructorCallMutator,getCollectionValue,71,NO_COVERAGE,none
BaseWrapper.java,org.apache.ibatis.reflection.wrapper.BaseWrapper,org.pitest.mutationtest.engine.gregor.mutators.NegateConditionalsMutator,getCollectionValue,46,NO_COVERAGE,none
BaseWrapper.java,org.apache.ibatis.reflection.wrapper.BaseWrapper,org.pitest.mutationtest.engine.gregor.mutators.NegateConditionalsMutator,getCollectionValue,50,NO_COVERAGE,none
BaseWrapper.java,org.apache.ibatis.reflection.wrapper.BaseWrapper,org.pitest.mutationtest.engine.gregor.mutators.NegateConditionalsMutator,getCollectionValue,52,NO_COVERAGE,none
BaseWrapper.java,org.apache.ibatis.reflection.wrapper.BaseWrapper,org.pitest.mutationtest.engine.gregor.mutators.NegateConditionalsMutator,getCollectionValue,54,NO_COVERAGE,none
BaseWrapper.java,org.apache.ibatis.reflection.wrapper.BaseWrapper,org.pitest.mutationtest.engine.gregor.mutators.NegateConditionalsMutator,getCollectionValue,56,NO_COVERAGE,none
BaseWrapper.java,org.apache.ibatis.reflection.wrapper.BaseWrapper,org.pitest.mutationtest.engine.gregor.mutators.NegateConditionalsMutator,getCollectionValue,58,NO_COVERAGE,none
BaseWrapper.java,org.apache.ibatis.reflection.wrapper.BaseWrapper,org.pitest.mutationtest.engine.gregor.mutators.NegateConditionalsMutator,getCollectionValue,60,NO_COVERAGE,none
BaseWrapper.java,org.apache.ibatis.reflection.wrapper.BaseWrapper,org.pitest.mutationtest.engine.gregor.mutators.NegateConditionalsMutator,getCollectionValue,62,NO_COVERAGE,none
BaseWrapper.java,org.apache.ibatis.reflection.wrapper.BaseWrapper,org.pitest.mutationtest.engine.gregor.mutators.NegateConditionalsMutator,getCollectionValue,64,NO_COVERAGE,none
BaseWrapper.java,org.apache.ibatis.reflection.wrapper.BaseWrapper,org.pitest.mutationtest.engine.gregor.mutators.NegateConditionalsMutator,getCollectionValue,66,NO_COVERAGE,none
BaseWrapper.java,org.apache.ibatis.reflection.wrapper.BaseWrapper,org.pitest.mutationtest.engine.gregor.mutators.NegateConditionalsMutator,getCollectionValue,68,NO_COVERAGE,none
BaseWrapper.java,org.apache.ibatis.reflection.wrapper.BaseWrapper,org.pitest.mutationtest.engine.gregor.mutators.NonVoidMethodCallMutator,getCollectionValue,47,NO_COVERAGE,none
BaseWrapper.java,org.apache.ibatis.reflection.wrapper.BaseWrapper,org.pitest.mutationtest.engine.gregor.mutators.NonVoidMethodCallMutator,getCollectionValue,47,NO_COVERAGE,none
BaseWrapper.java,org.apache.ibatis.reflection.wrapper.BaseWrapper,org.pitest.mutationtest.engine.gregor.mutators.NonVoidMethodCallMutator,getCollectionValue,49,NO_COVERAGE,none
BaseWrapper.java,org.apache.ibatis.reflection.wrapper.BaseWrapper,org.pitest.mutationtest.engine.gregor.mutators.NonVoidMethodCallMutator,getCollectionValue,49,NO_COVERAGE,none
BaseWrapper.java,org.apache.ibatis.reflection.wrapper.BaseWrapper,org.pitest.mutationtest.engine.gregor.mutators.NonVoidMethodCallMutator,getCollectionValue,51,NO_COVERAGE,none
BaseWrapper.java,org.apache.ibatis.reflection.wrapper.BaseWrapper,org.pitest.mutationtest.engine.gregor.mutators.NonVoidMethodCallMutator,getCollectionValue,55,NO_COVERAGE,none
BaseWrapper.java,org.apache.ibatis.reflection.wrapper.BaseWrapper,org.pitest.mutationtest.engine.gregor.mutators.NonVoidMethodCallMutator,getCollectionValue,57,NO_COVERAGE,none
BaseWrapper.java,org.apache.ibatis.reflection.wrapper.BaseWrapper,org.pitest.mutationtest.engine.gregor.mutators.NonVoidMethodCallMutator,getCollectionValue,59,NO_COVERAGE,none
BaseWrapper.java,org.apache.ibatis.reflection.wrapper.BaseWrapper,org.pitest.mutationtest.engine.gregor.mutators.NonVoidMethodCallMutator,getCollectionValue,61,NO_COVERAGE,none
BaseWrapper.java,org.apache.ibatis.reflection.wrapper.BaseWrapper,org.pitest.mutationtest.engine.gregor.mutators.NonVoidMethodCallMutator,getCollectionValue,63,NO_COVERAGE,none
BaseWrapper.java,org.apache.ibatis.reflection.wrapper.BaseWrapper,org.pitest.mutationtest.engine.gregor.mutators.NonVoidMethodCallMutator,getCollectionValue,65,NO_COVERAGE,none
BaseWrapper.java,org.apache.ibatis.reflection.wrapper.BaseWrapper,org.pitest.mutationtest.engine.gregor.mutators.NonVoidMethodCallMutator,getCollectionValue,67,NO_COVERAGE,none
BaseWrapper.java,org.apache.ibatis.reflection.wrapper.BaseWrapper,org.pitest.mutationtest.engine.gregor.mutators.NonVoidMethodCallMutator,getCollectionValue,69,NO_COVERAGE,none
BaseWrapper.java,org.apache.ibatis.reflection.wrapper.BaseWrapper,org.pitest.mutationtest.engine.gregor.mutators.NonVoidMethodCallMutator,getCollectionValue,71,NO_COVERAGE,none
BaseWrapper.java,org.apache.ibatis.reflection.wrapper.BaseWrapper,org.pitest.mutationtest.engine.gregor.mutators.NonVoidMethodCallMutator,getCollectionValue,71,NO_COVERAGE,none
BaseWrapper.java,org.apache.ibatis.reflection.wrapper.BaseWrapper,org.pitest.mutationtest.engine.gregor.mutators.NonVoidMethodCallMutator,getCollectionValue,71,NO_COVERAGE,none
BaseWrapper.java,org.apache.ibatis.reflection.wrapper.BaseWrapper,org.pitest.mutationtest.engine.gregor.mutators.NonVoidMethodCallMutator,getCollectionValue,71,NO_COVERAGE,none
BaseWrapper.java,org.apache.ibatis.reflection.wrapper.BaseWrapper,org.pitest.mutationtest.engine.gregor.mutators.NonVoidMethodCallMutator,getCollectionValue,71,NO_COVERAGE,none
BaseWrapper.java,org.apache.ibatis.reflection.wrapper.BaseWrapper,org.pitest.mutationtest.engine.gregor.mutators.NonVoidMethodCallMutator,getCollectionValue,71,NO_COVERAGE,none
BaseWrapper.java,org.apache.ibatis.reflection.wrapper.BaseWrapper,org.pitest.mutationtest.engine.gregor.mutators.NonVoidMethodCallMutator,getCollectionValue,71,NO_COVERAGE,none
BaseWrapper.java,org.apache.ibatis.reflection.wrapper.BaseWrapper,org.pitest.mutationtest.engine.gregor.mutators.RemoveConditionalMutator_EQUAL_ELSE,getCollectionValue,46,NO_COVERAGE,none
BaseWrapper.java,org.apache.ibatis.reflection.wrapper.BaseWrapper,org.pitest.mutationtest.engine.gregor.mutators.RemoveConditionalMutator_EQUAL_ELSE,getCollectionValue,50,NO_COVERAGE,none
BaseWrapper.java,org.apache.ibatis.reflection.wrapper.BaseWrapper,org.pitest.mutationtest.engine.gregor.mutators.RemoveConditionalMutator_EQUAL_ELSE,getCollectionValue,52,NO_COVERAGE,none
BaseWrapper.java,org.apache.ibatis.reflection.wrapper.BaseWrapper,org.pitest.mutationtest.engine.gregor.mutators.RemoveConditionalMutator_EQUAL_ELSE,getCollectionValue,54,NO_COVERAGE,none
BaseWrapper.java,org.apache.ibatis.reflection.wrapper.BaseWrapper,org.pitest.mutationtest.engine.gregor.mutators.RemoveConditionalMutator_EQUAL_ELSE,getCollectionValue,56,NO_COVERAGE,none
BaseWrapper.java,org.apache.ibatis.reflection.wrapper.BaseWrapper,org.pitest.mutationtest.engine.gregor.mutators.RemoveConditionalMutator_EQUAL_ELSE,getCollectionValue,58,NO_COVERAGE,none
BaseWrapper.java,org.apache.ibatis.reflection.wrapper.BaseWrapper,org.pitest.mutationtest.engine.gregor.mutators.RemoveConditionalMutator_EQUAL_ELSE,getCollectionValue,60,NO_COVERAGE,none
BaseWrapper.java,org.apache.ibatis.reflection.wrapper.BaseWrapper,org.pitest.mutationtest.engine.gregor.mutators.RemoveConditionalMutator_EQUAL_ELSE,getCollectionValue,62,NO_COVERAGE,none
BaseWrapper.java,org.apache.ibatis.reflection.wrapper.BaseWrapper,org.pitest.mutationtest.engine.gregor.mutators.RemoveConditionalMutator_EQUAL_ELSE,getCollectionValue,64,NO_COVERAGE,none
BaseWrapper.java,org.apache.ibatis.reflection.wrapper.BaseWrapper,org.pitest.mutationtest.engine.gregor.mutators.RemoveConditionalMutator_EQUAL_ELSE,getCollectionValue,66,NO_COVERAGE,none
BaseWrapper.java,org.apache.ibatis.reflection.wrapper.BaseWrapper,org.pitest.mutationtest.engine.gregor.mutators.RemoveConditionalMutator_EQUAL_ELSE,getCollectionValue,68,NO_COVERAGE,none
BaseWrapper.java,org.apache.ibatis.reflection.wrapper.BaseWrapper,org.pitest.mutationtest.engine.gregor.mutators.RemoveConditionalMutator_EQUAL_IF,getCollectionValue,46,NO_COVERAGE,none
BaseWrapper.java,org.apache.ibatis.reflection.wrapper.BaseWrapper,org.pitest.mutationtest.engine.gregor.mutators.RemoveConditionalMutator_EQUAL_IF,getCollectionValue,50,NO_COVERAGE,none
BaseWrapper.java,org.apache.ibatis.reflection.wrapper.BaseWrapper,org.pitest.mutationtest.engine.gregor.mutators.RemoveConditionalMutator_EQUAL_IF,getCollectionValue,52,NO_COVERAGE,none
BaseWrapper.java,org.apache.ibatis.reflection.wrapper.BaseWrapper,org.pitest.mutationtest.engine.gregor.mutators.RemoveConditionalMutator_EQUAL_IF,getCollectionValue,54,NO_COVERAGE,none
BaseWrapper.java,org.apache.ibatis.reflection.wrapper.BaseWrapper,org.pitest.mutationtest.engine.gregor.mutators.RemoveConditionalMutator_EQUAL_IF,getCollectionValue,56,NO_COVERAGE,none
BaseWrapper.java,org.apache.ibatis.reflection.wrapper.BaseWrapper,org.pitest.mutationtest.engine.gregor.mutators.RemoveConditionalMutator_EQUAL_IF,getCollectionValue,58,NO_COVERAGE,none
BaseWrapper.java,org.apache.ibatis.reflection.wrapper.BaseWrapper,org.pitest.mutationtest.engine.gregor.mutators.RemoveConditionalMutator_EQUAL_IF,getCollectionValue,60,NO_COVERAGE,none
BaseWrapper.java,org.apache.ibatis.reflection.wrapper.BaseWrapper,org.pitest.mutationtest.engine.gregor.mutators.RemoveConditionalMutator_EQUAL_IF,getCollectionValue,62,NO_COVERAGE,none
BaseWrapper.java,org.apache.ibatis.reflection.wrapper.BaseWrapper,org.pitest.mutationtest.engine.gregor.mutators.RemoveConditionalMutator_EQUAL_IF,getCollectionValue,64,NO_COVERAGE,none
BaseWrapper.java,org.apache.ibatis.reflection.wrapper.BaseWrapper,org.pitest.mutationtest.engine.gregor.mutators.RemoveConditionalMutator_EQUAL_IF,getCollectionValue,66,NO_COVERAGE,none
BaseWrapper.java,org.apache.ibatis.reflection.wrapper.BaseWrapper,org.pitest.mutationtest.engine.gregor.mutators.RemoveConditionalMutator_EQUAL_IF,getCollectionValue,68,NO_COVERAGE,none
BaseWrapper.java,org.apache.ibatis.reflection.wrapper.BaseWrapper,org.pitest.mutationtest.engine.gregor.mutators.ReturnValsMutator,getCollectionValue,47,NO_COVERAGE,none
BaseWrapper.java,org.apache.ibatis.reflection.wrapper.BaseWrapper,org.pitest.mutationtest.engine.gregor.mutators.ReturnValsMutator,getCollectionValue,51,NO_COVERAGE,none
BaseWrapper.java,org.apache.ibatis.reflection.wrapper.BaseWrapper,org.pitest.mutationtest.engine.gregor.mutators.ReturnValsMutator,getCollectionValue,53,NO_COVERAGE,none
BaseWrapper.java,org.apache.ibatis.reflection.wrapper.BaseWrapper,org.pitest.mutationtest.engine.gregor.mutators.ReturnValsMutator,getCollectionValue,55,NO_COVERAGE,none
BaseWrapper.java,org.apache.ibatis.reflection.wrapper.BaseWrapper,org.pitest.mutationtest.engine.gregor.mutators.ReturnValsMutator,getCollectionValue,57,NO_COVERAGE,none
BaseWrapper.java,org.apache.ibatis.reflection.wrapper.BaseWrapper,org.pitest.mutationtest.engine.gregor.mutators.ReturnValsMutator,getCollectionValue,59,NO_COVERAGE,none
BaseWrapper.java,org.apache.ibatis.reflection.wrapper.BaseWrapper,org.pitest.mutationtest.engine.gregor.mutators.ReturnValsMutator,getCollectionValue,61,NO_COVERAGE,none
BaseWrapper.java,org.apache.ibatis.reflection.wrapper.BaseWrapper,org.pitest.mutationtest.engine.gregor.mutators.ReturnValsMutator,getCollectionValue,63,NO_COVERAGE,none
BaseWrapper.java,org.apache.ibatis.reflection.wrapper.BaseWrapper,org.pitest.mutationtest.engine.gregor.mutators.ReturnValsMutator,getCollectionValue,65,NO_COVERAGE,none
BaseWrapper.java,org.apache.ibatis.reflection.wrapper.BaseWrapper,org.pitest.mutationtest.engine.gregor.mutators.ReturnValsMutator,getCollectionValue,67,NO_COVERAGE,none
BaseWrapper.java,org.apache.ibatis.reflection.wrapper.BaseWrapper,org.pitest.mutationtest.engine.gregor.mutators.ReturnValsMutator,getCollectionValue,69,NO_COVERAGE,none
BaseWrapper.java,org.apache.ibatis.reflection.wrapper.BaseWrapper,org.pitest.mutationtest.engine.gregor.mutators.NegateConditionalsMutator,resolveCollection,38,NO_COVERAGE,none
BaseWrapper.java,org.apache.ibatis.reflection.wrapper.BaseWrapper,org.pitest.mutationtest.engine.gregor.mutators.NonVoidMethodCallMutator,resolveCollection,38,NO_COVERAGE,none
BaseWrapper.java,org.apache.ibatis.reflection.wrapper.BaseWrapper,org.pitest.mutationtest.engine.gregor.mutators.NonVoidMethodCallMutator,resolveCollection,38,NO_COVERAGE,none
BaseWrapper.java,org.apache.ibatis.reflection.wrapper.BaseWrapper,org.pitest.mutationtest.engine.gregor.mutators.NonVoidMethodCallMutator,resolveCollection,41,NO_COVERAGE,none
BaseWrapper.java,org.apache.ibatis.reflection.wrapper.BaseWrapper,org.pitest.mutationtest.engine.gregor.mutators.NonVoidMethodCallMutator,resolveCollection,41,NO_COVERAGE,none
BaseWrapper.java,org.apache.ibatis.reflection.wrapper.BaseWrapper,org.pitest.mutationtest.engine.gregor.mutators.RemoveConditionalMutator_EQUAL_ELSE,resolveCollection,38,NO_COVERAGE,none
BaseWrapper.java,org.apache.ibatis.reflection.wrapper.BaseWrapper,org.pitest.mutationtest.engine.gregor.mutators.RemoveConditionalMutator_EQUAL_IF,resolveCollection,38,NO_COVERAGE,none
BaseWrapper.java,org.apache.ibatis.reflection.wrapper.BaseWrapper,org.pitest.mutationtest.engine.gregor.mutators.ReturnValsMutator,resolveCollection,39,NO_COVERAGE,none
BaseWrapper.java,org.apache.ibatis.reflection.wrapper.BaseWrapper,org.pitest.mutationtest.engine.gregor.mutators.ReturnValsMutator,resolveCollection,41,NO_COVERAGE,none
BaseWrapper.java,org.apache.ibatis.reflection.wrapper.BaseWrapper,org.pitest.mutationtest.engine.gregor.mutators.ArgumentPropagationMutator,setCollectionValue,78,NO_COVERAGE,none
BaseWrapper.java,org.apache.ibatis.reflection.wrapper.BaseWrapper,org.pitest.mutationtest.engine.gregor.mutators.ArgumentPropagationMutator,setCollectionValue,82,NO_COVERAGE,none
BaseWrapper.java,org.apache.ibatis.reflection.wrapper.BaseWrapper,org.pitest.mutationtest.engine.gregor.mutators.ConstructorCallMutator,setCollectionValue,102,NO_COVERAGE,none
BaseWrapper.java,org.apache.ibatis.reflection.wrapper.BaseWrapper,org.pitest.mutationtest.engine.gregor.mutators.ConstructorCallMutator,setCollectionValue,102,NO_COVERAGE,none
BaseWrapper.java,org.apache.ibatis.reflection.wrapper.BaseWrapper,org.pitest.mutationtest.engine.gregor.mutators.NegateConditionalsMutator,setCollectionValue,77,NO_COVERAGE,none
BaseWrapper.java,org.apache.ibatis.reflection.wrapper.BaseWrapper,org.pitest.mutationtest.engine.gregor.mutators.NegateConditionalsMutator,setCollectionValue,81,NO_COVERAGE,none
BaseWrapper.java,org.apache.ibatis.reflection.wrapper.BaseWrapper,org.pitest.mutationtest.engine.gregor.mutators.NegateConditionalsMutator,setCollectionValue,83,NO_COVERAGE,none
BaseWrapper.java,org.apache.ibatis.reflection.wrapper.BaseWrapper,org.pitest.mutationtest.engine.gregor.mutators.NegateConditionalsMutator,setCollectionValue,85,NO_COVERAGE,none
BaseWrapper.java,org.apache.ibatis.reflection.wrapper.BaseWrapper,org.pitest.mutationtest.engine.gregor.mutators.NegateConditionalsMutator,setCollectionValue,87,NO_COVERAGE,none
BaseWrapper.java,org.apache.ibatis.reflection.wrapper.BaseWrapper,org.pitest.mutationtest.engine.gregor.mutators.NegateConditionalsMutator,setCollectionValue,89,NO_COVERAGE,none
BaseWrapper.java,org.apache.ibatis.reflection.wrapper.BaseWrapper,org.pitest.mutationtest.engine.gregor.mutators.NegateConditionalsMutator,setCollectionValue,91,NO_COVERAGE,none
BaseWrapper.java,org.apache.ibatis.reflection.wrapper.BaseWrapper,org.pitest.mutationtest.engine.gregor.mutators.NegateConditionalsMutator,setCollectionValue,93,NO_COVERAGE,none
BaseWrapper.java,org.apache.ibatis.reflection.wrapper.BaseWrapper,org.pitest.mutationtest.engine.gregor.mutators.NegateConditionalsMutator,setCollectionValue,95,NO_COVERAGE,none
BaseWrapper.java,org.apache.ibatis.reflection.wrapper.BaseWrapper,org.pitest.mutationtest.engine.gregor.mutators.NegateConditionalsMutator,setCollectionValue,97,NO_COVERAGE,none
BaseWrapper.java,org.apache.ibatis.reflection.wrapper.BaseWrapper,org.pitest.mutationtest.engine.gregor.mutators.NegateConditionalsMutator,setCollectionValue,99,NO_COVERAGE,none
BaseWrapper.java,org.apache.ibatis.reflection.wrapper.BaseWrapper,org.pitest.mutationtest.engine.gregor.mutators.NonVoidMethodCallMutator,setCollectionValue,78,NO_COVERAGE,none
BaseWrapper.java,org.apache.ibatis.reflection.wrapper.BaseWrapper,org.pitest.mutationtest.engine.gregor.mutators.NonVoidMethodCallMutator,setCollectionValue,78,NO_COVERAGE,none
BaseWrapper.java,org.apache.ibatis.reflection.wrapper.BaseWrapper,org.pitest.mutationtest.engine.gregor.mutators.NonVoidMethodCallMutator,setCollectionValue,80,NO_COVERAGE,none
BaseWrapper.java,org.apache.ibatis.reflection.wrapper.BaseWrapper,org.pitest.mutationtest.engine.gregor.mutators.NonVoidMethodCallMutator,setCollectionValue,80,NO_COVERAGE,none
BaseWrapper.java,org.apache.ibatis.reflection.wrapper.BaseWrapper,org.pitest.mutationtest.engine.gregor.mutators.NonVoidMethodCallMutator,setCollectionValue,82,NO_COVERAGE,none
BaseWrapper.java,org.apache.ibatis.reflection.wrapper.BaseWrapper,org.pitest.mutationtest.engine.gregor.mutators.NonVoidMethodCallMutator,setCollectionValue,86,NO_COVERAGE,none
BaseWrapper.java,org.apache.ibatis.reflection.wrapper.BaseWrapper,org.pitest.mutationtest.engine.gregor.mutators.NonVoidMethodCallMutator,setCollectionValue,88,NO_COVERAGE,none
BaseWrapper.java,org.apache.ibatis.reflection.wrapper.BaseWrapper,org.pitest.mutationtest.engine.gregor.mutators.NonVoidMethodCallMutator,setCollectionValue,90,NO_COVERAGE,none
BaseWrapper.java,org.apache.ibatis.reflection.wrapper.BaseWrapper,org.pitest.mutationtest.engine.gregor.mutators.NonVoidMethodCallMutator,setCollectionValue,92,NO_COVERAGE,none
BaseWrapper.java,org.apache.ibatis.reflection.wrapper.BaseWrapper,org.pitest.mutationtest.engine.gregor.mutators.NonVoidMethodCallMutator,setCollectionValue,94,NO_COVERAGE,none
BaseWrapper.java,org.apache.ibatis.reflection.wrapper.BaseWrapper,org.pitest.mutationtest.engine.gregor.mutators.NonVoidMethodCallMutator,setCollectionValue,96,NO_COVERAGE,none
BaseWrapper.java,org.apache.ibatis.reflection.wrapper.BaseWrapper,org.pitest.mutationtest.engine.gregor.mutators.NonVoidMethodCallMutator,setCollectionValue,98,NO_COVERAGE,none
BaseWrapper.java,org.apache.ibatis.reflection.wrapper.BaseWrapper,org.pitest.mutationtest.engine.gregor.mutators.NonVoidMethodCallMutator,setCollectionValue,100,NO_COVERAGE,none
BaseWrapper.java,org.apache.ibatis.reflection.wrapper.BaseWrapper,org.pitest.mutationtest.engine.gregor.mutators.NonVoidMethodCallMutator,setCollectionValue,102,NO_COVERAGE,none
BaseWrapper.java,org.apache.ibatis.reflection.wrapper.BaseWrapper,org.pitest.mutationtest.engine.gregor.mutators.NonVoidMethodCallMutator,setCollectionValue,102,NO_COVERAGE,none
BaseWrapper.java,org.apache.ibatis.reflection.wrapper.BaseWrapper,org.pitest.mutationtest.engine.gregor.mutators.NonVoidMethodCallMutator,setCollectionValue,102,NO_COVERAGE,none
BaseWrapper.java,org.apache.ibatis.reflection.wrapper.BaseWrapper,org.pitest.mutationtest.engine.gregor.mutators.NonVoidMethodCallMutator,setCollectionValue,102,NO_COVERAGE,none
BaseWrapper.java,org.apache.ibatis.reflection.wrapper.BaseWrapper,org.pitest.mutationtest.engine.gregor.mutators.NonVoidMethodCallMutator,setCollectionValue,102,NO_COVERAGE,none
BaseWrapper.java,org.apache.ibatis.reflection.wrapper.BaseWrapper,org.pitest.mutationtest.engine.gregor.mutators.NonVoidMethodCallMutator,setCollectionValue,102,NO_COVERAGE,none
BaseWrapper.java,org.apache.ibatis.reflection.wrapper.BaseWrapper,org.pitest.mutationtest.engine.gregor.mutators.NonVoidMethodCallMutator,setCollectionValue,102,NO_COVERAGE,none
BaseWrapper.java,org.apache.ibatis.reflection.wrapper.BaseWrapper,org.pitest.mutationtest.engine.gregor.mutators.RemoveConditionalMutator_EQUAL_ELSE,setCollectionValue,77,NO_COVERAGE,none
BaseWrapper.java,org.apache.ibatis.reflection.wrapper.BaseWrapper,org.pitest.mutationtest.engine.gregor.mutators.RemoveConditionalMutator_EQUAL_ELSE,setCollectionValue,81,NO_COVERAGE,none
BaseWrapper.java,org.apache.ibatis.reflection.wrapper.BaseWrapper,org.pitest.mutationtest.engine.gregor.mutators.RemoveConditionalMutator_EQUAL_ELSE,setCollectionValue,83,NO_COVERAGE,none
BaseWrapper.java,org.apache.ibatis.reflection.wrapper.BaseWrapper,org.pitest.mutationtest.engine.gregor.mutators.RemoveConditionalMutator_EQUAL_ELSE,setCollectionValue,85,NO_COVERAGE,none
BaseWrapper.java,org.apache.ibatis.reflection.wrapper.BaseWrapper,org.pitest.mutationtest.engine.gregor.mutators.RemoveConditionalMutator_EQUAL_ELSE,setCollectionValue,87,NO_COVERAGE,none
BaseWrapper.java,org.apache.ibatis.reflection.wrapper.BaseWrapper,org.pitest.mutationtest.engine.gregor.mutators.RemoveConditionalMutator_EQUAL_ELSE,setCollectionValue,89,NO_COVERAGE,none
BaseWrapper.java,org.apache.ibatis.reflection.wrapper.BaseWrapper,org.pitest.mutationtest.engine.gregor.mutators.RemoveConditionalMutator_EQUAL_ELSE,setCollectionValue,91,NO_COVERAGE,none
BaseWrapper.java,org.apache.ibatis.reflection.wrapper.BaseWrapper,org.pitest.mutationtest.engine.gregor.mutators.RemoveConditionalMutator_EQUAL_ELSE,setCollectionValue,93,NO_COVERAGE,none
BaseWrapper.java,org.apache.ibatis.reflection.wrapper.BaseWrapper,org.pitest.mutationtest.engine.gregor.mutators.RemoveConditionalMutator_EQUAL_ELSE,setCollectionValue,95,NO_COVERAGE,none
BaseWrapper.java,org.apache.ibatis.reflection.wrapper.BaseWrapper,org.pitest.mutationtest.engine.gregor.mutators.RemoveConditionalMutator_EQUAL_ELSE,setCollectionValue,97,NO_COVERAGE,none
BaseWrapper.java,org.apache.ibatis.reflection.wrapper.BaseWrapper,org.pitest.mutationtest.engine.gregor.mutators.RemoveConditionalMutator_EQUAL_ELSE,setCollectionValue,99,NO_COVERAGE,none
BaseWrapper.java,org.apache.ibatis.reflection.wrapper.BaseWrapper,org.pitest.mutationtest.engine.gregor.mutators.RemoveConditionalMutator_EQUAL_IF,setCollectionValue,77,NO_COVERAGE,none
BaseWrapper.java,org.apache.ibatis.reflection.wrapper.BaseWrapper,org.pitest.mutationtest.engine.gregor.mutators.RemoveConditionalMutator_EQUAL_IF,setCollectionValue,81,NO_COVERAGE,none
BaseWrapper.java,org.apache.ibatis.reflection.wrapper.BaseWrapper,org.pitest.mutationtest.engine.gregor.mutators.RemoveConditionalMutator_EQUAL_IF,setCollectionValue,83,NO_COVERAGE,none
BaseWrapper.java,org.apache.ibatis.reflection.wrapper.BaseWrapper,org.pitest.mutationtest.engine.gregor.mutators.RemoveConditionalMutator_EQUAL_IF,setCollectionValue,85,NO_COVERAGE,none
BaseWrapper.java,org.apache.ibatis.reflection.wrapper.BaseWrapper,org.pitest.mutationtest.engine.gregor.mutators.RemoveConditionalMutator_EQUAL_IF,setCollectionValue,87,NO_COVERAGE,none
BaseWrapper.java,org.apache.ibatis.reflection.wrapper.BaseWrapper,org.pitest.mutationtest.engine.gregor.mutators.RemoveConditionalMutator_EQUAL_IF,setCollectionValue,89,NO_COVERAGE,none
BaseWrapper.java,org.apache.ibatis.reflection.wrapper.BaseWrapper,org.pitest.mutationtest.engine.gregor.mutators.RemoveConditionalMutator_EQUAL_IF,setCollectionValue,91,NO_COVERAGE,none
BaseWrapper.java,org.apache.ibatis.reflection.wrapper.BaseWrapper,org.pitest.mutationtest.engine.gregor.mutators.RemoveConditionalMutator_EQUAL_IF,setCollectionValue,93,NO_COVERAGE,none
BaseWrapper.java,org.apache.ibatis.reflection.wrapper.BaseWrapper,org.pitest.mutationtest.engine.gregor.mutators.RemoveConditionalMutator_EQUAL_IF,setCollectionValue,95,NO_COVERAGE,none
BaseWrapper.java,org.apache.ibatis.reflection.wrapper.BaseWrapper,org.pitest.mutationtest.engine.gregor.mutators.RemoveConditionalMutator_EQUAL_IF,setCollectionValue,97,NO_COVERAGE,none
BaseWrapper.java,org.apache.ibatis.reflection.wrapper.BaseWrapper,org.pitest.mutationtest.engine.gregor.mutators.RemoveConditionalMutator_EQUAL_IF,setCollectionValue,99,NO_COVERAGE,none
BaseExecutor.java,org.apache.ibatis.executor.BaseExecutor,org.pitest.mutationtest.engine.gregor.mutators.experimental.MemberVariableMutator,<init>,70,KILLED,org.apache.ibatis.submitted.extend.ExtendTest.org.apache.ibatis.submitted.extend.ExtendTest
BaseExecutor.java,org.apache.ibatis.executor.BaseExecutor,org.pitest.mutationtest.engine.gregor.mutators.experimental.MemberVariableMutator,<init>,71,KILLED,org.apache.ibatis.submitted.extend.ExtendTest.org.apache.ibatis.submitted.extend.ExtendTest
BaseExecutor.java,org.apache.ibatis.executor.BaseExecutor,org.pitest.mutationtest.engine.gregor.mutators.NonVoidMethodCallMutator,applyTransactionTimeout,300,NO_COVERAGE,none
BaseExecutor.java,org.apache.ibatis.executor.BaseExecutor,org.pitest.mutationtest.engine.gregor.mutators.NonVoidMethodCallMutator,applyTransactionTimeout,300,NO_COVERAGE,none
BaseExecutor.java,org.apache.ibatis.executor.BaseExecutor,org.pitest.mutationtest.engine.gregor.mutators.NonVoidMethodCallMutator,applyTransactionTimeout,300,NO_COVERAGE,none
BaseExecutor.java,org.apache.ibatis.executor.BaseExecutor,org.pitest.mutationtest.engine.gregor.mutators.VoidMethodCallMutator,applyTransactionTimeout,300,NO_COVERAGE,none
BaseExecutor.java,org.apache.ibatis.executor.BaseExecutor,org.pitest.mutationtest.engine.gregor.mutators.RemoveConditionalMutator_EQUAL_ELSE,clearLocalCache,264,KILLED,org.apache.ibatis.submitted.extend.ExtendTest.org.apache.ibatis.submitted.extend.ExtendTest
BaseExecutor.java,org.apache.ibatis.executor.BaseExecutor,org.pitest.mutationtest.engine.gregor.mutators.ConstructorCallMutator,close,95,NO_COVERAGE,none
BaseExecutor.java,org.apache.ibatis.executor.BaseExecutor,org.pitest.mutationtest.engine.gregor.mutators.InlineConstantMutator,close,101,KILLED,org.apache.ibatis.submitted.extend.ExtendTest.org.apache.ibatis.submitted.extend.ExtendTest
BaseExecutor.java,org.apache.ibatis.executor.BaseExecutor,org.pitest.mutationtest.engine.gregor.mutators.NonVoidMethodCallMutator,close,95,NO_COVERAGE,none
BaseExecutor.java,org.apache.ibatis.executor.BaseExecutor,org.pitest.mutationtest.engine.gregor.mutators.NonVoidMethodCallMutator,close,95,NO_COVERAGE,none
BaseExecutor.java,org.apache.ibatis.executor.BaseExecutor,org.pitest.mutationtest.engine.gregor.mutators.NonVoidMethodCallMutator,close,95,NO_COVERAGE,none
BaseExecutor.java,org.apache.ibatis.executor.BaseExecutor,org.pitest.mutationtest.engine.gregor.mutators.VoidMethodCallMutator,close,95,NO_COVERAGE,none
BaseExecutor.java,org.apache.ibatis.executor.BaseExecutor,org.pitest.mutationtest.engine.gregor.mutators.experimental.MemberVariableMutator,close,99,KILLED,org.apache.ibatis.submitted.extend.ExtendTest.org.apache.ibatis.submitted.extend.ExtendTest
BaseExecutor.java,org.apache.ibatis.executor.BaseExecutor,org.pitest.mutationtest.engine.gregor.mutators.experimental.MemberVariableMutator,close,100,KILLED,org.apache.ibatis.submitted.extend.ExtendTest.org.apache.ibatis.submitted.extend.ExtendTest
BaseExecutor.java,org.apache.ibatis.executor.BaseExecutor,org.pitest.mutationtest.engine.gregor.mutators.experimental.MemberVariableMutator,close,97,KILLED,org.apache.ibatis.submitted.extend.ExtendTest.org.apache.ibatis.submitted.extend.ExtendTest
BaseExecutor.java,org.apache.ibatis.executor.BaseExecutor,org.pitest.mutationtest.engine.gregor.mutators.RemoveConditionalMutator_EQUAL_ELSE,closeStatement,283,KILLED,org.apache.ibatis.submitted.extend.ExtendTest.org.apache.ibatis.submitted.extend.ExtendTest
BaseExecutor.java,org.apache.ibatis.executor.BaseExecutor,org.pitest.mutationtest.engine.gregor.mutators.VoidMethodCallMutator,closeStatement,285,KILLED,org.apache.ibatis.submitted.extend.ExtendTest.org.apache.ibatis.submitted.extend.ExtendTest
BaseExecutor.java,org.apache.ibatis.executor.BaseExecutor,org.pitest.mutationtest.engine.gregor.mutators.ConstructorCallMutator,commit,239,NO_COVERAGE,none
BaseExecutor.java,org.apache.ibatis.executor.BaseExecutor,org.pitest.mutationtest.engine.gregor.mutators.NegateConditionalsMutator,commit,238,NO_COVERAGE,none
BaseExecutor.java,org.apache.ibatis.executor.BaseExecutor,org.pitest.mutationtest.engine.gregor.mutators.NegateConditionalsMutator,commit,243,NO_COVERAGE,none
BaseExecutor.java,org.apache.ibatis.executor.BaseExecutor,org.pitest.mutationtest.engine.gregor.mutators.NonVoidMethodCallMutator,commit,242,NO_COVERAGE,none
BaseExecutor.java,org.apache.ibatis.executor.BaseExecutor,org.pitest.mutationtest.engine.gregor.mutators.RemoveConditionalMutator_EQUAL_ELSE,commit,238,NO_COVERAGE,none
BaseExecutor.java,org.apache.ibatis.executor.BaseExecutor,org.pitest.mutationtest.engine.gregor.mutators.RemoveConditionalMutator_EQUAL_ELSE,commit,243,NO_COVERAGE,none
BaseExecutor.java,org.apache.ibatis.executor.BaseExecutor,org.pitest.mutationtest.engine.gregor.mutators.RemoveConditionalMutator_EQUAL_IF,commit,238,NO_COVERAGE,none
BaseExecutor.java,org.apache.ibatis.executor.BaseExecutor,org.pitest.mutationtest.engine.gregor.mutators.VoidMethodCallMutator,commit,241,NO_COVERAGE,none
BaseExecutor.java,org.apache.ibatis.executor.BaseExecutor,org.pitest.mutationtest.engine.gregor.mutators.VoidMethodCallMutator,commit,244,NO_COVERAGE,none
BaseExecutor.java,org.apache.ibatis.executor.BaseExecutor,org.pitest.mutationtest.engine.gregor.mutators.ConstructorCallMutator,createCacheKey,197,NO_COVERAGE,none
BaseExecutor.java,org.apache.ibatis.executor.BaseExecutor,org.pitest.mutationtest.engine.gregor.mutators.NegateConditionalsMutator,createCacheKey,213,NO_COVERAGE,none
BaseExecutor.java,org.apache.ibatis.executor.BaseExecutor,org.pitest.mutationtest.engine.gregor.mutators.NegateConditionalsMutator,createCacheKey,224,KILLED,org.apache.ibatis.submitted.extend.ExtendTest.org.apache.ibatis.submitted.extend.ExtendTest
BaseExecutor.java,org.apache.ibatis.executor.BaseExecutor,org.pitest.mutationtest.engine.gregor.mutators.NonVoidMethodCallMutator,createCacheKey,202,KILLED,org.apache.ibatis.submitted.extend.ExtendTest.org.apache.ibatis.submitted.extend.ExtendTest
BaseExecutor.java,org.apache.ibatis.executor.BaseExecutor,org.pitest.mutationtest.engine.gregor.mutators.NonVoidMethodCallMutator,createCacheKey,211,NO_COVERAGE,none
BaseExecutor.java,org.apache.ibatis.executor.BaseExecutor,org.pitest.mutationtest.engine.gregor.mutators.NonVoidMethodCallMutator,createCacheKey,212,NO_COVERAGE,none
BaseExecutor.java,org.apache.ibatis.executor.BaseExecutor,org.pitest.mutationtest.engine.gregor.mutators.NonVoidMethodCallMutator,createCacheKey,215,NO_COVERAGE,none
BaseExecutor.java,org.apache.ibatis.executor.BaseExecutor,org.pitest.mutationtest.engine.gregor.mutators.NonVoidMethodCallMutator,createCacheKey,218,NO_COVERAGE,none
BaseExecutor.java,org.apache.ibatis.executor.BaseExecutor,org.pitest.mutationtest.engine.gregor.mutators.NonVoidMethodCallMutator,createCacheKey,219,NO_COVERAGE,none
BaseExecutor.java,org.apache.ibatis.executor.BaseExecutor,org.pitest.mutationtest.engine.gregor.mutators.NonVoidMethodCallMutator,createCacheKey,226,KILLED,org.apache.ibatis.submitted.extend.ExtendTest.org.apache.ibatis.submitted.extend.ExtendTest
BaseExecutor.java,org.apache.ibatis.executor.BaseExecutor,org.pitest.mutationtest.engine.gregor.mutators.RemoveConditionalMutator_EQUAL_ELSE,createCacheKey,196,KILLED,org.apache.ibatis.submitted.extend.ExtendTest.org.apache.ibatis.submitted.extend.ExtendTest
BaseExecutor.java,org.apache.ibatis.executor.BaseExecutor,org.pitest.mutationtest.engine.gregor.mutators.RemoveConditionalMutator_EQUAL_IF,createCacheKey,196,KILLED,org.apache.ibatis.submitted.extend.ExtendTest.org.apache.ibatis.submitted.extend.ExtendTest
BaseExecutor.java,org.apache.ibatis.executor.BaseExecutor,org.pitest.mutationtest.engine.gregor.mutators.RemoveConditionalMutator_EQUAL_IF,createCacheKey,213,NO_COVERAGE,none
BaseExecutor.java,org.apache.ibatis.executor.BaseExecutor,org.pitest.mutationtest.engine.gregor.mutators.RemoveConditionalMutator_EQUAL_IF,createCacheKey,224,KILLED,org.apache.ibatis.submitted.extend.ExtendTest.org.apache.ibatis.submitted.extend.ExtendTest
BaseExecutor.java,org.apache.ibatis.executor.BaseExecutor,org.pitest.mutationtest.engine.gregor.mutators.VoidMethodCallMutator,createCacheKey,201,KILLED,org.apache.ibatis.submitted.extend.ExtendTest.org.apache.ibatis.submitted.extend.ExtendTest
BaseExecutor.java,org.apache.ibatis.executor.BaseExecutor,org.pitest.mutationtest.engine.gregor.mutators.VoidMethodCallMutator,createCacheKey,202,KILLED,org.apache.ibatis.submitted.extend.ExtendTest.org.apache.ibatis.submitted.extend.ExtendTest
BaseExecutor.java,org.apache.ibatis.executor.BaseExecutor,org.pitest.mutationtest.engine.gregor.mutators.ConstructorCallMutator,deferLoad,184,NO_COVERAGE,none
BaseExecutor.java,org.apache.ibatis.executor.BaseExecutor,org.pitest.mutationtest.engine.gregor.mutators.ConstructorCallMutator,deferLoad,190,NO_COVERAGE,none
BaseExecutor.java,org.apache.ibatis.executor.BaseExecutor,org.pitest.mutationtest.engine.gregor.mutators.NegateConditionalsMutator,deferLoad,183,NO_COVERAGE,none
BaseExecutor.java,org.apache.ibatis.executor.BaseExecutor,org.pitest.mutationtest.engine.gregor.mutators.NegateConditionalsMutator,deferLoad,187,NO_COVERAGE,none
BaseExecutor.java,org.apache.ibatis.executor.BaseExecutor,org.pitest.mutationtest.engine.gregor.mutators.NonVoidMethodCallMutator,deferLoad,187,NO_COVERAGE,none
BaseExecutor.java,org.apache.ibatis.executor.BaseExecutor,org.pitest.mutationtest.engine.gregor.mutators.NonVoidMethodCallMutator,deferLoad,190,NO_COVERAGE,none
BaseExecutor.java,org.apache.ibatis.executor.BaseExecutor,org.pitest.mutationtest.engine.gregor.mutators.RemoveConditionalMutator_EQUAL_IF,deferLoad,183,NO_COVERAGE,none
BaseExecutor.java,org.apache.ibatis.executor.BaseExecutor,org.pitest.mutationtest.engine.gregor.mutators.RemoveConditionalMutator_EQUAL_IF,deferLoad,187,NO_COVERAGE,none
BaseExecutor.java,org.apache.ibatis.executor.BaseExecutor,org.pitest.mutationtest.engine.gregor.mutators.InlineConstantMutator,flushStatements,122,NO_COVERAGE,none
BaseExecutor.java,org.apache.ibatis.executor.BaseExecutor,org.pitest.mutationtest.engine.gregor.mutators.NonVoidMethodCallMutator,flushStatements,122,NO_COVERAGE,none
BaseExecutor.java,org.apache.ibatis.executor.BaseExecutor,org.pitest.mutationtest.engine.gregor.mutators.ReturnValsMutator,flushStatements,122,NO_COVERAGE,none
BaseExecutor.java,org.apache.ibatis.executor.BaseExecutor,org.pitest.mutationtest.engine.gregor.mutators.ConstructorCallMutator,flushStatements,127,NO_COVERAGE,none
BaseExecutor.java,org.apache.ibatis.executor.BaseExecutor,org.pitest.mutationtest.engine.gregor.mutators.ReturnValsMutator,flushStatements,129,KILLED,org.apache.ibatis.submitted.extend.ExtendTest.org.apache.ibatis.submitted.extend.ExtendTest
BaseExecutor.java,org.apache.ibatis.executor.BaseExecutor,org.pitest.mutationtest.engine.gregor.mutators.ArgumentPropagationMutator,getConnection,338,NO_COVERAGE,none
BaseExecutor.java,org.apache.ibatis.executor.BaseExecutor,org.pitest.mutationtest.engine.gregor.mutators.NonVoidMethodCallMutator,getConnection,338,NO_COVERAGE,none
BaseExecutor.java,org.apache.ibatis.executor.BaseExecutor,org.pitest.mutationtest.engine.gregor.mutators.RemoveConditionalMutator_EQUAL_IF,getConnection,337,KILLED,org.apache.ibatis.submitted.extend.ExtendTest.org.apache.ibatis.submitted.extend.ExtendTest
BaseExecutor.java,org.apache.ibatis.executor.BaseExecutor,org.pitest.mutationtest.engine.gregor.mutators.ReturnValsMutator,getConnection,338,NO_COVERAGE,none
BaseExecutor.java,org.apache.ibatis.executor.BaseExecutor,org.pitest.mutationtest.engine.gregor.mutators.ConstructorCallMutator,getTransaction,78,NO_COVERAGE,none
BaseExecutor.java,org.apache.ibatis.executor.BaseExecutor,org.pitest.mutationtest.engine.gregor.mutators.NegateConditionalsMutator,getTransaction,77,NO_COVERAGE,none
BaseExecutor.java,org.apache.ibatis.executor.BaseExecutor,org.pitest.mutationtest.engine.gregor.mutators.RemoveConditionalMutator_EQUAL_IF,getTransaction,77,NO_COVERAGE,none
BaseExecutor.java,org.apache.ibatis.executor.BaseExecutor,org.pitest.mutationtest.engine.gregor.mutators.ReturnValsMutator,getTransaction,80,NO_COVERAGE,none
BaseExecutor.java,org.apache.ibatis.executor.BaseExecutor,org.pitest.mutationtest.engine.gregor.mutators.ArgumentPropagationMutator,handleLocallyCachedOutputParameters,305,NO_COVERAGE,none
BaseExecutor.java,org.apache.ibatis.executor.BaseExecutor,org.pitest.mutationtest.engine.gregor.mutators.NegateConditionalsMutator,handleLocallyCachedOutputParameters,304,NO_COVERAGE,none
BaseExecutor.java,org.apache.ibatis.executor.BaseExecutor,org.pitest.mutationtest.engine.gregor.mutators.NegateConditionalsMutator,handleLocallyCachedOutputParameters,306,NO_COVERAGE,none
BaseExecutor.java,org.apache.ibatis.executor.BaseExecutor,org.pitest.mutationtest.engine.gregor.mutators.NegateConditionalsMutator,handleLocallyCachedOutputParameters,306,NO_COVERAGE,none
BaseExecutor.java,org.apache.ibatis.executor.BaseExecutor,org.pitest.mutationtest.engine.gregor.mutators.NegateConditionalsMutator,handleLocallyCachedOutputParameters,309,NO_COVERAGE,none
BaseExecutor.java,org.apache.ibatis.executor.BaseExecutor,org.pitest.mutationtest.engine.gregor.mutators.NegateConditionalsMutator,handleLocallyCachedOutputParameters,310,NO_COVERAGE,none
BaseExecutor.java,org.apache.ibatis.executor.BaseExecutor,org.pitest.mutationtest.engine.gregor.mutators.NonVoidMethodCallMutator,handleLocallyCachedOutputParameters,305,NO_COVERAGE,none
BaseExecutor.java,org.apache.ibatis.executor.BaseExecutor,org.pitest.mutationtest.engine.gregor.mutators.NonVoidMethodCallMutator,handleLocallyCachedOutputParameters,307,NO_COVERAGE,none
BaseExecutor.java,org.apache.ibatis.executor.BaseExecutor,org.pitest.mutationtest.engine.gregor.mutators.NonVoidMethodCallMutator,handleLocallyCachedOutputParameters,308,NO_COVERAGE,none
BaseExecutor.java,org.apache.ibatis.executor.BaseExecutor,org.pitest.mutationtest.engine.gregor.mutators.NonVoidMethodCallMutator,handleLocallyCachedOutputParameters,309,NO_COVERAGE,none
BaseExecutor.java,org.apache.ibatis.executor.BaseExecutor,org.pitest.mutationtest.engine.gregor.mutators.NonVoidMethodCallMutator,handleLocallyCachedOutputParameters,309,NO_COVERAGE,none
BaseExecutor.java,org.apache.ibatis.executor.BaseExecutor,org.pitest.mutationtest.engine.gregor.mutators.NonVoidMethodCallMutator,handleLocallyCachedOutputParameters,309,NO_COVERAGE,none
BaseExecutor.java,org.apache.ibatis.executor.BaseExecutor,org.pitest.mutationtest.engine.gregor.mutators.NonVoidMethodCallMutator,handleLocallyCachedOutputParameters,309,NO_COVERAGE,none
BaseExecutor.java,org.apache.ibatis.executor.BaseExecutor,org.pitest.mutationtest.engine.gregor.mutators.NonVoidMethodCallMutator,handleLocallyCachedOutputParameters,310,NO_COVERAGE,none
BaseExecutor.java,org.apache.ibatis.executor.BaseExecutor,org.pitest.mutationtest.engine.gregor.mutators.NonVoidMethodCallMutator,handleLocallyCachedOutputParameters,311,NO_COVERAGE,none
BaseExecutor.java,org.apache.ibatis.executor.BaseExecutor,org.pitest.mutationtest.engine.gregor.mutators.NonVoidMethodCallMutator,handleLocallyCachedOutputParameters,312,NO_COVERAGE,none
BaseExecutor.java,org.apache.ibatis.executor.BaseExecutor,org.pitest.mutationtest.engine.gregor.mutators.RemoveConditionalMutator_EQUAL_ELSE,handleLocallyCachedOutputParameters,306,NO_COVERAGE,none
BaseExecutor.java,org.apache.ibatis.executor.BaseExecutor,org.pitest.mutationtest.engine.gregor.mutators.RemoveConditionalMutator_EQUAL_ELSE,handleLocallyCachedOutputParameters,306,NO_COVERAGE,none
BaseExecutor.java,org.apache.ibatis.executor.BaseExecutor,org.pitest.mutationtest.engine.gregor.mutators.RemoveConditionalMutator_EQUAL_ELSE,handleLocallyCachedOutputParameters,309,NO_COVERAGE,none
BaseExecutor.java,org.apache.ibatis.executor.BaseExecutor,org.pitest.mutationtest.engine.gregor.mutators.RemoveConditionalMutator_EQUAL_ELSE,handleLocallyCachedOutputParameters,310,NO_COVERAGE,none
BaseExecutor.java,org.apache.ibatis.executor.BaseExecutor,org.pitest.mutationtest.engine.gregor.mutators.RemoveConditionalMutator_EQUAL_IF,handleLocallyCachedOutputParameters,306,NO_COVERAGE,none
BaseExecutor.java,org.apache.ibatis.executor.BaseExecutor,org.pitest.mutationtest.engine.gregor.mutators.RemoveConditionalMutator_EQUAL_IF,handleLocallyCachedOutputParameters,306,NO_COVERAGE,none
BaseExecutor.java,org.apache.ibatis.executor.BaseExecutor,org.pitest.mutationtest.engine.gregor.mutators.RemoveConditionalMutator_EQUAL_IF,handleLocallyCachedOutputParameters,309,NO_COVERAGE,none
BaseExecutor.java,org.apache.ibatis.executor.BaseExecutor,org.pitest.mutationtest.engine.gregor.mutators.RemoveConditionalMutator_EQUAL_IF,handleLocallyCachedOutputParameters,310,NO_COVERAGE,none
BaseExecutor.java,org.apache.ibatis.executor.BaseExecutor,org.pitest.mutationtest.engine.gregor.mutators.VoidMethodCallMutator,handleLocallyCachedOutputParameters,313,NO_COVERAGE,none
BaseExecutor.java,org.apache.ibatis.executor.BaseExecutor,org.pitest.mutationtest.engine.gregor.mutators.RemoveConditionalMutator_EQUAL_ELSE,isCached,233,NO_COVERAGE,none
BaseExecutor.java,org.apache.ibatis.executor.BaseExecutor,org.pitest.mutationtest.engine.gregor.mutators.ReturnValsMutator,isClosed,107,NO_COVERAGE,none
BaseExecutor.java,org.apache.ibatis.executor.BaseExecutor,org.pitest.mutationtest.engine.gregor.mutators.NonVoidMethodCallMutator,query,134,NO_COVERAGE,none
BaseExecutor.java,org.apache.ibatis.executor.BaseExecutor,org.pitest.mutationtest.engine.gregor.mutators.NonVoidMethodCallMutator,query,135,NO_COVERAGE,none
BaseExecutor.java,org.apache.ibatis.executor.BaseExecutor,org.pitest.mutationtest.engine.gregor.mutators.NonVoidMethodCallMutator,query,136,NO_COVERAGE,none
BaseExecutor.java,org.apache.ibatis.executor.BaseExecutor,org.pitest.mutationtest.engine.gregor.mutators.ReturnValsMutator,query,136,NO_COVERAGE,none
BaseExecutor.java,org.apache.ibatis.executor.BaseExecutor,org.pitest.mutationtest.engine.gregor.mutators.ConstructorCallMutator,query,144,NO_COVERAGE,none
BaseExecutor.java,org.apache.ibatis.executor.BaseExecutor,org.pitest.mutationtest.engine.gregor.mutators.InlineConstantMutator,query,159,KILLED,org.apache.ibatis.submitted.extend.ExtendTest.org.apache.ibatis.submitted.extend.ExtendTest
BaseExecutor.java,org.apache.ibatis.executor.BaseExecutor,org.pitest.mutationtest.engine.gregor.mutators.NegateConditionalsMutator,query,143,KILLED,org.apache.ibatis.submitted.extend.ExtendTest.org.apache.ibatis.submitted.extend.ExtendTest
BaseExecutor.java,org.apache.ibatis.executor.BaseExecutor,org.pitest.mutationtest.engine.gregor.mutators.NegateConditionalsMutator,query,153,KILLED,org.apache.ibatis.submitted.extend.ExtendTest.org.apache.ibatis.submitted.extend.ExtendTest
BaseExecutor.java,org.apache.ibatis.executor.BaseExecutor,org.pitest.mutationtest.engine.gregor.mutators.NegateConditionalsMutator,query,161,KILLED,org.apache.ibatis.submitted.extend.ExtendTest.org.apache.ibatis.submitted.extend.ExtendTest
BaseExecutor.java,org.apache.ibatis.executor.BaseExecutor,org.pitest.mutationtest.engine.gregor.mutators.NonVoidMethodCallMutator,query,142,KILLED,org.apache.ibatis.submitted.extend.ExtendTest.org.apache.ibatis.submitted.extend.ExtendTest
BaseExecutor.java,org.apache.ibatis.executor.BaseExecutor,org.pitest.mutationtest.engine.gregor.mutators.NonVoidMethodCallMutator,query,142,KILLED,org.apache.ibatis.submitted.extend.ExtendTest.org.apache.ibatis.submitted.extend.ExtendTest
BaseExecutor.java,org.apache.ibatis.executor.BaseExecutor,org.pitest.mutationtest.engine.gregor.mutators.NonVoidMethodCallMutator,query,152,KILLED,org.apache.ibatis.submitted.extend.ExtendTest.org.apache.ibatis.submitted.extend.ExtendTest
BaseExecutor.java,org.apache.ibatis.executor.BaseExecutor,org.pitest.mutationtest.engine.gregor.mutators.NonVoidMethodCallMutator,query,167,KILLED,org.apache.ibatis.submitted.extend.ExtendTest.org.apache.ibatis.submitted.extend.ExtendTest
BaseExecutor.java,org.apache.ibatis.executor.BaseExecutor,org.pitest.mutationtest.engine.gregor.mutators.RemoveConditionalMutator_EQUAL_ELSE,query,143,KILLED,org.apache.ibatis.submitted.extend.ExtendTest.org.apache.ibatis.submitted.extend.ExtendTest
BaseExecutor.java,org.apache.ibatis.executor.BaseExecutor,org.pitest.mutationtest.engine.gregor.mutators.RemoveConditionalMutator_EQUAL_ELSE,query,146,KILLED,org.apache.ibatis.submitted.extend.ExtendTest.org.apache.ibatis.submitted.extend.ExtendTest
BaseExecutor.java,org.apache.ibatis.executor.BaseExecutor,org.pitest.mutationtest.engine.gregor.mutators.RemoveConditionalMutator_EQUAL_ELSE,query,146,KILLED,org.apache.ibatis.submitted.extend.ExtendTest.org.apache.ibatis.submitted.extend.ExtendTest
BaseExecutor.java,org.apache.ibatis.executor.BaseExecutor,org.pitest.mutationtest.engine.gregor.mutators.RemoveConditionalMutator_EQUAL_ELSE,query,161,KILLED,org.apache.ibatis.submitted.extend.ExtendTest.org.apache.ibatis.submitted.extend.ExtendTest
BaseExecutor.java,org.apache.ibatis.executor.BaseExecutor,org.pitest.mutationtest.engine.gregor.mutators.RemoveConditionalMutator_EQUAL_IF,query,143,KILLED,org.apache.ibatis.submitted.extend.ExtendTest.org.apache.ibatis.submitted.extend.ExtendTest
BaseExecutor.java,org.apache.ibatis.executor.BaseExecutor,org.pitest.mutationtest.engine.gregor.mutators.RemoveConditionalMutator_EQUAL_IF,query,146,KILLED,org.apache.ibatis.submitted.extend.ExtendTest.org.apache.ibatis.submitted.extend.ExtendTest
BaseExecutor.java,org.apache.ibatis.executor.BaseExecutor,org.pitest.mutationtest.engine.gregor.mutators.VoidMethodCallMutator,query,147,NO_COVERAGE,none
BaseExecutor.java,org.apache.ibatis.executor.BaseExecutor,org.pitest.mutationtest.engine.gregor.mutators.VoidMethodCallMutator,query,163,NO_COVERAGE,none
BaseExecutor.java,org.apache.ibatis.executor.BaseExecutor,org.pitest.mutationtest.engine.gregor.mutators.VoidMethodCallMutator,query,169,NO_COVERAGE,none
BaseExecutor.java,org.apache.ibatis.executor.BaseExecutor,org.pitest.mutationtest.engine.gregor.mutators.NonVoidMethodCallMutator,queryCursor,177,NO_COVERAGE,none
BaseExecutor.java,org.apache.ibatis.executor.BaseExecutor,org.pitest.mutationtest.engine.gregor.mutators.NonVoidMethodCallMutator,queryCursor,178,NO_COVERAGE,none
BaseExecutor.java,org.apache.ibatis.executor.BaseExecutor,org.pitest.mutationtest.engine.gregor.mutators.ReturnValsMutator,queryCursor,178,NO_COVERAGE,none
BaseExecutor.java,org.apache.ibatis.executor.BaseExecutor,org.pitest.mutationtest.engine.gregor.mutators.NegateConditionalsMutator,queryFromDatabase,329,KILLED,org.apache.ibatis.submitted.extend.ExtendTest.org.apache.ibatis.submitted.extend.ExtendTest
BaseExecutor.java,org.apache.ibatis.executor.BaseExecutor,org.pitest.mutationtest.engine.gregor.mutators.VoidMethodCallMutator,queryFromDatabase,322,KILLED,org.apache.ibatis.submitted.extend.ExtendTest.org.apache.ibatis.submitted.extend.ExtendTest
BaseExecutor.java,org.apache.ibatis.executor.BaseExecutor,org.pitest.mutationtest.engine.gregor.mutators.VoidMethodCallMutator,queryFromDatabase,330,NO_COVERAGE,none
BaseExecutor.java,org.apache.ibatis.executor.BaseExecutor,org.pitest.mutationtest.engine.gregor.mutators.RemoveConditionalMutator_EQUAL_ELSE,rollback,250,SURVIVED,none
BaseExecutor.java,org.apache.ibatis.executor.BaseExecutor,org.pitest.mutationtest.engine.gregor.mutators.RemoveConditionalMutator_EQUAL_ELSE,rollback,255,KILLED,org.apache.ibatis.submitted.extend.ExtendTest.org.apache.ibatis.submitted.extend.ExtendTest
BaseExecutor.java,org.apache.ibatis.executor.BaseExecutor,org.pitest.mutationtest.engine.gregor.mutators.ConstructorCallMutator,update,114,NO_COVERAGE,none
BaseExecutor.java,org.apache.ibatis.executor.BaseExecutor,org.pitest.mutationtest.engine.gregor.mutators.NegateConditionalsMutator,update,113,NO_COVERAGE,none
BaseExecutor.java,org.apache.ibatis.executor.BaseExecutor,org.pitest.mutationtest.engine.gregor.mutators.NonVoidMethodCallMutator,update,112,NO_COVERAGE,none
BaseExecutor.java,org.apache.ibatis.executor.BaseExecutor,org.pitest.mutationtest.engine.gregor.mutators.NonVoidMethodCallMutator,update,112,NO_COVERAGE,none
BaseExecutor.java,org.apache.ibatis.executor.BaseExecutor,org.pitest.mutationtest.engine.gregor.mutators.NonVoidMethodCallMutator,update,112,NO_COVERAGE,none
BaseExecutor.java,org.apache.ibatis.executor.BaseExecutor,org.pitest.mutationtest.engine.gregor.mutators.NonVoidMethodCallMutator,update,112,NO_COVERAGE,none
BaseExecutor.java,org.apache.ibatis.executor.BaseExecutor,org.pitest.mutationtest.engine.gregor.mutators.NonVoidMethodCallMutator,update,112,NO_COVERAGE,none
BaseExecutor.java,org.apache.ibatis.executor.BaseExecutor,org.pitest.mutationtest.engine.gregor.mutators.NonVoidMethodCallMutator,update,112,NO_COVERAGE,none
BaseExecutor.java,org.apache.ibatis.executor.BaseExecutor,org.pitest.mutationtest.engine.gregor.mutators.NonVoidMethodCallMutator,update,117,NO_COVERAGE,none
BaseExecutor.java,org.apache.ibatis.executor.BaseExecutor,org.pitest.mutationtest.engine.gregor.mutators.RemoveConditionalMutator_EQUAL_ELSE,update,113,NO_COVERAGE,none
BaseExecutor.java,org.apache.ibatis.executor.BaseExecutor,org.pitest.mutationtest.engine.gregor.mutators.RemoveConditionalMutator_EQUAL_IF,update,113,NO_COVERAGE,none
BatchExecutor.java,org.apache.ibatis.executor.BatchExecutor,org.pitest.mutationtest.engine.gregor.mutators.ConstructorCallMutator,<init>,45,NO_COVERAGE,none
BatchExecutor.java,org.apache.ibatis.executor.BatchExecutor,org.pitest.mutationtest.engine.gregor.mutators.ConstructorCallMutator,<init>,46,NO_COVERAGE,none
BatchExecutor.java,org.apache.ibatis.executor.BatchExecutor,org.pitest.mutationtest.engine.gregor.mutators.experimental.MemberVariableMutator,<init>,45,NO_COVERAGE,none
BatchExecutor.java,org.apache.ibatis.executor.BatchExecutor,org.pitest.mutationtest.engine.gregor.mutators.experimental.MemberVariableMutator,<init>,46,NO_COVERAGE,none
BatchExecutor.java,org.apache.ibatis.executor.BatchExecutor,org.pitest.mutationtest.engine.gregor.mutators.ConditionalsBoundaryMutator,doFlushStatements,117,NO_COVERAGE,none
BatchExecutor.java,org.apache.ibatis.executor.BatchExecutor,org.pitest.mutationtest.engine.gregor.mutators.ConditionalsBoundaryMutator,doFlushStatements,141,NO_COVERAGE,none
BatchExecutor.java,org.apache.ibatis.executor.BatchExecutor,org.pitest.mutationtest.engine.gregor.mutators.ConstructorCallMutator,doFlushStatements,113,NO_COVERAGE,none
BatchExecutor.java,org.apache.ibatis.executor.BatchExecutor,org.pitest.mutationtest.engine.gregor.mutators.ConstructorCallMutator,doFlushStatements,135,NO_COVERAGE,none
BatchExecutor.java,org.apache.ibatis.executor.BatchExecutor,org.pitest.mutationtest.engine.gregor.mutators.ConstructorCallMutator,doFlushStatements,146,NO_COVERAGE,none
BatchExecutor.java,org.apache.ibatis.executor.BatchExecutor,org.pitest.mutationtest.engine.gregor.mutators.IncrementsMutator,doFlushStatements,117,NO_COVERAGE,none
BatchExecutor.java,org.apache.ibatis.executor.BatchExecutor,org.pitest.mutationtest.engine.gregor.mutators.InlineConstantMutator,doFlushStatements,117,NO_COVERAGE,none
BatchExecutor.java,org.apache.ibatis.executor.BatchExecutor,org.pitest.mutationtest.engine.gregor.mutators.InlineConstantMutator,doFlushStatements,137,NO_COVERAGE,none
BatchExecutor.java,org.apache.ibatis.executor.BatchExecutor,org.pitest.mutationtest.engine.gregor.mutators.MathMutator,doFlushStatements,137,NO_COVERAGE,none
BatchExecutor.java,org.apache.ibatis.executor.BatchExecutor,org.pitest.mutationtest.engine.gregor.mutators.NegateConditionalsMutator,doFlushStatements,114,NO_COVERAGE,none
BatchExecutor.java,org.apache.ibatis.executor.BatchExecutor,org.pitest.mutationtest.engine.gregor.mutators.NegateConditionalsMutator,doFlushStatements,117,NO_COVERAGE,none
BatchExecutor.java,org.apache.ibatis.executor.BatchExecutor,org.pitest.mutationtest.engine.gregor.mutators.NegateConditionalsMutator,doFlushStatements,126,NO_COVERAGE,none
BatchExecutor.java,org.apache.ibatis.executor.BatchExecutor,org.pitest.mutationtest.engine.gregor.mutators.NegateConditionalsMutator,doFlushStatements,129,NO_COVERAGE,none
BatchExecutor.java,org.apache.ibatis.executor.BatchExecutor,org.pitest.mutationtest.engine.gregor.mutators.NegateConditionalsMutator,doFlushStatements,130,NO_COVERAGE,none
BatchExecutor.java,org.apache.ibatis.executor.BatchExecutor,org.pitest.mutationtest.engine.gregor.mutators.NegateConditionalsMutator,doFlushStatements,141,NO_COVERAGE,none
BatchExecutor.java,org.apache.ibatis.executor.BatchExecutor,org.pitest.mutationtest.engine.gregor.mutators.NegateConditionalsMutator,doFlushStatements,152,NO_COVERAGE,none
BatchExecutor.java,org.apache.ibatis.executor.BatchExecutor,org.pitest.mutationtest.engine.gregor.mutators.NonVoidMethodCallMutator,doFlushStatements,115,NO_COVERAGE,none
BatchExecutor.java,org.apache.ibatis.executor.BatchExecutor,org.pitest.mutationtest.engine.gregor.mutators.NonVoidMethodCallMutator,doFlushStatements,152,NO_COVERAGE,none
BatchExecutor.java,org.apache.ibatis.executor.BatchExecutor,org.pitest.mutationtest.engine.gregor.mutators.NonVoidMethodCallMutator,doFlushStatements,152,NO_COVERAGE,none
BatchExecutor.java,org.apache.ibatis.executor.BatchExecutor,org.pitest.mutationtest.engine.gregor.mutators.NonVoidMethodCallMutator,doFlushStatements,152,NO_COVERAGE,none
BatchExecutor.java,org.apache.ibatis.executor.BatchExecutor,org.pitest.mutationtest.engine.gregor.mutators.NonVoidMethodCallMutator,doFlushStatements,117,NO_COVERAGE,none
BatchExecutor.java,org.apache.ibatis.executor.BatchExecutor,org.pitest.mutationtest.engine.gregor.mutators.NonVoidMethodCallMutator,doFlushStatements,120,NO_COVERAGE,none
BatchExecutor.java,org.apache.ibatis.executor.BatchExecutor,org.pitest.mutationtest.engine.gregor.mutators.NonVoidMethodCallMutator,doFlushStatements,122,NO_COVERAGE,none
BatchExecutor.java,org.apache.ibatis.executor.BatchExecutor,org.pitest.mutationtest.engine.gregor.mutators.NonVoidMethodCallMutator,doFlushStatements,123,NO_COVERAGE,none
BatchExecutor.java,org.apache.ibatis.executor.BatchExecutor,org.pitest.mutationtest.engine.gregor.mutators.NonVoidMethodCallMutator,doFlushStatements,124,NO_COVERAGE,none
BatchExecutor.java,org.apache.ibatis.executor.BatchExecutor,org.pitest.mutationtest.engine.gregor.mutators.NonVoidMethodCallMutator,doFlushStatements,125,NO_COVERAGE,none
BatchExecutor.java,org.apache.ibatis.executor.BatchExecutor,org.pitest.mutationtest.engine.gregor.mutators.NonVoidMethodCallMutator,doFlushStatements,126,NO_COVERAGE,none
BatchExecutor.java,org.apache.ibatis.executor.BatchExecutor,org.pitest.mutationtest.engine.gregor.mutators.NonVoidMethodCallMutator,doFlushStatements,126,NO_COVERAGE,none
BatchExecutor.java,org.apache.ibatis.executor.BatchExecutor,org.pitest.mutationtest.engine.gregor.mutators.NonVoidMethodCallMutator,doFlushStatements,129,NO_COVERAGE,none
BatchExecutor.java,org.apache.ibatis.executor.BatchExecutor,org.pitest.mutationtest.engine.gregor.mutators.NonVoidMethodCallMutator,doFlushStatements,129,NO_COVERAGE,none
BatchExecutor.java,org.apache.ibatis.executor.BatchExecutor,org.pitest.mutationtest.engine.gregor.mutators.NonVoidMethodCallMutator,doFlushStatements,130,NO_COVERAGE,none
BatchExecutor.java,org.apache.ibatis.executor.BatchExecutor,org.pitest.mutationtest.engine.gregor.mutators.NonVoidMethodCallMutator,doFlushStatements,130,NO_COVERAGE,none
BatchExecutor.java,org.apache.ibatis.executor.BatchExecutor,org.pitest.mutationtest.engine.gregor.mutators.NonVoidMethodCallMutator,doFlushStatements,136,NO_COVERAGE,none
BatchExecutor.java,org.apache.ibatis.executor.BatchExecutor,org.pitest.mutationtest.engine.gregor.mutators.NonVoidMethodCallMutator,doFlushStatements,136,NO_COVERAGE,none
BatchExecutor.java,org.apache.ibatis.executor.BatchExecutor,org.pitest.mutationtest.engine.gregor.mutators.NonVoidMethodCallMutator,doFlushStatements,136,NO_COVERAGE,none
BatchExecutor.java,org.apache.ibatis.executor.BatchExecutor,org.pitest.mutationtest.engine.gregor.mutators.NonVoidMethodCallMutator,doFlushStatements,137,NO_COVERAGE,none
BatchExecutor.java,org.apache.ibatis.executor.BatchExecutor,org.pitest.mutationtest.engine.gregor.mutators.NonVoidMethodCallMutator,doFlushStatements,138,NO_COVERAGE,none
BatchExecutor.java,org.apache.ibatis.executor.BatchExecutor,org.pitest.mutationtest.engine.gregor.mutators.NonVoidMethodCallMutator,doFlushStatements,139,NO_COVERAGE,none
BatchExecutor.java,org.apache.ibatis.executor.BatchExecutor,org.pitest.mutationtest.engine.gregor.mutators.NonVoidMethodCallMutator,doFlushStatements,140,NO_COVERAGE,none
BatchExecutor.java,org.apache.ibatis.executor.BatchExecutor,org.pitest.mutationtest.engine.gregor.mutators.NonVoidMethodCallMutator,doFlushStatements,142,NO_COVERAGE,none
BatchExecutor.java,org.apache.ibatis.executor.BatchExecutor,org.pitest.mutationtest.engine.gregor.mutators.NonVoidMethodCallMutator,doFlushStatements,143,NO_COVERAGE,none
BatchExecutor.java,org.apache.ibatis.executor.BatchExecutor,org.pitest.mutationtest.engine.gregor.mutators.NonVoidMethodCallMutator,doFlushStatements,144,NO_COVERAGE,none
BatchExecutor.java,org.apache.ibatis.executor.BatchExecutor,org.pitest.mutationtest.engine.gregor.mutators.NonVoidMethodCallMutator,doFlushStatements,146,NO_COVERAGE,none
BatchExecutor.java,org.apache.ibatis.executor.BatchExecutor,org.pitest.mutationtest.engine.gregor.mutators.NonVoidMethodCallMutator,doFlushStatements,148,NO_COVERAGE,none
BatchExecutor.java,org.apache.ibatis.executor.BatchExecutor,org.pitest.mutationtest.engine.gregor.mutators.NonVoidMethodCallMutator,doFlushStatements,152,NO_COVERAGE,none
BatchExecutor.java,org.apache.ibatis.executor.BatchExecutor,org.pitest.mutationtest.engine.gregor.mutators.NonVoidMethodCallMutator,doFlushStatements,152,NO_COVERAGE,none
BatchExecutor.java,org.apache.ibatis.executor.BatchExecutor,org.pitest.mutationtest.engine.gregor.mutators.NonVoidMethodCallMutator,doFlushStatements,152,NO_COVERAGE,none
BatchExecutor.java,org.apache.ibatis.executor.BatchExecutor,org.pitest.mutationtest.engine.gregor.mutators.NonVoidMethodCallMutator,doFlushStatements,152,NO_COVERAGE,none
BatchExecutor.java,org.apache.ibatis.executor.BatchExecutor,org.pitest.mutationtest.engine.gregor.mutators.NonVoidMethodCallMutator,doFlushStatements,152,NO_COVERAGE,none
BatchExecutor.java,org.apache.ibatis.executor.BatchExecutor,org.pitest.mutationtest.engine.gregor.mutators.RemoveConditionalMutator_EQUAL_ELSE,doFlushStatements,114,NO_COVERAGE,none
BatchExecutor.java,org.apache.ibatis.executor.BatchExecutor,org.pitest.mutationtest.engine.gregor.mutators.RemoveConditionalMutator_EQUAL_ELSE,doFlushStatements,126,NO_COVERAGE,none
BatchExecutor.java,org.apache.ibatis.executor.BatchExecutor,org.pitest.mutationtest.engine.gregor.mutators.RemoveConditionalMutator_EQUAL_ELSE,doFlushStatements,129,NO_COVERAGE,none
BatchExecutor.java,org.apache.ibatis.executor.BatchExecutor,org.pitest.mutationtest.engine.gregor.mutators.RemoveConditionalMutator_EQUAL_ELSE,doFlushStatements,130,NO_COVERAGE,none
BatchExecutor.java,org.apache.ibatis.executor.BatchExecutor,org.pitest.mutationtest.engine.gregor.mutators.RemoveConditionalMutator_EQUAL_ELSE,doFlushStatements,152,NO_COVERAGE,none
BatchExecutor.java,org.apache.ibatis.executor.BatchExecutor,org.pitest.mutationtest.engine.gregor.mutators.RemoveConditionalMutator_EQUAL_IF,doFlushStatements,114,NO_COVERAGE,none
BatchExecutor.java,org.apache.ibatis.executor.BatchExecutor,org.pitest.mutationtest.engine.gregor.mutators.RemoveConditionalMutator_EQUAL_IF,doFlushStatements,126,NO_COVERAGE,none
BatchExecutor.java,org.apache.ibatis.executor.BatchExecutor,org.pitest.mutationtest.engine.gregor.mutators.RemoveConditionalMutator_EQUAL_IF,doFlushStatements,129,NO_COVERAGE,none
BatchExecutor.java,org.apache.ibatis.executor.BatchExecutor,org.pitest.mutationtest.engine.gregor.mutators.RemoveConditionalMutator_EQUAL_IF,doFlushStatements,130,NO_COVERAGE,none
BatchExecutor.java,org.apache.ibatis.executor.BatchExecutor,org.pitest.mutationtest.engine.gregor.mutators.RemoveConditionalMutator_EQUAL_IF,doFlushStatements,152,NO_COVERAGE,none
BatchExecutor.java,org.apache.ibatis.executor.BatchExecutor,org.pitest.mutationtest.engine.gregor.mutators.RemoveConditionalMutator_ORDER_ELSE,doFlushStatements,117,NO_COVERAGE,none
BatchExecutor.java,org.apache.ibatis.executor.BatchExecutor,org.pitest.mutationtest.engine.gregor.mutators.RemoveConditionalMutator_ORDER_ELSE,doFlushStatements,141,NO_COVERAGE,none
BatchExecutor.java,org.apache.ibatis.executor.BatchExecutor,org.pitest.mutationtest.engine.gregor.mutators.RemoveConditionalMutator_ORDER_IF,doFlushStatements,117,NO_COVERAGE,none
BatchExecutor.java,org.apache.ibatis.executor.BatchExecutor,org.pitest.mutationtest.engine.gregor.mutators.RemoveConditionalMutator_ORDER_IF,doFlushStatements,141,NO_COVERAGE,none
BatchExecutor.java,org.apache.ibatis.executor.BatchExecutor,org.pitest.mutationtest.engine.gregor.mutators.ReturnValsMutator,doFlushStatements,115,NO_COVERAGE,none
BatchExecutor.java,org.apache.ibatis.executor.BatchExecutor,org.pitest.mutationtest.engine.gregor.mutators.ReturnValsMutator,doFlushStatements,150,NO_COVERAGE,none
BatchExecutor.java,org.apache.ibatis.executor.BatchExecutor,org.pitest.mutationtest.engine.gregor.mutators.VoidMethodCallMutator,doFlushStatements,156,NO_COVERAGE,none
BatchExecutor.java,org.apache.ibatis.executor.BatchExecutor,org.pitest.mutationtest.engine.gregor.mutators.VoidMethodCallMutator,doFlushStatements,119,NO_COVERAGE,none
BatchExecutor.java,org.apache.ibatis.executor.BatchExecutor,org.pitest.mutationtest.engine.gregor.mutators.VoidMethodCallMutator,doFlushStatements,122,NO_COVERAGE,none
BatchExecutor.java,org.apache.ibatis.executor.BatchExecutor,org.pitest.mutationtest.engine.gregor.mutators.VoidMethodCallMutator,doFlushStatements,128,NO_COVERAGE,none
BatchExecutor.java,org.apache.ibatis.executor.BatchExecutor,org.pitest.mutationtest.engine.gregor.mutators.VoidMethodCallMutator,doFlushStatements,131,NO_COVERAGE,none
BatchExecutor.java,org.apache.ibatis.executor.BatchExecutor,org.pitest.mutationtest.engine.gregor.mutators.VoidMethodCallMutator,doFlushStatements,153,NO_COVERAGE,none
BatchExecutor.java,org.apache.ibatis.executor.BatchExecutor,org.pitest.mutationtest.engine.gregor.mutators.VoidMethodCallMutator,doFlushStatements,157,NO_COVERAGE,none
BatchExecutor.java,org.apache.ibatis.executor.BatchExecutor,org.pitest.mutationtest.engine.gregor.mutators.experimental.MemberVariableMutator,doFlushStatements,155,NO_COVERAGE,none
BatchExecutor.java,org.apache.ibatis.executor.BatchExecutor,org.pitest.mutationtest.engine.gregor.mutators.NonVoidMethodCallMutator,doQuery,87,NO_COVERAGE,none
BatchExecutor.java,org.apache.ibatis.executor.BatchExecutor,org.pitest.mutationtest.engine.gregor.mutators.NonVoidMethodCallMutator,doQuery,88,NO_COVERAGE,none
BatchExecutor.java,org.apache.ibatis.executor.BatchExecutor,org.pitest.mutationtest.engine.gregor.mutators.NonVoidMethodCallMutator,doQuery,89,NO_COVERAGE,none
BatchExecutor.java,org.apache.ibatis.executor.BatchExecutor,org.pitest.mutationtest.engine.gregor.mutators.NonVoidMethodCallMutator,doQuery,90,NO_COVERAGE,none
BatchExecutor.java,org.apache.ibatis.executor.BatchExecutor,org.pitest.mutationtest.engine.gregor.mutators.NonVoidMethodCallMutator,doQuery,90,NO_COVERAGE,none
BatchExecutor.java,org.apache.ibatis.executor.BatchExecutor,org.pitest.mutationtest.engine.gregor.mutators.NonVoidMethodCallMutator,doQuery,91,NO_COVERAGE,none
BatchExecutor.java,org.apache.ibatis.executor.BatchExecutor,org.pitest.mutationtest.engine.gregor.mutators.NonVoidMethodCallMutator,doQuery,91,NO_COVERAGE,none
BatchExecutor.java,org.apache.ibatis.executor.BatchExecutor,org.pitest.mutationtest.engine.gregor.mutators.NonVoidMethodCallMutator,doQuery,93,NO_COVERAGE,none
BatchExecutor.java,org.apache.ibatis.executor.BatchExecutor,org.pitest.mutationtest.engine.gregor.mutators.ReturnValsMutator,doQuery,93,NO_COVERAGE,none
BatchExecutor.java,org.apache.ibatis.executor.BatchExecutor,org.pitest.mutationtest.engine.gregor.mutators.VoidMethodCallMutator,doQuery,92,NO_COVERAGE,none
BatchExecutor.java,org.apache.ibatis.executor.BatchExecutor,org.pitest.mutationtest.engine.gregor.mutators.VoidMethodCallMutator,doQuery,95,NO_COVERAGE,none
BatchExecutor.java,org.apache.ibatis.executor.BatchExecutor,org.pitest.mutationtest.engine.gregor.mutators.NonVoidMethodCallMutator,doQueryCursor,101,NO_COVERAGE,none
BatchExecutor.java,org.apache.ibatis.executor.BatchExecutor,org.pitest.mutationtest.engine.gregor.mutators.NonVoidMethodCallMutator,doQueryCursor,102,NO_COVERAGE,none
BatchExecutor.java,org.apache.ibatis.executor.BatchExecutor,org.pitest.mutationtest.engine.gregor.mutators.NonVoidMethodCallMutator,doQueryCursor,103,NO_COVERAGE,none
BatchExecutor.java,org.apache.ibatis.executor.BatchExecutor,org.pitest.mutationtest.engine.gregor.mutators.NonVoidMethodCallMutator,doQueryCursor,104,NO_COVERAGE,none
BatchExecutor.java,org.apache.ibatis.executor.BatchExecutor,org.pitest.mutationtest.engine.gregor.mutators.NonVoidMethodCallMutator,doQueryCursor,104,NO_COVERAGE,none
BatchExecutor.java,org.apache.ibatis.executor.BatchExecutor,org.pitest.mutationtest.engine.gregor.mutators.NonVoidMethodCallMutator,doQueryCursor,105,NO_COVERAGE,none
BatchExecutor.java,org.apache.ibatis.executor.BatchExecutor,org.pitest.mutationtest.engine.gregor.mutators.NonVoidMethodCallMutator,doQueryCursor,105,NO_COVERAGE,none
BatchExecutor.java,org.apache.ibatis.executor.BatchExecutor,org.pitest.mutationtest.engine.gregor.mutators.NonVoidMethodCallMutator,doQueryCursor,107,NO_COVERAGE,none
BatchExecutor.java,org.apache.ibatis.executor.BatchExecutor,org.pitest.mutationtest.engine.gregor.mutators.ReturnValsMutator,doQueryCursor,107,NO_COVERAGE,none
BatchExecutor.java,org.apache.ibatis.executor.BatchExecutor,org.pitest.mutationtest.engine.gregor.mutators.VoidMethodCallMutator,doQueryCursor,106,NO_COVERAGE,none
BatchExecutor.java,org.apache.ibatis.executor.BatchExecutor,org.pitest.mutationtest.engine.gregor.mutators.ConstructorCallMutator,doUpdate,75,NO_COVERAGE,none
BatchExecutor.java,org.apache.ibatis.executor.BatchExecutor,org.pitest.mutationtest.engine.gregor.mutators.InlineConstantMutator,doUpdate,62,NO_COVERAGE,none
BatchExecutor.java,org.apache.ibatis.executor.BatchExecutor,org.pitest.mutationtest.engine.gregor.mutators.InlineConstantMutator,doUpdate,79,NO_COVERAGE,none
BatchExecutor.java,org.apache.ibatis.executor.BatchExecutor,org.pitest.mutationtest.engine.gregor.mutators.MathMutator,doUpdate,62,NO_COVERAGE,none
BatchExecutor.java,org.apache.ibatis.executor.BatchExecutor,org.pitest.mutationtest.engine.gregor.mutators.NegateConditionalsMutator,doUpdate,61,NO_COVERAGE,none
BatchExecutor.java,org.apache.ibatis.executor.BatchExecutor,org.pitest.mutationtest.engine.gregor.mutators.NegateConditionalsMutator,doUpdate,61,NO_COVERAGE,none
BatchExecutor.java,org.apache.ibatis.executor.BatchExecutor,org.pitest.mutationtest.engine.gregor.mutators.NonVoidMethodCallMutator,doUpdate,57,NO_COVERAGE,none
BatchExecutor.java,org.apache.ibatis.executor.BatchExecutor,org.pitest.mutationtest.engine.gregor.mutators.NonVoidMethodCallMutator,doUpdate,58,NO_COVERAGE,none
BatchExecutor.java,org.apache.ibatis.executor.BatchExecutor,org.pitest.mutationtest.engine.gregor.mutators.NonVoidMethodCallMutator,doUpdate,59,NO_COVERAGE,none
BatchExecutor.java,org.apache.ibatis.executor.BatchExecutor,org.pitest.mutationtest.engine.gregor.mutators.NonVoidMethodCallMutator,doUpdate,61,NO_COVERAGE,none
BatchExecutor.java,org.apache.ibatis.executor.BatchExecutor,org.pitest.mutationtest.engine.gregor.mutators.NonVoidMethodCallMutator,doUpdate,61,NO_COVERAGE,none
BatchExecutor.java,org.apache.ibatis.executor.BatchExecutor,org.pitest.mutationtest.engine.gregor.mutators.NonVoidMethodCallMutator,doUpdate,62,NO_COVERAGE,none
BatchExecutor.java,org.apache.ibatis.executor.BatchExecutor,org.pitest.mutationtest.engine.gregor.mutators.NonVoidMethodCallMutator,doUpdate,63,NO_COVERAGE,none
BatchExecutor.java,org.apache.ibatis.executor.BatchExecutor,org.pitest.mutationtest.engine.gregor.mutators.NonVoidMethodCallMutator,doUpdate,66,NO_COVERAGE,none
BatchExecutor.java,org.apache.ibatis.executor.BatchExecutor,org.pitest.mutationtest.engine.gregor.mutators.NonVoidMethodCallMutator,doUpdate,69,NO_COVERAGE,none
BatchExecutor.java,org.apache.ibatis.executor.BatchExecutor,org.pitest.mutationtest.engine.gregor.mutators.NonVoidMethodCallMutator,doUpdate,69,NO_COVERAGE,none
BatchExecutor.java,org.apache.ibatis.executor.BatchExecutor,org.pitest.mutationtest.engine.gregor.mutators.NonVoidMethodCallMutator,doUpdate,70,NO_COVERAGE,none
BatchExecutor.java,org.apache.ibatis.executor.BatchExecutor,org.pitest.mutationtest.engine.gregor.mutators.NonVoidMethodCallMutator,doUpdate,70,NO_COVERAGE,none
BatchExecutor.java,org.apache.ibatis.executor.BatchExecutor,org.pitest.mutationtest.engine.gregor.mutators.NonVoidMethodCallMutator,doUpdate,74,NO_COVERAGE,none
BatchExecutor.java,org.apache.ibatis.executor.BatchExecutor,org.pitest.mutationtest.engine.gregor.mutators.NonVoidMethodCallMutator,doUpdate,75,NO_COVERAGE,none
BatchExecutor.java,org.apache.ibatis.executor.BatchExecutor,org.pitest.mutationtest.engine.gregor.mutators.RemoveConditionalMutator_EQUAL_ELSE,doUpdate,61,NO_COVERAGE,none
BatchExecutor.java,org.apache.ibatis.executor.BatchExecutor,org.pitest.mutationtest.engine.gregor.mutators.RemoveConditionalMutator_EQUAL_ELSE,doUpdate,61,NO_COVERAGE,none
BatchExecutor.java,org.apache.ibatis.executor.BatchExecutor,org.pitest.mutationtest.engine.gregor.mutators.RemoveConditionalMutator_EQUAL_IF,doUpdate,61,NO_COVERAGE,none
BatchExecutor.java,org.apache.ibatis.executor.BatchExecutor,org.pitest.mutationtest.engine.gregor.mutators.RemoveConditionalMutator_EQUAL_IF,doUpdate,61,NO_COVERAGE,none
BatchExecutor.java,org.apache.ibatis.executor.BatchExecutor,org.pitest.mutationtest.engine.gregor.mutators.ReturnValsMutator,doUpdate,79,NO_COVERAGE,none
BatchExecutor.java,org.apache.ibatis.executor.BatchExecutor,org.pitest.mutationtest.engine.gregor.mutators.VoidMethodCallMutator,doUpdate,64,NO_COVERAGE,none
BatchExecutor.java,org.apache.ibatis.executor.BatchExecutor,org.pitest.mutationtest.engine.gregor.mutators.VoidMethodCallMutator,doUpdate,65,NO_COVERAGE,none
BatchExecutor.java,org.apache.ibatis.executor.BatchExecutor,org.pitest.mutationtest.engine.gregor.mutators.VoidMethodCallMutator,doUpdate,67,NO_COVERAGE,none
BatchExecutor.java,org.apache.ibatis.executor.BatchExecutor,org.pitest.mutationtest.engine.gregor.mutators.VoidMethodCallMutator,doUpdate,71,NO_COVERAGE,none
BatchExecutor.java,org.apache.ibatis.executor.BatchExecutor,org.pitest.mutationtest.engine.gregor.mutators.VoidMethodCallMutator,doUpdate,78,NO_COVERAGE,none
BatchExecutor.java,org.apache.ibatis.executor.BatchExecutor,org.pitest.mutationtest.engine.gregor.mutators.experimental.MemberVariableMutator,doUpdate,72,NO_COVERAGE,none
BatchExecutor.java,org.apache.ibatis.executor.BatchExecutor,org.pitest.mutationtest.engine.gregor.mutators.experimental.MemberVariableMutator,doUpdate,73,NO_COVERAGE,none
PoolState.java,org.apache.ibatis.datasource.pooled.PoolState,org.pitest.mutationtest.engine.gregor.mutators.ConstructorCallMutator,<init>,28,NO_COVERAGE,none
PoolState.java,org.apache.ibatis.datasource.pooled.PoolState,org.pitest.mutationtest.engine.gregor.mutators.ConstructorCallMutator,<init>,29,NO_COVERAGE,none
PoolState.java,org.apache.ibatis.datasource.pooled.PoolState,org.pitest.mutationtest.engine.gregor.mutators.InlineConstantMutator,<init>,30,NO_COVERAGE,none
PoolState.java,org.apache.ibatis.datasource.pooled.PoolState,org.pitest.mutationtest.engine.gregor.mutators.InlineConstantMutator,<init>,31,NO_COVERAGE,none
PoolState.java,org.apache.ibatis.datasource.pooled.PoolState,org.pitest.mutationtest.engine.gregor.mutators.InlineConstantMutator,<init>,32,NO_COVERAGE,none
PoolState.java,org.apache.ibatis.datasource.pooled.PoolState,org.pitest.mutationtest.engine.gregor.mutators.InlineConstantMutator,<init>,33,NO_COVERAGE,none
PoolState.java,org.apache.ibatis.datasource.pooled.PoolState,org.pitest.mutationtest.engine.gregor.mutators.InlineConstantMutator,<init>,34,NO_COVERAGE,none
PoolState.java,org.apache.ibatis.datasource.pooled.PoolState,org.pitest.mutationtest.engine.gregor.mutators.InlineConstantMutator,<init>,35,NO_COVERAGE,none
PoolState.java,org.apache.ibatis.datasource.pooled.PoolState,org.pitest.mutationtest.engine.gregor.mutators.InlineConstantMutator,<init>,36,NO_COVERAGE,none
PoolState.java,org.apache.ibatis.datasource.pooled.PoolState,org.pitest.mutationtest.engine.gregor.mutators.InlineConstantMutator,<init>,37,NO_COVERAGE,none
PoolState.java,org.apache.ibatis.datasource.pooled.PoolState,org.pitest.mutationtest.engine.gregor.mutators.experimental.MemberVariableMutator,<init>,28,NO_COVERAGE,none
PoolState.java,org.apache.ibatis.datasource.pooled.PoolState,org.pitest.mutationtest.engine.gregor.mutators.experimental.MemberVariableMutator,<init>,29,NO_COVERAGE,none
PoolState.java,org.apache.ibatis.datasource.pooled.PoolState,org.pitest.mutationtest.engine.gregor.mutators.experimental.MemberVariableMutator,<init>,30,NO_COVERAGE,none
PoolState.java,org.apache.ibatis.datasource.pooled.PoolState,org.pitest.mutationtest.engine.gregor.mutators.experimental.MemberVariableMutator,<init>,31,NO_COVERAGE,none
PoolState.java,org.apache.ibatis.datasource.pooled.PoolState,org.pitest.mutationtest.engine.gregor.mutators.experimental.MemberVariableMutator,<init>,32,NO_COVERAGE,none
PoolState.java,org.apache.ibatis.datasource.pooled.PoolState,org.pitest.mutationtest.engine.gregor.mutators.experimental.MemberVariableMutator,<init>,33,NO_COVERAGE,none
PoolState.java,org.apache.ibatis.datasource.pooled.PoolState,org.pitest.mutationtest.engine.gregor.mutators.experimental.MemberVariableMutator,<init>,34,NO_COVERAGE,none
PoolState.java,org.apache.ibatis.datasource.pooled.PoolState,org.pitest.mutationtest.engine.gregor.mutators.experimental.MemberVariableMutator,<init>,35,NO_COVERAGE,none
PoolState.java,org.apache.ibatis.datasource.pooled.PoolState,org.pitest.mutationtest.engine.gregor.mutators.experimental.MemberVariableMutator,<init>,36,NO_COVERAGE,none
PoolState.java,org.apache.ibatis.datasource.pooled.PoolState,org.pitest.mutationtest.engine.gregor.mutators.experimental.MemberVariableMutator,<init>,37,NO_COVERAGE,none
PoolState.java,org.apache.ibatis.datasource.pooled.PoolState,org.pitest.mutationtest.engine.gregor.mutators.experimental.MemberVariableMutator,<init>,40,NO_COVERAGE,none
PoolState.java,org.apache.ibatis.datasource.pooled.PoolState,org.pitest.mutationtest.engine.gregor.mutators.NonVoidMethodCallMutator,getActiveConnectionCount,82,NO_COVERAGE,none
PoolState.java,org.apache.ibatis.datasource.pooled.PoolState,org.pitest.mutationtest.engine.gregor.mutators.ReturnValsMutator,getActiveConnectionCount,82,NO_COVERAGE,none
PoolState.java,org.apache.ibatis.datasource.pooled.PoolState,org.pitest.mutationtest.engine.gregor.mutators.InlineConstantMutator,getAverageCheckoutTime,73,NO_COVERAGE,none
PoolState.java,org.apache.ibatis.datasource.pooled.PoolState,org.pitest.mutationtest.engine.gregor.mutators.InlineConstantMutator,getAverageCheckoutTime,73,NO_COVERAGE,none
PoolState.java,org.apache.ibatis.datasource.pooled.PoolState,org.pitest.mutationtest.engine.gregor.mutators.MathMutator,getAverageCheckoutTime,73,NO_COVERAGE,none
PoolState.java,org.apache.ibatis.datasource.pooled.PoolState,org.pitest.mutationtest.engine.gregor.mutators.NegateConditionalsMutator,getAverageCheckoutTime,73,NO_COVERAGE,none
PoolState.java,org.apache.ibatis.datasource.pooled.PoolState,org.pitest.mutationtest.engine.gregor.mutators.RemoveConditionalMutator_EQUAL_ELSE,getAverageCheckoutTime,73,NO_COVERAGE,none
PoolState.java,org.apache.ibatis.datasource.pooled.PoolState,org.pitest.mutationtest.engine.gregor.mutators.RemoveConditionalMutator_EQUAL_IF,getAverageCheckoutTime,73,NO_COVERAGE,none
PoolState.java,org.apache.ibatis.datasource.pooled.PoolState,org.pitest.mutationtest.engine.gregor.mutators.ReturnValsMutator,getAverageCheckoutTime,73,NO_COVERAGE,none
PoolState.java,org.apache.ibatis.datasource.pooled.PoolState,org.pitest.mutationtest.engine.gregor.mutators.InlineConstantMutator,getAverageOverdueCheckoutTime,69,NO_COVERAGE,none
PoolState.java,org.apache.ibatis.datasource.pooled.PoolState,org.pitest.mutationtest.engine.gregor.mutators.InlineConstantMutator,getAverageOverdueCheckoutTime,69,NO_COVERAGE,none
PoolState.java,org.apache.ibatis.datasource.pooled.PoolState,org.pitest.mutationtest.engine.gregor.mutators.MathMutator,getAverageOverdueCheckoutTime,69,NO_COVERAGE,none
PoolState.java,org.apache.ibatis.datasource.pooled.PoolState,org.pitest.mutationtest.engine.gregor.mutators.NegateConditionalsMutator,getAverageOverdueCheckoutTime,69,NO_COVERAGE,none
PoolState.java,org.apache.ibatis.datasource.pooled.PoolState,org.pitest.mutationtest.engine.gregor.mutators.RemoveConditionalMutator_EQUAL_ELSE,getAverageOverdueCheckoutTime,69,NO_COVERAGE,none
PoolState.java,org.apache.ibatis.datasource.pooled.PoolState,org.pitest.mutationtest.engine.gregor.mutators.RemoveConditionalMutator_EQUAL_IF,getAverageOverdueCheckoutTime,69,NO_COVERAGE,none
PoolState.java,org.apache.ibatis.datasource.pooled.PoolState,org.pitest.mutationtest.engine.gregor.mutators.ReturnValsMutator,getAverageOverdueCheckoutTime,69,NO_COVERAGE,none
PoolState.java,org.apache.ibatis.datasource.pooled.PoolState,org.pitest.mutationtest.engine.gregor.mutators.InlineConstantMutator,getAverageRequestTime,48,NO_COVERAGE,none
PoolState.java,org.apache.ibatis.datasource.pooled.PoolState,org.pitest.mutationtest.engine.gregor.mutators.InlineConstantMutator,getAverageRequestTime,48,NO_COVERAGE,none
PoolState.java,org.apache.ibatis.datasource.pooled.PoolState,org.pitest.mutationtest.engine.gregor.mutators.MathMutator,getAverageRequestTime,48,NO_COVERAGE,none
PoolState.java,org.apache.ibatis.datasource.pooled.PoolState,org.pitest.mutationtest.engine.gregor.mutators.NegateConditionalsMutator,getAverageRequestTime,48,NO_COVERAGE,none
PoolState.java,org.apache.ibatis.datasource.pooled.PoolState,org.pitest.mutationtest.engine.gregor.mutators.RemoveConditionalMutator_EQUAL_ELSE,getAverageRequestTime,48,NO_COVERAGE,none
PoolState.java,org.apache.ibatis.datasource.pooled.PoolState,org.pitest.mutationtest.engine.gregor.mutators.RemoveConditionalMutator_EQUAL_IF,getAverageRequestTime,48,NO_COVERAGE,none
PoolState.java,org.apache.ibatis.datasource.pooled.PoolState,org.pitest.mutationtest.engine.gregor.mutators.ReturnValsMutator,getAverageRequestTime,48,NO_COVERAGE,none
PoolState.java,org.apache.ibatis.datasource.pooled.PoolState,org.pitest.mutationtest.engine.gregor.mutators.InlineConstantMutator,getAverageWaitTime,52,NO_COVERAGE,none
PoolState.java,org.apache.ibatis.datasource.pooled.PoolState,org.pitest.mutationtest.engine.gregor.mutators.InlineConstantMutator,getAverageWaitTime,52,NO_COVERAGE,none
PoolState.java,org.apache.ibatis.datasource.pooled.PoolState,org.pitest.mutationtest.engine.gregor.mutators.MathMutator,getAverageWaitTime,52,NO_COVERAGE,none
PoolState.java,org.apache.ibatis.datasource.pooled.PoolState,org.pitest.mutationtest.engine.gregor.mutators.NegateConditionalsMutator,getAverageWaitTime,52,NO_COVERAGE,none
PoolState.java,org.apache.ibatis.datasource.pooled.PoolState,org.pitest.mutationtest.engine.gregor.mutators.RemoveConditionalMutator_EQUAL_ELSE,getAverageWaitTime,52,NO_COVERAGE,none
PoolState.java,org.apache.ibatis.datasource.pooled.PoolState,org.pitest.mutationtest.engine.gregor.mutators.RemoveConditionalMutator_EQUAL_IF,getAverageWaitTime,52,NO_COVERAGE,none
PoolState.java,org.apache.ibatis.datasource.pooled.PoolState,org.pitest.mutationtest.engine.gregor.mutators.ReturnValsMutator,getAverageWaitTime,52,NO_COVERAGE,none
PoolState.java,org.apache.ibatis.datasource.pooled.PoolState,org.pitest.mutationtest.engine.gregor.mutators.ReturnValsMutator,getBadConnectionCount,61,NO_COVERAGE,none
PoolState.java,org.apache.ibatis.datasource.pooled.PoolState,org.pitest.mutationtest.engine.gregor.mutators.ReturnValsMutator,getClaimedOverdueConnectionCount,65,NO_COVERAGE,none
PoolState.java,org.apache.ibatis.datasource.pooled.PoolState,org.pitest.mutationtest.engine.gregor.mutators.ReturnValsMutator,getHadToWaitCount,57,NO_COVERAGE,none
PoolState.java,org.apache.ibatis.datasource.pooled.PoolState,org.pitest.mutationtest.engine.gregor.mutators.NonVoidMethodCallMutator,getIdleConnectionCount,78,NO_COVERAGE,none
PoolState.java,org.apache.ibatis.datasource.pooled.PoolState,org.pitest.mutationtest.engine.gregor.mutators.ReturnValsMutator,getIdleConnectionCount,78,NO_COVERAGE,none
PoolState.java,org.apache.ibatis.datasource.pooled.PoolState,org.pitest.mutationtest.engine.gregor.mutators.ReturnValsMutator,getRequestCount,44,NO_COVERAGE,none
PoolState.java,org.apache.ibatis.datasource.pooled.PoolState,org.pitest.mutationtest.engine.gregor.mutators.ConstructorCallMutator,toString,87,NO_COVERAGE,none
PoolState.java,org.apache.ibatis.datasource.pooled.PoolState,org.pitest.mutationtest.engine.gregor.mutators.NegateConditionalsMutator,toString,92,NO_COVERAGE,none
PoolState.java,org.apache.ibatis.datasource.pooled.PoolState,org.pitest.mutationtest.engine.gregor.mutators.NonVoidMethodCallMutator,toString,88,NO_COVERAGE,none
PoolState.java,org.apache.ibatis.datasource.pooled.PoolState,org.pitest.mutationtest.engine.gregor.mutators.NonVoidMethodCallMutator,toString,89,NO_COVERAGE,none
PoolState.java,org.apache.ibatis.datasource.pooled.PoolState,org.pitest.mutationtest.engine.gregor.mutators.NonVoidMethodCallMutator,toString,89,NO_COVERAGE,none
PoolState.java,org.apache.ibatis.datasource.pooled.PoolState,org.pitest.mutationtest.engine.gregor.mutators.NonVoidMethodCallMutator,toString,89,NO_COVERAGE,none
PoolState.java,org.apache.ibatis.datasource.pooled.PoolState,org.pitest.mutationtest.engine.gregor.mutators.NonVoidMethodCallMutator,toString,90,NO_COVERAGE,none
PoolState.java,org.apache.ibatis.datasource.pooled.PoolState,org.pitest.mutationtest.engine.gregor.mutators.NonVoidMethodCallMutator,toString,90,NO_COVERAGE,none
PoolState.java,org.apache.ibatis.datasource.pooled.PoolState,org.pitest.mutationtest.engine.gregor.mutators.NonVoidMethodCallMutator,toString,90,NO_COVERAGE,none
PoolState.java,org.apache.ibatis.datasource.pooled.PoolState,org.pitest.mutationtest.engine.gregor.mutators.NonVoidMethodCallMutator,toString,91,NO_COVERAGE,none
PoolState.java,org.apache.ibatis.datasource.pooled.PoolState,org.pitest.mutationtest.engine.gregor.mutators.NonVoidMethodCallMutator,toString,91,NO_COVERAGE,none
PoolState.java,org.apache.ibatis.datasource.pooled.PoolState,org.pitest.mutationtest.engine.gregor.mutators.NonVoidMethodCallMutator,toString,91,NO_COVERAGE,none
PoolState.java,org.apache.ibatis.datasource.pooled.PoolState,org.pitest.mutationtest.engine.gregor.mutators.NonVoidMethodCallMutator,toString,92,NO_COVERAGE,none
PoolState.java,org.apache.ibatis.datasource.pooled.PoolState,org.pitest.mutationtest.engine.gregor.mutators.NonVoidMethodCallMutator,toString,92,NO_COVERAGE,none
PoolState.java,org.apache.ibatis.datasource.pooled.PoolState,org.pitest.mutationtest.engine.gregor.mutators.NonVoidMethodCallMutator,toString,92,NO_COVERAGE,none
PoolState.java,org.apache.ibatis.datasource.pooled.PoolState,org.pitest.mutationtest.engine.gregor.mutators.NonVoidMethodCallMutator,toString,93,NO_COVERAGE,none
PoolState.java,org.apache.ibatis.datasource.pooled.PoolState,org.pitest.mutationtest.engine.gregor.mutators.NonVoidMethodCallMutator,toString,93,NO_COVERAGE,none
PoolState.java,org.apache.ibatis.datasource.pooled.PoolState,org.pitest.mutationtest.engine.gregor.mutators.NonVoidMethodCallMutator,toString,94,NO_COVERAGE,none
PoolState.java,org.apache.ibatis.datasource.pooled.PoolState,org.pitest.mutationtest.engine.gregor.mutators.NonVoidMethodCallMutator,toString,94,NO_COVERAGE,none
PoolState.java,org.apache.ibatis.datasource.pooled.PoolState,org.pitest.mutationtest.engine.gregor.mutators.NonVoidMethodCallMutator,toString,95,NO_COVERAGE,none
PoolState.java,org.apache.ibatis.datasource.pooled.PoolState,org.pitest.mutationtest.engine.gregor.mutators.NonVoidMethodCallMutator,toString,95,NO_COVERAGE,none
PoolState.java,org.apache.ibatis.datasource.pooled.PoolState,org.pitest.mutationtest.engine.gregor.mutators.NonVoidMethodCallMutator,toString,96,NO_COVERAGE,none
PoolState.java,org.apache.ibatis.datasource.pooled.PoolState,org.pitest.mutationtest.engine.gregor.mutators.NonVoidMethodCallMutator,toString,96,NO_COVERAGE,none
PoolState.java,org.apache.ibatis.datasource.pooled.PoolState,org.pitest.mutationtest.engine.gregor.mutators.NonVoidMethodCallMutator,toString,97,NO_COVERAGE,none
PoolState.java,org.apache.ibatis.datasource.pooled.PoolState,org.pitest.mutationtest.engine.gregor.mutators.NonVoidMethodCallMutator,toString,97,NO_COVERAGE,none
PoolState.java,org.apache.ibatis.datasource.pooled.PoolState,org.pitest.mutationtest.engine.gregor.mutators.NonVoidMethodCallMutator,toString,98,NO_COVERAGE,none
PoolState.java,org.apache.ibatis.datasource.pooled.PoolState,org.pitest.mutationtest.engine.gregor.mutators.NonVoidMethodCallMutator,toString,98,NO_COVERAGE,none
PoolState.java,org.apache.ibatis.datasource.pooled.PoolState,org.pitest.mutationtest.engine.gregor.mutators.NonVoidMethodCallMutator,toString,99,NO_COVERAGE,none
PoolState.java,org.apache.ibatis.datasource.pooled.PoolState,org.pitest.mutationtest.engine.gregor.mutators.NonVoidMethodCallMutator,toString,99,NO_COVERAGE,none
PoolState.java,org.apache.ibatis.datasource.pooled.PoolState,org.pitest.mutationtest.engine.gregor.mutators.NonVoidMethodCallMutator,toString,100,NO_COVERAGE,none
PoolState.java,org.apache.ibatis.datasource.pooled.PoolState,org.pitest.mutationtest.engine.gregor.mutators.NonVoidMethodCallMutator,toString,101,NO_COVERAGE,none
PoolState.java,org.apache.ibatis.datasource.pooled.PoolState,org.pitest.mutationtest.engine.gregor.mutators.NonVoidMethodCallMutator,toString,101,NO_COVERAGE,none
PoolState.java,org.apache.ibatis.datasource.pooled.PoolState,org.pitest.mutationtest.engine.gregor.mutators.NonVoidMethodCallMutator,toString,101,NO_COVERAGE,none
PoolState.java,org.apache.ibatis.datasource.pooled.PoolState,org.pitest.mutationtest.engine.gregor.mutators.NonVoidMethodCallMutator,toString,102,NO_COVERAGE,none
PoolState.java,org.apache.ibatis.datasource.pooled.PoolState,org.pitest.mutationtest.engine.gregor.mutators.NonVoidMethodCallMutator,toString,102,NO_COVERAGE,none
PoolState.java,org.apache.ibatis.datasource.pooled.PoolState,org.pitest.mutationtest.engine.gregor.mutators.NonVoidMethodCallMutator,toString,102,NO_COVERAGE,none
PoolState.java,org.apache.ibatis.datasource.pooled.PoolState,org.pitest.mutationtest.engine.gregor.mutators.NonVoidMethodCallMutator,toString,103,NO_COVERAGE,none
PoolState.java,org.apache.ibatis.datasource.pooled.PoolState,org.pitest.mutationtest.engine.gregor.mutators.NonVoidMethodCallMutator,toString,103,NO_COVERAGE,none
PoolState.java,org.apache.ibatis.datasource.pooled.PoolState,org.pitest.mutationtest.engine.gregor.mutators.NonVoidMethodCallMutator,toString,103,NO_COVERAGE,none
PoolState.java,org.apache.ibatis.datasource.pooled.PoolState,org.pitest.mutationtest.engine.gregor.mutators.NonVoidMethodCallMutator,toString,104,NO_COVERAGE,none
PoolState.java,org.apache.ibatis.datasource.pooled.PoolState,org.pitest.mutationtest.engine.gregor.mutators.NonVoidMethodCallMutator,toString,104,NO_COVERAGE,none
PoolState.java,org.apache.ibatis.datasource.pooled.PoolState,org.pitest.mutationtest.engine.gregor.mutators.NonVoidMethodCallMutator,toString,104,NO_COVERAGE,none
PoolState.java,org.apache.ibatis.datasource.pooled.PoolState,org.pitest.mutationtest.engine.gregor.mutators.NonVoidMethodCallMutator,toString,105,NO_COVERAGE,none
PoolState.java,org.apache.ibatis.datasource.pooled.PoolState,org.pitest.mutationtest.engine.gregor.mutators.NonVoidMethodCallMutator,toString,105,NO_COVERAGE,none
PoolState.java,org.apache.ibatis.datasource.pooled.PoolState,org.pitest.mutationtest.engine.gregor.mutators.NonVoidMethodCallMutator,toString,105,NO_COVERAGE,none
PoolState.java,org.apache.ibatis.datasource.pooled.PoolState,org.pitest.mutationtest.engine.gregor.mutators.NonVoidMethodCallMutator,toString,106,NO_COVERAGE,none
PoolState.java,org.apache.ibatis.datasource.pooled.PoolState,org.pitest.mutationtest.engine.gregor.mutators.NonVoidMethodCallMutator,toString,106,NO_COVERAGE,none
PoolState.java,org.apache.ibatis.datasource.pooled.PoolState,org.pitest.mutationtest.engine.gregor.mutators.NonVoidMethodCallMutator,toString,106,NO_COVERAGE,none
PoolState.java,org.apache.ibatis.datasource.pooled.PoolState,org.pitest.mutationtest.engine.gregor.mutators.NonVoidMethodCallMutator,toString,107,NO_COVERAGE,none
PoolState.java,org.apache.ibatis.datasource.pooled.PoolState,org.pitest.mutationtest.engine.gregor.mutators.NonVoidMethodCallMutator,toString,107,NO_COVERAGE,none
PoolState.java,org.apache.ibatis.datasource.pooled.PoolState,org.pitest.mutationtest.engine.gregor.mutators.NonVoidMethodCallMutator,toString,107,NO_COVERAGE,none
PoolState.java,org.apache.ibatis.datasource.pooled.PoolState,org.pitest.mutationtest.engine.gregor.mutators.NonVoidMethodCallMutator,toString,108,NO_COVERAGE,none
PoolState.java,org.apache.ibatis.datasource.pooled.PoolState,org.pitest.mutationtest.engine.gregor.mutators.NonVoidMethodCallMutator,toString,108,NO_COVERAGE,none
PoolState.java,org.apache.ibatis.datasource.pooled.PoolState,org.pitest.mutationtest.engine.gregor.mutators.NonVoidMethodCallMutator,toString,108,NO_COVERAGE,none
PoolState.java,org.apache.ibatis.datasource.pooled.PoolState,org.pitest.mutationtest.engine.gregor.mutators.NonVoidMethodCallMutator,toString,109,NO_COVERAGE,none
PoolState.java,org.apache.ibatis.datasource.pooled.PoolState,org.pitest.mutationtest.engine.gregor.mutators.NonVoidMethodCallMutator,toString,109,NO_COVERAGE,none
PoolState.java,org.apache.ibatis.datasource.pooled.PoolState,org.pitest.mutationtest.engine.gregor.mutators.NonVoidMethodCallMutator,toString,109,NO_COVERAGE,none
PoolState.java,org.apache.ibatis.datasource.pooled.PoolState,org.pitest.mutationtest.engine.gregor.mutators.NonVoidMethodCallMutator,toString,110,NO_COVERAGE,none
PoolState.java,org.apache.ibatis.datasource.pooled.PoolState,org.pitest.mutationtest.engine.gregor.mutators.NonVoidMethodCallMutator,toString,110,NO_COVERAGE,none
PoolState.java,org.apache.ibatis.datasource.pooled.PoolState,org.pitest.mutationtest.engine.gregor.mutators.NonVoidMethodCallMutator,toString,110,NO_COVERAGE,none
PoolState.java,org.apache.ibatis.datasource.pooled.PoolState,org.pitest.mutationtest.engine.gregor.mutators.NonVoidMethodCallMutator,toString,111,NO_COVERAGE,none
PoolState.java,org.apache.ibatis.datasource.pooled.PoolState,org.pitest.mutationtest.engine.gregor.mutators.NonVoidMethodCallMutator,toString,112,NO_COVERAGE,none
PoolState.java,org.apache.ibatis.datasource.pooled.PoolState,org.pitest.mutationtest.engine.gregor.mutators.RemoveConditionalMutator_EQUAL_ELSE,toString,92,NO_COVERAGE,none
PoolState.java,org.apache.ibatis.datasource.pooled.PoolState,org.pitest.mutationtest.engine.gregor.mutators.RemoveConditionalMutator_EQUAL_IF,toString,92,NO_COVERAGE,none
PoolState.java,org.apache.ibatis.datasource.pooled.PoolState,org.pitest.mutationtest.engine.gregor.mutators.ReturnValsMutator,toString,112,NO_COVERAGE,none
AbstractSQL.java,org.apache.ibatis.jdbc.AbstractSQL$SQLStatement,org.pitest.mutationtest.engine.gregor.mutators.ConstructorCallMutator,<init>,315,NO_COVERAGE,none
AbstractSQL.java,org.apache.ibatis.jdbc.AbstractSQL$SQLStatement,org.pitest.mutationtest.engine.gregor.mutators.ConstructorCallMutator,<init>,316,NO_COVERAGE,none
AbstractSQL.java,org.apache.ibatis.jdbc.AbstractSQL$SQLStatement,org.pitest.mutationtest.engine.gregor.mutators.ConstructorCallMutator,<init>,317,NO_COVERAGE,none
AbstractSQL.java,org.apache.ibatis.jdbc.AbstractSQL$SQLStatement,org.pitest.mutationtest.engine.gregor.mutators.ConstructorCallMutator,<init>,318,NO_COVERAGE,none
AbstractSQL.java,org.apache.ibatis.jdbc.AbstractSQL$SQLStatement,org.pitest.mutationtest.engine.gregor.mutators.ConstructorCallMutator,<init>,319,NO_COVERAGE,none
AbstractSQL.java,org.apache.ibatis.jdbc.AbstractSQL$SQLStatement,org.pitest.mutationtest.engine.gregor.mutators.ConstructorCallMutator,<init>,320,NO_COVERAGE,none
AbstractSQL.java,org.apache.ibatis.jdbc.AbstractSQL$SQLStatement,org.pitest.mutationtest.engine.gregor.mutators.ConstructorCallMutator,<init>,321,NO_COVERAGE,none
AbstractSQL.java,org.apache.ibatis.jdbc.AbstractSQL$SQLStatement,org.pitest.mutationtest.engine.gregor.mutators.ConstructorCallMutator,<init>,322,NO_COVERAGE,none
AbstractSQL.java,org.apache.ibatis.jdbc.AbstractSQL$SQLStatement,org.pitest.mutationtest.engine.gregor.mutators.ConstructorCallMutator,<init>,323,NO_COVERAGE,none
AbstractSQL.java,org.apache.ibatis.jdbc.AbstractSQL$SQLStatement,org.pitest.mutationtest.engine.gregor.mutators.ConstructorCallMutator,<init>,324,NO_COVERAGE,none
AbstractSQL.java,org.apache.ibatis.jdbc.AbstractSQL$SQLStatement,org.pitest.mutationtest.engine.gregor.mutators.ConstructorCallMutator,<init>,325,NO_COVERAGE,none
AbstractSQL.java,org.apache.ibatis.jdbc.AbstractSQL$SQLStatement,org.pitest.mutationtest.engine.gregor.mutators.ConstructorCallMutator,<init>,326,NO_COVERAGE,none
AbstractSQL.java,org.apache.ibatis.jdbc.AbstractSQL$SQLStatement,org.pitest.mutationtest.engine.gregor.mutators.ConstructorCallMutator,<init>,327,NO_COVERAGE,none
AbstractSQL.java,org.apache.ibatis.jdbc.AbstractSQL$SQLStatement,org.pitest.mutationtest.engine.gregor.mutators.ConstructorCallMutator,<init>,328,NO_COVERAGE,none
AbstractSQL.java,org.apache.ibatis.jdbc.AbstractSQL$SQLStatement,org.pitest.mutationtest.engine.gregor.mutators.ConstructorCallMutator,<init>,329,NO_COVERAGE,none
AbstractSQL.java,org.apache.ibatis.jdbc.AbstractSQL$SQLStatement,org.pitest.mutationtest.engine.gregor.mutators.experimental.MemberVariableMutator,<init>,315,NO_COVERAGE,none
AbstractSQL.java,org.apache.ibatis.jdbc.AbstractSQL$SQLStatement,org.pitest.mutationtest.engine.gregor.mutators.experimental.MemberVariableMutator,<init>,316,NO_COVERAGE,none
AbstractSQL.java,org.apache.ibatis.jdbc.AbstractSQL$SQLStatement,org.pitest.mutationtest.engine.gregor.mutators.experimental.MemberVariableMutator,<init>,317,NO_COVERAGE,none
AbstractSQL.java,org.apache.ibatis.jdbc.AbstractSQL$SQLStatement,org.pitest.mutationtest.engine.gregor.mutators.experimental.MemberVariableMutator,<init>,318,NO_COVERAGE,none
AbstractSQL.java,org.apache.ibatis.jdbc.AbstractSQL$SQLStatement,org.pitest.mutationtest.engine.gregor.mutators.experimental.MemberVariableMutator,<init>,319,NO_COVERAGE,none
AbstractSQL.java,org.apache.ibatis.jdbc.AbstractSQL$SQLStatement,org.pitest.mutationtest.engine.gregor.mutators.experimental.MemberVariableMutator,<init>,320,NO_COVERAGE,none
AbstractSQL.java,org.apache.ibatis.jdbc.AbstractSQL$SQLStatement,org.pitest.mutationtest.engine.gregor.mutators.experimental.MemberVariableMutator,<init>,321,NO_COVERAGE,none
AbstractSQL.java,org.apache.ibatis.jdbc.AbstractSQL$SQLStatement,org.pitest.mutationtest.engine.gregor.mutators.experimental.MemberVariableMutator,<init>,322,NO_COVERAGE,none
AbstractSQL.java,org.apache.ibatis.jdbc.AbstractSQL$SQLStatement,org.pitest.mutationtest.engine.gregor.mutators.experimental.MemberVariableMutator,<init>,323,NO_COVERAGE,none
AbstractSQL.java,org.apache.ibatis.jdbc.AbstractSQL$SQLStatement,org.pitest.mutationtest.engine.gregor.mutators.experimental.MemberVariableMutator,<init>,324,NO_COVERAGE,none
AbstractSQL.java,org.apache.ibatis.jdbc.AbstractSQL$SQLStatement,org.pitest.mutationtest.engine.gregor.mutators.experimental.MemberVariableMutator,<init>,325,NO_COVERAGE,none
AbstractSQL.java,org.apache.ibatis.jdbc.AbstractSQL$SQLStatement,org.pitest.mutationtest.engine.gregor.mutators.experimental.MemberVariableMutator,<init>,326,NO_COVERAGE,none
AbstractSQL.java,org.apache.ibatis.jdbc.AbstractSQL$SQLStatement,org.pitest.mutationtest.engine.gregor.mutators.experimental.MemberVariableMutator,<init>,327,NO_COVERAGE,none
AbstractSQL.java,org.apache.ibatis.jdbc.AbstractSQL$SQLStatement,org.pitest.mutationtest.engine.gregor.mutators.experimental.MemberVariableMutator,<init>,328,NO_COVERAGE,none
AbstractSQL.java,org.apache.ibatis.jdbc.AbstractSQL$SQLStatement,org.pitest.mutationtest.engine.gregor.mutators.experimental.MemberVariableMutator,<init>,329,NO_COVERAGE,none
AbstractSQL.java,org.apache.ibatis.jdbc.AbstractSQL$SQLStatement,org.pitest.mutationtest.engine.gregor.mutators.NonVoidMethodCallMutator,deleteSQL,388,NO_COVERAGE,none
AbstractSQL.java,org.apache.ibatis.jdbc.AbstractSQL$SQLStatement,org.pitest.mutationtest.engine.gregor.mutators.ReturnValsMutator,deleteSQL,388,NO_COVERAGE,none
AbstractSQL.java,org.apache.ibatis.jdbc.AbstractSQL$SQLStatement,org.pitest.mutationtest.engine.gregor.mutators.VoidMethodCallMutator,deleteSQL,386,NO_COVERAGE,none
AbstractSQL.java,org.apache.ibatis.jdbc.AbstractSQL$SQLStatement,org.pitest.mutationtest.engine.gregor.mutators.VoidMethodCallMutator,deleteSQL,387,NO_COVERAGE,none
AbstractSQL.java,org.apache.ibatis.jdbc.AbstractSQL$SQLStatement,org.pitest.mutationtest.engine.gregor.mutators.NonVoidMethodCallMutator,insertSQL,382,NO_COVERAGE,none
AbstractSQL.java,org.apache.ibatis.jdbc.AbstractSQL$SQLStatement,org.pitest.mutationtest.engine.gregor.mutators.ReturnValsMutator,insertSQL,382,NO_COVERAGE,none
AbstractSQL.java,org.apache.ibatis.jdbc.AbstractSQL$SQLStatement,org.pitest.mutationtest.engine.gregor.mutators.VoidMethodCallMutator,insertSQL,379,NO_COVERAGE,none
AbstractSQL.java,org.apache.ibatis.jdbc.AbstractSQL$SQLStatement,org.pitest.mutationtest.engine.gregor.mutators.VoidMethodCallMutator,insertSQL,380,NO_COVERAGE,none
AbstractSQL.java,org.apache.ibatis.jdbc.AbstractSQL$SQLStatement,org.pitest.mutationtest.engine.gregor.mutators.VoidMethodCallMutator,insertSQL,381,NO_COVERAGE,none
AbstractSQL.java,org.apache.ibatis.jdbc.AbstractSQL$SQLStatement,org.pitest.mutationtest.engine.gregor.mutators.NegateConditionalsMutator,selectSQL,359,NO_COVERAGE,none
AbstractSQL.java,org.apache.ibatis.jdbc.AbstractSQL$SQLStatement,org.pitest.mutationtest.engine.gregor.mutators.NonVoidMethodCallMutator,selectSQL,375,NO_COVERAGE,none
AbstractSQL.java,org.apache.ibatis.jdbc.AbstractSQL$SQLStatement,org.pitest.mutationtest.engine.gregor.mutators.RemoveConditionalMutator_EQUAL_ELSE,selectSQL,359,NO_COVERAGE,none
AbstractSQL.java,org.apache.ibatis.jdbc.AbstractSQL$SQLStatement,org.pitest.mutationtest.engine.gregor.mutators.RemoveConditionalMutator_EQUAL_IF,selectSQL,359,NO_COVERAGE,none
AbstractSQL.java,org.apache.ibatis.jdbc.AbstractSQL$SQLStatement,org.pitest.mutationtest.engine.gregor.mutators.ReturnValsMutator,selectSQL,375,NO_COVERAGE,none
AbstractSQL.java,org.apache.ibatis.jdbc.AbstractSQL$SQLStatement,org.pitest.mutationtest.engine.gregor.mutators.VoidMethodCallMutator,selectSQL,360,NO_COVERAGE,none
AbstractSQL.java,org.apache.ibatis.jdbc.AbstractSQL$SQLStatement,org.pitest.mutationtest.engine.gregor.mutators.VoidMethodCallMutator,selectSQL,362,NO_COVERAGE,none
AbstractSQL.java,org.apache.ibatis.jdbc.AbstractSQL$SQLStatement,org.pitest.mutationtest.engine.gregor.mutators.VoidMethodCallMutator,selectSQL,365,NO_COVERAGE,none
AbstractSQL.java,org.apache.ibatis.jdbc.AbstractSQL$SQLStatement,org.pitest.mutationtest.engine.gregor.mutators.VoidMethodCallMutator,selectSQL,366,NO_COVERAGE,none
AbstractSQL.java,org.apache.ibatis.jdbc.AbstractSQL$SQLStatement,org.pitest.mutationtest.engine.gregor.mutators.VoidMethodCallMutator,selectSQL,367,NO_COVERAGE,none
AbstractSQL.java,org.apache.ibatis.jdbc.AbstractSQL$SQLStatement,org.pitest.mutationtest.engine.gregor.mutators.VoidMethodCallMutator,selectSQL,368,NO_COVERAGE,none
AbstractSQL.java,org.apache.ibatis.jdbc.AbstractSQL$SQLStatement,org.pitest.mutationtest.engine.gregor.mutators.VoidMethodCallMutator,selectSQL,369,NO_COVERAGE,none
AbstractSQL.java,org.apache.ibatis.jdbc.AbstractSQL$SQLStatement,org.pitest.mutationtest.engine.gregor.mutators.VoidMethodCallMutator,selectSQL,370,NO_COVERAGE,none
AbstractSQL.java,org.apache.ibatis.jdbc.AbstractSQL$SQLStatement,org.pitest.mutationtest.engine.gregor.mutators.VoidMethodCallMutator,selectSQL,371,NO_COVERAGE,none
AbstractSQL.java,org.apache.ibatis.jdbc.AbstractSQL$SQLStatement,org.pitest.mutationtest.engine.gregor.mutators.VoidMethodCallMutator,selectSQL,372,NO_COVERAGE,none
AbstractSQL.java,org.apache.ibatis.jdbc.AbstractSQL$SQLStatement,org.pitest.mutationtest.engine.gregor.mutators.VoidMethodCallMutator,selectSQL,373,NO_COVERAGE,none
AbstractSQL.java,org.apache.ibatis.jdbc.AbstractSQL$SQLStatement,org.pitest.mutationtest.engine.gregor.mutators.VoidMethodCallMutator,selectSQL,374,NO_COVERAGE,none
AbstractSQL.java,org.apache.ibatis.jdbc.AbstractSQL$SQLStatement,org.pitest.mutationtest.engine.gregor.mutators.ConstructorCallMutator,sql,400,NO_COVERAGE,none
AbstractSQL.java,org.apache.ibatis.jdbc.AbstractSQL$SQLStatement,org.pitest.mutationtest.engine.gregor.mutators.NegateConditionalsMutator,sql,401,NO_COVERAGE,none
AbstractSQL.java,org.apache.ibatis.jdbc.AbstractSQL$SQLStatement,org.pitest.mutationtest.engine.gregor.mutators.NonVoidMethodCallMutator,sql,407,NO_COVERAGE,none
AbstractSQL.java,org.apache.ibatis.jdbc.AbstractSQL$SQLStatement,org.pitest.mutationtest.engine.gregor.mutators.NonVoidMethodCallMutator,sql,409,NO_COVERAGE,none
AbstractSQL.java,org.apache.ibatis.jdbc.AbstractSQL$SQLStatement,org.pitest.mutationtest.engine.gregor.mutators.NonVoidMethodCallMutator,sql,413,NO_COVERAGE,none
AbstractSQL.java,org.apache.ibatis.jdbc.AbstractSQL$SQLStatement,org.pitest.mutationtest.engine.gregor.mutators.NonVoidMethodCallMutator,sql,417,NO_COVERAGE,none
AbstractSQL.java,org.apache.ibatis.jdbc.AbstractSQL$SQLStatement,org.pitest.mutationtest.engine.gregor.mutators.NonVoidMethodCallMutator,sql,421,NO_COVERAGE,none
AbstractSQL.java,org.apache.ibatis.jdbc.AbstractSQL$SQLStatement,org.pitest.mutationtest.engine.gregor.mutators.RemoveConditionalMutator_EQUAL_ELSE,sql,401,NO_COVERAGE,none
AbstractSQL.java,org.apache.ibatis.jdbc.AbstractSQL$SQLStatement,org.pitest.mutationtest.engine.gregor.mutators.RemoveConditionalMutator_EQUAL_IF,sql,401,NO_COVERAGE,none
AbstractSQL.java,org.apache.ibatis.jdbc.AbstractSQL$SQLStatement,org.pitest.mutationtest.engine.gregor.mutators.ReturnValsMutator,sql,402,NO_COVERAGE,none
AbstractSQL.java,org.apache.ibatis.jdbc.AbstractSQL$SQLStatement,org.pitest.mutationtest.engine.gregor.mutators.ReturnValsMutator,sql,428,NO_COVERAGE,none
AbstractSQL.java,org.apache.ibatis.jdbc.AbstractSQL$SQLStatement,org.pitest.mutationtest.engine.gregor.mutators.experimental.RemoveSwitchMutator_0,sql,407,NO_COVERAGE,none
AbstractSQL.java,org.apache.ibatis.jdbc.AbstractSQL$SQLStatement,org.pitest.mutationtest.engine.gregor.mutators.experimental.RemoveSwitchMutator_1,sql,407,NO_COVERAGE,none
AbstractSQL.java,org.apache.ibatis.jdbc.AbstractSQL$SQLStatement,org.pitest.mutationtest.engine.gregor.mutators.experimental.RemoveSwitchMutator_2,sql,407,NO_COVERAGE,none
AbstractSQL.java,org.apache.ibatis.jdbc.AbstractSQL$SQLStatement,org.pitest.mutationtest.engine.gregor.mutators.experimental.RemoveSwitchMutator_3,sql,407,NO_COVERAGE,none
AbstractSQL.java,org.apache.ibatis.jdbc.AbstractSQL$SQLStatement,org.pitest.mutationtest.engine.gregor.mutators.experimental.SwitchMutator,sql,407,NO_COVERAGE,none
AbstractSQL.java,org.apache.ibatis.jdbc.AbstractSQL$SQLStatement,org.pitest.mutationtest.engine.gregor.mutators.ConditionalsBoundaryMutator,sqlClause,346,NO_COVERAGE,none
AbstractSQL.java,org.apache.ibatis.jdbc.AbstractSQL$SQLStatement,org.pitest.mutationtest.engine.gregor.mutators.ConditionalsBoundaryMutator,sqlClause,348,NO_COVERAGE,none
AbstractSQL.java,org.apache.ibatis.jdbc.AbstractSQL$SQLStatement,org.pitest.mutationtest.engine.gregor.mutators.IncrementsMutator,sqlClause,346,NO_COVERAGE,none
AbstractSQL.java,org.apache.ibatis.jdbc.AbstractSQL$SQLStatement,org.pitest.mutationtest.engine.gregor.mutators.InlineConstantMutator,sqlClause,346,NO_COVERAGE,none
AbstractSQL.java,org.apache.ibatis.jdbc.AbstractSQL$SQLStatement,org.pitest.mutationtest.engine.gregor.mutators.NegateConditionalsMutator,sqlClause,338,NO_COVERAGE,none
AbstractSQL.java,org.apache.ibatis.jdbc.AbstractSQL$SQLStatement,org.pitest.mutationtest.engine.gregor.mutators.NegateConditionalsMutator,sqlClause,339,NO_COVERAGE,none
AbstractSQL.java,org.apache.ibatis.jdbc.AbstractSQL$SQLStatement,org.pitest.mutationtest.engine.gregor.mutators.NegateConditionalsMutator,sqlClause,346,NO_COVERAGE,none
AbstractSQL.java,org.apache.ibatis.jdbc.AbstractSQL$SQLStatement,org.pitest.mutationtest.engine.gregor.mutators.NegateConditionalsMutator,sqlClause,348,NO_COVERAGE,none
AbstractSQL.java,org.apache.ibatis.jdbc.AbstractSQL$SQLStatement,org.pitest.mutationtest.engine.gregor.mutators.NegateConditionalsMutator,sqlClause,348,NO_COVERAGE,none
AbstractSQL.java,org.apache.ibatis.jdbc.AbstractSQL$SQLStatement,org.pitest.mutationtest.engine.gregor.mutators.NegateConditionalsMutator,sqlClause,348,NO_COVERAGE,none
AbstractSQL.java,org.apache.ibatis.jdbc.AbstractSQL$SQLStatement,org.pitest.mutationtest.engine.gregor.mutators.NegateConditionalsMutator,sqlClause,348,NO_COVERAGE,none
AbstractSQL.java,org.apache.ibatis.jdbc.AbstractSQL$SQLStatement,org.pitest.mutationtest.engine.gregor.mutators.NegateConditionalsMutator,sqlClause,348,NO_COVERAGE,none
AbstractSQL.java,org.apache.ibatis.jdbc.AbstractSQL$SQLStatement,org.pitest.mutationtest.engine.gregor.mutators.NonVoidMethodCallMutator,sqlClause,338,NO_COVERAGE,none
AbstractSQL.java,org.apache.ibatis.jdbc.AbstractSQL$SQLStatement,org.pitest.mutationtest.engine.gregor.mutators.NonVoidMethodCallMutator,sqlClause,339,NO_COVERAGE,none
AbstractSQL.java,org.apache.ibatis.jdbc.AbstractSQL$SQLStatement,org.pitest.mutationtest.engine.gregor.mutators.NonVoidMethodCallMutator,sqlClause,340,NO_COVERAGE,none
AbstractSQL.java,org.apache.ibatis.jdbc.AbstractSQL$SQLStatement,org.pitest.mutationtest.engine.gregor.mutators.NonVoidMethodCallMutator,sqlClause,342,NO_COVERAGE,none
AbstractSQL.java,org.apache.ibatis.jdbc.AbstractSQL$SQLStatement,org.pitest.mutationtest.engine.gregor.mutators.NonVoidMethodCallMutator,sqlClause,343,NO_COVERAGE,none
AbstractSQL.java,org.apache.ibatis.jdbc.AbstractSQL$SQLStatement,org.pitest.mutationtest.engine.gregor.mutators.NonVoidMethodCallMutator,sqlClause,344,NO_COVERAGE,none
AbstractSQL.java,org.apache.ibatis.jdbc.AbstractSQL$SQLStatement,org.pitest.mutationtest.engine.gregor.mutators.NonVoidMethodCallMutator,sqlClause,346,NO_COVERAGE,none
AbstractSQL.java,org.apache.ibatis.jdbc.AbstractSQL$SQLStatement,org.pitest.mutationtest.engine.gregor.mutators.NonVoidMethodCallMutator,sqlClause,347,NO_COVERAGE,none
AbstractSQL.java,org.apache.ibatis.jdbc.AbstractSQL$SQLStatement,org.pitest.mutationtest.engine.gregor.mutators.NonVoidMethodCallMutator,sqlClause,348,NO_COVERAGE,none
AbstractSQL.java,org.apache.ibatis.jdbc.AbstractSQL$SQLStatement,org.pitest.mutationtest.engine.gregor.mutators.NonVoidMethodCallMutator,sqlClause,348,NO_COVERAGE,none
AbstractSQL.java,org.apache.ibatis.jdbc.AbstractSQL$SQLStatement,org.pitest.mutationtest.engine.gregor.mutators.NonVoidMethodCallMutator,sqlClause,348,NO_COVERAGE,none
AbstractSQL.java,org.apache.ibatis.jdbc.AbstractSQL$SQLStatement,org.pitest.mutationtest.engine.gregor.mutators.NonVoidMethodCallMutator,sqlClause,348,NO_COVERAGE,none
AbstractSQL.java,org.apache.ibatis.jdbc.AbstractSQL$SQLStatement,org.pitest.mutationtest.engine.gregor.mutators.NonVoidMethodCallMutator,sqlClause,349,NO_COVERAGE,none
AbstractSQL.java,org.apache.ibatis.jdbc.AbstractSQL$SQLStatement,org.pitest.mutationtest.engine.gregor.mutators.NonVoidMethodCallMutator,sqlClause,351,NO_COVERAGE,none
AbstractSQL.java,org.apache.ibatis.jdbc.AbstractSQL$SQLStatement,org.pitest.mutationtest.engine.gregor.mutators.NonVoidMethodCallMutator,sqlClause,354,NO_COVERAGE,none
AbstractSQL.java,org.apache.ibatis.jdbc.AbstractSQL$SQLStatement,org.pitest.mutationtest.engine.gregor.mutators.RemoveConditionalMutator_EQUAL_ELSE,sqlClause,338,NO_COVERAGE,none
AbstractSQL.java,org.apache.ibatis.jdbc.AbstractSQL$SQLStatement,org.pitest.mutationtest.engine.gregor.mutators.RemoveConditionalMutator_EQUAL_ELSE,sqlClause,339,NO_COVERAGE,none
AbstractSQL.java,org.apache.ibatis.jdbc.AbstractSQL$SQLStatement,org.pitest.mutationtest.engine.gregor.mutators.RemoveConditionalMutator_EQUAL_ELSE,sqlClause,348,NO_COVERAGE,none
AbstractSQL.java,org.apache.ibatis.jdbc.AbstractSQL$SQLStatement,org.pitest.mutationtest.engine.gregor.mutators.RemoveConditionalMutator_EQUAL_ELSE,sqlClause,348,NO_COVERAGE,none
AbstractSQL.java,org.apache.ibatis.jdbc.AbstractSQL$SQLStatement,org.pitest.mutationtest.engine.gregor.mutators.RemoveConditionalMutator_EQUAL_ELSE,sqlClause,348,NO_COVERAGE,none
AbstractSQL.java,org.apache.ibatis.jdbc.AbstractSQL$SQLStatement,org.pitest.mutationtest.engine.gregor.mutators.RemoveConditionalMutator_EQUAL_ELSE,sqlClause,348,NO_COVERAGE,none
AbstractSQL.java,org.apache.ibatis.jdbc.AbstractSQL$SQLStatement,org.pitest.mutationtest.engine.gregor.mutators.RemoveConditionalMutator_EQUAL_IF,sqlClause,338,NO_COVERAGE,none
AbstractSQL.java,org.apache.ibatis.jdbc.AbstractSQL$SQLStatement,org.pitest.mutationtest.engine.gregor.mutators.RemoveConditionalMutator_EQUAL_IF,sqlClause,339,NO_COVERAGE,none
AbstractSQL.java,org.apache.ibatis.jdbc.AbstractSQL$SQLStatement,org.pitest.mutationtest.engine.gregor.mutators.RemoveConditionalMutator_EQUAL_IF,sqlClause,348,NO_COVERAGE,none
AbstractSQL.java,org.apache.ibatis.jdbc.AbstractSQL$SQLStatement,org.pitest.mutationtest.engine.gregor.mutators.RemoveConditionalMutator_EQUAL_IF,sqlClause,348,NO_COVERAGE,none
AbstractSQL.java,org.apache.ibatis.jdbc.AbstractSQL$SQLStatement,org.pitest.mutationtest.engine.gregor.mutators.RemoveConditionalMutator_EQUAL_IF,sqlClause,348,NO_COVERAGE,none
AbstractSQL.java,org.apache.ibatis.jdbc.AbstractSQL$SQLStatement,org.pitest.mutationtest.engine.gregor.mutators.RemoveConditionalMutator_EQUAL_IF,sqlClause,348,NO_COVERAGE,none
AbstractSQL.java,org.apache.ibatis.jdbc.AbstractSQL$SQLStatement,org.pitest.mutationtest.engine.gregor.mutators.RemoveConditionalMutator_ORDER_ELSE,sqlClause,346,NO_COVERAGE,none
AbstractSQL.java,org.apache.ibatis.jdbc.AbstractSQL$SQLStatement,org.pitest.mutationtest.engine.gregor.mutators.RemoveConditionalMutator_ORDER_ELSE,sqlClause,348,NO_COVERAGE,none
AbstractSQL.java,org.apache.ibatis.jdbc.AbstractSQL$SQLStatement,org.pitest.mutationtest.engine.gregor.mutators.RemoveConditionalMutator_ORDER_IF,sqlClause,346,NO_COVERAGE,none
AbstractSQL.java,org.apache.ibatis.jdbc.AbstractSQL$SQLStatement,org.pitest.mutationtest.engine.gregor.mutators.RemoveConditionalMutator_ORDER_IF,sqlClause,348,NO_COVERAGE,none
AbstractSQL.java,org.apache.ibatis.jdbc.AbstractSQL$SQLStatement,org.pitest.mutationtest.engine.gregor.mutators.NonVoidMethodCallMutator,updateSQL,396,NO_COVERAGE,none
AbstractSQL.java,org.apache.ibatis.jdbc.AbstractSQL$SQLStatement,org.pitest.mutationtest.engine.gregor.mutators.ReturnValsMutator,updateSQL,396,NO_COVERAGE,none
AbstractSQL.java,org.apache.ibatis.jdbc.AbstractSQL$SQLStatement,org.pitest.mutationtest.engine.gregor.mutators.VoidMethodCallMutator,updateSQL,393,NO_COVERAGE,none
AbstractSQL.java,org.apache.ibatis.jdbc.AbstractSQL$SQLStatement,org.pitest.mutationtest.engine.gregor.mutators.VoidMethodCallMutator,updateSQL,394,NO_COVERAGE,none
AbstractSQL.java,org.apache.ibatis.jdbc.AbstractSQL$SQLStatement,org.pitest.mutationtest.engine.gregor.mutators.VoidMethodCallMutator,updateSQL,395,NO_COVERAGE,none
XMLStatementBuilder.java,org.apache.ibatis.builder.xml.XMLStatementBuilder,org.pitest.mutationtest.engine.gregor.mutators.experimental.MemberVariableMutator,<init>,51,KILLED,org.apache.ibatis.submitted.extend.ExtendTest.org.apache.ibatis.submitted.extend.ExtendTest
XMLStatementBuilder.java,org.apache.ibatis.builder.xml.XMLStatementBuilder,org.pitest.mutationtest.engine.gregor.mutators.experimental.MemberVariableMutator,<init>,52,KILLED,org.apache.ibatis.submitted.extend.ExtendTest.org.apache.ibatis.submitted.extend.ExtendTest
XMLStatementBuilder.java,org.apache.ibatis.builder.xml.XMLStatementBuilder,org.pitest.mutationtest.engine.gregor.mutators.ArgumentPropagationMutator,databaseIdMatchesCurrent,184,KILLED,org.apache.ibatis.submitted.extend.ExtendTest.org.apache.ibatis.submitted.extend.ExtendTest
XMLStatementBuilder.java,org.apache.ibatis.builder.xml.XMLStatementBuilder,org.pitest.mutationtest.engine.gregor.mutators.InlineConstantMutator,databaseIdMatchesCurrent,176,NO_COVERAGE,none
XMLStatementBuilder.java,org.apache.ibatis.builder.xml.XMLStatementBuilder,org.pitest.mutationtest.engine.gregor.mutators.InlineConstantMutator,databaseIdMatchesCurrent,180,NO_COVERAGE,none
XMLStatementBuilder.java,org.apache.ibatis.builder.xml.XMLStatementBuilder,org.pitest.mutationtest.engine.gregor.mutators.InlineConstantMutator,databaseIdMatchesCurrent,183,KILLED,org.apache.ibatis.submitted.extend.ExtendTest.org.apache.ibatis.submitted.extend.ExtendTest
XMLStatementBuilder.java,org.apache.ibatis.builder.xml.XMLStatementBuilder,org.pitest.mutationtest.engine.gregor.mutators.InlineConstantMutator,databaseIdMatchesCurrent,185,NO_COVERAGE,none
XMLStatementBuilder.java,org.apache.ibatis.builder.xml.XMLStatementBuilder,org.pitest.mutationtest.engine.gregor.mutators.InlineConstantMutator,databaseIdMatchesCurrent,187,NO_COVERAGE,none
XMLStatementBuilder.java,org.apache.ibatis.builder.xml.XMLStatementBuilder,org.pitest.mutationtest.engine.gregor.mutators.InlineConstantMutator,databaseIdMatchesCurrent,191,KILLED,org.apache.ibatis.submitted.extend.ExtendTest.org.apache.ibatis.submitted.extend.ExtendTest
XMLStatementBuilder.java,org.apache.ibatis.builder.xml.XMLStatementBuilder,org.pitest.mutationtest.engine.gregor.mutators.NegateConditionalsMutator,databaseIdMatchesCurrent,175,NO_COVERAGE,none
XMLStatementBuilder.java,org.apache.ibatis.builder.xml.XMLStatementBuilder,org.pitest.mutationtest.engine.gregor.mutators.NegateConditionalsMutator,databaseIdMatchesCurrent,184,KILLED,org.apache.ibatis.submitted.extend.ExtendTest.org.apache.ibatis.submitted.extend.ExtendTest
XMLStatementBuilder.java,org.apache.ibatis.builder.xml.XMLStatementBuilder,org.pitest.mutationtest.engine.gregor.mutators.NegateConditionalsMutator,databaseIdMatchesCurrent,186,NO_COVERAGE,none
XMLStatementBuilder.java,org.apache.ibatis.builder.xml.XMLStatementBuilder,org.pitest.mutationtest.engine.gregor.mutators.NonVoidMethodCallMutator,databaseIdMatchesCurrent,175,NO_COVERAGE,none
XMLStatementBuilder.java,org.apache.ibatis.builder.xml.XMLStatementBuilder,org.pitest.mutationtest.engine.gregor.mutators.NonVoidMethodCallMutator,databaseIdMatchesCurrent,185,NO_COVERAGE,none
XMLStatementBuilder.java,org.apache.ibatis.builder.xml.XMLStatementBuilder,org.pitest.mutationtest.engine.gregor.mutators.NonVoidMethodCallMutator,databaseIdMatchesCurrent,186,NO_COVERAGE,none
XMLStatementBuilder.java,org.apache.ibatis.builder.xml.XMLStatementBuilder,org.pitest.mutationtest.engine.gregor.mutators.RemoveConditionalMutator_EQUAL_ELSE,databaseIdMatchesCurrent,175,NO_COVERAGE,none
XMLStatementBuilder.java,org.apache.ibatis.builder.xml.XMLStatementBuilder,org.pitest.mutationtest.engine.gregor.mutators.RemoveConditionalMutator_EQUAL_ELSE,databaseIdMatchesCurrent,186,NO_COVERAGE,none
XMLStatementBuilder.java,org.apache.ibatis.builder.xml.XMLStatementBuilder,org.pitest.mutationtest.engine.gregor.mutators.RemoveConditionalMutator_EQUAL_IF,databaseIdMatchesCurrent,174,KILLED,org.apache.ibatis.submitted.extend.ExtendTest.org.apache.ibatis.submitted.extend.ExtendTest
XMLStatementBuilder.java,org.apache.ibatis.builder.xml.XMLStatementBuilder,org.pitest.mutationtest.engine.gregor.mutators.RemoveConditionalMutator_EQUAL_IF,databaseIdMatchesCurrent,175,NO_COVERAGE,none
XMLStatementBuilder.java,org.apache.ibatis.builder.xml.XMLStatementBuilder,org.pitest.mutationtest.engine.gregor.mutators.RemoveConditionalMutator_EQUAL_IF,databaseIdMatchesCurrent,186,NO_COVERAGE,none
XMLStatementBuilder.java,org.apache.ibatis.builder.xml.XMLStatementBuilder,org.pitest.mutationtest.engine.gregor.mutators.ReturnValsMutator,databaseIdMatchesCurrent,176,NO_COVERAGE,none
XMLStatementBuilder.java,org.apache.ibatis.builder.xml.XMLStatementBuilder,org.pitest.mutationtest.engine.gregor.mutators.ReturnValsMutator,databaseIdMatchesCurrent,180,NO_COVERAGE,none
XMLStatementBuilder.java,org.apache.ibatis.builder.xml.XMLStatementBuilder,org.pitest.mutationtest.engine.gregor.mutators.ReturnValsMutator,databaseIdMatchesCurrent,187,NO_COVERAGE,none
XMLStatementBuilder.java,org.apache.ibatis.builder.xml.XMLStatementBuilder,org.pitest.mutationtest.engine.gregor.mutators.NonVoidMethodCallMutator,getLanguageDriver,197,NO_COVERAGE,none
XMLStatementBuilder.java,org.apache.ibatis.builder.xml.XMLStatementBuilder,org.pitest.mutationtest.engine.gregor.mutators.RemoveConditionalMutator_EQUAL_ELSE,getLanguageDriver,196,KILLED,org.apache.ibatis.submitted.extend.ExtendTest.org.apache.ibatis.submitted.extend.ExtendTest
XMLStatementBuilder.java,org.apache.ibatis.builder.xml.XMLStatementBuilder,org.pitest.mutationtest.engine.gregor.mutators.RemoveConditionalMutator_EQUAL_IF,getLanguageDriver,196,KILLED,org.apache.ibatis.submitted.extend.ExtendTest.org.apache.ibatis.submitted.extend.ExtendTest
XMLStatementBuilder.java,org.apache.ibatis.builder.xml.XMLStatementBuilder,org.pitest.mutationtest.engine.gregor.mutators.ArgumentPropagationMutator,parseSelectKeyNode,135,NO_COVERAGE,none
XMLStatementBuilder.java,org.apache.ibatis.builder.xml.XMLStatementBuilder,org.pitest.mutationtest.engine.gregor.mutators.ArgumentPropagationMutator,parseSelectKeyNode,137,NO_COVERAGE,none
XMLStatementBuilder.java,org.apache.ibatis.builder.xml.XMLStatementBuilder,org.pitest.mutationtest.engine.gregor.mutators.ArgumentPropagationMutator,parseSelectKeyNode,138,NO_COVERAGE,none
XMLStatementBuilder.java,org.apache.ibatis.builder.xml.XMLStatementBuilder,org.pitest.mutationtest.engine.gregor.mutators.ArgumentPropagationMutator,parseSelectKeyNode,139,NO_COVERAGE,none
XMLStatementBuilder.java,org.apache.ibatis.builder.xml.XMLStatementBuilder,org.pitest.mutationtest.engine.gregor.mutators.ArgumentPropagationMutator,parseSelectKeyNode,140,NO_COVERAGE,none
XMLStatementBuilder.java,org.apache.ibatis.builder.xml.XMLStatementBuilder,org.pitest.mutationtest.engine.gregor.mutators.ArgumentPropagationMutator,parseSelectKeyNode,161,NO_COVERAGE,none
XMLStatementBuilder.java,org.apache.ibatis.builder.xml.XMLStatementBuilder,org.pitest.mutationtest.engine.gregor.mutators.ConstructorCallMutator,parseSelectKeyNode,164,NO_COVERAGE,none
XMLStatementBuilder.java,org.apache.ibatis.builder.xml.XMLStatementBuilder,org.pitest.mutationtest.engine.gregor.mutators.InlineConstantMutator,parseSelectKeyNode,143,NO_COVERAGE,none
XMLStatementBuilder.java,org.apache.ibatis.builder.xml.XMLStatementBuilder,org.pitest.mutationtest.engine.gregor.mutators.InlineConstantMutator,parseSelectKeyNode,144,NO_COVERAGE,none
XMLStatementBuilder.java,org.apache.ibatis.builder.xml.XMLStatementBuilder,org.pitest.mutationtest.engine.gregor.mutators.InlineConstantMutator,parseSelectKeyNode,148,NO_COVERAGE,none
XMLStatementBuilder.java,org.apache.ibatis.builder.xml.XMLStatementBuilder,org.pitest.mutationtest.engine.gregor.mutators.InlineConstantMutator,parseSelectKeyNode,161,NO_COVERAGE,none
XMLStatementBuilder.java,org.apache.ibatis.builder.xml.XMLStatementBuilder,org.pitest.mutationtest.engine.gregor.mutators.InlineConstantMutator,parseSelectKeyNode,163,NO_COVERAGE,none
XMLStatementBuilder.java,org.apache.ibatis.builder.xml.XMLStatementBuilder,org.pitest.mutationtest.engine.gregor.mutators.NonVoidMethodCallMutator,parseSelectKeyNode,135,NO_COVERAGE,none
XMLStatementBuilder.java,org.apache.ibatis.builder.xml.XMLStatementBuilder,org.pitest.mutationtest.engine.gregor.mutators.NonVoidMethodCallMutator,parseSelectKeyNode,136,NO_COVERAGE,none
XMLStatementBuilder.java,org.apache.ibatis.builder.xml.XMLStatementBuilder,org.pitest.mutationtest.engine.gregor.mutators.NonVoidMethodCallMutator,parseSelectKeyNode,137,NO_COVERAGE,none
XMLStatementBuilder.java,org.apache.ibatis.builder.xml.XMLStatementBuilder,org.pitest.mutationtest.engine.gregor.mutators.NonVoidMethodCallMutator,parseSelectKeyNode,137,NO_COVERAGE,none
XMLStatementBuilder.java,org.apache.ibatis.builder.xml.XMLStatementBuilder,org.pitest.mutationtest.engine.gregor.mutators.NonVoidMethodCallMutator,parseSelectKeyNode,137,NO_COVERAGE,none
XMLStatementBuilder.java,org.apache.ibatis.builder.xml.XMLStatementBuilder,org.pitest.mutationtest.engine.gregor.mutators.NonVoidMethodCallMutator,parseSelectKeyNode,138,NO_COVERAGE,none
XMLStatementBuilder.java,org.apache.ibatis.builder.xml.XMLStatementBuilder,org.pitest.mutationtest.engine.gregor.mutators.NonVoidMethodCallMutator,parseSelectKeyNode,139,NO_COVERAGE,none
XMLStatementBuilder.java,org.apache.ibatis.builder.xml.XMLStatementBuilder,org.pitest.mutationtest.engine.gregor.mutators.NonVoidMethodCallMutator,parseSelectKeyNode,140,NO_COVERAGE,none
XMLStatementBuilder.java,org.apache.ibatis.builder.xml.XMLStatementBuilder,org.pitest.mutationtest.engine.gregor.mutators.NonVoidMethodCallMutator,parseSelectKeyNode,140,NO_COVERAGE,none
XMLStatementBuilder.java,org.apache.ibatis.builder.xml.XMLStatementBuilder,org.pitest.mutationtest.engine.gregor.mutators.NonVoidMethodCallMutator,parseSelectKeyNode,153,NO_COVERAGE,none
XMLStatementBuilder.java,org.apache.ibatis.builder.xml.XMLStatementBuilder,org.pitest.mutationtest.engine.gregor.mutators.NonVoidMethodCallMutator,parseSelectKeyNode,156,NO_COVERAGE,none
XMLStatementBuilder.java,org.apache.ibatis.builder.xml.XMLStatementBuilder,org.pitest.mutationtest.engine.gregor.mutators.NonVoidMethodCallMutator,parseSelectKeyNode,161,NO_COVERAGE,none
XMLStatementBuilder.java,org.apache.ibatis.builder.xml.XMLStatementBuilder,org.pitest.mutationtest.engine.gregor.mutators.NonVoidMethodCallMutator,parseSelectKeyNode,163,NO_COVERAGE,none
XMLStatementBuilder.java,org.apache.ibatis.builder.xml.XMLStatementBuilder,org.pitest.mutationtest.engine.gregor.mutators.VoidMethodCallMutator,parseSelectKeyNode,164,NO_COVERAGE,none
XMLStatementBuilder.java,org.apache.ibatis.builder.xml.XMLStatementBuilder,org.pitest.mutationtest.engine.gregor.mutators.ArgumentPropagationMutator,parseSelectKeyNodes,127,NO_COVERAGE,none
XMLStatementBuilder.java,org.apache.ibatis.builder.xml.XMLStatementBuilder,org.pitest.mutationtest.engine.gregor.mutators.ConstructorCallMutator,parseSelectKeyNodes,126,NO_COVERAGE,none
XMLStatementBuilder.java,org.apache.ibatis.builder.xml.XMLStatementBuilder,org.pitest.mutationtest.engine.gregor.mutators.NegateConditionalsMutator,parseSelectKeyNodes,128,NO_COVERAGE,none
XMLStatementBuilder.java,org.apache.ibatis.builder.xml.XMLStatementBuilder,org.pitest.mutationtest.engine.gregor.mutators.NonVoidMethodCallMutator,parseSelectKeyNodes,126,NO_COVERAGE,none
XMLStatementBuilder.java,org.apache.ibatis.builder.xml.XMLStatementBuilder,org.pitest.mutationtest.engine.gregor.mutators.NonVoidMethodCallMutator,parseSelectKeyNodes,126,NO_COVERAGE,none
XMLStatementBuilder.java,org.apache.ibatis.builder.xml.XMLStatementBuilder,org.pitest.mutationtest.engine.gregor.mutators.NonVoidMethodCallMutator,parseSelectKeyNodes,126,NO_COVERAGE,none
XMLStatementBuilder.java,org.apache.ibatis.builder.xml.XMLStatementBuilder,org.pitest.mutationtest.engine.gregor.mutators.NonVoidMethodCallMutator,parseSelectKeyNodes,127,NO_COVERAGE,none
XMLStatementBuilder.java,org.apache.ibatis.builder.xml.XMLStatementBuilder,org.pitest.mutationtest.engine.gregor.mutators.NonVoidMethodCallMutator,parseSelectKeyNodes,128,NO_COVERAGE,none
XMLStatementBuilder.java,org.apache.ibatis.builder.xml.XMLStatementBuilder,org.pitest.mutationtest.engine.gregor.mutators.RemoveConditionalMutator_EQUAL_ELSE,parseSelectKeyNodes,125,KILLED,org.apache.ibatis.submitted.extend.ExtendTest.org.apache.ibatis.submitted.extend.ExtendTest
XMLStatementBuilder.java,org.apache.ibatis.builder.xml.XMLStatementBuilder,org.pitest.mutationtest.engine.gregor.mutators.RemoveConditionalMutator_EQUAL_ELSE,parseSelectKeyNodes,128,NO_COVERAGE,none
XMLStatementBuilder.java,org.apache.ibatis.builder.xml.XMLStatementBuilder,org.pitest.mutationtest.engine.gregor.mutators.RemoveConditionalMutator_EQUAL_IF,parseSelectKeyNodes,125,KILLED,org.apache.ibatis.submitted.extend.ExtendTest.org.apache.ibatis.submitted.extend.ExtendTest
XMLStatementBuilder.java,org.apache.ibatis.builder.xml.XMLStatementBuilder,org.pitest.mutationtest.engine.gregor.mutators.RemoveConditionalMutator_EQUAL_IF,parseSelectKeyNodes,128,NO_COVERAGE,none
XMLStatementBuilder.java,org.apache.ibatis.builder.xml.XMLStatementBuilder,org.pitest.mutationtest.engine.gregor.mutators.VoidMethodCallMutator,parseSelectKeyNodes,129,NO_COVERAGE,none
XMLStatementBuilder.java,org.apache.ibatis.builder.xml.XMLStatementBuilder,org.pitest.mutationtest.engine.gregor.mutators.ArgumentPropagationMutator,parseStatementNode,57,KILLED,org.apache.ibatis.submitted.extend.ExtendTest.org.apache.ibatis.submitted.extend.ExtendTest
XMLStatementBuilder.java,org.apache.ibatis.builder.xml.XMLStatementBuilder,org.pitest.mutationtest.engine.gregor.mutators.ArgumentPropagationMutator,parseStatementNode,58,KILLED,org.apache.ibatis.submitted.extend.ExtendTest.org.apache.ibatis.submitted.extend.ExtendTest
XMLStatementBuilder.java,org.apache.ibatis.builder.xml.XMLStatementBuilder,org.pitest.mutationtest.engine.gregor.mutators.ArgumentPropagationMutator,parseStatementNode,67,KILLED,org.apache.ibatis.submitted.extend.ExtendTest.org.apache.ibatis.submitted.extend.ExtendTest
XMLStatementBuilder.java,org.apache.ibatis.builder.xml.XMLStatementBuilder,org.pitest.mutationtest.engine.gregor.mutators.ArgumentPropagationMutator,parseStatementNode,69,KILLED,org.apache.ibatis.submitted.extend.ExtendTest.org.apache.ibatis.submitted.extend.ExtendTest
XMLStatementBuilder.java,org.apache.ibatis.builder.xml.XMLStatementBuilder,org.pitest.mutationtest.engine.gregor.mutators.ArgumentPropagationMutator,parseStatementNode,70,KILLED,org.apache.ibatis.submitted.extend.ExtendTest.org.apache.ibatis.submitted.extend.ExtendTest
XMLStatementBuilder.java,org.apache.ibatis.builder.xml.XMLStatementBuilder,org.pitest.mutationtest.engine.gregor.mutators.ArgumentPropagationMutator,parseStatementNode,84,KILLED,org.apache.ibatis.submitted.extend.ExtendTest.org.apache.ibatis.submitted.extend.ExtendTest
XMLStatementBuilder.java,org.apache.ibatis.builder.xml.XMLStatementBuilder,org.pitest.mutationtest.engine.gregor.mutators.ArgumentPropagationMutator,parseStatementNode,95,KILLED,org.apache.ibatis.submitted.extend.ExtendTest.org.apache.ibatis.submitted.extend.ExtendTest
XMLStatementBuilder.java,org.apache.ibatis.builder.xml.XMLStatementBuilder,org.pitest.mutationtest.engine.gregor.mutators.ArgumentPropagationMutator,parseStatementNode,96,KILLED,org.apache.ibatis.submitted.extend.ExtendTest.org.apache.ibatis.submitted.extend.ExtendTest
XMLStatementBuilder.java,org.apache.ibatis.builder.xml.XMLStatementBuilder,org.pitest.mutationtest.engine.gregor.mutators.ArgumentPropagationMutator,parseStatementNode,100,KILLED,org.apache.ibatis.submitted.extend.ExtendTest.org.apache.ibatis.submitted.extend.ExtendTest
XMLStatementBuilder.java,org.apache.ibatis.builder.xml.XMLStatementBuilder,org.pitest.mutationtest.engine.gregor.mutators.ArgumentPropagationMutator,parseStatementNode,104,KILLED,org.apache.ibatis.submitted.extend.ExtendTest.org.apache.ibatis.submitted.extend.ExtendTest
XMLStatementBuilder.java,org.apache.ibatis.builder.xml.XMLStatementBuilder,org.pitest.mutationtest.engine.gregor.mutators.ConstructorCallMutator,parseStatementNode,87,KILLED,org.apache.ibatis.submitted.extend.ExtendTest.org.apache.ibatis.submitted.extend.ExtendTest
XMLStatementBuilder.java,org.apache.ibatis.builder.xml.XMLStatementBuilder,org.pitest.mutationtest.engine.gregor.mutators.ConstructorCallMutator,parseStatementNode,99,KILLED,org.apache.ibatis.submitted.extend.ExtendTest.org.apache.ibatis.submitted.extend.ExtendTest
XMLStatementBuilder.java,org.apache.ibatis.builder.xml.XMLStatementBuilder,org.pitest.mutationtest.engine.gregor.mutators.InlineConstantMutator,parseStatementNode,81,KILLED,org.apache.ibatis.submitted.extend.ExtendTest.org.apache.ibatis.submitted.extend.ExtendTest
XMLStatementBuilder.java,org.apache.ibatis.builder.xml.XMLStatementBuilder,org.pitest.mutationtest.engine.gregor.mutators.InlineConstantMutator,parseStatementNode,84,KILLED,org.apache.ibatis.submitted.extend.ExtendTest.org.apache.ibatis.submitted.extend.ExtendTest
XMLStatementBuilder.java,org.apache.ibatis.builder.xml.XMLStatementBuilder,org.pitest.mutationtest.engine.gregor.mutators.InlineConstantMutator,parseStatementNode,100,KILLED,org.apache.ibatis.submitted.extend.ExtendTest.org.apache.ibatis.submitted.extend.ExtendTest
XMLStatementBuilder.java,org.apache.ibatis.builder.xml.XMLStatementBuilder,org.pitest.mutationtest.engine.gregor.mutators.InlineConstantMutator,parseStatementNode,105,KILLED,org.apache.ibatis.submitted.extend.ExtendTest.org.apache.ibatis.submitted.extend.ExtendTest
XMLStatementBuilder.java,org.apache.ibatis.builder.xml.XMLStatementBuilder,org.pitest.mutationtest.engine.gregor.mutators.NonVoidMethodCallMutator,parseStatementNode,57,KILLED,org.apache.ibatis.submitted.extend.ExtendTest.org.apache.ibatis.submitted.extend.ExtendTest
XMLStatementBuilder.java,org.apache.ibatis.builder.xml.XMLStatementBuilder,org.pitest.mutationtest.engine.gregor.mutators.NonVoidMethodCallMutator,parseStatementNode,58,KILLED,org.apache.ibatis.submitted.extend.ExtendTest.org.apache.ibatis.submitted.extend.ExtendTest
XMLStatementBuilder.java,org.apache.ibatis.builder.xml.XMLStatementBuilder,org.pitest.mutationtest.engine.gregor.mutators.NonVoidMethodCallMutator,parseStatementNode,65,KILLED,org.apache.ibatis.submitted.extend.ExtendTest.org.apache.ibatis.submitted.extend.ExtendTest
XMLStatementBuilder.java,org.apache.ibatis.builder.xml.XMLStatementBuilder,org.pitest.mutationtest.engine.gregor.mutators.NonVoidMethodCallMutator,parseStatementNode,67,KILLED,org.apache.ibatis.submitted.extend.ExtendTest.org.apache.ibatis.submitted.extend.ExtendTest
XMLStatementBuilder.java,org.apache.ibatis.builder.xml.XMLStatementBuilder,org.pitest.mutationtest.engine.gregor.mutators.NonVoidMethodCallMutator,parseStatementNode,68,KILLED,org.apache.ibatis.submitted.extend.ExtendTest.org.apache.ibatis.submitted.extend.ExtendTest
XMLStatementBuilder.java,org.apache.ibatis.builder.xml.XMLStatementBuilder,org.pitest.mutationtest.engine.gregor.mutators.NonVoidMethodCallMutator,parseStatementNode,72,KILLED,org.apache.ibatis.submitted.extend.ExtendTest.org.apache.ibatis.submitted.extend.ExtendTest
XMLStatementBuilder.java,org.apache.ibatis.builder.xml.XMLStatementBuilder,org.pitest.mutationtest.engine.gregor.mutators.NonVoidMethodCallMutator,parseStatementNode,75,KILLED,org.apache.ibatis.submitted.extend.ExtendTest.org.apache.ibatis.submitted.extend.ExtendTest
XMLStatementBuilder.java,org.apache.ibatis.builder.xml.XMLStatementBuilder,org.pitest.mutationtest.engine.gregor.mutators.NonVoidMethodCallMutator,parseStatementNode,77,KILLED,org.apache.ibatis.submitted.extend.ExtendTest.org.apache.ibatis.submitted.extend.ExtendTest
XMLStatementBuilder.java,org.apache.ibatis.builder.xml.XMLStatementBuilder,org.pitest.mutationtest.engine.gregor.mutators.NonVoidMethodCallMutator,parseStatementNode,82,KILLED,org.apache.ibatis.submitted.extend.ExtendTest.org.apache.ibatis.submitted.extend.ExtendTest
XMLStatementBuilder.java,org.apache.ibatis.builder.xml.XMLStatementBuilder,org.pitest.mutationtest.engine.gregor.mutators.NonVoidMethodCallMutator,parseStatementNode,94,KILLED,org.apache.ibatis.submitted.extend.ExtendTest.org.apache.ibatis.submitted.extend.ExtendTest
XMLStatementBuilder.java,org.apache.ibatis.builder.xml.XMLStatementBuilder,org.pitest.mutationtest.engine.gregor.mutators.NonVoidMethodCallMutator,parseStatementNode,95,KILLED,org.apache.ibatis.submitted.extend.ExtendTest.org.apache.ibatis.submitted.extend.ExtendTest
XMLStatementBuilder.java,org.apache.ibatis.builder.xml.XMLStatementBuilder,org.pitest.mutationtest.engine.gregor.mutators.NonVoidMethodCallMutator,parseStatementNode,96,KILLED,org.apache.ibatis.submitted.extend.ExtendTest.org.apache.ibatis.submitted.extend.ExtendTest
XMLStatementBuilder.java,org.apache.ibatis.builder.xml.XMLStatementBuilder,org.pitest.mutationtest.engine.gregor.mutators.NonVoidMethodCallMutator,parseStatementNode,97,KILLED,org.apache.ibatis.submitted.extend.ExtendTest.org.apache.ibatis.submitted.extend.ExtendTest
XMLStatementBuilder.java,org.apache.ibatis.builder.xml.XMLStatementBuilder,org.pitest.mutationtest.engine.gregor.mutators.NonVoidMethodCallMutator,parseStatementNode,99,KILLED,org.apache.ibatis.submitted.extend.ExtendTest.org.apache.ibatis.submitted.extend.ExtendTest
XMLStatementBuilder.java,org.apache.ibatis.builder.xml.XMLStatementBuilder,org.pitest.mutationtest.engine.gregor.mutators.NonVoidMethodCallMutator,parseStatementNode,99,KILLED,org.apache.ibatis.submitted.extend.ExtendTest.org.apache.ibatis.submitted.extend.ExtendTest
XMLStatementBuilder.java,org.apache.ibatis.builder.xml.XMLStatementBuilder,org.pitest.mutationtest.engine.gregor.mutators.NonVoidMethodCallMutator,parseStatementNode,100,KILLED,org.apache.ibatis.submitted.extend.ExtendTest.org.apache.ibatis.submitted.extend.ExtendTest
XMLStatementBuilder.java,org.apache.ibatis.builder.xml.XMLStatementBuilder,org.pitest.mutationtest.engine.gregor.mutators.NonVoidMethodCallMutator,parseStatementNode,102,NO_COVERAGE,none
XMLStatementBuilder.java,org.apache.ibatis.builder.xml.XMLStatementBuilder,org.pitest.mutationtest.engine.gregor.mutators.NonVoidMethodCallMutator,parseStatementNode,105,KILLED,org.apache.ibatis.submitted.extend.ExtendTest.org.apache.ibatis.submitted.extend.ExtendTest
XMLStatementBuilder.java,org.apache.ibatis.builder.xml.XMLStatementBuilder,org.pitest.mutationtest.engine.gregor.mutators.NonVoidMethodCallMutator,parseStatementNode,105,KILLED,org.apache.ibatis.submitted.extend.ExtendTest.org.apache.ibatis.submitted.extend.ExtendTest
XMLStatementBuilder.java,org.apache.ibatis.builder.xml.XMLStatementBuilder,org.pitest.mutationtest.engine.gregor.mutators.NonVoidMethodCallMutator,parseStatementNode,104,KILLED,org.apache.ibatis.submitted.extend.ExtendTest.org.apache.ibatis.submitted.extend.ExtendTest
XMLStatementBuilder.java,org.apache.ibatis.builder.xml.XMLStatementBuilder,org.pitest.mutationtest.engine.gregor.mutators.NonVoidMethodCallMutator,parseStatementNode,104,KILLED,org.apache.ibatis.submitted.extend.ExtendTest.org.apache.ibatis.submitted.extend.ExtendTest
XMLStatementBuilder.java,org.apache.ibatis.builder.xml.XMLStatementBuilder,org.pitest.mutationtest.engine.gregor.mutators.RemoveConditionalMutator_EQUAL_ELSE,parseStatementNode,81,SURVIVED,none
XMLStatementBuilder.java,org.apache.ibatis.builder.xml.XMLStatementBuilder,org.pitest.mutationtest.engine.gregor.mutators.RemoveConditionalMutator_EQUAL_ELSE,parseStatementNode,101,KILLED,org.apache.ibatis.submitted.extend.ExtendTest.org.apache.ibatis.submitted.extend.ExtendTest
XMLStatementBuilder.java,org.apache.ibatis.builder.xml.XMLStatementBuilder,org.pitest.mutationtest.engine.gregor.mutators.RemoveConditionalMutator_EQUAL_ELSE,parseStatementNode,105,KILLED,org.apache.ibatis.submitted.extend.ExtendTest.org.apache.ibatis.submitted.extend.ExtendTest
XMLStatementBuilder.java,org.apache.ibatis.builder.xml.XMLStatementBuilder,org.pitest.mutationtest.engine.gregor.mutators.RemoveConditionalMutator_EQUAL_IF,parseStatementNode,60,KILLED,org.apache.ibatis.submitted.extend.ExtendTest.org.apache.ibatis.submitted.extend.ExtendTest
XMLStatementBuilder.java,org.apache.ibatis.builder.xml.XMLStatementBuilder,org.pitest.mutationtest.engine.gregor.mutators.RemoveConditionalMutator_EQUAL_IF,parseStatementNode,82,KILLED,org.apache.ibatis.submitted.extend.ExtendTest.org.apache.ibatis.submitted.extend.ExtendTest
XMLStatementBuilder.java,org.apache.ibatis.builder.xml.XMLStatementBuilder,org.pitest.mutationtest.engine.gregor.mutators.RemoveConditionalMutator_EQUAL_IF,parseStatementNode,105,KILLED,org.apache.ibatis.submitted.extend.ExtendTest.org.apache.ibatis.submitted.extend.ExtendTest
XMLStatementBuilder.java,org.apache.ibatis.builder.xml.XMLStatementBuilder,org.pitest.mutationtest.engine.gregor.mutators.RemoveConditionalMutator_EQUAL_IF,parseStatementNode,104,KILLED,org.apache.ibatis.submitted.extend.ExtendTest.org.apache.ibatis.submitted.extend.ExtendTest
XMLStatementBuilder.java,org.apache.ibatis.builder.xml.XMLStatementBuilder,org.pitest.mutationtest.engine.gregor.mutators.VoidMethodCallMutator,parseStatementNode,88,KILLED,org.apache.ibatis.submitted.extend.ExtendTest.org.apache.ibatis.submitted.extend.ExtendTest
XMLStatementBuilder.java,org.apache.ibatis.builder.xml.XMLStatementBuilder,org.pitest.mutationtest.engine.gregor.mutators.NegateConditionalsMutator,processSelectKeyNodes,117,KILLED,org.apache.ibatis.submitted.extend.ExtendTest.org.apache.ibatis.submitted.extend.ExtendTest
XMLStatementBuilder.java,org.apache.ibatis.builder.xml.XMLStatementBuilder,org.pitest.mutationtest.engine.gregor.mutators.NonVoidMethodCallMutator,processSelectKeyNodes,118,NO_COVERAGE,none
XMLStatementBuilder.java,org.apache.ibatis.builder.xml.XMLStatementBuilder,org.pitest.mutationtest.engine.gregor.mutators.VoidMethodCallMutator,processSelectKeyNodes,118,NO_COVERAGE,none
XMLStatementBuilder.java,org.apache.ibatis.builder.xml.XMLStatementBuilder,org.pitest.mutationtest.engine.gregor.mutators.ArgumentPropagationMutator,removeSelectKeyNodes,169,NO_COVERAGE,none
XMLStatementBuilder.java,org.apache.ibatis.builder.xml.XMLStatementBuilder,org.pitest.mutationtest.engine.gregor.mutators.NonVoidMethodCallMutator,removeSelectKeyNodes,168,KILLED,org.apache.ibatis.submitted.extend.ExtendTest.org.apache.ibatis.submitted.extend.ExtendTest
XMLStatementBuilder.java,org.apache.ibatis.builder.xml.XMLStatementBuilder,org.pitest.mutationtest.engine.gregor.mutators.NonVoidMethodCallMutator,removeSelectKeyNodes,169,NO_COVERAGE,none
XMLStatementBuilder.java,org.apache.ibatis.builder.xml.XMLStatementBuilder,org.pitest.mutationtest.engine.gregor.mutators.NonVoidMethodCallMutator,removeSelectKeyNodes,169,NO_COVERAGE,none
XMLStatementBuilder.java,org.apache.ibatis.builder.xml.XMLStatementBuilder,org.pitest.mutationtest.engine.gregor.mutators.NonVoidMethodCallMutator,removeSelectKeyNodes,169,NO_COVERAGE,none
XMLStatementBuilder.java,org.apache.ibatis.builder.xml.XMLStatementBuilder,org.pitest.mutationtest.engine.gregor.mutators.NonVoidMethodCallMutator,removeSelectKeyNodes,169,NO_COVERAGE,none
Jdbc3KeyGenerator.java,org.apache.ibatis.executor.keygen.Jdbc3KeyGenerator,org.pitest.mutationtest.engine.gregor.mutators.ArgumentPropagationMutator,getParameters,101,NO_COVERAGE,none
Jdbc3KeyGenerator.java,org.apache.ibatis.executor.keygen.Jdbc3KeyGenerator,org.pitest.mutationtest.engine.gregor.mutators.ArgumentPropagationMutator,getParameters,103,NO_COVERAGE,none
Jdbc3KeyGenerator.java,org.apache.ibatis.executor.keygen.Jdbc3KeyGenerator,org.pitest.mutationtest.engine.gregor.mutators.ArgumentPropagationMutator,getParameters,105,NO_COVERAGE,none
Jdbc3KeyGenerator.java,org.apache.ibatis.executor.keygen.Jdbc3KeyGenerator,org.pitest.mutationtest.engine.gregor.mutators.ConstructorCallMutator,getParameters,109,NO_COVERAGE,none
Jdbc3KeyGenerator.java,org.apache.ibatis.executor.keygen.Jdbc3KeyGenerator,org.pitest.mutationtest.engine.gregor.mutators.NegateConditionalsMutator,getParameters,96,NO_COVERAGE,none
Jdbc3KeyGenerator.java,org.apache.ibatis.executor.keygen.Jdbc3KeyGenerator,org.pitest.mutationtest.engine.gregor.mutators.NegateConditionalsMutator,getParameters,98,NO_COVERAGE,none
Jdbc3KeyGenerator.java,org.apache.ibatis.executor.keygen.Jdbc3KeyGenerator,org.pitest.mutationtest.engine.gregor.mutators.NegateConditionalsMutator,getParameters,100,NO_COVERAGE,none
Jdbc3KeyGenerator.java,org.apache.ibatis.executor.keygen.Jdbc3KeyGenerator,org.pitest.mutationtest.engine.gregor.mutators.NegateConditionalsMutator,getParameters,102,NO_COVERAGE,none
Jdbc3KeyGenerator.java,org.apache.ibatis.executor.keygen.Jdbc3KeyGenerator,org.pitest.mutationtest.engine.gregor.mutators.NegateConditionalsMutator,getParameters,104,NO_COVERAGE,none
Jdbc3KeyGenerator.java,org.apache.ibatis.executor.keygen.Jdbc3KeyGenerator,org.pitest.mutationtest.engine.gregor.mutators.NegateConditionalsMutator,getParameters,108,NO_COVERAGE,none
Jdbc3KeyGenerator.java,org.apache.ibatis.executor.keygen.Jdbc3KeyGenerator,org.pitest.mutationtest.engine.gregor.mutators.NonVoidMethodCallMutator,getParameters,100,NO_COVERAGE,none
Jdbc3KeyGenerator.java,org.apache.ibatis.executor.keygen.Jdbc3KeyGenerator,org.pitest.mutationtest.engine.gregor.mutators.NonVoidMethodCallMutator,getParameters,101,NO_COVERAGE,none
Jdbc3KeyGenerator.java,org.apache.ibatis.executor.keygen.Jdbc3KeyGenerator,org.pitest.mutationtest.engine.gregor.mutators.NonVoidMethodCallMutator,getParameters,102,NO_COVERAGE,none
Jdbc3KeyGenerator.java,org.apache.ibatis.executor.keygen.Jdbc3KeyGenerator,org.pitest.mutationtest.engine.gregor.mutators.NonVoidMethodCallMutator,getParameters,103,NO_COVERAGE,none
Jdbc3KeyGenerator.java,org.apache.ibatis.executor.keygen.Jdbc3KeyGenerator,org.pitest.mutationtest.engine.gregor.mutators.NonVoidMethodCallMutator,getParameters,104,NO_COVERAGE,none
Jdbc3KeyGenerator.java,org.apache.ibatis.executor.keygen.Jdbc3KeyGenerator,org.pitest.mutationtest.engine.gregor.mutators.NonVoidMethodCallMutator,getParameters,105,NO_COVERAGE,none
Jdbc3KeyGenerator.java,org.apache.ibatis.executor.keygen.Jdbc3KeyGenerator,org.pitest.mutationtest.engine.gregor.mutators.NonVoidMethodCallMutator,getParameters,105,NO_COVERAGE,none
Jdbc3KeyGenerator.java,org.apache.ibatis.executor.keygen.Jdbc3KeyGenerator,org.pitest.mutationtest.engine.gregor.mutators.NonVoidMethodCallMutator,getParameters,110,NO_COVERAGE,none
Jdbc3KeyGenerator.java,org.apache.ibatis.executor.keygen.Jdbc3KeyGenerator,org.pitest.mutationtest.engine.gregor.mutators.RemoveConditionalMutator_EQUAL_ELSE,getParameters,96,NO_COVERAGE,none
Jdbc3KeyGenerator.java,org.apache.ibatis.executor.keygen.Jdbc3KeyGenerator,org.pitest.mutationtest.engine.gregor.mutators.RemoveConditionalMutator_EQUAL_ELSE,getParameters,98,NO_COVERAGE,none
Jdbc3KeyGenerator.java,org.apache.ibatis.executor.keygen.Jdbc3KeyGenerator,org.pitest.mutationtest.engine.gregor.mutators.RemoveConditionalMutator_EQUAL_ELSE,getParameters,100,NO_COVERAGE,none
Jdbc3KeyGenerator.java,org.apache.ibatis.executor.keygen.Jdbc3KeyGenerator,org.pitest.mutationtest.engine.gregor.mutators.RemoveConditionalMutator_EQUAL_ELSE,getParameters,102,NO_COVERAGE,none
Jdbc3KeyGenerator.java,org.apache.ibatis.executor.keygen.Jdbc3KeyGenerator,org.pitest.mutationtest.engine.gregor.mutators.RemoveConditionalMutator_EQUAL_ELSE,getParameters,104,NO_COVERAGE,none
Jdbc3KeyGenerator.java,org.apache.ibatis.executor.keygen.Jdbc3KeyGenerator,org.pitest.mutationtest.engine.gregor.mutators.RemoveConditionalMutator_EQUAL_ELSE,getParameters,108,NO_COVERAGE,none
Jdbc3KeyGenerator.java,org.apache.ibatis.executor.keygen.Jdbc3KeyGenerator,org.pitest.mutationtest.engine.gregor.mutators.RemoveConditionalMutator_EQUAL_IF,getParameters,96,NO_COVERAGE,none
Jdbc3KeyGenerator.java,org.apache.ibatis.executor.keygen.Jdbc3KeyGenerator,org.pitest.mutationtest.engine.gregor.mutators.RemoveConditionalMutator_EQUAL_IF,getParameters,98,NO_COVERAGE,none
Jdbc3KeyGenerator.java,org.apache.ibatis.executor.keygen.Jdbc3KeyGenerator,org.pitest.mutationtest.engine.gregor.mutators.RemoveConditionalMutator_EQUAL_IF,getParameters,100,NO_COVERAGE,none
Jdbc3KeyGenerator.java,org.apache.ibatis.executor.keygen.Jdbc3KeyGenerator,org.pitest.mutationtest.engine.gregor.mutators.RemoveConditionalMutator_EQUAL_IF,getParameters,102,NO_COVERAGE,none
Jdbc3KeyGenerator.java,org.apache.ibatis.executor.keygen.Jdbc3KeyGenerator,org.pitest.mutationtest.engine.gregor.mutators.RemoveConditionalMutator_EQUAL_IF,getParameters,104,NO_COVERAGE,none
Jdbc3KeyGenerator.java,org.apache.ibatis.executor.keygen.Jdbc3KeyGenerator,org.pitest.mutationtest.engine.gregor.mutators.RemoveConditionalMutator_EQUAL_IF,getParameters,108,NO_COVERAGE,none
Jdbc3KeyGenerator.java,org.apache.ibatis.executor.keygen.Jdbc3KeyGenerator,org.pitest.mutationtest.engine.gregor.mutators.ReturnValsMutator,getParameters,112,NO_COVERAGE,none
Jdbc3KeyGenerator.java,org.apache.ibatis.executor.keygen.Jdbc3KeyGenerator,org.pitest.mutationtest.engine.gregor.mutators.ArgumentPropagationMutator,getTypeHandlers,120,NO_COVERAGE,none
Jdbc3KeyGenerator.java,org.apache.ibatis.executor.keygen.Jdbc3KeyGenerator,org.pitest.mutationtest.engine.gregor.mutators.ConditionalsBoundaryMutator,getTypeHandlers,117,NO_COVERAGE,none
Jdbc3KeyGenerator.java,org.apache.ibatis.executor.keygen.Jdbc3KeyGenerator,org.pitest.mutationtest.engine.gregor.mutators.IncrementsMutator,getTypeHandlers,117,NO_COVERAGE,none
Jdbc3KeyGenerator.java,org.apache.ibatis.executor.keygen.Jdbc3KeyGenerator,org.pitest.mutationtest.engine.gregor.mutators.InlineConstantMutator,getTypeHandlers,117,NO_COVERAGE,none
Jdbc3KeyGenerator.java,org.apache.ibatis.executor.keygen.Jdbc3KeyGenerator,org.pitest.mutationtest.engine.gregor.mutators.InlineConstantMutator,getTypeHandlers,120,NO_COVERAGE,none
Jdbc3KeyGenerator.java,org.apache.ibatis.executor.keygen.Jdbc3KeyGenerator,org.pitest.mutationtest.engine.gregor.mutators.MathMutator,getTypeHandlers,120,NO_COVERAGE,none
Jdbc3KeyGenerator.java,org.apache.ibatis.executor.keygen.Jdbc3KeyGenerator,org.pitest.mutationtest.engine.gregor.mutators.NegateConditionalsMutator,getTypeHandlers,117,NO_COVERAGE,none
Jdbc3KeyGenerator.java,org.apache.ibatis.executor.keygen.Jdbc3KeyGenerator,org.pitest.mutationtest.engine.gregor.mutators.NegateConditionalsMutator,getTypeHandlers,118,NO_COVERAGE,none
Jdbc3KeyGenerator.java,org.apache.ibatis.executor.keygen.Jdbc3KeyGenerator,org.pitest.mutationtest.engine.gregor.mutators.NonVoidMethodCallMutator,getTypeHandlers,118,NO_COVERAGE,none
Jdbc3KeyGenerator.java,org.apache.ibatis.executor.keygen.Jdbc3KeyGenerator,org.pitest.mutationtest.engine.gregor.mutators.NonVoidMethodCallMutator,getTypeHandlers,119,NO_COVERAGE,none
Jdbc3KeyGenerator.java,org.apache.ibatis.executor.keygen.Jdbc3KeyGenerator,org.pitest.mutationtest.engine.gregor.mutators.NonVoidMethodCallMutator,getTypeHandlers,120,NO_COVERAGE,none
Jdbc3KeyGenerator.java,org.apache.ibatis.executor.keygen.Jdbc3KeyGenerator,org.pitest.mutationtest.engine.gregor.mutators.NonVoidMethodCallMutator,getTypeHandlers,120,NO_COVERAGE,none
Jdbc3KeyGenerator.java,org.apache.ibatis.executor.keygen.Jdbc3KeyGenerator,org.pitest.mutationtest.engine.gregor.mutators.NonVoidMethodCallMutator,getTypeHandlers,120,NO_COVERAGE,none
Jdbc3KeyGenerator.java,org.apache.ibatis.executor.keygen.Jdbc3KeyGenerator,org.pitest.mutationtest.engine.gregor.mutators.RemoveConditionalMutator_EQUAL_ELSE,getTypeHandlers,118,NO_COVERAGE,none
Jdbc3KeyGenerator.java,org.apache.ibatis.executor.keygen.Jdbc3KeyGenerator,org.pitest.mutationtest.engine.gregor.mutators.RemoveConditionalMutator_EQUAL_IF,getTypeHandlers,118,NO_COVERAGE,none
Jdbc3KeyGenerator.java,org.apache.ibatis.executor.keygen.Jdbc3KeyGenerator,org.pitest.mutationtest.engine.gregor.mutators.RemoveConditionalMutator_ORDER_ELSE,getTypeHandlers,117,NO_COVERAGE,none
Jdbc3KeyGenerator.java,org.apache.ibatis.executor.keygen.Jdbc3KeyGenerator,org.pitest.mutationtest.engine.gregor.mutators.RemoveConditionalMutator_ORDER_IF,getTypeHandlers,117,NO_COVERAGE,none
Jdbc3KeyGenerator.java,org.apache.ibatis.executor.keygen.Jdbc3KeyGenerator,org.pitest.mutationtest.engine.gregor.mutators.ReturnValsMutator,getTypeHandlers,124,NO_COVERAGE,none
Jdbc3KeyGenerator.java,org.apache.ibatis.executor.keygen.Jdbc3KeyGenerator,org.pitest.mutationtest.engine.gregor.mutators.ConditionalsBoundaryMutator,populateKeys,128,NO_COVERAGE,none
Jdbc3KeyGenerator.java,org.apache.ibatis.executor.keygen.Jdbc3KeyGenerator,org.pitest.mutationtest.engine.gregor.mutators.ConstructorCallMutator,populateKeys,131,NO_COVERAGE,none
Jdbc3KeyGenerator.java,org.apache.ibatis.executor.keygen.Jdbc3KeyGenerator,org.pitest.mutationtest.engine.gregor.mutators.ConstructorCallMutator,populateKeys,131,NO_COVERAGE,none
Jdbc3KeyGenerator.java,org.apache.ibatis.executor.keygen.Jdbc3KeyGenerator,org.pitest.mutationtest.engine.gregor.mutators.IncrementsMutator,populateKeys,128,NO_COVERAGE,none
Jdbc3KeyGenerator.java,org.apache.ibatis.executor.keygen.Jdbc3KeyGenerator,org.pitest.mutationtest.engine.gregor.mutators.InlineConstantMutator,populateKeys,128,NO_COVERAGE,none
Jdbc3KeyGenerator.java,org.apache.ibatis.executor.keygen.Jdbc3KeyGenerator,org.pitest.mutationtest.engine.gregor.mutators.InlineConstantMutator,populateKeys,135,NO_COVERAGE,none
Jdbc3KeyGenerator.java,org.apache.ibatis.executor.keygen.Jdbc3KeyGenerator,org.pitest.mutationtest.engine.gregor.mutators.MathMutator,populateKeys,135,NO_COVERAGE,none
Jdbc3KeyGenerator.java,org.apache.ibatis.executor.keygen.Jdbc3KeyGenerator,org.pitest.mutationtest.engine.gregor.mutators.NegateConditionalsMutator,populateKeys,128,NO_COVERAGE,none
Jdbc3KeyGenerator.java,org.apache.ibatis.executor.keygen.Jdbc3KeyGenerator,org.pitest.mutationtest.engine.gregor.mutators.NegateConditionalsMutator,populateKeys,130,NO_COVERAGE,none
Jdbc3KeyGenerator.java,org.apache.ibatis.executor.keygen.Jdbc3KeyGenerator,org.pitest.mutationtest.engine.gregor.mutators.NegateConditionalsMutator,populateKeys,134,NO_COVERAGE,none
Jdbc3KeyGenerator.java,org.apache.ibatis.executor.keygen.Jdbc3KeyGenerator,org.pitest.mutationtest.engine.gregor.mutators.NonVoidMethodCallMutator,populateKeys,130,NO_COVERAGE,none
Jdbc3KeyGenerator.java,org.apache.ibatis.executor.keygen.Jdbc3KeyGenerator,org.pitest.mutationtest.engine.gregor.mutators.NonVoidMethodCallMutator,populateKeys,131,NO_COVERAGE,none
Jdbc3KeyGenerator.java,org.apache.ibatis.executor.keygen.Jdbc3KeyGenerator,org.pitest.mutationtest.engine.gregor.mutators.NonVoidMethodCallMutator,populateKeys,131,NO_COVERAGE,none
Jdbc3KeyGenerator.java,org.apache.ibatis.executor.keygen.Jdbc3KeyGenerator,org.pitest.mutationtest.engine.gregor.mutators.NonVoidMethodCallMutator,populateKeys,131,NO_COVERAGE,none
Jdbc3KeyGenerator.java,org.apache.ibatis.executor.keygen.Jdbc3KeyGenerator,org.pitest.mutationtest.engine.gregor.mutators.NonVoidMethodCallMutator,populateKeys,131,NO_COVERAGE,none
Jdbc3KeyGenerator.java,org.apache.ibatis.executor.keygen.Jdbc3KeyGenerator,org.pitest.mutationtest.engine.gregor.mutators.NonVoidMethodCallMutator,populateKeys,131,NO_COVERAGE,none
Jdbc3KeyGenerator.java,org.apache.ibatis.executor.keygen.Jdbc3KeyGenerator,org.pitest.mutationtest.engine.gregor.mutators.NonVoidMethodCallMutator,populateKeys,131,NO_COVERAGE,none
Jdbc3KeyGenerator.java,org.apache.ibatis.executor.keygen.Jdbc3KeyGenerator,org.pitest.mutationtest.engine.gregor.mutators.NonVoidMethodCallMutator,populateKeys,131,NO_COVERAGE,none
Jdbc3KeyGenerator.java,org.apache.ibatis.executor.keygen.Jdbc3KeyGenerator,org.pitest.mutationtest.engine.gregor.mutators.NonVoidMethodCallMutator,populateKeys,131,NO_COVERAGE,none
Jdbc3KeyGenerator.java,org.apache.ibatis.executor.keygen.Jdbc3KeyGenerator,org.pitest.mutationtest.engine.gregor.mutators.NonVoidMethodCallMutator,populateKeys,131,NO_COVERAGE,none
Jdbc3KeyGenerator.java,org.apache.ibatis.executor.keygen.Jdbc3KeyGenerator,org.pitest.mutationtest.engine.gregor.mutators.NonVoidMethodCallMutator,populateKeys,135,NO_COVERAGE,none
Jdbc3KeyGenerator.java,org.apache.ibatis.executor.keygen.Jdbc3KeyGenerator,org.pitest.mutationtest.engine.gregor.mutators.RemoveConditionalMutator_EQUAL_ELSE,populateKeys,130,NO_COVERAGE,none
Jdbc3KeyGenerator.java,org.apache.ibatis.executor.keygen.Jdbc3KeyGenerator,org.pitest.mutationtest.engine.gregor.mutators.RemoveConditionalMutator_EQUAL_ELSE,populateKeys,134,NO_COVERAGE,none
Jdbc3KeyGenerator.java,org.apache.ibatis.executor.keygen.Jdbc3KeyGenerator,org.pitest.mutationtest.engine.gregor.mutators.RemoveConditionalMutator_EQUAL_IF,populateKeys,130,NO_COVERAGE,none
Jdbc3KeyGenerator.java,org.apache.ibatis.executor.keygen.Jdbc3KeyGenerator,org.pitest.mutationtest.engine.gregor.mutators.RemoveConditionalMutator_EQUAL_IF,populateKeys,134,NO_COVERAGE,none
Jdbc3KeyGenerator.java,org.apache.ibatis.executor.keygen.Jdbc3KeyGenerator,org.pitest.mutationtest.engine.gregor.mutators.RemoveConditionalMutator_ORDER_ELSE,populateKeys,128,NO_COVERAGE,none
Jdbc3KeyGenerator.java,org.apache.ibatis.executor.keygen.Jdbc3KeyGenerator,org.pitest.mutationtest.engine.gregor.mutators.RemoveConditionalMutator_ORDER_IF,populateKeys,128,NO_COVERAGE,none
Jdbc3KeyGenerator.java,org.apache.ibatis.executor.keygen.Jdbc3KeyGenerator,org.pitest.mutationtest.engine.gregor.mutators.VoidMethodCallMutator,populateKeys,136,NO_COVERAGE,none
Jdbc3KeyGenerator.java,org.apache.ibatis.executor.keygen.Jdbc3KeyGenerator,org.pitest.mutationtest.engine.gregor.mutators.NonVoidMethodCallMutator,processAfter,56,NO_COVERAGE,none
Jdbc3KeyGenerator.java,org.apache.ibatis.executor.keygen.Jdbc3KeyGenerator,org.pitest.mutationtest.engine.gregor.mutators.VoidMethodCallMutator,processAfter,56,NO_COVERAGE,none
Jdbc3KeyGenerator.java,org.apache.ibatis.executor.keygen.Jdbc3KeyGenerator,org.pitest.mutationtest.engine.gregor.mutators.ConditionalsBoundaryMutator,processBatch,68,NO_COVERAGE,none
Jdbc3KeyGenerator.java,org.apache.ibatis.executor.keygen.Jdbc3KeyGenerator,org.pitest.mutationtest.engine.gregor.mutators.ConstructorCallMutator,processBatch,82,NO_COVERAGE,none
Jdbc3KeyGenerator.java,org.apache.ibatis.executor.keygen.Jdbc3KeyGenerator,org.pitest.mutationtest.engine.gregor.mutators.ConstructorCallMutator,processBatch,82,NO_COVERAGE,none
Jdbc3KeyGenerator.java,org.apache.ibatis.executor.keygen.Jdbc3KeyGenerator,org.pitest.mutationtest.engine.gregor.mutators.NegateConditionalsMutator,processBatch,68,NO_COVERAGE,none
Jdbc3KeyGenerator.java,org.apache.ibatis.executor.keygen.Jdbc3KeyGenerator,org.pitest.mutationtest.engine.gregor.mutators.NegateConditionalsMutator,processBatch,68,NO_COVERAGE,none
Jdbc3KeyGenerator.java,org.apache.ibatis.executor.keygen.Jdbc3KeyGenerator,org.pitest.mutationtest.engine.gregor.mutators.NegateConditionalsMutator,processBatch,69,NO_COVERAGE,none
Jdbc3KeyGenerator.java,org.apache.ibatis.executor.keygen.Jdbc3KeyGenerator,org.pitest.mutationtest.engine.gregor.mutators.NegateConditionalsMutator,processBatch,71,NO_COVERAGE,none
Jdbc3KeyGenerator.java,org.apache.ibatis.executor.keygen.Jdbc3KeyGenerator,org.pitest.mutationtest.engine.gregor.mutators.NegateConditionalsMutator,processBatch,75,NO_COVERAGE,none
Jdbc3KeyGenerator.java,org.apache.ibatis.executor.keygen.Jdbc3KeyGenerator,org.pitest.mutationtest.engine.gregor.mutators.NegateConditionalsMutator,processBatch,84,NO_COVERAGE,none
Jdbc3KeyGenerator.java,org.apache.ibatis.executor.keygen.Jdbc3KeyGenerator,org.pitest.mutationtest.engine.gregor.mutators.NonVoidMethodCallMutator,processBatch,62,NO_COVERAGE,none
Jdbc3KeyGenerator.java,org.apache.ibatis.executor.keygen.Jdbc3KeyGenerator,org.pitest.mutationtest.engine.gregor.mutators.NonVoidMethodCallMutator,processBatch,63,NO_COVERAGE,none
Jdbc3KeyGenerator.java,org.apache.ibatis.executor.keygen.Jdbc3KeyGenerator,org.pitest.mutationtest.engine.gregor.mutators.NonVoidMethodCallMutator,processBatch,64,NO_COVERAGE,none
Jdbc3KeyGenerator.java,org.apache.ibatis.executor.keygen.Jdbc3KeyGenerator,org.pitest.mutationtest.engine.gregor.mutators.NonVoidMethodCallMutator,processBatch,65,NO_COVERAGE,none
Jdbc3KeyGenerator.java,org.apache.ibatis.executor.keygen.Jdbc3KeyGenerator,org.pitest.mutationtest.engine.gregor.mutators.NonVoidMethodCallMutator,processBatch,66,NO_COVERAGE,none
Jdbc3KeyGenerator.java,org.apache.ibatis.executor.keygen.Jdbc3KeyGenerator,org.pitest.mutationtest.engine.gregor.mutators.NonVoidMethodCallMutator,processBatch,68,NO_COVERAGE,none
Jdbc3KeyGenerator.java,org.apache.ibatis.executor.keygen.Jdbc3KeyGenerator,org.pitest.mutationtest.engine.gregor.mutators.NonVoidMethodCallMutator,processBatch,69,NO_COVERAGE,none
Jdbc3KeyGenerator.java,org.apache.ibatis.executor.keygen.Jdbc3KeyGenerator,org.pitest.mutationtest.engine.gregor.mutators.NonVoidMethodCallMutator,processBatch,69,NO_COVERAGE,none
Jdbc3KeyGenerator.java,org.apache.ibatis.executor.keygen.Jdbc3KeyGenerator,org.pitest.mutationtest.engine.gregor.mutators.NonVoidMethodCallMutator,processBatch,69,NO_COVERAGE,none
Jdbc3KeyGenerator.java,org.apache.ibatis.executor.keygen.Jdbc3KeyGenerator,org.pitest.mutationtest.engine.gregor.mutators.NonVoidMethodCallMutator,processBatch,71,NO_COVERAGE,none
Jdbc3KeyGenerator.java,org.apache.ibatis.executor.keygen.Jdbc3KeyGenerator,org.pitest.mutationtest.engine.gregor.mutators.NonVoidMethodCallMutator,processBatch,74,NO_COVERAGE,none
Jdbc3KeyGenerator.java,org.apache.ibatis.executor.keygen.Jdbc3KeyGenerator,org.pitest.mutationtest.engine.gregor.mutators.NonVoidMethodCallMutator,processBatch,76,NO_COVERAGE,none
Jdbc3KeyGenerator.java,org.apache.ibatis.executor.keygen.Jdbc3KeyGenerator,org.pitest.mutationtest.engine.gregor.mutators.NonVoidMethodCallMutator,processBatch,82,NO_COVERAGE,none
Jdbc3KeyGenerator.java,org.apache.ibatis.executor.keygen.Jdbc3KeyGenerator,org.pitest.mutationtest.engine.gregor.mutators.NonVoidMethodCallMutator,processBatch,82,NO_COVERAGE,none
Jdbc3KeyGenerator.java,org.apache.ibatis.executor.keygen.Jdbc3KeyGenerator,org.pitest.mutationtest.engine.gregor.mutators.NonVoidMethodCallMutator,processBatch,82,NO_COVERAGE,none
Jdbc3KeyGenerator.java,org.apache.ibatis.executor.keygen.Jdbc3KeyGenerator,org.pitest.mutationtest.engine.gregor.mutators.RemoveConditionalMutator_EQUAL_ELSE,processBatch,68,NO_COVERAGE,none
Jdbc3KeyGenerator.java,org.apache.ibatis.executor.keygen.Jdbc3KeyGenerator,org.pitest.mutationtest.engine.gregor.mutators.RemoveConditionalMutator_EQUAL_ELSE,processBatch,69,NO_COVERAGE,none
Jdbc3KeyGenerator.java,org.apache.ibatis.executor.keygen.Jdbc3KeyGenerator,org.pitest.mutationtest.engine.gregor.mutators.RemoveConditionalMutator_EQUAL_ELSE,processBatch,71,NO_COVERAGE,none
Jdbc3KeyGenerator.java,org.apache.ibatis.executor.keygen.Jdbc3KeyGenerator,org.pitest.mutationtest.engine.gregor.mutators.RemoveConditionalMutator_EQUAL_ELSE,processBatch,75,NO_COVERAGE,none
Jdbc3KeyGenerator.java,org.apache.ibatis.executor.keygen.Jdbc3KeyGenerator,org.pitest.mutationtest.engine.gregor.mutators.RemoveConditionalMutator_EQUAL_ELSE,processBatch,84,NO_COVERAGE,none
Jdbc3KeyGenerator.java,org.apache.ibatis.executor.keygen.Jdbc3KeyGenerator,org.pitest.mutationtest.engine.gregor.mutators.RemoveConditionalMutator_EQUAL_IF,processBatch,68,NO_COVERAGE,none
Jdbc3KeyGenerator.java,org.apache.ibatis.executor.keygen.Jdbc3KeyGenerator,org.pitest.mutationtest.engine.gregor.mutators.RemoveConditionalMutator_EQUAL_IF,processBatch,69,NO_COVERAGE,none
Jdbc3KeyGenerator.java,org.apache.ibatis.executor.keygen.Jdbc3KeyGenerator,org.pitest.mutationtest.engine.gregor.mutators.RemoveConditionalMutator_EQUAL_IF,processBatch,71,NO_COVERAGE,none
Jdbc3KeyGenerator.java,org.apache.ibatis.executor.keygen.Jdbc3KeyGenerator,org.pitest.mutationtest.engine.gregor.mutators.RemoveConditionalMutator_EQUAL_IF,processBatch,75,NO_COVERAGE,none
Jdbc3KeyGenerator.java,org.apache.ibatis.executor.keygen.Jdbc3KeyGenerator,org.pitest.mutationtest.engine.gregor.mutators.RemoveConditionalMutator_EQUAL_IF,processBatch,84,NO_COVERAGE,none
Jdbc3KeyGenerator.java,org.apache.ibatis.executor.keygen.Jdbc3KeyGenerator,org.pitest.mutationtest.engine.gregor.mutators.RemoveConditionalMutator_ORDER_ELSE,processBatch,68,NO_COVERAGE,none
Jdbc3KeyGenerator.java,org.apache.ibatis.executor.keygen.Jdbc3KeyGenerator,org.pitest.mutationtest.engine.gregor.mutators.RemoveConditionalMutator_ORDER_IF,processBatch,68,NO_COVERAGE,none
Jdbc3KeyGenerator.java,org.apache.ibatis.executor.keygen.Jdbc3KeyGenerator,org.pitest.mutationtest.engine.gregor.mutators.VoidMethodCallMutator,processBatch,78,NO_COVERAGE,none
Jdbc3KeyGenerator.java,org.apache.ibatis.executor.keygen.Jdbc3KeyGenerator,org.pitest.mutationtest.engine.gregor.mutators.VoidMethodCallMutator,processBatch,86,NO_COVERAGE,none
SelectKeyGenerator.java,org.apache.ibatis.executor.keygen.SelectKeyGenerator,org.pitest.mutationtest.engine.gregor.mutators.experimental.MemberVariableMutator,<init>,40,NO_COVERAGE,none
SelectKeyGenerator.java,org.apache.ibatis.executor.keygen.SelectKeyGenerator,org.pitest.mutationtest.engine.gregor.mutators.experimental.MemberVariableMutator,<init>,41,NO_COVERAGE,none
SelectKeyGenerator.java,org.apache.ibatis.executor.keygen.SelectKeyGenerator,org.pitest.mutationtest.engine.gregor.mutators.ConditionalsBoundaryMutator,handleMultipleProperties,102,NO_COVERAGE,none
SelectKeyGenerator.java,org.apache.ibatis.executor.keygen.SelectKeyGenerator,org.pitest.mutationtest.engine.gregor.mutators.ConditionalsBoundaryMutator,handleMultipleProperties,109,NO_COVERAGE,none
SelectKeyGenerator.java,org.apache.ibatis.executor.keygen.SelectKeyGenerator,org.pitest.mutationtest.engine.gregor.mutators.ConstructorCallMutator,handleMultipleProperties,107,NO_COVERAGE,none
SelectKeyGenerator.java,org.apache.ibatis.executor.keygen.SelectKeyGenerator,org.pitest.mutationtest.engine.gregor.mutators.IncrementsMutator,handleMultipleProperties,102,NO_COVERAGE,none
SelectKeyGenerator.java,org.apache.ibatis.executor.keygen.SelectKeyGenerator,org.pitest.mutationtest.engine.gregor.mutators.IncrementsMutator,handleMultipleProperties,109,NO_COVERAGE,none
SelectKeyGenerator.java,org.apache.ibatis.executor.keygen.SelectKeyGenerator,org.pitest.mutationtest.engine.gregor.mutators.InlineConstantMutator,handleMultipleProperties,102,NO_COVERAGE,none
SelectKeyGenerator.java,org.apache.ibatis.executor.keygen.SelectKeyGenerator,org.pitest.mutationtest.engine.gregor.mutators.InlineConstantMutator,handleMultipleProperties,109,NO_COVERAGE,none
SelectKeyGenerator.java,org.apache.ibatis.executor.keygen.SelectKeyGenerator,org.pitest.mutationtest.engine.gregor.mutators.NegateConditionalsMutator,handleMultipleProperties,100,NO_COVERAGE,none
SelectKeyGenerator.java,org.apache.ibatis.executor.keygen.SelectKeyGenerator,org.pitest.mutationtest.engine.gregor.mutators.NegateConditionalsMutator,handleMultipleProperties,100,NO_COVERAGE,none
SelectKeyGenerator.java,org.apache.ibatis.executor.keygen.SelectKeyGenerator,org.pitest.mutationtest.engine.gregor.mutators.NegateConditionalsMutator,handleMultipleProperties,102,NO_COVERAGE,none
SelectKeyGenerator.java,org.apache.ibatis.executor.keygen.SelectKeyGenerator,org.pitest.mutationtest.engine.gregor.mutators.NegateConditionalsMutator,handleMultipleProperties,106,NO_COVERAGE,none
SelectKeyGenerator.java,org.apache.ibatis.executor.keygen.SelectKeyGenerator,org.pitest.mutationtest.engine.gregor.mutators.NegateConditionalsMutator,handleMultipleProperties,109,NO_COVERAGE,none
SelectKeyGenerator.java,org.apache.ibatis.executor.keygen.SelectKeyGenerator,org.pitest.mutationtest.engine.gregor.mutators.NonVoidMethodCallMutator,handleMultipleProperties,98,NO_COVERAGE,none
SelectKeyGenerator.java,org.apache.ibatis.executor.keygen.SelectKeyGenerator,org.pitest.mutationtest.engine.gregor.mutators.NonVoidMethodCallMutator,handleMultipleProperties,103,NO_COVERAGE,none
SelectKeyGenerator.java,org.apache.ibatis.executor.keygen.SelectKeyGenerator,org.pitest.mutationtest.engine.gregor.mutators.NonVoidMethodCallMutator,handleMultipleProperties,110,NO_COVERAGE,none
SelectKeyGenerator.java,org.apache.ibatis.executor.keygen.SelectKeyGenerator,org.pitest.mutationtest.engine.gregor.mutators.RemoveConditionalMutator_EQUAL_ELSE,handleMultipleProperties,100,NO_COVERAGE,none
SelectKeyGenerator.java,org.apache.ibatis.executor.keygen.SelectKeyGenerator,org.pitest.mutationtest.engine.gregor.mutators.RemoveConditionalMutator_EQUAL_ELSE,handleMultipleProperties,100,NO_COVERAGE,none
SelectKeyGenerator.java,org.apache.ibatis.executor.keygen.SelectKeyGenerator,org.pitest.mutationtest.engine.gregor.mutators.RemoveConditionalMutator_EQUAL_ELSE,handleMultipleProperties,106,NO_COVERAGE,none
SelectKeyGenerator.java,org.apache.ibatis.executor.keygen.SelectKeyGenerator,org.pitest.mutationtest.engine.gregor.mutators.RemoveConditionalMutator_EQUAL_IF,handleMultipleProperties,100,NO_COVERAGE,none
SelectKeyGenerator.java,org.apache.ibatis.executor.keygen.SelectKeyGenerator,org.pitest.mutationtest.engine.gregor.mutators.RemoveConditionalMutator_EQUAL_IF,handleMultipleProperties,100,NO_COVERAGE,none
SelectKeyGenerator.java,org.apache.ibatis.executor.keygen.SelectKeyGenerator,org.pitest.mutationtest.engine.gregor.mutators.RemoveConditionalMutator_EQUAL_IF,handleMultipleProperties,106,NO_COVERAGE,none
SelectKeyGenerator.java,org.apache.ibatis.executor.keygen.SelectKeyGenerator,org.pitest.mutationtest.engine.gregor.mutators.RemoveConditionalMutator_ORDER_ELSE,handleMultipleProperties,102,NO_COVERAGE,none
SelectKeyGenerator.java,org.apache.ibatis.executor.keygen.SelectKeyGenerator,org.pitest.mutationtest.engine.gregor.mutators.RemoveConditionalMutator_ORDER_ELSE,handleMultipleProperties,109,NO_COVERAGE,none
SelectKeyGenerator.java,org.apache.ibatis.executor.keygen.SelectKeyGenerator,org.pitest.mutationtest.engine.gregor.mutators.RemoveConditionalMutator_ORDER_IF,handleMultipleProperties,102,NO_COVERAGE,none
SelectKeyGenerator.java,org.apache.ibatis.executor.keygen.SelectKeyGenerator,org.pitest.mutationtest.engine.gregor.mutators.RemoveConditionalMutator_ORDER_IF,handleMultipleProperties,109,NO_COVERAGE,none
SelectKeyGenerator.java,org.apache.ibatis.executor.keygen.SelectKeyGenerator,org.pitest.mutationtest.engine.gregor.mutators.VoidMethodCallMutator,handleMultipleProperties,103,NO_COVERAGE,none
SelectKeyGenerator.java,org.apache.ibatis.executor.keygen.SelectKeyGenerator,org.pitest.mutationtest.engine.gregor.mutators.VoidMethodCallMutator,handleMultipleProperties,110,NO_COVERAGE,none
SelectKeyGenerator.java,org.apache.ibatis.executor.keygen.SelectKeyGenerator,org.pitest.mutationtest.engine.gregor.mutators.experimental.RemoveIncrementsMutator,handleMultipleProperties,102,NO_COVERAGE,none
SelectKeyGenerator.java,org.apache.ibatis.executor.keygen.SelectKeyGenerator,org.pitest.mutationtest.engine.gregor.mutators.experimental.RemoveIncrementsMutator,handleMultipleProperties,109,NO_COVERAGE,none
SelectKeyGenerator.java,org.apache.ibatis.executor.keygen.SelectKeyGenerator,org.pitest.mutationtest.engine.gregor.mutators.NegateConditionalsMutator,processAfter,53,NO_COVERAGE,none
SelectKeyGenerator.java,org.apache.ibatis.executor.keygen.SelectKeyGenerator,org.pitest.mutationtest.engine.gregor.mutators.RemoveConditionalMutator_EQUAL_ELSE,processAfter,53,NO_COVERAGE,none
SelectKeyGenerator.java,org.apache.ibatis.executor.keygen.SelectKeyGenerator,org.pitest.mutationtest.engine.gregor.mutators.RemoveConditionalMutator_EQUAL_IF,processAfter,53,NO_COVERAGE,none
SelectKeyGenerator.java,org.apache.ibatis.executor.keygen.SelectKeyGenerator,org.pitest.mutationtest.engine.gregor.mutators.VoidMethodCallMutator,processAfter,54,NO_COVERAGE,none
SelectKeyGenerator.java,org.apache.ibatis.executor.keygen.SelectKeyGenerator,org.pitest.mutationtest.engine.gregor.mutators.NegateConditionalsMutator,processBefore,46,NO_COVERAGE,none
SelectKeyGenerator.java,org.apache.ibatis.executor.keygen.SelectKeyGenerator,org.pitest.mutationtest.engine.gregor.mutators.RemoveConditionalMutator_EQUAL_ELSE,processBefore,46,NO_COVERAGE,none
SelectKeyGenerator.java,org.apache.ibatis.executor.keygen.SelectKeyGenerator,org.pitest.mutationtest.engine.gregor.mutators.RemoveConditionalMutator_EQUAL_IF,processBefore,46,NO_COVERAGE,none
SelectKeyGenerator.java,org.apache.ibatis.executor.keygen.SelectKeyGenerator,org.pitest.mutationtest.engine.gregor.mutators.VoidMethodCallMutator,processBefore,47,NO_COVERAGE,none
SelectKeyGenerator.java,org.apache.ibatis.executor.keygen.SelectKeyGenerator,org.pitest.mutationtest.engine.gregor.mutators.ConditionalsBoundaryMutator,processGeneratedKeys,71,NO_COVERAGE,none
SelectKeyGenerator.java,org.apache.ibatis.executor.keygen.SelectKeyGenerator,org.pitest.mutationtest.engine.gregor.mutators.ConstructorCallMutator,processGeneratedKeys,70,NO_COVERAGE,none
SelectKeyGenerator.java,org.apache.ibatis.executor.keygen.SelectKeyGenerator,org.pitest.mutationtest.engine.gregor.mutators.ConstructorCallMutator,processGeneratedKeys,72,NO_COVERAGE,none
SelectKeyGenerator.java,org.apache.ibatis.executor.keygen.SelectKeyGenerator,org.pitest.mutationtest.engine.gregor.mutators.ConstructorCallMutator,processGeneratedKeys,92,NO_COVERAGE,none
SelectKeyGenerator.java,org.apache.ibatis.executor.keygen.SelectKeyGenerator,org.pitest.mutationtest.engine.gregor.mutators.ConstructorCallMutator,processGeneratedKeys,92,NO_COVERAGE,none
SelectKeyGenerator.java,org.apache.ibatis.executor.keygen.SelectKeyGenerator,org.pitest.mutationtest.engine.gregor.mutators.InlineConstantMutator,processGeneratedKeys,71,NO_COVERAGE,none
SelectKeyGenerator.java,org.apache.ibatis.executor.keygen.SelectKeyGenerator,org.pitest.mutationtest.engine.gregor.mutators.InlineConstantMutator,processGeneratedKeys,74,NO_COVERAGE,none
SelectKeyGenerator.java,org.apache.ibatis.executor.keygen.SelectKeyGenerator,org.pitest.mutationtest.engine.gregor.mutators.InlineConstantMutator,processGeneratedKeys,75,NO_COVERAGE,none
SelectKeyGenerator.java,org.apache.ibatis.executor.keygen.SelectKeyGenerator,org.pitest.mutationtest.engine.gregor.mutators.InlineConstantMutator,processGeneratedKeys,76,NO_COVERAGE,none
SelectKeyGenerator.java,org.apache.ibatis.executor.keygen.SelectKeyGenerator,org.pitest.mutationtest.engine.gregor.mutators.InlineConstantMutator,processGeneratedKeys,77,NO_COVERAGE,none
SelectKeyGenerator.java,org.apache.ibatis.executor.keygen.SelectKeyGenerator,org.pitest.mutationtest.engine.gregor.mutators.InlineConstantMutator,processGeneratedKeys,77,NO_COVERAGE,none
SelectKeyGenerator.java,org.apache.ibatis.executor.keygen.SelectKeyGenerator,org.pitest.mutationtest.engine.gregor.mutators.InlineConstantMutator,processGeneratedKeys,81,NO_COVERAGE,none
SelectKeyGenerator.java,org.apache.ibatis.executor.keygen.SelectKeyGenerator,org.pitest.mutationtest.engine.gregor.mutators.InlineConstantMutator,processGeneratedKeys,81,NO_COVERAGE,none
SelectKeyGenerator.java,org.apache.ibatis.executor.keygen.SelectKeyGenerator,org.pitest.mutationtest.engine.gregor.mutators.NegateConditionalsMutator,processGeneratedKeys,60,NO_COVERAGE,none
SelectKeyGenerator.java,org.apache.ibatis.executor.keygen.SelectKeyGenerator,org.pitest.mutationtest.engine.gregor.mutators.NegateConditionalsMutator,processGeneratedKeys,60,NO_COVERAGE,none
SelectKeyGenerator.java,org.apache.ibatis.executor.keygen.SelectKeyGenerator,org.pitest.mutationtest.engine.gregor.mutators.NegateConditionalsMutator,processGeneratedKeys,60,NO_COVERAGE,none
SelectKeyGenerator.java,org.apache.ibatis.executor.keygen.SelectKeyGenerator,org.pitest.mutationtest.engine.gregor.mutators.NegateConditionalsMutator,processGeneratedKeys,64,NO_COVERAGE,none
SelectKeyGenerator.java,org.apache.ibatis.executor.keygen.SelectKeyGenerator,org.pitest.mutationtest.engine.gregor.mutators.NegateConditionalsMutator,processGeneratedKeys,69,NO_COVERAGE,none
SelectKeyGenerator.java,org.apache.ibatis.executor.keygen.SelectKeyGenerator,org.pitest.mutationtest.engine.gregor.mutators.NegateConditionalsMutator,processGeneratedKeys,71,NO_COVERAGE,none
SelectKeyGenerator.java,org.apache.ibatis.executor.keygen.SelectKeyGenerator,org.pitest.mutationtest.engine.gregor.mutators.NegateConditionalsMutator,processGeneratedKeys,75,NO_COVERAGE,none
SelectKeyGenerator.java,org.apache.ibatis.executor.keygen.SelectKeyGenerator,org.pitest.mutationtest.engine.gregor.mutators.NegateConditionalsMutator,processGeneratedKeys,76,NO_COVERAGE,none
SelectKeyGenerator.java,org.apache.ibatis.executor.keygen.SelectKeyGenerator,org.pitest.mutationtest.engine.gregor.mutators.NonVoidMethodCallMutator,processGeneratedKeys,60,NO_COVERAGE,none
SelectKeyGenerator.java,org.apache.ibatis.executor.keygen.SelectKeyGenerator,org.pitest.mutationtest.engine.gregor.mutators.NonVoidMethodCallMutator,processGeneratedKeys,61,NO_COVERAGE,none
SelectKeyGenerator.java,org.apache.ibatis.executor.keygen.SelectKeyGenerator,org.pitest.mutationtest.engine.gregor.mutators.NonVoidMethodCallMutator,processGeneratedKeys,62,NO_COVERAGE,none
SelectKeyGenerator.java,org.apache.ibatis.executor.keygen.SelectKeyGenerator,org.pitest.mutationtest.engine.gregor.mutators.NonVoidMethodCallMutator,processGeneratedKeys,63,NO_COVERAGE,none
SelectKeyGenerator.java,org.apache.ibatis.executor.keygen.SelectKeyGenerator,org.pitest.mutationtest.engine.gregor.mutators.NonVoidMethodCallMutator,processGeneratedKeys,67,NO_COVERAGE,none
SelectKeyGenerator.java,org.apache.ibatis.executor.keygen.SelectKeyGenerator,org.pitest.mutationtest.engine.gregor.mutators.NonVoidMethodCallMutator,processGeneratedKeys,67,NO_COVERAGE,none
SelectKeyGenerator.java,org.apache.ibatis.executor.keygen.SelectKeyGenerator,org.pitest.mutationtest.engine.gregor.mutators.NonVoidMethodCallMutator,processGeneratedKeys,68,NO_COVERAGE,none
SelectKeyGenerator.java,org.apache.ibatis.executor.keygen.SelectKeyGenerator,org.pitest.mutationtest.engine.gregor.mutators.NonVoidMethodCallMutator,processGeneratedKeys,69,NO_COVERAGE,none
SelectKeyGenerator.java,org.apache.ibatis.executor.keygen.SelectKeyGenerator,org.pitest.mutationtest.engine.gregor.mutators.NonVoidMethodCallMutator,processGeneratedKeys,71,NO_COVERAGE,none
SelectKeyGenerator.java,org.apache.ibatis.executor.keygen.SelectKeyGenerator,org.pitest.mutationtest.engine.gregor.mutators.NonVoidMethodCallMutator,processGeneratedKeys,74,NO_COVERAGE,none
SelectKeyGenerator.java,org.apache.ibatis.executor.keygen.SelectKeyGenerator,org.pitest.mutationtest.engine.gregor.mutators.NonVoidMethodCallMutator,processGeneratedKeys,74,NO_COVERAGE,none
SelectKeyGenerator.java,org.apache.ibatis.executor.keygen.SelectKeyGenerator,org.pitest.mutationtest.engine.gregor.mutators.NonVoidMethodCallMutator,processGeneratedKeys,76,NO_COVERAGE,none
SelectKeyGenerator.java,org.apache.ibatis.executor.keygen.SelectKeyGenerator,org.pitest.mutationtest.engine.gregor.mutators.NonVoidMethodCallMutator,processGeneratedKeys,77,NO_COVERAGE,none
SelectKeyGenerator.java,org.apache.ibatis.executor.keygen.SelectKeyGenerator,org.pitest.mutationtest.engine.gregor.mutators.NonVoidMethodCallMutator,processGeneratedKeys,81,NO_COVERAGE,none
SelectKeyGenerator.java,org.apache.ibatis.executor.keygen.SelectKeyGenerator,org.pitest.mutationtest.engine.gregor.mutators.NonVoidMethodCallMutator,processGeneratedKeys,92,NO_COVERAGE,none
SelectKeyGenerator.java,org.apache.ibatis.executor.keygen.SelectKeyGenerator,org.pitest.mutationtest.engine.gregor.mutators.NonVoidMethodCallMutator,processGeneratedKeys,92,NO_COVERAGE,none
SelectKeyGenerator.java,org.apache.ibatis.executor.keygen.SelectKeyGenerator,org.pitest.mutationtest.engine.gregor.mutators.NonVoidMethodCallMutator,processGeneratedKeys,92,NO_COVERAGE,none
SelectKeyGenerator.java,org.apache.ibatis.executor.keygen.SelectKeyGenerator,org.pitest.mutationtest.engine.gregor.mutators.RemoveConditionalMutator_EQUAL_ELSE,processGeneratedKeys,60,NO_COVERAGE,none
SelectKeyGenerator.java,org.apache.ibatis.executor.keygen.SelectKeyGenerator,org.pitest.mutationtest.engine.gregor.mutators.RemoveConditionalMutator_EQUAL_ELSE,processGeneratedKeys,60,NO_COVERAGE,none
SelectKeyGenerator.java,org.apache.ibatis.executor.keygen.SelectKeyGenerator,org.pitest.mutationtest.engine.gregor.mutators.RemoveConditionalMutator_EQUAL_ELSE,processGeneratedKeys,60,NO_COVERAGE,none
SelectKeyGenerator.java,org.apache.ibatis.executor.keygen.SelectKeyGenerator,org.pitest.mutationtest.engine.gregor.mutators.RemoveConditionalMutator_EQUAL_ELSE,processGeneratedKeys,64,NO_COVERAGE,none
SelectKeyGenerator.java,org.apache.ibatis.executor.keygen.SelectKeyGenerator,org.pitest.mutationtest.engine.gregor.mutators.RemoveConditionalMutator_EQUAL_ELSE,processGeneratedKeys,69,NO_COVERAGE,none
SelectKeyGenerator.java,org.apache.ibatis.executor.keygen.SelectKeyGenerator,org.pitest.mutationtest.engine.gregor.mutators.RemoveConditionalMutator_EQUAL_ELSE,processGeneratedKeys,75,NO_COVERAGE,none
SelectKeyGenerator.java,org.apache.ibatis.executor.keygen.SelectKeyGenerator,org.pitest.mutationtest.engine.gregor.mutators.RemoveConditionalMutator_EQUAL_ELSE,processGeneratedKeys,76,NO_COVERAGE,none
SelectKeyGenerator.java,org.apache.ibatis.executor.keygen.SelectKeyGenerator,org.pitest.mutationtest.engine.gregor.mutators.RemoveConditionalMutator_EQUAL_IF,processGeneratedKeys,60,NO_COVERAGE,none
SelectKeyGenerator.java,org.apache.ibatis.executor.keygen.SelectKeyGenerator,org.pitest.mutationtest.engine.gregor.mutators.RemoveConditionalMutator_EQUAL_IF,processGeneratedKeys,60,NO_COVERAGE,none
SelectKeyGenerator.java,org.apache.ibatis.executor.keygen.SelectKeyGenerator,org.pitest.mutationtest.engine.gregor.mutators.RemoveConditionalMutator_EQUAL_IF,processGeneratedKeys,60,NO_COVERAGE,none
SelectKeyGenerator.java,org.apache.ibatis.executor.keygen.SelectKeyGenerator,org.pitest.mutationtest.engine.gregor.mutators.RemoveConditionalMutator_EQUAL_IF,processGeneratedKeys,64,NO_COVERAGE,none
SelectKeyGenerator.java,org.apache.ibatis.executor.keygen.SelectKeyGenerator,org.pitest.mutationtest.engine.gregor.mutators.RemoveConditionalMutator_EQUAL_IF,processGeneratedKeys,69,NO_COVERAGE,none
SelectKeyGenerator.java,org.apache.ibatis.executor.keygen.SelectKeyGenerator,org.pitest.mutationtest.engine.gregor.mutators.RemoveConditionalMutator_EQUAL_IF,processGeneratedKeys,75,NO_COVERAGE,none
SelectKeyGenerator.java,org.apache.ibatis.executor.keygen.SelectKeyGenerator,org.pitest.mutationtest.engine.gregor.mutators.RemoveConditionalMutator_EQUAL_IF,processGeneratedKeys,76,NO_COVERAGE,none
SelectKeyGenerator.java,org.apache.ibatis.executor.keygen.SelectKeyGenerator,org.pitest.mutationtest.engine.gregor.mutators.RemoveConditionalMutator_ORDER_ELSE,processGeneratedKeys,71,NO_COVERAGE,none
SelectKeyGenerator.java,org.apache.ibatis.executor.keygen.SelectKeyGenerator,org.pitest.mutationtest.engine.gregor.mutators.RemoveConditionalMutator_ORDER_IF,processGeneratedKeys,71,NO_COVERAGE,none
SelectKeyGenerator.java,org.apache.ibatis.executor.keygen.SelectKeyGenerator,org.pitest.mutationtest.engine.gregor.mutators.VoidMethodCallMutator,processGeneratedKeys,77,NO_COVERAGE,none
SelectKeyGenerator.java,org.apache.ibatis.executor.keygen.SelectKeyGenerator,org.pitest.mutationtest.engine.gregor.mutators.VoidMethodCallMutator,processGeneratedKeys,81,NO_COVERAGE,none
SelectKeyGenerator.java,org.apache.ibatis.executor.keygen.SelectKeyGenerator,org.pitest.mutationtest.engine.gregor.mutators.VoidMethodCallMutator,processGeneratedKeys,84,NO_COVERAGE,none
SelectKeyGenerator.java,org.apache.ibatis.executor.keygen.SelectKeyGenerator,org.pitest.mutationtest.engine.gregor.mutators.ConstructorCallMutator,setValue,119,NO_COVERAGE,none
SelectKeyGenerator.java,org.apache.ibatis.executor.keygen.SelectKeyGenerator,org.pitest.mutationtest.engine.gregor.mutators.ConstructorCallMutator,setValue,119,NO_COVERAGE,none
SelectKeyGenerator.java,org.apache.ibatis.executor.keygen.SelectKeyGenerator,org.pitest.mutationtest.engine.gregor.mutators.NegateConditionalsMutator,setValue,116,NO_COVERAGE,none
SelectKeyGenerator.java,org.apache.ibatis.executor.keygen.SelectKeyGenerator,org.pitest.mutationtest.engine.gregor.mutators.NonVoidMethodCallMutator,setValue,116,NO_COVERAGE,none
SelectKeyGenerator.java,org.apache.ibatis.executor.keygen.SelectKeyGenerator,org.pitest.mutationtest.engine.gregor.mutators.NonVoidMethodCallMutator,setValue,119,NO_COVERAGE,none
SelectKeyGenerator.java,org.apache.ibatis.executor.keygen.SelectKeyGenerator,org.pitest.mutationtest.engine.gregor.mutators.NonVoidMethodCallMutator,setValue,119,NO_COVERAGE,none
SelectKeyGenerator.java,org.apache.ibatis.executor.keygen.SelectKeyGenerator,org.pitest.mutationtest.engine.gregor.mutators.NonVoidMethodCallMutator,setValue,119,NO_COVERAGE,none
SelectKeyGenerator.java,org.apache.ibatis.executor.keygen.SelectKeyGenerator,org.pitest.mutationtest.engine.gregor.mutators.NonVoidMethodCallMutator,setValue,119,NO_COVERAGE,none
SelectKeyGenerator.java,org.apache.ibatis.executor.keygen.SelectKeyGenerator,org.pitest.mutationtest.engine.gregor.mutators.NonVoidMethodCallMutator,setValue,119,NO_COVERAGE,none
SelectKeyGenerator.java,org.apache.ibatis.executor.keygen.SelectKeyGenerator,org.pitest.mutationtest.engine.gregor.mutators.NonVoidMethodCallMutator,setValue,119,NO_COVERAGE,none
SelectKeyGenerator.java,org.apache.ibatis.executor.keygen.SelectKeyGenerator,org.pitest.mutationtest.engine.gregor.mutators.NonVoidMethodCallMutator,setValue,119,NO_COVERAGE,none
SelectKeyGenerator.java,org.apache.ibatis.executor.keygen.SelectKeyGenerator,org.pitest.mutationtest.engine.gregor.mutators.NonVoidMethodCallMutator,setValue,119,NO_COVERAGE,none
SelectKeyGenerator.java,org.apache.ibatis.executor.keygen.SelectKeyGenerator,org.pitest.mutationtest.engine.gregor.mutators.NonVoidMethodCallMutator,setValue,119,NO_COVERAGE,none
SelectKeyGenerator.java,org.apache.ibatis.executor.keygen.SelectKeyGenerator,org.pitest.mutationtest.engine.gregor.mutators.RemoveConditionalMutator_EQUAL_ELSE,setValue,116,NO_COVERAGE,none
SelectKeyGenerator.java,org.apache.ibatis.executor.keygen.SelectKeyGenerator,org.pitest.mutationtest.engine.gregor.mutators.RemoveConditionalMutator_EQUAL_IF,setValue,116,NO_COVERAGE,none
SelectKeyGenerator.java,org.apache.ibatis.executor.keygen.SelectKeyGenerator,org.pitest.mutationtest.engine.gregor.mutators.VoidMethodCallMutator,setValue,117,NO_COVERAGE,none
MetaClass.java,org.apache.ibatis.reflection.MetaClass,org.pitest.mutationtest.engine.gregor.mutators.ArgumentPropagationMutator,buildProperty,174,NO_COVERAGE,none
MetaClass.java,org.apache.ibatis.reflection.MetaClass,org.pitest.mutationtest.engine.gregor.mutators.ArgumentPropagationMutator,buildProperty,179,NO_COVERAGE,none
MetaClass.java,org.apache.ibatis.reflection.MetaClass,org.pitest.mutationtest.engine.gregor.mutators.ArgumentPropagationMutator,buildProperty,182,KILLED,org.apache.ibatis.submitted.extend.ExtendTest.org.apache.ibatis.submitted.extend.ExtendTest
MetaClass.java,org.apache.ibatis.reflection.MetaClass,org.pitest.mutationtest.engine.gregor.mutators.ConstructorCallMutator,buildProperty,172,KILLED,org.apache.ibatis.submitted.extend.ExtendTest.org.apache.ibatis.submitted.extend.ExtendTest
MetaClass.java,org.apache.ibatis.reflection.MetaClass,org.pitest.mutationtest.engine.gregor.mutators.NegateConditionalsMutator,buildProperty,175,NO_COVERAGE,none
MetaClass.java,org.apache.ibatis.reflection.MetaClass,org.pitest.mutationtest.engine.gregor.mutators.NonVoidMethodCallMutator,buildProperty,174,NO_COVERAGE,none
MetaClass.java,org.apache.ibatis.reflection.MetaClass,org.pitest.mutationtest.engine.gregor.mutators.NonVoidMethodCallMutator,buildProperty,174,NO_COVERAGE,none
MetaClass.java,org.apache.ibatis.reflection.MetaClass,org.pitest.mutationtest.engine.gregor.mutators.NonVoidMethodCallMutator,buildProperty,176,NO_COVERAGE,none
MetaClass.java,org.apache.ibatis.reflection.MetaClass,org.pitest.mutationtest.engine.gregor.mutators.NonVoidMethodCallMutator,buildProperty,177,NO_COVERAGE,none
MetaClass.java,org.apache.ibatis.reflection.MetaClass,org.pitest.mutationtest.engine.gregor.mutators.NonVoidMethodCallMutator,buildProperty,178,NO_COVERAGE,none
MetaClass.java,org.apache.ibatis.reflection.MetaClass,org.pitest.mutationtest.engine.gregor.mutators.NonVoidMethodCallMutator,buildProperty,179,NO_COVERAGE,none
MetaClass.java,org.apache.ibatis.reflection.MetaClass,org.pitest.mutationtest.engine.gregor.mutators.NonVoidMethodCallMutator,buildProperty,179,NO_COVERAGE,none
MetaClass.java,org.apache.ibatis.reflection.MetaClass,org.pitest.mutationtest.engine.gregor.mutators.NonVoidMethodCallMutator,buildProperty,184,NO_COVERAGE,none
MetaClass.java,org.apache.ibatis.reflection.MetaClass,org.pitest.mutationtest.engine.gregor.mutators.RemoveConditionalMutator_EQUAL_ELSE,buildProperty,175,NO_COVERAGE,none
MetaClass.java,org.apache.ibatis.reflection.MetaClass,org.pitest.mutationtest.engine.gregor.mutators.RemoveConditionalMutator_EQUAL_ELSE,buildProperty,183,KILLED,org.apache.ibatis.submitted.extend.ExtendTest.org.apache.ibatis.submitted.extend.ExtendTest
MetaClass.java,org.apache.ibatis.reflection.MetaClass,org.pitest.mutationtest.engine.gregor.mutators.RemoveConditionalMutator_EQUAL_IF,buildProperty,173,KILLED,org.apache.ibatis.submitted.extend.ExtendTest.org.apache.ibatis.submitted.extend.ExtendTest
MetaClass.java,org.apache.ibatis.reflection.MetaClass,org.pitest.mutationtest.engine.gregor.mutators.RemoveConditionalMutator_EQUAL_IF,buildProperty,175,NO_COVERAGE,none
MetaClass.java,org.apache.ibatis.reflection.MetaClass,org.pitest.mutationtest.engine.gregor.mutators.ReturnValsMutator,buildProperty,187,KILLED,org.apache.ibatis.submitted.extend.ExtendTest.org.apache.ibatis.submitted.extend.ExtendTest
MetaClass.java,org.apache.ibatis.reflection.MetaClass,org.pitest.mutationtest.engine.gregor.mutators.ConstructorCallMutator,findProperty,52,KILLED,org.apache.ibatis.submitted.extend.ExtendTest.org.apache.ibatis.submitted.extend.ExtendTest
MetaClass.java,org.apache.ibatis.reflection.MetaClass,org.pitest.mutationtest.engine.gregor.mutators.NegateConditionalsMutator,findProperty,53,KILLED,org.apache.ibatis.submitted.extend.ExtendTest.org.apache.ibatis.submitted.extend.ExtendTest
MetaClass.java,org.apache.ibatis.reflection.MetaClass,org.pitest.mutationtest.engine.gregor.mutators.NonVoidMethodCallMutator,findProperty,52,KILLED,org.apache.ibatis.submitted.extend.ExtendTest.org.apache.ibatis.submitted.extend.ExtendTest
MetaClass.java,org.apache.ibatis.reflection.MetaClass,org.pitest.mutationtest.engine.gregor.mutators.NonVoidMethodCallMutator,findProperty,53,KILLED,org.apache.ibatis.submitted.extend.ExtendTest.org.apache.ibatis.submitted.extend.ExtendTest
MetaClass.java,org.apache.ibatis.reflection.MetaClass,org.pitest.mutationtest.engine.gregor.mutators.RemoveConditionalMutator_ORDER_ELSE,findProperty,53,KILLED,org.apache.ibatis.submitted.extend.ExtendTest.org.apache.ibatis.submitted.extend.ExtendTest
MetaClass.java,org.apache.ibatis.reflection.MetaClass,org.pitest.mutationtest.engine.gregor.mutators.RemoveConditionalMutator_ORDER_IF,findProperty,53,KILLED,org.apache.ibatis.submitted.extend.ExtendTest.org.apache.ibatis.submitted.extend.ExtendTest
MetaClass.java,org.apache.ibatis.reflection.MetaClass,org.pitest.mutationtest.engine.gregor.mutators.ReturnValsMutator,findProperty,53,KILLED,org.apache.ibatis.submitted.extend.ExtendTest.org.apache.ibatis.submitted.extend.ExtendTest
MetaClass.java,org.apache.ibatis.reflection.MetaClass,org.pitest.mutationtest.engine.gregor.mutators.NonVoidMethodCallMutator,findProperty,58,NO_COVERAGE,none
MetaClass.java,org.apache.ibatis.reflection.MetaClass,org.pitest.mutationtest.engine.gregor.mutators.NonVoidMethodCallMutator,findProperty,60,KILLED,org.apache.ibatis.submitted.extend.ExtendTest.org.apache.ibatis.submitted.extend.ExtendTest
MetaClass.java,org.apache.ibatis.reflection.MetaClass,org.pitest.mutationtest.engine.gregor.mutators.ConstructorCallMutator,forClass,43,KILLED,org.apache.ibatis.submitted.extend.ExtendTest.org.apache.ibatis.submitted.extend.ExtendTest
MetaClass.java,org.apache.ibatis.reflection.MetaClass,org.pitest.mutationtest.engine.gregor.mutators.ReturnValsMutator,forClass,43,KILLED,org.apache.ibatis.submitted.extend.ExtendTest.org.apache.ibatis.submitted.extend.ExtendTest
MetaClass.java,org.apache.ibatis.reflection.MetaClass,org.pitest.mutationtest.engine.gregor.mutators.ArgumentPropagationMutator,getGenericGetterType,121,NO_COVERAGE,none
MetaClass.java,org.apache.ibatis.reflection.MetaClass,org.pitest.mutationtest.engine.gregor.mutators.ArgumentPropagationMutator,getGenericGetterType,122,NO_COVERAGE,none
MetaClass.java,org.apache.ibatis.reflection.MetaClass,org.pitest.mutationtest.engine.gregor.mutators.ArgumentPropagationMutator,getGenericGetterType,126,NO_COVERAGE,none
MetaClass.java,org.apache.ibatis.reflection.MetaClass,org.pitest.mutationtest.engine.gregor.mutators.ArgumentPropagationMutator,getGenericGetterType,127,NO_COVERAGE,none
MetaClass.java,org.apache.ibatis.reflection.MetaClass,org.pitest.mutationtest.engine.gregor.mutators.InlineConstantMutator,getGenericGetterType,120,NO_COVERAGE,none
MetaClass.java,org.apache.ibatis.reflection.MetaClass,org.pitest.mutationtest.engine.gregor.mutators.InlineConstantMutator,getGenericGetterType,125,NO_COVERAGE,none
MetaClass.java,org.apache.ibatis.reflection.MetaClass,org.pitest.mutationtest.engine.gregor.mutators.NegateConditionalsMutator,getGenericGetterType,118,NO_COVERAGE,none
MetaClass.java,org.apache.ibatis.reflection.MetaClass,org.pitest.mutationtest.engine.gregor.mutators.NegateConditionalsMutator,getGenericGetterType,123,NO_COVERAGE,none
MetaClass.java,org.apache.ibatis.reflection.MetaClass,org.pitest.mutationtest.engine.gregor.mutators.NonVoidMethodCallMutator,getGenericGetterType,117,NO_COVERAGE,none
MetaClass.java,org.apache.ibatis.reflection.MetaClass,org.pitest.mutationtest.engine.gregor.mutators.NonVoidMethodCallMutator,getGenericGetterType,119,NO_COVERAGE,none
MetaClass.java,org.apache.ibatis.reflection.MetaClass,org.pitest.mutationtest.engine.gregor.mutators.NonVoidMethodCallMutator,getGenericGetterType,121,NO_COVERAGE,none
MetaClass.java,org.apache.ibatis.reflection.MetaClass,org.pitest.mutationtest.engine.gregor.mutators.NonVoidMethodCallMutator,getGenericGetterType,122,NO_COVERAGE,none
MetaClass.java,org.apache.ibatis.reflection.MetaClass,org.pitest.mutationtest.engine.gregor.mutators.NonVoidMethodCallMutator,getGenericGetterType,122,NO_COVERAGE,none
MetaClass.java,org.apache.ibatis.reflection.MetaClass,org.pitest.mutationtest.engine.gregor.mutators.NonVoidMethodCallMutator,getGenericGetterType,124,NO_COVERAGE,none
MetaClass.java,org.apache.ibatis.reflection.MetaClass,org.pitest.mutationtest.engine.gregor.mutators.NonVoidMethodCallMutator,getGenericGetterType,126,NO_COVERAGE,none
MetaClass.java,org.apache.ibatis.reflection.MetaClass,org.pitest.mutationtest.engine.gregor.mutators.NonVoidMethodCallMutator,getGenericGetterType,127,NO_COVERAGE,none
MetaClass.java,org.apache.ibatis.reflection.MetaClass,org.pitest.mutationtest.engine.gregor.mutators.NonVoidMethodCallMutator,getGenericGetterType,127,NO_COVERAGE,none
MetaClass.java,org.apache.ibatis.reflection.MetaClass,org.pitest.mutationtest.engine.gregor.mutators.RemoveConditionalMutator_EQUAL_ELSE,getGenericGetterType,118,NO_COVERAGE,none
MetaClass.java,org.apache.ibatis.reflection.MetaClass,org.pitest.mutationtest.engine.gregor.mutators.RemoveConditionalMutator_EQUAL_ELSE,getGenericGetterType,123,NO_COVERAGE,none
MetaClass.java,org.apache.ibatis.reflection.MetaClass,org.pitest.mutationtest.engine.gregor.mutators.RemoveConditionalMutator_EQUAL_IF,getGenericGetterType,118,NO_COVERAGE,none
MetaClass.java,org.apache.ibatis.reflection.MetaClass,org.pitest.mutationtest.engine.gregor.mutators.RemoveConditionalMutator_EQUAL_IF,getGenericGetterType,123,NO_COVERAGE,none
MetaClass.java,org.apache.ibatis.reflection.MetaClass,org.pitest.mutationtest.engine.gregor.mutators.ReturnValsMutator,getGenericGetterType,122,NO_COVERAGE,none
MetaClass.java,org.apache.ibatis.reflection.MetaClass,org.pitest.mutationtest.engine.gregor.mutators.ReturnValsMutator,getGenericGetterType,127,NO_COVERAGE,none
MetaClass.java,org.apache.ibatis.reflection.MetaClass,org.pitest.mutationtest.engine.gregor.mutators.ReturnValsMutator,getGenericGetterType,132,NO_COVERAGE,none
MetaClass.java,org.apache.ibatis.reflection.MetaClass,org.pitest.mutationtest.engine.gregor.mutators.VoidMethodCallMutator,getGenericGetterType,120,NO_COVERAGE,none
MetaClass.java,org.apache.ibatis.reflection.MetaClass,org.pitest.mutationtest.engine.gregor.mutators.VoidMethodCallMutator,getGenericGetterType,125,NO_COVERAGE,none
MetaClass.java,org.apache.ibatis.reflection.MetaClass,org.pitest.mutationtest.engine.gregor.mutators.ReturnValsMutator,getGetInvoker,164,NO_COVERAGE,none
MetaClass.java,org.apache.ibatis.reflection.MetaClass,org.pitest.mutationtest.engine.gregor.mutators.NonVoidMethodCallMutator,getGetterNames,64,NO_COVERAGE,none
MetaClass.java,org.apache.ibatis.reflection.MetaClass,org.pitest.mutationtest.engine.gregor.mutators.ReturnValsMutator,getGetterNames,64,NO_COVERAGE,none
MetaClass.java,org.apache.ibatis.reflection.MetaClass,org.pitest.mutationtest.engine.gregor.mutators.NonVoidMethodCallMutator,getGetterType,84,NO_COVERAGE,none
MetaClass.java,org.apache.ibatis.reflection.MetaClass,org.pitest.mutationtest.engine.gregor.mutators.NonVoidMethodCallMutator,getGetterType,85,NO_COVERAGE,none
MetaClass.java,org.apache.ibatis.reflection.MetaClass,org.pitest.mutationtest.engine.gregor.mutators.NonVoidMethodCallMutator,getGetterType,85,NO_COVERAGE,none
MetaClass.java,org.apache.ibatis.reflection.MetaClass,org.pitest.mutationtest.engine.gregor.mutators.ReturnValsMutator,getGetterType,85,NO_COVERAGE,none
MetaClass.java,org.apache.ibatis.reflection.MetaClass,org.pitest.mutationtest.engine.gregor.mutators.InlineConstantMutator,getGetterType,102,NO_COVERAGE,none
MetaClass.java,org.apache.ibatis.reflection.MetaClass,org.pitest.mutationtest.engine.gregor.mutators.InlineConstantMutator,getGetterType,103,NO_COVERAGE,none
MetaClass.java,org.apache.ibatis.reflection.MetaClass,org.pitest.mutationtest.engine.gregor.mutators.NegateConditionalsMutator,getGetterType,100,NO_COVERAGE,none
MetaClass.java,org.apache.ibatis.reflection.MetaClass,org.pitest.mutationtest.engine.gregor.mutators.NegateConditionalsMutator,getGetterType,102,NO_COVERAGE,none
MetaClass.java,org.apache.ibatis.reflection.MetaClass,org.pitest.mutationtest.engine.gregor.mutators.NegateConditionalsMutator,getGetterType,102,NO_COVERAGE,none
MetaClass.java,org.apache.ibatis.reflection.MetaClass,org.pitest.mutationtest.engine.gregor.mutators.NegateConditionalsMutator,getGetterType,104,NO_COVERAGE,none
MetaClass.java,org.apache.ibatis.reflection.MetaClass,org.pitest.mutationtest.engine.gregor.mutators.NegateConditionalsMutator,getGetterType,106,NO_COVERAGE,none
MetaClass.java,org.apache.ibatis.reflection.MetaClass,org.pitest.mutationtest.engine.gregor.mutators.NonVoidMethodCallMutator,getGetterType,99,NO_COVERAGE,none
MetaClass.java,org.apache.ibatis.reflection.MetaClass,org.pitest.mutationtest.engine.gregor.mutators.NonVoidMethodCallMutator,getGetterType,99,NO_COVERAGE,none
MetaClass.java,org.apache.ibatis.reflection.MetaClass,org.pitest.mutationtest.engine.gregor.mutators.NonVoidMethodCallMutator,getGetterType,101,NO_COVERAGE,none
MetaClass.java,org.apache.ibatis.reflection.MetaClass,org.pitest.mutationtest.engine.gregor.mutators.NonVoidMethodCallMutator,getGetterType,107,NO_COVERAGE,none
MetaClass.java,org.apache.ibatis.reflection.MetaClass,org.pitest.mutationtest.engine.gregor.mutators.RemoveConditionalMutator_EQUAL_ELSE,getGetterType,100,NO_COVERAGE,none
MetaClass.java,org.apache.ibatis.reflection.MetaClass,org.pitest.mutationtest.engine.gregor.mutators.RemoveConditionalMutator_EQUAL_ELSE,getGetterType,102,NO_COVERAGE,none
MetaClass.java,org.apache.ibatis.reflection.MetaClass,org.pitest.mutationtest.engine.gregor.mutators.RemoveConditionalMutator_EQUAL_ELSE,getGetterType,102,NO_COVERAGE,none
MetaClass.java,org.apache.ibatis.reflection.MetaClass,org.pitest.mutationtest.engine.gregor.mutators.RemoveConditionalMutator_EQUAL_ELSE,getGetterType,104,NO_COVERAGE,none
MetaClass.java,org.apache.ibatis.reflection.MetaClass,org.pitest.mutationtest.engine.gregor.mutators.RemoveConditionalMutator_EQUAL_ELSE,getGetterType,106,NO_COVERAGE,none
MetaClass.java,org.apache.ibatis.reflection.MetaClass,org.pitest.mutationtest.engine.gregor.mutators.RemoveConditionalMutator_EQUAL_IF,getGetterType,100,NO_COVERAGE,none
MetaClass.java,org.apache.ibatis.reflection.MetaClass,org.pitest.mutationtest.engine.gregor.mutators.RemoveConditionalMutator_EQUAL_IF,getGetterType,102,NO_COVERAGE,none
MetaClass.java,org.apache.ibatis.reflection.MetaClass,org.pitest.mutationtest.engine.gregor.mutators.RemoveConditionalMutator_EQUAL_IF,getGetterType,102,NO_COVERAGE,none
MetaClass.java,org.apache.ibatis.reflection.MetaClass,org.pitest.mutationtest.engine.gregor.mutators.RemoveConditionalMutator_EQUAL_IF,getGetterType,104,NO_COVERAGE,none
MetaClass.java,org.apache.ibatis.reflection.MetaClass,org.pitest.mutationtest.engine.gregor.mutators.RemoveConditionalMutator_EQUAL_IF,getGetterType,106,NO_COVERAGE,none
MetaClass.java,org.apache.ibatis.reflection.MetaClass,org.pitest.mutationtest.engine.gregor.mutators.NonVoidMethodCallMutator,getSetterNames,68,NO_COVERAGE,none
MetaClass.java,org.apache.ibatis.reflection.MetaClass,org.pitest.mutationtest.engine.gregor.mutators.ReturnValsMutator,getSetterNames,68,NO_COVERAGE,none
MetaClass.java,org.apache.ibatis.reflection.MetaClass,org.pitest.mutationtest.engine.gregor.mutators.NonVoidMethodCallMutator,getSetterType,74,NO_COVERAGE,none
MetaClass.java,org.apache.ibatis.reflection.MetaClass,org.pitest.mutationtest.engine.gregor.mutators.NonVoidMethodCallMutator,getSetterType,74,NO_COVERAGE,none
MetaClass.java,org.apache.ibatis.reflection.MetaClass,org.pitest.mutationtest.engine.gregor.mutators.NonVoidMethodCallMutator,getSetterType,75,NO_COVERAGE,none
MetaClass.java,org.apache.ibatis.reflection.MetaClass,org.pitest.mutationtest.engine.gregor.mutators.NonVoidMethodCallMutator,getSetterType,75,NO_COVERAGE,none
MetaClass.java,org.apache.ibatis.reflection.MetaClass,org.pitest.mutationtest.engine.gregor.mutators.ReturnValsMutator,getSetterType,75,NO_COVERAGE,none
MetaClass.java,org.apache.ibatis.reflection.MetaClass,org.pitest.mutationtest.engine.gregor.mutators.NonVoidMethodCallMutator,hasGetter,153,NO_COVERAGE,none
MetaClass.java,org.apache.ibatis.reflection.MetaClass,org.pitest.mutationtest.engine.gregor.mutators.NonVoidMethodCallMutator,hasGetter,154,NO_COVERAGE,none
MetaClass.java,org.apache.ibatis.reflection.MetaClass,org.pitest.mutationtest.engine.gregor.mutators.NonVoidMethodCallMutator,hasGetter,154,NO_COVERAGE,none
MetaClass.java,org.apache.ibatis.reflection.MetaClass,org.pitest.mutationtest.engine.gregor.mutators.ReturnValsMutator,hasGetter,154,NO_COVERAGE,none
MetaClass.java,org.apache.ibatis.reflection.MetaClass,org.pitest.mutationtest.engine.gregor.mutators.InlineConstantMutator,hasSetter,142,NO_COVERAGE,none
MetaClass.java,org.apache.ibatis.reflection.MetaClass,org.pitest.mutationtest.engine.gregor.mutators.NegateConditionalsMutator,hasSetter,138,NO_COVERAGE,none
MetaClass.java,org.apache.ibatis.reflection.MetaClass,org.pitest.mutationtest.engine.gregor.mutators.NonVoidMethodCallMutator,hasSetter,138,NO_COVERAGE,none
MetaClass.java,org.apache.ibatis.reflection.MetaClass,org.pitest.mutationtest.engine.gregor.mutators.NonVoidMethodCallMutator,hasSetter,138,NO_COVERAGE,none
MetaClass.java,org.apache.ibatis.reflection.MetaClass,org.pitest.mutationtest.engine.gregor.mutators.NonVoidMethodCallMutator,hasSetter,139,NO_COVERAGE,none
MetaClass.java,org.apache.ibatis.reflection.MetaClass,org.pitest.mutationtest.engine.gregor.mutators.NonVoidMethodCallMutator,hasSetter,139,NO_COVERAGE,none
MetaClass.java,org.apache.ibatis.reflection.MetaClass,org.pitest.mutationtest.engine.gregor.mutators.NonVoidMethodCallMutator,hasSetter,140,NO_COVERAGE,none
MetaClass.java,org.apache.ibatis.reflection.MetaClass,org.pitest.mutationtest.engine.gregor.mutators.NonVoidMethodCallMutator,hasSetter,140,NO_COVERAGE,none
MetaClass.java,org.apache.ibatis.reflection.MetaClass,org.pitest.mutationtest.engine.gregor.mutators.RemoveConditionalMutator_EQUAL_ELSE,hasSetter,138,NO_COVERAGE,none
MetaClass.java,org.apache.ibatis.reflection.MetaClass,org.pitest.mutationtest.engine.gregor.mutators.RemoveConditionalMutator_EQUAL_IF,hasSetter,138,NO_COVERAGE,none
MetaClass.java,org.apache.ibatis.reflection.MetaClass,org.pitest.mutationtest.engine.gregor.mutators.ReturnValsMutator,hasSetter,140,NO_COVERAGE,none
MetaClass.java,org.apache.ibatis.reflection.MetaClass,org.pitest.mutationtest.engine.gregor.mutators.ReturnValsMutator,hasSetter,142,NO_COVERAGE,none
MetaClass.java,org.apache.ibatis.reflection.MetaClass,org.pitest.mutationtest.engine.gregor.mutators.NonVoidMethodCallMutator,metaClassForProperty,47,NO_COVERAGE,none
MetaClass.java,org.apache.ibatis.reflection.MetaClass,org.pitest.mutationtest.engine.gregor.mutators.NonVoidMethodCallMutator,metaClassForProperty,48,NO_COVERAGE,none
MetaClass.java,org.apache.ibatis.reflection.MetaClass,org.pitest.mutationtest.engine.gregor.mutators.ReturnValsMutator,metaClassForProperty,48,NO_COVERAGE,none
MetaClass.java,org.apache.ibatis.reflection.MetaClass,org.pitest.mutationtest.engine.gregor.mutators.NonVoidMethodCallMutator,metaClassForProperty,92,NO_COVERAGE,none
MetaClass.java,org.apache.ibatis.reflection.MetaClass,org.pitest.mutationtest.engine.gregor.mutators.NonVoidMethodCallMutator,metaClassForProperty,93,NO_COVERAGE,none
MetaClass.java,org.apache.ibatis.reflection.MetaClass,org.pitest.mutationtest.engine.gregor.mutators.ReturnValsMutator,metaClassForProperty,93,NO_COVERAGE,none
XPathParser.java,org.apache.ibatis.parsing.XPathParser,org.pitest.mutationtest.engine.gregor.mutators.ConstructorCallMutator,<init>,65,NO_COVERAGE,none
XPathParser.java,org.apache.ibatis.parsing.XPathParser,org.pitest.mutationtest.engine.gregor.mutators.InlineConstantMutator,<init>,64,NO_COVERAGE,none
XPathParser.java,org.apache.ibatis.parsing.XPathParser,org.pitest.mutationtest.engine.gregor.mutators.NonVoidMethodCallMutator,<init>,65,NO_COVERAGE,none
XPathParser.java,org.apache.ibatis.parsing.XPathParser,org.pitest.mutationtest.engine.gregor.mutators.VoidMethodCallMutator,<init>,64,NO_COVERAGE,none
XPathParser.java,org.apache.ibatis.parsing.XPathParser,org.pitest.mutationtest.engine.gregor.mutators.experimental.MemberVariableMutator,<init>,65,NO_COVERAGE,none
XPathParser.java,org.apache.ibatis.parsing.XPathParser,org.pitest.mutationtest.engine.gregor.mutators.ConstructorCallMutator,<init>,85,NO_COVERAGE,none
XPathParser.java,org.apache.ibatis.parsing.XPathParser,org.pitest.mutationtest.engine.gregor.mutators.NonVoidMethodCallMutator,<init>,85,NO_COVERAGE,none
XPathParser.java,org.apache.ibatis.parsing.XPathParser,org.pitest.mutationtest.engine.gregor.mutators.VoidMethodCallMutator,<init>,84,NO_COVERAGE,none
XPathParser.java,org.apache.ibatis.parsing.XPathParser,org.pitest.mutationtest.engine.gregor.mutators.experimental.MemberVariableMutator,<init>,85,NO_COVERAGE,none
XPathParser.java,org.apache.ibatis.parsing.XPathParser,org.pitest.mutationtest.engine.gregor.mutators.ConstructorCallMutator,<init>,105,NO_COVERAGE,none
XPathParser.java,org.apache.ibatis.parsing.XPathParser,org.pitest.mutationtest.engine.gregor.mutators.NonVoidMethodCallMutator,<init>,105,NO_COVERAGE,none
XPathParser.java,org.apache.ibatis.parsing.XPathParser,org.pitest.mutationtest.engine.gregor.mutators.VoidMethodCallMutator,<init>,104,NO_COVERAGE,none
XPathParser.java,org.apache.ibatis.parsing.XPathParser,org.pitest.mutationtest.engine.gregor.mutators.experimental.MemberVariableMutator,<init>,105,NO_COVERAGE,none
XPathParser.java,org.apache.ibatis.parsing.XPathParser,org.pitest.mutationtest.engine.gregor.mutators.ConstructorCallMutator,<init>,60,NO_COVERAGE,none
XPathParser.java,org.apache.ibatis.parsing.XPathParser,org.pitest.mutationtest.engine.gregor.mutators.InlineConstantMutator,<init>,59,NO_COVERAGE,none
XPathParser.java,org.apache.ibatis.parsing.XPathParser,org.pitest.mutationtest.engine.gregor.mutators.NonVoidMethodCallMutator,<init>,60,NO_COVERAGE,none
XPathParser.java,org.apache.ibatis.parsing.XPathParser,org.pitest.mutationtest.engine.gregor.mutators.VoidMethodCallMutator,<init>,59,NO_COVERAGE,none
XPathParser.java,org.apache.ibatis.parsing.XPathParser,org.pitest.mutationtest.engine.gregor.mutators.experimental.MemberVariableMutator,<init>,60,NO_COVERAGE,none
XPathParser.java,org.apache.ibatis.parsing.XPathParser,org.pitest.mutationtest.engine.gregor.mutators.ConstructorCallMutator,<init>,80,NO_COVERAGE,none
XPathParser.java,org.apache.ibatis.parsing.XPathParser,org.pitest.mutationtest.engine.gregor.mutators.NonVoidMethodCallMutator,<init>,80,NO_COVERAGE,none
XPathParser.java,org.apache.ibatis.parsing.XPathParser,org.pitest.mutationtest.engine.gregor.mutators.VoidMethodCallMutator,<init>,79,NO_COVERAGE,none
XPathParser.java,org.apache.ibatis.parsing.XPathParser,org.pitest.mutationtest.engine.gregor.mutators.experimental.MemberVariableMutator,<init>,80,NO_COVERAGE,none
XPathParser.java,org.apache.ibatis.parsing.XPathParser,org.pitest.mutationtest.engine.gregor.mutators.ConstructorCallMutator,<init>,100,NO_COVERAGE,none
XPathParser.java,org.apache.ibatis.parsing.XPathParser,org.pitest.mutationtest.engine.gregor.mutators.NonVoidMethodCallMutator,<init>,100,NO_COVERAGE,none
XPathParser.java,org.apache.ibatis.parsing.XPathParser,org.pitest.mutationtest.engine.gregor.mutators.VoidMethodCallMutator,<init>,99,NO_COVERAGE,none
XPathParser.java,org.apache.ibatis.parsing.XPathParser,org.pitest.mutationtest.engine.gregor.mutators.experimental.MemberVariableMutator,<init>,100,NO_COVERAGE,none
XPathParser.java,org.apache.ibatis.parsing.XPathParser,org.pitest.mutationtest.engine.gregor.mutators.ConstructorCallMutator,<init>,55,NO_COVERAGE,none
XPathParser.java,org.apache.ibatis.parsing.XPathParser,org.pitest.mutationtest.engine.gregor.mutators.ConstructorCallMutator,<init>,55,NO_COVERAGE,none
XPathParser.java,org.apache.ibatis.parsing.XPathParser,org.pitest.mutationtest.engine.gregor.mutators.InlineConstantMutator,<init>,54,NO_COVERAGE,none
XPathParser.java,org.apache.ibatis.parsing.XPathParser,org.pitest.mutationtest.engine.gregor.mutators.NonVoidMethodCallMutator,<init>,55,NO_COVERAGE,none
XPathParser.java,org.apache.ibatis.parsing.XPathParser,org.pitest.mutationtest.engine.gregor.mutators.VoidMethodCallMutator,<init>,54,NO_COVERAGE,none
XPathParser.java,org.apache.ibatis.parsing.XPathParser,org.pitest.mutationtest.engine.gregor.mutators.experimental.MemberVariableMutator,<init>,55,NO_COVERAGE,none
XPathParser.java,org.apache.ibatis.parsing.XPathParser,org.pitest.mutationtest.engine.gregor.mutators.ConstructorCallMutator,<init>,75,NO_COVERAGE,none
XPathParser.java,org.apache.ibatis.parsing.XPathParser,org.pitest.mutationtest.engine.gregor.mutators.ConstructorCallMutator,<init>,75,NO_COVERAGE,none
XPathParser.java,org.apache.ibatis.parsing.XPathParser,org.pitest.mutationtest.engine.gregor.mutators.NonVoidMethodCallMutator,<init>,75,NO_COVERAGE,none
XPathParser.java,org.apache.ibatis.parsing.XPathParser,org.pitest.mutationtest.engine.gregor.mutators.VoidMethodCallMutator,<init>,74,NO_COVERAGE,none
XPathParser.java,org.apache.ibatis.parsing.XPathParser,org.pitest.mutationtest.engine.gregor.mutators.experimental.MemberVariableMutator,<init>,75,NO_COVERAGE,none
XPathParser.java,org.apache.ibatis.parsing.XPathParser,org.pitest.mutationtest.engine.gregor.mutators.ConstructorCallMutator,<init>,95,NO_COVERAGE,none
XPathParser.java,org.apache.ibatis.parsing.XPathParser,org.pitest.mutationtest.engine.gregor.mutators.ConstructorCallMutator,<init>,95,NO_COVERAGE,none
XPathParser.java,org.apache.ibatis.parsing.XPathParser,org.pitest.mutationtest.engine.gregor.mutators.NonVoidMethodCallMutator,<init>,95,NO_COVERAGE,none
XPathParser.java,org.apache.ibatis.parsing.XPathParser,org.pitest.mutationtest.engine.gregor.mutators.VoidMethodCallMutator,<init>,94,NO_COVERAGE,none
XPathParser.java,org.apache.ibatis.parsing.XPathParser,org.pitest.mutationtest.engine.gregor.mutators.experimental.MemberVariableMutator,<init>,95,NO_COVERAGE,none
XPathParser.java,org.apache.ibatis.parsing.XPathParser,org.pitest.mutationtest.engine.gregor.mutators.ConstructorCallMutator,<init>,115,NO_COVERAGE,none
XPathParser.java,org.apache.ibatis.parsing.XPathParser,org.pitest.mutationtest.engine.gregor.mutators.ConstructorCallMutator,<init>,115,NO_COVERAGE,none
XPathParser.java,org.apache.ibatis.parsing.XPathParser,org.pitest.mutationtest.engine.gregor.mutators.NonVoidMethodCallMutator,<init>,115,NO_COVERAGE,none
XPathParser.java,org.apache.ibatis.parsing.XPathParser,org.pitest.mutationtest.engine.gregor.mutators.VoidMethodCallMutator,<init>,114,NO_COVERAGE,none
XPathParser.java,org.apache.ibatis.parsing.XPathParser,org.pitest.mutationtest.engine.gregor.mutators.experimental.MemberVariableMutator,<init>,115,NO_COVERAGE,none
XPathParser.java,org.apache.ibatis.parsing.XPathParser,org.pitest.mutationtest.engine.gregor.mutators.InlineConstantMutator,<init>,69,NO_COVERAGE,none
XPathParser.java,org.apache.ibatis.parsing.XPathParser,org.pitest.mutationtest.engine.gregor.mutators.VoidMethodCallMutator,<init>,69,NO_COVERAGE,none
XPathParser.java,org.apache.ibatis.parsing.XPathParser,org.pitest.mutationtest.engine.gregor.mutators.experimental.MemberVariableMutator,<init>,70,NO_COVERAGE,none
XPathParser.java,org.apache.ibatis.parsing.XPathParser,org.pitest.mutationtest.engine.gregor.mutators.VoidMethodCallMutator,<init>,89,NO_COVERAGE,none
XPathParser.java,org.apache.ibatis.parsing.XPathParser,org.pitest.mutationtest.engine.gregor.mutators.experimental.MemberVariableMutator,<init>,90,NO_COVERAGE,none
XPathParser.java,org.apache.ibatis.parsing.XPathParser,org.pitest.mutationtest.engine.gregor.mutators.VoidMethodCallMutator,<init>,109,NO_COVERAGE,none
XPathParser.java,org.apache.ibatis.parsing.XPathParser,org.pitest.mutationtest.engine.gregor.mutators.experimental.MemberVariableMutator,<init>,110,NO_COVERAGE,none
XPathParser.java,org.apache.ibatis.parsing.XPathParser,org.pitest.mutationtest.engine.gregor.mutators.VoidMethodCallMutator,<init>,129,NO_COVERAGE,none
XPathParser.java,org.apache.ibatis.parsing.XPathParser,org.pitest.mutationtest.engine.gregor.mutators.experimental.MemberVariableMutator,<init>,130,NO_COVERAGE,none
XPathParser.java,org.apache.ibatis.parsing.XPathParser,org.pitest.mutationtest.engine.gregor.mutators.ConstructorCallMutator,createDocument,259,NO_COVERAGE,none
XPathParser.java,org.apache.ibatis.parsing.XPathParser,org.pitest.mutationtest.engine.gregor.mutators.ConstructorCallMutator,createDocument,259,NO_COVERAGE,none
XPathParser.java,org.apache.ibatis.parsing.XPathParser,org.pitest.mutationtest.engine.gregor.mutators.NonVoidMethodCallMutator,createDocument,259,NO_COVERAGE,none
XPathParser.java,org.apache.ibatis.parsing.XPathParser,org.pitest.mutationtest.engine.gregor.mutators.NonVoidMethodCallMutator,createDocument,259,NO_COVERAGE,none
XPathParser.java,org.apache.ibatis.parsing.XPathParser,org.pitest.mutationtest.engine.gregor.mutators.NonVoidMethodCallMutator,createDocument,259,NO_COVERAGE,none
XPathParser.java,org.apache.ibatis.parsing.XPathParser,org.pitest.mutationtest.engine.gregor.mutators.ArgumentPropagationMutator,evalBoolean,152,NO_COVERAGE,none
XPathParser.java,org.apache.ibatis.parsing.XPathParser,org.pitest.mutationtest.engine.gregor.mutators.NonVoidMethodCallMutator,evalBoolean,152,NO_COVERAGE,none
XPathParser.java,org.apache.ibatis.parsing.XPathParser,org.pitest.mutationtest.engine.gregor.mutators.ReturnValsMutator,evalBoolean,152,NO_COVERAGE,none
XPathParser.java,org.apache.ibatis.parsing.XPathParser,org.pitest.mutationtest.engine.gregor.mutators.NonVoidMethodCallMutator,evalBoolean,148,NO_COVERAGE,none
XPathParser.java,org.apache.ibatis.parsing.XPathParser,org.pitest.mutationtest.engine.gregor.mutators.ReturnValsMutator,evalBoolean,148,NO_COVERAGE,none
XPathParser.java,org.apache.ibatis.parsing.XPathParser,org.pitest.mutationtest.engine.gregor.mutators.ArgumentPropagationMutator,evalDouble,192,NO_COVERAGE,none
XPathParser.java,org.apache.ibatis.parsing.XPathParser,org.pitest.mutationtest.engine.gregor.mutators.NonVoidMethodCallMutator,evalDouble,192,NO_COVERAGE,none
XPathParser.java,org.apache.ibatis.parsing.XPathParser,org.pitest.mutationtest.engine.gregor.mutators.ReturnValsMutator,evalDouble,192,NO_COVERAGE,none
XPathParser.java,org.apache.ibatis.parsing.XPathParser,org.pitest.mutationtest.engine.gregor.mutators.NonVoidMethodCallMutator,evalDouble,188,NO_COVERAGE,none
XPathParser.java,org.apache.ibatis.parsing.XPathParser,org.pitest.mutationtest.engine.gregor.mutators.ReturnValsMutator,evalDouble,188,NO_COVERAGE,none
XPathParser.java,org.apache.ibatis.parsing.XPathParser,org.pitest.mutationtest.engine.gregor.mutators.ArgumentPropagationMutator,evalFloat,184,NO_COVERAGE,none
XPathParser.java,org.apache.ibatis.parsing.XPathParser,org.pitest.mutationtest.engine.gregor.mutators.NonVoidMethodCallMutator,evalFloat,184,NO_COVERAGE,none
XPathParser.java,org.apache.ibatis.parsing.XPathParser,org.pitest.mutationtest.engine.gregor.mutators.NonVoidMethodCallMutator,evalFloat,184,NO_COVERAGE,none
XPathParser.java,org.apache.ibatis.parsing.XPathParser,org.pitest.mutationtest.engine.gregor.mutators.ReturnValsMutator,evalFloat,184,NO_COVERAGE,none
XPathParser.java,org.apache.ibatis.parsing.XPathParser,org.pitest.mutationtest.engine.gregor.mutators.NonVoidMethodCallMutator,evalFloat,180,NO_COVERAGE,none
XPathParser.java,org.apache.ibatis.parsing.XPathParser,org.pitest.mutationtest.engine.gregor.mutators.ReturnValsMutator,evalFloat,180,NO_COVERAGE,none
XPathParser.java,org.apache.ibatis.parsing.XPathParser,org.pitest.mutationtest.engine.gregor.mutators.ArgumentPropagationMutator,evalInteger,168,NO_COVERAGE,none
XPathParser.java,org.apache.ibatis.parsing.XPathParser,org.pitest.mutationtest.engine.gregor.mutators.NonVoidMethodCallMutator,evalInteger,168,NO_COVERAGE,none
XPathParser.java,org.apache.ibatis.parsing.XPathParser,org.pitest.mutationtest.engine.gregor.mutators.NonVoidMethodCallMutator,evalInteger,168,NO_COVERAGE,none
XPathParser.java,org.apache.ibatis.parsing.XPathParser,org.pitest.mutationtest.engine.gregor.mutators.ReturnValsMutator,evalInteger,168,NO_COVERAGE,none
XPathParser.java,org.apache.ibatis.parsing.XPathParser,org.pitest.mutationtest.engine.gregor.mutators.NonVoidMethodCallMutator,evalInteger,164,NO_COVERAGE,none
XPathParser.java,org.apache.ibatis.parsing.XPathParser,org.pitest.mutationtest.engine.gregor.mutators.ReturnValsMutator,evalInteger,164,NO_COVERAGE,none
XPathParser.java,org.apache.ibatis.parsing.XPathParser,org.pitest.mutationtest.engine.gregor.mutators.ArgumentPropagationMutator,evalLong,176,NO_COVERAGE,none
XPathParser.java,org.apache.ibatis.parsing.XPathParser,org.pitest.mutationtest.engine.gregor.mutators.NonVoidMethodCallMutator,evalLong,176,NO_COVERAGE,none
XPathParser.java,org.apache.ibatis.parsing.XPathParser,org.pitest.mutationtest.engine.gregor.mutators.NonVoidMethodCallMutator,evalLong,176,NO_COVERAGE,none
XPathParser.java,org.apache.ibatis.parsing.XPathParser,org.pitest.mutationtest.engine.gregor.mutators.ReturnValsMutator,evalLong,176,NO_COVERAGE,none
XPathParser.java,org.apache.ibatis.parsing.XPathParser,org.pitest.mutationtest.engine.gregor.mutators.NonVoidMethodCallMutator,evalLong,172,NO_COVERAGE,none
XPathParser.java,org.apache.ibatis.parsing.XPathParser,org.pitest.mutationtest.engine.gregor.mutators.ReturnValsMutator,evalLong,172,NO_COVERAGE,none
XPathParser.java,org.apache.ibatis.parsing.XPathParser,org.pitest.mutationtest.engine.gregor.mutators.NonVoidMethodCallMutator,evalNodes,196,NO_COVERAGE,none
XPathParser.java,org.apache.ibatis.parsing.XPathParser,org.pitest.mutationtest.engine.gregor.mutators.ReturnValsMutator,evalNodes,196,NO_COVERAGE,none
XPathParser.java,org.apache.ibatis.parsing.XPathParser,org.pitest.mutationtest.engine.gregor.mutators.ArgumentPropagationMutator,evalShort,160,NO_COVERAGE,none
XPathParser.java,org.apache.ibatis.parsing.XPathParser,org.pitest.mutationtest.engine.gregor.mutators.NonVoidMethodCallMutator,evalShort,160,NO_COVERAGE,none
XPathParser.java,org.apache.ibatis.parsing.XPathParser,org.pitest.mutationtest.engine.gregor.mutators.NonVoidMethodCallMutator,evalShort,160,NO_COVERAGE,none
XPathParser.java,org.apache.ibatis.parsing.XPathParser,org.pitest.mutationtest.engine.gregor.mutators.ReturnValsMutator,evalShort,160,NO_COVERAGE,none
XPathParser.java,org.apache.ibatis.parsing.XPathParser,org.pitest.mutationtest.engine.gregor.mutators.NonVoidMethodCallMutator,evalShort,156,NO_COVERAGE,none
XPathParser.java,org.apache.ibatis.parsing.XPathParser,org.pitest.mutationtest.engine.gregor.mutators.ReturnValsMutator,evalShort,156,NO_COVERAGE,none
XPathParser.java,org.apache.ibatis.parsing.XPathParser,org.pitest.mutationtest.engine.gregor.mutators.ArgumentPropagationMutator,evalString,142,NO_COVERAGE,none
XPathParser.java,org.apache.ibatis.parsing.XPathParser,org.pitest.mutationtest.engine.gregor.mutators.ArgumentPropagationMutator,evalString,143,NO_COVERAGE,none
XPathParser.java,org.apache.ibatis.parsing.XPathParser,org.pitest.mutationtest.engine.gregor.mutators.NonVoidMethodCallMutator,evalString,142,NO_COVERAGE,none
XPathParser.java,org.apache.ibatis.parsing.XPathParser,org.pitest.mutationtest.engine.gregor.mutators.NonVoidMethodCallMutator,evalString,143,NO_COVERAGE,none
XPathParser.java,org.apache.ibatis.parsing.XPathParser,org.pitest.mutationtest.engine.gregor.mutators.ReturnValsMutator,evalString,144,NO_COVERAGE,none
XPathParser.java,org.apache.ibatis.parsing.XPathParser,org.pitest.mutationtest.engine.gregor.mutators.ArgumentPropagationMutator,evalString,138,NO_COVERAGE,none
XPathParser.java,org.apache.ibatis.parsing.XPathParser,org.pitest.mutationtest.engine.gregor.mutators.NonVoidMethodCallMutator,evalString,138,NO_COVERAGE,none
XPathParser.java,org.apache.ibatis.parsing.XPathParser,org.pitest.mutationtest.engine.gregor.mutators.ReturnValsMutator,evalString,138,NO_COVERAGE,none
XPathParser.java,org.apache.ibatis.parsing.XPathParser,org.pitest.mutationtest.engine.gregor.mutators.ConstructorCallMutator,evaluate,224,NO_COVERAGE,none
XPathParser.java,org.apache.ibatis.parsing.XPathParser,org.pitest.mutationtest.engine.gregor.mutators.ConstructorCallMutator,evaluate,224,NO_COVERAGE,none
XPathParser.java,org.apache.ibatis.parsing.XPathParser,org.pitest.mutationtest.engine.gregor.mutators.NonVoidMethodCallMutator,evaluate,224,NO_COVERAGE,none
XPathParser.java,org.apache.ibatis.parsing.XPathParser,org.pitest.mutationtest.engine.gregor.mutators.NonVoidMethodCallMutator,evaluate,224,NO_COVERAGE,none
XPathParser.java,org.apache.ibatis.parsing.XPathParser,org.pitest.mutationtest.engine.gregor.mutators.NonVoidMethodCallMutator,evaluate,224,NO_COVERAGE,none
PreparedStatementLogger.java,org.apache.ibatis.logging.jdbc.PreparedStatementLogger,org.pitest.mutationtest.engine.gregor.mutators.experimental.MemberVariableMutator,<init>,41,NO_COVERAGE,none
PreparedStatementLogger.java,org.apache.ibatis.logging.jdbc.PreparedStatementLogger,org.pitest.mutationtest.engine.gregor.mutators.ReturnValsMutator,getPreparedStatement,104,NO_COVERAGE,none
PreparedStatementLogger.java,org.apache.ibatis.logging.jdbc.PreparedStatementLogger,org.pitest.mutationtest.engine.gregor.mutators.ArgumentPropagationMutator,invoke,48,NO_COVERAGE,none
PreparedStatementLogger.java,org.apache.ibatis.logging.jdbc.PreparedStatementLogger,org.pitest.mutationtest.engine.gregor.mutators.ArgumentPropagationMutator,invoke,56,NO_COVERAGE,none
PreparedStatementLogger.java,org.apache.ibatis.logging.jdbc.PreparedStatementLogger,org.pitest.mutationtest.engine.gregor.mutators.ArgumentPropagationMutator,invoke,57,NO_COVERAGE,none
PreparedStatementLogger.java,org.apache.ibatis.logging.jdbc.PreparedStatementLogger,org.pitest.mutationtest.engine.gregor.mutators.ArgumentPropagationMutator,invoke,59,NO_COVERAGE,none
PreparedStatementLogger.java,org.apache.ibatis.logging.jdbc.PreparedStatementLogger,org.pitest.mutationtest.engine.gregor.mutators.ArgumentPropagationMutator,invoke,67,NO_COVERAGE,none
PreparedStatementLogger.java,org.apache.ibatis.logging.jdbc.PreparedStatementLogger,org.pitest.mutationtest.engine.gregor.mutators.ArgumentPropagationMutator,invoke,69,NO_COVERAGE,none
PreparedStatementLogger.java,org.apache.ibatis.logging.jdbc.PreparedStatementLogger,org.pitest.mutationtest.engine.gregor.mutators.ArgumentPropagationMutator,invoke,70,NO_COVERAGE,none
PreparedStatementLogger.java,org.apache.ibatis.logging.jdbc.PreparedStatementLogger,org.pitest.mutationtest.engine.gregor.mutators.ArgumentPropagationMutator,invoke,72,NO_COVERAGE,none
PreparedStatementLogger.java,org.apache.ibatis.logging.jdbc.PreparedStatementLogger,org.pitest.mutationtest.engine.gregor.mutators.ArgumentPropagationMutator,invoke,78,NO_COVERAGE,none
PreparedStatementLogger.java,org.apache.ibatis.logging.jdbc.PreparedStatementLogger,org.pitest.mutationtest.engine.gregor.mutators.ArgumentPropagationMutator,invoke,81,NO_COVERAGE,none
PreparedStatementLogger.java,org.apache.ibatis.logging.jdbc.PreparedStatementLogger,org.pitest.mutationtest.engine.gregor.mutators.ConstructorCallMutator,invoke,52,NO_COVERAGE,none
PreparedStatementLogger.java,org.apache.ibatis.logging.jdbc.PreparedStatementLogger,org.pitest.mutationtest.engine.gregor.mutators.ConstructorCallMutator,invoke,74,NO_COVERAGE,none
PreparedStatementLogger.java,org.apache.ibatis.logging.jdbc.PreparedStatementLogger,org.pitest.mutationtest.engine.gregor.mutators.InlineConstantMutator,invoke,52,NO_COVERAGE,none
PreparedStatementLogger.java,org.apache.ibatis.logging.jdbc.PreparedStatementLogger,org.pitest.mutationtest.engine.gregor.mutators.InlineConstantMutator,invoke,63,NO_COVERAGE,none
PreparedStatementLogger.java,org.apache.ibatis.logging.jdbc.PreparedStatementLogger,org.pitest.mutationtest.engine.gregor.mutators.InlineConstantMutator,invoke,65,NO_COVERAGE,none
PreparedStatementLogger.java,org.apache.ibatis.logging.jdbc.PreparedStatementLogger,org.pitest.mutationtest.engine.gregor.mutators.InlineConstantMutator,invoke,65,NO_COVERAGE,none
PreparedStatementLogger.java,org.apache.ibatis.logging.jdbc.PreparedStatementLogger,org.pitest.mutationtest.engine.gregor.mutators.InlineConstantMutator,invoke,73,NO_COVERAGE,none
PreparedStatementLogger.java,org.apache.ibatis.logging.jdbc.PreparedStatementLogger,org.pitest.mutationtest.engine.gregor.mutators.InlineConstantMutator,invoke,74,NO_COVERAGE,none
PreparedStatementLogger.java,org.apache.ibatis.logging.jdbc.PreparedStatementLogger,org.pitest.mutationtest.engine.gregor.mutators.NegateConditionalsMutator,invoke,47,NO_COVERAGE,none
PreparedStatementLogger.java,org.apache.ibatis.logging.jdbc.PreparedStatementLogger,org.pitest.mutationtest.engine.gregor.mutators.NegateConditionalsMutator,invoke,50,NO_COVERAGE,none
PreparedStatementLogger.java,org.apache.ibatis.logging.jdbc.PreparedStatementLogger,org.pitest.mutationtest.engine.gregor.mutators.NegateConditionalsMutator,invoke,51,NO_COVERAGE,none
PreparedStatementLogger.java,org.apache.ibatis.logging.jdbc.PreparedStatementLogger,org.pitest.mutationtest.engine.gregor.mutators.NegateConditionalsMutator,invoke,55,NO_COVERAGE,none
PreparedStatementLogger.java,org.apache.ibatis.logging.jdbc.PreparedStatementLogger,org.pitest.mutationtest.engine.gregor.mutators.NegateConditionalsMutator,invoke,57,NO_COVERAGE,none
PreparedStatementLogger.java,org.apache.ibatis.logging.jdbc.PreparedStatementLogger,org.pitest.mutationtest.engine.gregor.mutators.NegateConditionalsMutator,invoke,61,NO_COVERAGE,none
PreparedStatementLogger.java,org.apache.ibatis.logging.jdbc.PreparedStatementLogger,org.pitest.mutationtest.engine.gregor.mutators.NegateConditionalsMutator,invoke,62,NO_COVERAGE,none
PreparedStatementLogger.java,org.apache.ibatis.logging.jdbc.PreparedStatementLogger,org.pitest.mutationtest.engine.gregor.mutators.NegateConditionalsMutator,invoke,68,NO_COVERAGE,none
PreparedStatementLogger.java,org.apache.ibatis.logging.jdbc.PreparedStatementLogger,org.pitest.mutationtest.engine.gregor.mutators.NegateConditionalsMutator,invoke,70,NO_COVERAGE,none
PreparedStatementLogger.java,org.apache.ibatis.logging.jdbc.PreparedStatementLogger,org.pitest.mutationtest.engine.gregor.mutators.NegateConditionalsMutator,invoke,71,NO_COVERAGE,none
PreparedStatementLogger.java,org.apache.ibatis.logging.jdbc.PreparedStatementLogger,org.pitest.mutationtest.engine.gregor.mutators.NegateConditionalsMutator,invoke,73,NO_COVERAGE,none
PreparedStatementLogger.java,org.apache.ibatis.logging.jdbc.PreparedStatementLogger,org.pitest.mutationtest.engine.gregor.mutators.NonVoidMethodCallMutator,invoke,47,NO_COVERAGE,none
PreparedStatementLogger.java,org.apache.ibatis.logging.jdbc.PreparedStatementLogger,org.pitest.mutationtest.engine.gregor.mutators.NonVoidMethodCallMutator,invoke,47,NO_COVERAGE,none
PreparedStatementLogger.java,org.apache.ibatis.logging.jdbc.PreparedStatementLogger,org.pitest.mutationtest.engine.gregor.mutators.NonVoidMethodCallMutator,invoke,48,NO_COVERAGE,none
PreparedStatementLogger.java,org.apache.ibatis.logging.jdbc.PreparedStatementLogger,org.pitest.mutationtest.engine.gregor.mutators.NonVoidMethodCallMutator,invoke,50,NO_COVERAGE,none
PreparedStatementLogger.java,org.apache.ibatis.logging.jdbc.PreparedStatementLogger,org.pitest.mutationtest.engine.gregor.mutators.NonVoidMethodCallMutator,invoke,50,NO_COVERAGE,none
PreparedStatementLogger.java,org.apache.ibatis.logging.jdbc.PreparedStatementLogger,org.pitest.mutationtest.engine.gregor.mutators.NonVoidMethodCallMutator,invoke,51,NO_COVERAGE,none
PreparedStatementLogger.java,org.apache.ibatis.logging.jdbc.PreparedStatementLogger,org.pitest.mutationtest.engine.gregor.mutators.NonVoidMethodCallMutator,invoke,52,NO_COVERAGE,none
PreparedStatementLogger.java,org.apache.ibatis.logging.jdbc.PreparedStatementLogger,org.pitest.mutationtest.engine.gregor.mutators.NonVoidMethodCallMutator,invoke,52,NO_COVERAGE,none
PreparedStatementLogger.java,org.apache.ibatis.logging.jdbc.PreparedStatementLogger,org.pitest.mutationtest.engine.gregor.mutators.NonVoidMethodCallMutator,invoke,52,NO_COVERAGE,none
PreparedStatementLogger.java,org.apache.ibatis.logging.jdbc.PreparedStatementLogger,org.pitest.mutationtest.engine.gregor.mutators.NonVoidMethodCallMutator,invoke,52,NO_COVERAGE,none
PreparedStatementLogger.java,org.apache.ibatis.logging.jdbc.PreparedStatementLogger,org.pitest.mutationtest.engine.gregor.mutators.NonVoidMethodCallMutator,invoke,55,NO_COVERAGE,none
PreparedStatementLogger.java,org.apache.ibatis.logging.jdbc.PreparedStatementLogger,org.pitest.mutationtest.engine.gregor.mutators.NonVoidMethodCallMutator,invoke,55,NO_COVERAGE,none
PreparedStatementLogger.java,org.apache.ibatis.logging.jdbc.PreparedStatementLogger,org.pitest.mutationtest.engine.gregor.mutators.NonVoidMethodCallMutator,invoke,56,NO_COVERAGE,none
PreparedStatementLogger.java,org.apache.ibatis.logging.jdbc.PreparedStatementLogger,org.pitest.mutationtest.engine.gregor.mutators.NonVoidMethodCallMutator,invoke,57,NO_COVERAGE,none
PreparedStatementLogger.java,org.apache.ibatis.logging.jdbc.PreparedStatementLogger,org.pitest.mutationtest.engine.gregor.mutators.NonVoidMethodCallMutator,invoke,59,NO_COVERAGE,none
PreparedStatementLogger.java,org.apache.ibatis.logging.jdbc.PreparedStatementLogger,org.pitest.mutationtest.engine.gregor.mutators.NonVoidMethodCallMutator,invoke,61,NO_COVERAGE,none
PreparedStatementLogger.java,org.apache.ibatis.logging.jdbc.PreparedStatementLogger,org.pitest.mutationtest.engine.gregor.mutators.NonVoidMethodCallMutator,invoke,61,NO_COVERAGE,none
PreparedStatementLogger.java,org.apache.ibatis.logging.jdbc.PreparedStatementLogger,org.pitest.mutationtest.engine.gregor.mutators.NonVoidMethodCallMutator,invoke,62,NO_COVERAGE,none
PreparedStatementLogger.java,org.apache.ibatis.logging.jdbc.PreparedStatementLogger,org.pitest.mutationtest.engine.gregor.mutators.NonVoidMethodCallMutator,invoke,62,NO_COVERAGE,none
PreparedStatementLogger.java,org.apache.ibatis.logging.jdbc.PreparedStatementLogger,org.pitest.mutationtest.engine.gregor.mutators.NonVoidMethodCallMutator,invoke,67,NO_COVERAGE,none
PreparedStatementLogger.java,org.apache.ibatis.logging.jdbc.PreparedStatementLogger,org.pitest.mutationtest.engine.gregor.mutators.NonVoidMethodCallMutator,invoke,68,NO_COVERAGE,none
PreparedStatementLogger.java,org.apache.ibatis.logging.jdbc.PreparedStatementLogger,org.pitest.mutationtest.engine.gregor.mutators.NonVoidMethodCallMutator,invoke,68,NO_COVERAGE,none
PreparedStatementLogger.java,org.apache.ibatis.logging.jdbc.PreparedStatementLogger,org.pitest.mutationtest.engine.gregor.mutators.NonVoidMethodCallMutator,invoke,69,NO_COVERAGE,none
PreparedStatementLogger.java,org.apache.ibatis.logging.jdbc.PreparedStatementLogger,org.pitest.mutationtest.engine.gregor.mutators.NonVoidMethodCallMutator,invoke,70,NO_COVERAGE,none
PreparedStatementLogger.java,org.apache.ibatis.logging.jdbc.PreparedStatementLogger,org.pitest.mutationtest.engine.gregor.mutators.NonVoidMethodCallMutator,invoke,71,NO_COVERAGE,none
PreparedStatementLogger.java,org.apache.ibatis.logging.jdbc.PreparedStatementLogger,org.pitest.mutationtest.engine.gregor.mutators.NonVoidMethodCallMutator,invoke,71,NO_COVERAGE,none
PreparedStatementLogger.java,org.apache.ibatis.logging.jdbc.PreparedStatementLogger,org.pitest.mutationtest.engine.gregor.mutators.NonVoidMethodCallMutator,invoke,72,NO_COVERAGE,none
PreparedStatementLogger.java,org.apache.ibatis.logging.jdbc.PreparedStatementLogger,org.pitest.mutationtest.engine.gregor.mutators.NonVoidMethodCallMutator,invoke,72,NO_COVERAGE,none
PreparedStatementLogger.java,org.apache.ibatis.logging.jdbc.PreparedStatementLogger,org.pitest.mutationtest.engine.gregor.mutators.NonVoidMethodCallMutator,invoke,74,NO_COVERAGE,none
PreparedStatementLogger.java,org.apache.ibatis.logging.jdbc.PreparedStatementLogger,org.pitest.mutationtest.engine.gregor.mutators.NonVoidMethodCallMutator,invoke,74,NO_COVERAGE,none
PreparedStatementLogger.java,org.apache.ibatis.logging.jdbc.PreparedStatementLogger,org.pitest.mutationtest.engine.gregor.mutators.NonVoidMethodCallMutator,invoke,74,NO_COVERAGE,none
PreparedStatementLogger.java,org.apache.ibatis.logging.jdbc.PreparedStatementLogger,org.pitest.mutationtest.engine.gregor.mutators.NonVoidMethodCallMutator,invoke,76,NO_COVERAGE,none
PreparedStatementLogger.java,org.apache.ibatis.logging.jdbc.PreparedStatementLogger,org.pitest.mutationtest.engine.gregor.mutators.NonVoidMethodCallMutator,invoke,78,NO_COVERAGE,none
PreparedStatementLogger.java,org.apache.ibatis.logging.jdbc.PreparedStatementLogger,org.pitest.mutationtest.engine.gregor.mutators.NonVoidMethodCallMutator,invoke,81,NO_COVERAGE,none
PreparedStatementLogger.java,org.apache.ibatis.logging.jdbc.PreparedStatementLogger,org.pitest.mutationtest.engine.gregor.mutators.RemoveConditionalMutator_EQUAL_ELSE,invoke,47,NO_COVERAGE,none
PreparedStatementLogger.java,org.apache.ibatis.logging.jdbc.PreparedStatementLogger,org.pitest.mutationtest.engine.gregor.mutators.RemoveConditionalMutator_EQUAL_ELSE,invoke,50,NO_COVERAGE,none
PreparedStatementLogger.java,org.apache.ibatis.logging.jdbc.PreparedStatementLogger,org.pitest.mutationtest.engine.gregor.mutators.RemoveConditionalMutator_EQUAL_ELSE,invoke,51,NO_COVERAGE,none
PreparedStatementLogger.java,org.apache.ibatis.logging.jdbc.PreparedStatementLogger,org.pitest.mutationtest.engine.gregor.mutators.RemoveConditionalMutator_EQUAL_ELSE,invoke,55,NO_COVERAGE,none
PreparedStatementLogger.java,org.apache.ibatis.logging.jdbc.PreparedStatementLogger,org.pitest.mutationtest.engine.gregor.mutators.RemoveConditionalMutator_EQUAL_ELSE,invoke,57,NO_COVERAGE,none
PreparedStatementLogger.java,org.apache.ibatis.logging.jdbc.PreparedStatementLogger,org.pitest.mutationtest.engine.gregor.mutators.RemoveConditionalMutator_EQUAL_ELSE,invoke,61,NO_COVERAGE,none
PreparedStatementLogger.java,org.apache.ibatis.logging.jdbc.PreparedStatementLogger,org.pitest.mutationtest.engine.gregor.mutators.RemoveConditionalMutator_EQUAL_ELSE,invoke,62,NO_COVERAGE,none
PreparedStatementLogger.java,org.apache.ibatis.logging.jdbc.PreparedStatementLogger,org.pitest.mutationtest.engine.gregor.mutators.RemoveConditionalMutator_EQUAL_ELSE,invoke,68,NO_COVERAGE,none
PreparedStatementLogger.java,org.apache.ibatis.logging.jdbc.PreparedStatementLogger,org.pitest.mutationtest.engine.gregor.mutators.RemoveConditionalMutator_EQUAL_ELSE,invoke,70,NO_COVERAGE,none
PreparedStatementLogger.java,org.apache.ibatis.logging.jdbc.PreparedStatementLogger,org.pitest.mutationtest.engine.gregor.mutators.RemoveConditionalMutator_EQUAL_ELSE,invoke,71,NO_COVERAGE,none
PreparedStatementLogger.java,org.apache.ibatis.logging.jdbc.PreparedStatementLogger,org.pitest.mutationtest.engine.gregor.mutators.RemoveConditionalMutator_EQUAL_ELSE,invoke,73,NO_COVERAGE,none
PreparedStatementLogger.java,org.apache.ibatis.logging.jdbc.PreparedStatementLogger,org.pitest.mutationtest.engine.gregor.mutators.RemoveConditionalMutator_EQUAL_IF,invoke,47,NO_COVERAGE,none
PreparedStatementLogger.java,org.apache.ibatis.logging.jdbc.PreparedStatementLogger,org.pitest.mutationtest.engine.gregor.mutators.RemoveConditionalMutator_EQUAL_IF,invoke,50,NO_COVERAGE,none
PreparedStatementLogger.java,org.apache.ibatis.logging.jdbc.PreparedStatementLogger,org.pitest.mutationtest.engine.gregor.mutators.RemoveConditionalMutator_EQUAL_IF,invoke,51,NO_COVERAGE,none
PreparedStatementLogger.java,org.apache.ibatis.logging.jdbc.PreparedStatementLogger,org.pitest.mutationtest.engine.gregor.mutators.RemoveConditionalMutator_EQUAL_IF,invoke,55,NO_COVERAGE,none
PreparedStatementLogger.java,org.apache.ibatis.logging.jdbc.PreparedStatementLogger,org.pitest.mutationtest.engine.gregor.mutators.RemoveConditionalMutator_EQUAL_IF,invoke,57,NO_COVERAGE,none
PreparedStatementLogger.java,org.apache.ibatis.logging.jdbc.PreparedStatementLogger,org.pitest.mutationtest.engine.gregor.mutators.RemoveConditionalMutator_EQUAL_IF,invoke,61,NO_COVERAGE,none
PreparedStatementLogger.java,org.apache.ibatis.logging.jdbc.PreparedStatementLogger,org.pitest.mutationtest.engine.gregor.mutators.RemoveConditionalMutator_EQUAL_IF,invoke,62,NO_COVERAGE,none
PreparedStatementLogger.java,org.apache.ibatis.logging.jdbc.PreparedStatementLogger,org.pitest.mutationtest.engine.gregor.mutators.RemoveConditionalMutator_EQUAL_IF,invoke,68,NO_COVERAGE,none
PreparedStatementLogger.java,org.apache.ibatis.logging.jdbc.PreparedStatementLogger,org.pitest.mutationtest.engine.gregor.mutators.RemoveConditionalMutator_EQUAL_IF,invoke,70,NO_COVERAGE,none
PreparedStatementLogger.java,org.apache.ibatis.logging.jdbc.PreparedStatementLogger,org.pitest.mutationtest.engine.gregor.mutators.RemoveConditionalMutator_EQUAL_IF,invoke,71,NO_COVERAGE,none
PreparedStatementLogger.java,org.apache.ibatis.logging.jdbc.PreparedStatementLogger,org.pitest.mutationtest.engine.gregor.mutators.RemoveConditionalMutator_EQUAL_IF,invoke,73,NO_COVERAGE,none
PreparedStatementLogger.java,org.apache.ibatis.logging.jdbc.PreparedStatementLogger,org.pitest.mutationtest.engine.gregor.mutators.ReturnValsMutator,invoke,48,NO_COVERAGE,none
PreparedStatementLogger.java,org.apache.ibatis.logging.jdbc.PreparedStatementLogger,org.pitest.mutationtest.engine.gregor.mutators.ReturnValsMutator,invoke,57,NO_COVERAGE,none
PreparedStatementLogger.java,org.apache.ibatis.logging.jdbc.PreparedStatementLogger,org.pitest.mutationtest.engine.gregor.mutators.ReturnValsMutator,invoke,59,NO_COVERAGE,none
PreparedStatementLogger.java,org.apache.ibatis.logging.jdbc.PreparedStatementLogger,org.pitest.mutationtest.engine.gregor.mutators.ReturnValsMutator,invoke,67,NO_COVERAGE,none
PreparedStatementLogger.java,org.apache.ibatis.logging.jdbc.PreparedStatementLogger,org.pitest.mutationtest.engine.gregor.mutators.ReturnValsMutator,invoke,70,NO_COVERAGE,none
PreparedStatementLogger.java,org.apache.ibatis.logging.jdbc.PreparedStatementLogger,org.pitest.mutationtest.engine.gregor.mutators.ReturnValsMutator,invoke,76,NO_COVERAGE,none
PreparedStatementLogger.java,org.apache.ibatis.logging.jdbc.PreparedStatementLogger,org.pitest.mutationtest.engine.gregor.mutators.ReturnValsMutator,invoke,78,NO_COVERAGE,none
PreparedStatementLogger.java,org.apache.ibatis.logging.jdbc.PreparedStatementLogger,org.pitest.mutationtest.engine.gregor.mutators.VoidMethodCallMutator,invoke,52,NO_COVERAGE,none
PreparedStatementLogger.java,org.apache.ibatis.logging.jdbc.PreparedStatementLogger,org.pitest.mutationtest.engine.gregor.mutators.VoidMethodCallMutator,invoke,54,NO_COVERAGE,none
PreparedStatementLogger.java,org.apache.ibatis.logging.jdbc.PreparedStatementLogger,org.pitest.mutationtest.engine.gregor.mutators.VoidMethodCallMutator,invoke,63,NO_COVERAGE,none
PreparedStatementLogger.java,org.apache.ibatis.logging.jdbc.PreparedStatementLogger,org.pitest.mutationtest.engine.gregor.mutators.VoidMethodCallMutator,invoke,65,NO_COVERAGE,none
PreparedStatementLogger.java,org.apache.ibatis.logging.jdbc.PreparedStatementLogger,org.pitest.mutationtest.engine.gregor.mutators.VoidMethodCallMutator,invoke,74,NO_COVERAGE,none
PreparedStatementLogger.java,org.apache.ibatis.logging.jdbc.PreparedStatementLogger,org.pitest.mutationtest.engine.gregor.mutators.ConstructorCallMutator,newInstance,93,NO_COVERAGE,none
PreparedStatementLogger.java,org.apache.ibatis.logging.jdbc.PreparedStatementLogger,org.pitest.mutationtest.engine.gregor.mutators.InlineConstantMutator,newInstance,95,NO_COVERAGE,none
PreparedStatementLogger.java,org.apache.ibatis.logging.jdbc.PreparedStatementLogger,org.pitest.mutationtest.engine.gregor.mutators.InlineConstantMutator,newInstance,95,NO_COVERAGE,none
PreparedStatementLogger.java,org.apache.ibatis.logging.jdbc.PreparedStatementLogger,org.pitest.mutationtest.engine.gregor.mutators.InlineConstantMutator,newInstance,95,NO_COVERAGE,none
PreparedStatementLogger.java,org.apache.ibatis.logging.jdbc.PreparedStatementLogger,org.pitest.mutationtest.engine.gregor.mutators.NonVoidMethodCallMutator,newInstance,94,NO_COVERAGE,none
PreparedStatementLogger.java,org.apache.ibatis.logging.jdbc.PreparedStatementLogger,org.pitest.mutationtest.engine.gregor.mutators.NonVoidMethodCallMutator,newInstance,95,NO_COVERAGE,none
PreparedStatementLogger.java,org.apache.ibatis.logging.jdbc.PreparedStatementLogger,org.pitest.mutationtest.engine.gregor.mutators.ReturnValsMutator,newInstance,95,NO_COVERAGE,none
PooledConnection.java,org.apache.ibatis.datasource.pooled.PooledConnection,org.pitest.mutationtest.engine.gregor.mutators.InlineConstantMutator,<init>,34,NO_COVERAGE,none
PooledConnection.java,org.apache.ibatis.datasource.pooled.PooledConnection,org.pitest.mutationtest.engine.gregor.mutators.InlineConstantMutator,<init>,56,NO_COVERAGE,none
PooledConnection.java,org.apache.ibatis.datasource.pooled.PooledConnection,org.pitest.mutationtest.engine.gregor.mutators.NonVoidMethodCallMutator,<init>,51,NO_COVERAGE,none
PooledConnection.java,org.apache.ibatis.datasource.pooled.PooledConnection,org.pitest.mutationtest.engine.gregor.mutators.NonVoidMethodCallMutator,<init>,54,NO_COVERAGE,none
PooledConnection.java,org.apache.ibatis.datasource.pooled.PooledConnection,org.pitest.mutationtest.engine.gregor.mutators.NonVoidMethodCallMutator,<init>,55,NO_COVERAGE,none
PooledConnection.java,org.apache.ibatis.datasource.pooled.PooledConnection,org.pitest.mutationtest.engine.gregor.mutators.NonVoidMethodCallMutator,<init>,57,NO_COVERAGE,none
PooledConnection.java,org.apache.ibatis.datasource.pooled.PooledConnection,org.pitest.mutationtest.engine.gregor.mutators.NonVoidMethodCallMutator,<init>,57,NO_COVERAGE,none
PooledConnection.java,org.apache.ibatis.datasource.pooled.PooledConnection,org.pitest.mutationtest.engine.gregor.mutators.experimental.MemberVariableMutator,<init>,34,NO_COVERAGE,none
PooledConnection.java,org.apache.ibatis.datasource.pooled.PooledConnection,org.pitest.mutationtest.engine.gregor.mutators.experimental.MemberVariableMutator,<init>,51,NO_COVERAGE,none
PooledConnection.java,org.apache.ibatis.datasource.pooled.PooledConnection,org.pitest.mutationtest.engine.gregor.mutators.experimental.MemberVariableMutator,<init>,52,NO_COVERAGE,none
PooledConnection.java,org.apache.ibatis.datasource.pooled.PooledConnection,org.pitest.mutationtest.engine.gregor.mutators.experimental.MemberVariableMutator,<init>,53,NO_COVERAGE,none
PooledConnection.java,org.apache.ibatis.datasource.pooled.PooledConnection,org.pitest.mutationtest.engine.gregor.mutators.experimental.MemberVariableMutator,<init>,54,NO_COVERAGE,none
PooledConnection.java,org.apache.ibatis.datasource.pooled.PooledConnection,org.pitest.mutationtest.engine.gregor.mutators.experimental.MemberVariableMutator,<init>,55,NO_COVERAGE,none
PooledConnection.java,org.apache.ibatis.datasource.pooled.PooledConnection,org.pitest.mutationtest.engine.gregor.mutators.experimental.MemberVariableMutator,<init>,56,NO_COVERAGE,none
PooledConnection.java,org.apache.ibatis.datasource.pooled.PooledConnection,org.pitest.mutationtest.engine.gregor.mutators.experimental.MemberVariableMutator,<init>,57,NO_COVERAGE,none
PooledConnection.java,org.apache.ibatis.datasource.pooled.PooledConnection,org.pitest.mutationtest.engine.gregor.mutators.ConstructorCallMutator,checkConnection,254,NO_COVERAGE,none
PooledConnection.java,org.apache.ibatis.datasource.pooled.PooledConnection,org.pitest.mutationtest.engine.gregor.mutators.NegateConditionalsMutator,checkConnection,253,NO_COVERAGE,none
PooledConnection.java,org.apache.ibatis.datasource.pooled.PooledConnection,org.pitest.mutationtest.engine.gregor.mutators.RemoveConditionalMutator_EQUAL_ELSE,checkConnection,253,NO_COVERAGE,none
PooledConnection.java,org.apache.ibatis.datasource.pooled.PooledConnection,org.pitest.mutationtest.engine.gregor.mutators.RemoveConditionalMutator_EQUAL_IF,checkConnection,253,NO_COVERAGE,none
PooledConnection.java,org.apache.ibatis.datasource.pooled.PooledConnection,org.pitest.mutationtest.engine.gregor.mutators.InlineConstantMutator,equals,216,NO_COVERAGE,none
PooledConnection.java,org.apache.ibatis.datasource.pooled.PooledConnection,org.pitest.mutationtest.engine.gregor.mutators.InlineConstantMutator,equals,216,NO_COVERAGE,none
PooledConnection.java,org.apache.ibatis.datasource.pooled.PooledConnection,org.pitest.mutationtest.engine.gregor.mutators.InlineConstantMutator,equals,218,NO_COVERAGE,none
PooledConnection.java,org.apache.ibatis.datasource.pooled.PooledConnection,org.pitest.mutationtest.engine.gregor.mutators.InlineConstantMutator,equals,218,NO_COVERAGE,none
PooledConnection.java,org.apache.ibatis.datasource.pooled.PooledConnection,org.pitest.mutationtest.engine.gregor.mutators.InlineConstantMutator,equals,220,NO_COVERAGE,none
PooledConnection.java,org.apache.ibatis.datasource.pooled.PooledConnection,org.pitest.mutationtest.engine.gregor.mutators.NegateConditionalsMutator,equals,215,NO_COVERAGE,none
PooledConnection.java,org.apache.ibatis.datasource.pooled.PooledConnection,org.pitest.mutationtest.engine.gregor.mutators.NegateConditionalsMutator,equals,216,NO_COVERAGE,none
PooledConnection.java,org.apache.ibatis.datasource.pooled.PooledConnection,org.pitest.mutationtest.engine.gregor.mutators.NegateConditionalsMutator,equals,217,NO_COVERAGE,none
PooledConnection.java,org.apache.ibatis.datasource.pooled.PooledConnection,org.pitest.mutationtest.engine.gregor.mutators.NegateConditionalsMutator,equals,218,NO_COVERAGE,none
PooledConnection.java,org.apache.ibatis.datasource.pooled.PooledConnection,org.pitest.mutationtest.engine.gregor.mutators.NonVoidMethodCallMutator,equals,216,NO_COVERAGE,none
PooledConnection.java,org.apache.ibatis.datasource.pooled.PooledConnection,org.pitest.mutationtest.engine.gregor.mutators.NonVoidMethodCallMutator,equals,216,NO_COVERAGE,none
PooledConnection.java,org.apache.ibatis.datasource.pooled.PooledConnection,org.pitest.mutationtest.engine.gregor.mutators.NonVoidMethodCallMutator,equals,218,NO_COVERAGE,none
PooledConnection.java,org.apache.ibatis.datasource.pooled.PooledConnection,org.pitest.mutationtest.engine.gregor.mutators.RemoveConditionalMutator_EQUAL_ELSE,equals,215,NO_COVERAGE,none
PooledConnection.java,org.apache.ibatis.datasource.pooled.PooledConnection,org.pitest.mutationtest.engine.gregor.mutators.RemoveConditionalMutator_EQUAL_ELSE,equals,216,NO_COVERAGE,none
PooledConnection.java,org.apache.ibatis.datasource.pooled.PooledConnection,org.pitest.mutationtest.engine.gregor.mutators.RemoveConditionalMutator_EQUAL_ELSE,equals,217,NO_COVERAGE,none
PooledConnection.java,org.apache.ibatis.datasource.pooled.PooledConnection,org.pitest.mutationtest.engine.gregor.mutators.RemoveConditionalMutator_EQUAL_ELSE,equals,218,NO_COVERAGE,none
PooledConnection.java,org.apache.ibatis.datasource.pooled.PooledConnection,org.pitest.mutationtest.engine.gregor.mutators.RemoveConditionalMutator_EQUAL_IF,equals,215,NO_COVERAGE,none
PooledConnection.java,org.apache.ibatis.datasource.pooled.PooledConnection,org.pitest.mutationtest.engine.gregor.mutators.RemoveConditionalMutator_EQUAL_IF,equals,216,NO_COVERAGE,none
PooledConnection.java,org.apache.ibatis.datasource.pooled.PooledConnection,org.pitest.mutationtest.engine.gregor.mutators.RemoveConditionalMutator_EQUAL_IF,equals,217,NO_COVERAGE,none
PooledConnection.java,org.apache.ibatis.datasource.pooled.PooledConnection,org.pitest.mutationtest.engine.gregor.mutators.RemoveConditionalMutator_EQUAL_IF,equals,218,NO_COVERAGE,none
PooledConnection.java,org.apache.ibatis.datasource.pooled.PooledConnection,org.pitest.mutationtest.engine.gregor.mutators.ReturnValsMutator,equals,216,NO_COVERAGE,none
PooledConnection.java,org.apache.ibatis.datasource.pooled.PooledConnection,org.pitest.mutationtest.engine.gregor.mutators.ReturnValsMutator,equals,218,NO_COVERAGE,none
PooledConnection.java,org.apache.ibatis.datasource.pooled.PooledConnection,org.pitest.mutationtest.engine.gregor.mutators.ReturnValsMutator,equals,220,NO_COVERAGE,none
PooledConnection.java,org.apache.ibatis.datasource.pooled.PooledConnection,org.pitest.mutationtest.engine.gregor.mutators.MathMutator,getAge,172,NO_COVERAGE,none
PooledConnection.java,org.apache.ibatis.datasource.pooled.PooledConnection,org.pitest.mutationtest.engine.gregor.mutators.NonVoidMethodCallMutator,getAge,172,NO_COVERAGE,none
PooledConnection.java,org.apache.ibatis.datasource.pooled.PooledConnection,org.pitest.mutationtest.engine.gregor.mutators.ReturnValsMutator,getAge,172,NO_COVERAGE,none
PooledConnection.java,org.apache.ibatis.datasource.pooled.PooledConnection,org.pitest.mutationtest.engine.gregor.mutators.MathMutator,getCheckoutTime,199,NO_COVERAGE,none
PooledConnection.java,org.apache.ibatis.datasource.pooled.PooledConnection,org.pitest.mutationtest.engine.gregor.mutators.NonVoidMethodCallMutator,getCheckoutTime,199,NO_COVERAGE,none
PooledConnection.java,org.apache.ibatis.datasource.pooled.PooledConnection,org.pitest.mutationtest.engine.gregor.mutators.ReturnValsMutator,getCheckoutTime,199,NO_COVERAGE,none
PooledConnection.java,org.apache.ibatis.datasource.pooled.PooledConnection,org.pitest.mutationtest.engine.gregor.mutators.ReturnValsMutator,getCheckoutTimestamp,181,NO_COVERAGE,none
PooledConnection.java,org.apache.ibatis.datasource.pooled.PooledConnection,org.pitest.mutationtest.engine.gregor.mutators.ReturnValsMutator,getConnectionTypeCode,109,NO_COVERAGE,none
PooledConnection.java,org.apache.ibatis.datasource.pooled.PooledConnection,org.pitest.mutationtest.engine.gregor.mutators.ReturnValsMutator,getCreatedTimestamp,127,NO_COVERAGE,none
PooledConnection.java,org.apache.ibatis.datasource.pooled.PooledConnection,org.pitest.mutationtest.engine.gregor.mutators.ReturnValsMutator,getLastUsedTimestamp,145,NO_COVERAGE,none
PooledConnection.java,org.apache.ibatis.datasource.pooled.PooledConnection,org.pitest.mutationtest.engine.gregor.mutators.ReturnValsMutator,getProxyConnection,91,NO_COVERAGE,none
PooledConnection.java,org.apache.ibatis.datasource.pooled.PooledConnection,org.pitest.mutationtest.engine.gregor.mutators.ReturnValsMutator,getRealConnection,82,NO_COVERAGE,none
PooledConnection.java,org.apache.ibatis.datasource.pooled.PooledConnection,org.pitest.mutationtest.engine.gregor.mutators.InlineConstantMutator,getRealHashCode,100,NO_COVERAGE,none
PooledConnection.java,org.apache.ibatis.datasource.pooled.PooledConnection,org.pitest.mutationtest.engine.gregor.mutators.NegateConditionalsMutator,getRealHashCode,100,NO_COVERAGE,none
PooledConnection.java,org.apache.ibatis.datasource.pooled.PooledConnection,org.pitest.mutationtest.engine.gregor.mutators.NonVoidMethodCallMutator,getRealHashCode,100,NO_COVERAGE,none
PooledConnection.java,org.apache.ibatis.datasource.pooled.PooledConnection,org.pitest.mutationtest.engine.gregor.mutators.RemoveConditionalMutator_EQUAL_ELSE,getRealHashCode,100,NO_COVERAGE,none
PooledConnection.java,org.apache.ibatis.datasource.pooled.PooledConnection,org.pitest.mutationtest.engine.gregor.mutators.RemoveConditionalMutator_EQUAL_IF,getRealHashCode,100,NO_COVERAGE,none
PooledConnection.java,org.apache.ibatis.datasource.pooled.PooledConnection,org.pitest.mutationtest.engine.gregor.mutators.ReturnValsMutator,getRealHashCode,100,NO_COVERAGE,none
PooledConnection.java,org.apache.ibatis.datasource.pooled.PooledConnection,org.pitest.mutationtest.engine.gregor.mutators.MathMutator,getTimeElapsedSinceLastUse,163,NO_COVERAGE,none
PooledConnection.java,org.apache.ibatis.datasource.pooled.PooledConnection,org.pitest.mutationtest.engine.gregor.mutators.NonVoidMethodCallMutator,getTimeElapsedSinceLastUse,163,NO_COVERAGE,none
PooledConnection.java,org.apache.ibatis.datasource.pooled.PooledConnection,org.pitest.mutationtest.engine.gregor.mutators.ReturnValsMutator,getTimeElapsedSinceLastUse,163,NO_COVERAGE,none
PooledConnection.java,org.apache.ibatis.datasource.pooled.PooledConnection,org.pitest.mutationtest.engine.gregor.mutators.ReturnValsMutator,hashCode,204,NO_COVERAGE,none
PooledConnection.java,org.apache.ibatis.datasource.pooled.PooledConnection,org.pitest.mutationtest.engine.gregor.mutators.InlineConstantMutator,invalidate,64,NO_COVERAGE,none
PooledConnection.java,org.apache.ibatis.datasource.pooled.PooledConnection,org.pitest.mutationtest.engine.gregor.mutators.experimental.MemberVariableMutator,invalidate,64,NO_COVERAGE,none
PooledConnection.java,org.apache.ibatis.datasource.pooled.PooledConnection,org.pitest.mutationtest.engine.gregor.mutators.ArgumentPropagationMutator,invoke,245,NO_COVERAGE,none
PooledConnection.java,org.apache.ibatis.datasource.pooled.PooledConnection,org.pitest.mutationtest.engine.gregor.mutators.ArgumentPropagationMutator,invoke,247,NO_COVERAGE,none
PooledConnection.java,org.apache.ibatis.datasource.pooled.PooledConnection,org.pitest.mutationtest.engine.gregor.mutators.NegateConditionalsMutator,invoke,235,NO_COVERAGE,none
PooledConnection.java,org.apache.ibatis.datasource.pooled.PooledConnection,org.pitest.mutationtest.engine.gregor.mutators.NegateConditionalsMutator,invoke,235,NO_COVERAGE,none
PooledConnection.java,org.apache.ibatis.datasource.pooled.PooledConnection,org.pitest.mutationtest.engine.gregor.mutators.NegateConditionalsMutator,invoke,240,NO_COVERAGE,none
PooledConnection.java,org.apache.ibatis.datasource.pooled.PooledConnection,org.pitest.mutationtest.engine.gregor.mutators.NonVoidMethodCallMutator,invoke,234,NO_COVERAGE,none
PooledConnection.java,org.apache.ibatis.datasource.pooled.PooledConnection,org.pitest.mutationtest.engine.gregor.mutators.NonVoidMethodCallMutator,invoke,235,NO_COVERAGE,none
PooledConnection.java,org.apache.ibatis.datasource.pooled.PooledConnection,org.pitest.mutationtest.engine.gregor.mutators.NonVoidMethodCallMutator,invoke,235,NO_COVERAGE,none
PooledConnection.java,org.apache.ibatis.datasource.pooled.PooledConnection,org.pitest.mutationtest.engine.gregor.mutators.NonVoidMethodCallMutator,invoke,235,NO_COVERAGE,none
PooledConnection.java,org.apache.ibatis.datasource.pooled.PooledConnection,org.pitest.mutationtest.engine.gregor.mutators.NonVoidMethodCallMutator,invoke,240,NO_COVERAGE,none
PooledConnection.java,org.apache.ibatis.datasource.pooled.PooledConnection,org.pitest.mutationtest.engine.gregor.mutators.NonVoidMethodCallMutator,invoke,240,NO_COVERAGE,none
PooledConnection.java,org.apache.ibatis.datasource.pooled.PooledConnection,org.pitest.mutationtest.engine.gregor.mutators.NonVoidMethodCallMutator,invoke,245,NO_COVERAGE,none
PooledConnection.java,org.apache.ibatis.datasource.pooled.PooledConnection,org.pitest.mutationtest.engine.gregor.mutators.NonVoidMethodCallMutator,invoke,247,NO_COVERAGE,none
PooledConnection.java,org.apache.ibatis.datasource.pooled.PooledConnection,org.pitest.mutationtest.engine.gregor.mutators.RemoveConditionalMutator_EQUAL_ELSE,invoke,235,NO_COVERAGE,none
PooledConnection.java,org.apache.ibatis.datasource.pooled.PooledConnection,org.pitest.mutationtest.engine.gregor.mutators.RemoveConditionalMutator_EQUAL_ELSE,invoke,235,NO_COVERAGE,none
PooledConnection.java,org.apache.ibatis.datasource.pooled.PooledConnection,org.pitest.mutationtest.engine.gregor.mutators.RemoveConditionalMutator_EQUAL_ELSE,invoke,240,NO_COVERAGE,none
PooledConnection.java,org.apache.ibatis.datasource.pooled.PooledConnection,org.pitest.mutationtest.engine.gregor.mutators.RemoveConditionalMutator_EQUAL_IF,invoke,235,NO_COVERAGE,none
PooledConnection.java,org.apache.ibatis.datasource.pooled.PooledConnection,org.pitest.mutationtest.engine.gregor.mutators.RemoveConditionalMutator_EQUAL_IF,invoke,235,NO_COVERAGE,none
PooledConnection.java,org.apache.ibatis.datasource.pooled.PooledConnection,org.pitest.mutationtest.engine.gregor.mutators.RemoveConditionalMutator_EQUAL_IF,invoke,240,NO_COVERAGE,none
PooledConnection.java,org.apache.ibatis.datasource.pooled.PooledConnection,org.pitest.mutationtest.engine.gregor.mutators.ReturnValsMutator,invoke,237,NO_COVERAGE,none
PooledConnection.java,org.apache.ibatis.datasource.pooled.PooledConnection,org.pitest.mutationtest.engine.gregor.mutators.ReturnValsMutator,invoke,245,NO_COVERAGE,none
PooledConnection.java,org.apache.ibatis.datasource.pooled.PooledConnection,org.pitest.mutationtest.engine.gregor.mutators.VoidMethodCallMutator,invoke,236,NO_COVERAGE,none
PooledConnection.java,org.apache.ibatis.datasource.pooled.PooledConnection,org.pitest.mutationtest.engine.gregor.mutators.VoidMethodCallMutator,invoke,243,NO_COVERAGE,none
PooledConnection.java,org.apache.ibatis.datasource.pooled.PooledConnection,org.pitest.mutationtest.engine.gregor.mutators.InlineConstantMutator,isValid,73,NO_COVERAGE,none
PooledConnection.java,org.apache.ibatis.datasource.pooled.PooledConnection,org.pitest.mutationtest.engine.gregor.mutators.InlineConstantMutator,isValid,73,NO_COVERAGE,none
PooledConnection.java,org.apache.ibatis.datasource.pooled.PooledConnection,org.pitest.mutationtest.engine.gregor.mutators.NegateConditionalsMutator,isValid,73,NO_COVERAGE,none
PooledConnection.java,org.apache.ibatis.datasource.pooled.PooledConnection,org.pitest.mutationtest.engine.gregor.mutators.NegateConditionalsMutator,isValid,73,NO_COVERAGE,none
PooledConnection.java,org.apache.ibatis.datasource.pooled.PooledConnection,org.pitest.mutationtest.engine.gregor.mutators.NegateConditionalsMutator,isValid,73,NO_COVERAGE,none
PooledConnection.java,org.apache.ibatis.datasource.pooled.PooledConnection,org.pitest.mutationtest.engine.gregor.mutators.NonVoidMethodCallMutator,isValid,73,NO_COVERAGE,none
PooledConnection.java,org.apache.ibatis.datasource.pooled.PooledConnection,org.pitest.mutationtest.engine.gregor.mutators.RemoveConditionalMutator_EQUAL_ELSE,isValid,73,NO_COVERAGE,none
PooledConnection.java,org.apache.ibatis.datasource.pooled.PooledConnection,org.pitest.mutationtest.engine.gregor.mutators.RemoveConditionalMutator_EQUAL_ELSE,isValid,73,NO_COVERAGE,none
PooledConnection.java,org.apache.ibatis.datasource.pooled.PooledConnection,org.pitest.mutationtest.engine.gregor.mutators.RemoveConditionalMutator_EQUAL_ELSE,isValid,73,NO_COVERAGE,none
PooledConnection.java,org.apache.ibatis.datasource.pooled.PooledConnection,org.pitest.mutationtest.engine.gregor.mutators.RemoveConditionalMutator_EQUAL_IF,isValid,73,NO_COVERAGE,none
PooledConnection.java,org.apache.ibatis.datasource.pooled.PooledConnection,org.pitest.mutationtest.engine.gregor.mutators.RemoveConditionalMutator_EQUAL_IF,isValid,73,NO_COVERAGE,none
PooledConnection.java,org.apache.ibatis.datasource.pooled.PooledConnection,org.pitest.mutationtest.engine.gregor.mutators.RemoveConditionalMutator_EQUAL_IF,isValid,73,NO_COVERAGE,none
PooledConnection.java,org.apache.ibatis.datasource.pooled.PooledConnection,org.pitest.mutationtest.engine.gregor.mutators.ReturnValsMutator,isValid,73,NO_COVERAGE,none
PooledConnection.java,org.apache.ibatis.datasource.pooled.PooledConnection,org.pitest.mutationtest.engine.gregor.mutators.experimental.MemberVariableMutator,setCheckoutTimestamp,190,NO_COVERAGE,none
PooledConnection.java,org.apache.ibatis.datasource.pooled.PooledConnection,org.pitest.mutationtest.engine.gregor.mutators.experimental.MemberVariableMutator,setConnectionTypeCode,118,NO_COVERAGE,none
PooledConnection.java,org.apache.ibatis.datasource.pooled.PooledConnection,org.pitest.mutationtest.engine.gregor.mutators.experimental.MemberVariableMutator,setCreatedTimestamp,136,NO_COVERAGE,none
PooledConnection.java,org.apache.ibatis.datasource.pooled.PooledConnection,org.pitest.mutationtest.engine.gregor.mutators.experimental.MemberVariableMutator,setLastUsedTimestamp,154,NO_COVERAGE,none
ResolverUtil.java,org.apache.ibatis.io.ResolverUtil,org.pitest.mutationtest.engine.gregor.mutators.ConstructorCallMutator,<init>,126,NO_COVERAGE,none
ResolverUtil.java,org.apache.ibatis.io.ResolverUtil,org.pitest.mutationtest.engine.gregor.mutators.experimental.MemberVariableMutator,<init>,126,NO_COVERAGE,none
ResolverUtil.java,org.apache.ibatis.io.ResolverUtil,org.pitest.mutationtest.engine.gregor.mutators.ArgumentPropagationMutator,addIfMatching,253,NO_COVERAGE,none
ResolverUtil.java,org.apache.ibatis.io.ResolverUtil,org.pitest.mutationtest.engine.gregor.mutators.ConstructorCallMutator,addIfMatching,256,NO_COVERAGE,none
ResolverUtil.java,org.apache.ibatis.io.ResolverUtil,org.pitest.mutationtest.engine.gregor.mutators.ConstructorCallMutator,addIfMatching,264,NO_COVERAGE,none
ResolverUtil.java,org.apache.ibatis.io.ResolverUtil,org.pitest.mutationtest.engine.gregor.mutators.InlineConstantMutator,addIfMatching,253,NO_COVERAGE,none
ResolverUtil.java,org.apache.ibatis.io.ResolverUtil,org.pitest.mutationtest.engine.gregor.mutators.InlineConstantMutator,addIfMatching,253,NO_COVERAGE,none
ResolverUtil.java,org.apache.ibatis.io.ResolverUtil,org.pitest.mutationtest.engine.gregor.mutators.InlineConstantMutator,addIfMatching,253,NO_COVERAGE,none
ResolverUtil.java,org.apache.ibatis.io.ResolverUtil,org.pitest.mutationtest.engine.gregor.mutators.InlineConstantMutator,addIfMatching,253,NO_COVERAGE,none
ResolverUtil.java,org.apache.ibatis.io.ResolverUtil,org.pitest.mutationtest.engine.gregor.mutators.NegateConditionalsMutator,addIfMatching,255,NO_COVERAGE,none
ResolverUtil.java,org.apache.ibatis.io.ResolverUtil,org.pitest.mutationtest.engine.gregor.mutators.NegateConditionalsMutator,addIfMatching,260,NO_COVERAGE,none
ResolverUtil.java,org.apache.ibatis.io.ResolverUtil,org.pitest.mutationtest.engine.gregor.mutators.NonVoidMethodCallMutator,addIfMatching,253,NO_COVERAGE,none
ResolverUtil.java,org.apache.ibatis.io.ResolverUtil,org.pitest.mutationtest.engine.gregor.mutators.NonVoidMethodCallMutator,addIfMatching,253,NO_COVERAGE,none
ResolverUtil.java,org.apache.ibatis.io.ResolverUtil,org.pitest.mutationtest.engine.gregor.mutators.NonVoidMethodCallMutator,addIfMatching,253,NO_COVERAGE,none
ResolverUtil.java,org.apache.ibatis.io.ResolverUtil,org.pitest.mutationtest.engine.gregor.mutators.NonVoidMethodCallMutator,addIfMatching,254,NO_COVERAGE,none
ResolverUtil.java,org.apache.ibatis.io.ResolverUtil,org.pitest.mutationtest.engine.gregor.mutators.NonVoidMethodCallMutator,addIfMatching,255,NO_COVERAGE,none
ResolverUtil.java,org.apache.ibatis.io.ResolverUtil,org.pitest.mutationtest.engine.gregor.mutators.NonVoidMethodCallMutator,addIfMatching,256,NO_COVERAGE,none
ResolverUtil.java,org.apache.ibatis.io.ResolverUtil,org.pitest.mutationtest.engine.gregor.mutators.NonVoidMethodCallMutator,addIfMatching,256,NO_COVERAGE,none
ResolverUtil.java,org.apache.ibatis.io.ResolverUtil,org.pitest.mutationtest.engine.gregor.mutators.NonVoidMethodCallMutator,addIfMatching,256,NO_COVERAGE,none
ResolverUtil.java,org.apache.ibatis.io.ResolverUtil,org.pitest.mutationtest.engine.gregor.mutators.NonVoidMethodCallMutator,addIfMatching,256,NO_COVERAGE,none
ResolverUtil.java,org.apache.ibatis.io.ResolverUtil,org.pitest.mutationtest.engine.gregor.mutators.NonVoidMethodCallMutator,addIfMatching,256,NO_COVERAGE,none
ResolverUtil.java,org.apache.ibatis.io.ResolverUtil,org.pitest.mutationtest.engine.gregor.mutators.NonVoidMethodCallMutator,addIfMatching,256,NO_COVERAGE,none
ResolverUtil.java,org.apache.ibatis.io.ResolverUtil,org.pitest.mutationtest.engine.gregor.mutators.NonVoidMethodCallMutator,addIfMatching,259,NO_COVERAGE,none
ResolverUtil.java,org.apache.ibatis.io.ResolverUtil,org.pitest.mutationtest.engine.gregor.mutators.NonVoidMethodCallMutator,addIfMatching,260,NO_COVERAGE,none
ResolverUtil.java,org.apache.ibatis.io.ResolverUtil,org.pitest.mutationtest.engine.gregor.mutators.NonVoidMethodCallMutator,addIfMatching,261,NO_COVERAGE,none
ResolverUtil.java,org.apache.ibatis.io.ResolverUtil,org.pitest.mutationtest.engine.gregor.mutators.NonVoidMethodCallMutator,addIfMatching,264,NO_COVERAGE,none
ResolverUtil.java,org.apache.ibatis.io.ResolverUtil,org.pitest.mutationtest.engine.gregor.mutators.NonVoidMethodCallMutator,addIfMatching,264,NO_COVERAGE,none
ResolverUtil.java,org.apache.ibatis.io.ResolverUtil,org.pitest.mutationtest.engine.gregor.mutators.NonVoidMethodCallMutator,addIfMatching,264,NO_COVERAGE,none
ResolverUtil.java,org.apache.ibatis.io.ResolverUtil,org.pitest.mutationtest.engine.gregor.mutators.NonVoidMethodCallMutator,addIfMatching,265,NO_COVERAGE,none
ResolverUtil.java,org.apache.ibatis.io.ResolverUtil,org.pitest.mutationtest.engine.gregor.mutators.NonVoidMethodCallMutator,addIfMatching,265,NO_COVERAGE,none
ResolverUtil.java,org.apache.ibatis.io.ResolverUtil,org.pitest.mutationtest.engine.gregor.mutators.NonVoidMethodCallMutator,addIfMatching,265,NO_COVERAGE,none
ResolverUtil.java,org.apache.ibatis.io.ResolverUtil,org.pitest.mutationtest.engine.gregor.mutators.NonVoidMethodCallMutator,addIfMatching,265,NO_COVERAGE,none
ResolverUtil.java,org.apache.ibatis.io.ResolverUtil,org.pitest.mutationtest.engine.gregor.mutators.NonVoidMethodCallMutator,addIfMatching,265,NO_COVERAGE,none
ResolverUtil.java,org.apache.ibatis.io.ResolverUtil,org.pitest.mutationtest.engine.gregor.mutators.NonVoidMethodCallMutator,addIfMatching,265,NO_COVERAGE,none
ResolverUtil.java,org.apache.ibatis.io.ResolverUtil,org.pitest.mutationtest.engine.gregor.mutators.NonVoidMethodCallMutator,addIfMatching,265,NO_COVERAGE,none
ResolverUtil.java,org.apache.ibatis.io.ResolverUtil,org.pitest.mutationtest.engine.gregor.mutators.RemoveConditionalMutator_EQUAL_ELSE,addIfMatching,255,NO_COVERAGE,none
ResolverUtil.java,org.apache.ibatis.io.ResolverUtil,org.pitest.mutationtest.engine.gregor.mutators.RemoveConditionalMutator_EQUAL_ELSE,addIfMatching,260,NO_COVERAGE,none
ResolverUtil.java,org.apache.ibatis.io.ResolverUtil,org.pitest.mutationtest.engine.gregor.mutators.RemoveConditionalMutator_EQUAL_IF,addIfMatching,255,NO_COVERAGE,none
ResolverUtil.java,org.apache.ibatis.io.ResolverUtil,org.pitest.mutationtest.engine.gregor.mutators.RemoveConditionalMutator_EQUAL_IF,addIfMatching,260,NO_COVERAGE,none
ResolverUtil.java,org.apache.ibatis.io.ResolverUtil,org.pitest.mutationtest.engine.gregor.mutators.VoidMethodCallMutator,addIfMatching,256,NO_COVERAGE,none
ResolverUtil.java,org.apache.ibatis.io.ResolverUtil,org.pitest.mutationtest.engine.gregor.mutators.VoidMethodCallMutator,addIfMatching,264,NO_COVERAGE,none
ResolverUtil.java,org.apache.ibatis.io.ResolverUtil,org.pitest.mutationtest.engine.gregor.mutators.ArgumentPropagationMutator,find,217,NO_COVERAGE,none
ResolverUtil.java,org.apache.ibatis.io.ResolverUtil,org.pitest.mutationtest.engine.gregor.mutators.ConstructorCallMutator,find,227,NO_COVERAGE,none
ResolverUtil.java,org.apache.ibatis.io.ResolverUtil,org.pitest.mutationtest.engine.gregor.mutators.NegateConditionalsMutator,find,221,NO_COVERAGE,none
ResolverUtil.java,org.apache.ibatis.io.ResolverUtil,org.pitest.mutationtest.engine.gregor.mutators.NegateConditionalsMutator,find,222,NO_COVERAGE,none
ResolverUtil.java,org.apache.ibatis.io.ResolverUtil,org.pitest.mutationtest.engine.gregor.mutators.NonVoidMethodCallMutator,find,217,NO_COVERAGE,none
ResolverUtil.java,org.apache.ibatis.io.ResolverUtil,org.pitest.mutationtest.engine.gregor.mutators.NonVoidMethodCallMutator,find,220,NO_COVERAGE,none
ResolverUtil.java,org.apache.ibatis.io.ResolverUtil,org.pitest.mutationtest.engine.gregor.mutators.NonVoidMethodCallMutator,find,220,NO_COVERAGE,none
ResolverUtil.java,org.apache.ibatis.io.ResolverUtil,org.pitest.mutationtest.engine.gregor.mutators.NonVoidMethodCallMutator,find,221,NO_COVERAGE,none
ResolverUtil.java,org.apache.ibatis.io.ResolverUtil,org.pitest.mutationtest.engine.gregor.mutators.NonVoidMethodCallMutator,find,221,NO_COVERAGE,none
ResolverUtil.java,org.apache.ibatis.io.ResolverUtil,org.pitest.mutationtest.engine.gregor.mutators.NonVoidMethodCallMutator,find,221,NO_COVERAGE,none
ResolverUtil.java,org.apache.ibatis.io.ResolverUtil,org.pitest.mutationtest.engine.gregor.mutators.NonVoidMethodCallMutator,find,222,NO_COVERAGE,none
ResolverUtil.java,org.apache.ibatis.io.ResolverUtil,org.pitest.mutationtest.engine.gregor.mutators.NonVoidMethodCallMutator,find,227,NO_COVERAGE,none
ResolverUtil.java,org.apache.ibatis.io.ResolverUtil,org.pitest.mutationtest.engine.gregor.mutators.NonVoidMethodCallMutator,find,227,NO_COVERAGE,none
ResolverUtil.java,org.apache.ibatis.io.ResolverUtil,org.pitest.mutationtest.engine.gregor.mutators.NonVoidMethodCallMutator,find,227,NO_COVERAGE,none
ResolverUtil.java,org.apache.ibatis.io.ResolverUtil,org.pitest.mutationtest.engine.gregor.mutators.RemoveConditionalMutator_EQUAL_ELSE,find,221,NO_COVERAGE,none
ResolverUtil.java,org.apache.ibatis.io.ResolverUtil,org.pitest.mutationtest.engine.gregor.mutators.RemoveConditionalMutator_EQUAL_ELSE,find,222,NO_COVERAGE,none
ResolverUtil.java,org.apache.ibatis.io.ResolverUtil,org.pitest.mutationtest.engine.gregor.mutators.RemoveConditionalMutator_EQUAL_IF,find,221,NO_COVERAGE,none
ResolverUtil.java,org.apache.ibatis.io.ResolverUtil,org.pitest.mutationtest.engine.gregor.mutators.RemoveConditionalMutator_EQUAL_IF,find,222,NO_COVERAGE,none
ResolverUtil.java,org.apache.ibatis.io.ResolverUtil,org.pitest.mutationtest.engine.gregor.mutators.ReturnValsMutator,find,230,NO_COVERAGE,none
ResolverUtil.java,org.apache.ibatis.io.ResolverUtil,org.pitest.mutationtest.engine.gregor.mutators.VoidMethodCallMutator,find,223,NO_COVERAGE,none
ResolverUtil.java,org.apache.ibatis.io.ResolverUtil,org.pitest.mutationtest.engine.gregor.mutators.VoidMethodCallMutator,find,227,NO_COVERAGE,none
ResolverUtil.java,org.apache.ibatis.io.ResolverUtil,org.pitest.mutationtest.engine.gregor.mutators.ConditionalsBoundaryMutator,findAnnotated,199,NO_COVERAGE,none
ResolverUtil.java,org.apache.ibatis.io.ResolverUtil,org.pitest.mutationtest.engine.gregor.mutators.ConstructorCallMutator,findAnnotated,198,NO_COVERAGE,none
ResolverUtil.java,org.apache.ibatis.io.ResolverUtil,org.pitest.mutationtest.engine.gregor.mutators.IncrementsMutator,findAnnotated,199,NO_COVERAGE,none
ResolverUtil.java,org.apache.ibatis.io.ResolverUtil,org.pitest.mutationtest.engine.gregor.mutators.InlineConstantMutator,findAnnotated,199,NO_COVERAGE,none
ResolverUtil.java,org.apache.ibatis.io.ResolverUtil,org.pitest.mutationtest.engine.gregor.mutators.NegateConditionalsMutator,findAnnotated,194,NO_COVERAGE,none
ResolverUtil.java,org.apache.ibatis.io.ResolverUtil,org.pitest.mutationtest.engine.gregor.mutators.NegateConditionalsMutator,findAnnotated,199,NO_COVERAGE,none
ResolverUtil.java,org.apache.ibatis.io.ResolverUtil,org.pitest.mutationtest.engine.gregor.mutators.NonVoidMethodCallMutator,findAnnotated,200,NO_COVERAGE,none
ResolverUtil.java,org.apache.ibatis.io.ResolverUtil,org.pitest.mutationtest.engine.gregor.mutators.RemoveConditionalMutator_EQUAL_ELSE,findAnnotated,194,NO_COVERAGE,none
ResolverUtil.java,org.apache.ibatis.io.ResolverUtil,org.pitest.mutationtest.engine.gregor.mutators.RemoveConditionalMutator_EQUAL_IF,findAnnotated,194,NO_COVERAGE,none
ResolverUtil.java,org.apache.ibatis.io.ResolverUtil,org.pitest.mutationtest.engine.gregor.mutators.RemoveConditionalMutator_ORDER_ELSE,findAnnotated,199,NO_COVERAGE,none
ResolverUtil.java,org.apache.ibatis.io.ResolverUtil,org.pitest.mutationtest.engine.gregor.mutators.RemoveConditionalMutator_ORDER_IF,findAnnotated,199,NO_COVERAGE,none
ResolverUtil.java,org.apache.ibatis.io.ResolverUtil,org.pitest.mutationtest.engine.gregor.mutators.ReturnValsMutator,findAnnotated,195,NO_COVERAGE,none
ResolverUtil.java,org.apache.ibatis.io.ResolverUtil,org.pitest.mutationtest.engine.gregor.mutators.ReturnValsMutator,findAnnotated,203,NO_COVERAGE,none
ResolverUtil.java,org.apache.ibatis.io.ResolverUtil,org.pitest.mutationtest.engine.gregor.mutators.experimental.RemoveIncrementsMutator,findAnnotated,199,NO_COVERAGE,none
ResolverUtil.java,org.apache.ibatis.io.ResolverUtil,org.pitest.mutationtest.engine.gregor.mutators.ConditionalsBoundaryMutator,findImplementations,179,NO_COVERAGE,none
ResolverUtil.java,org.apache.ibatis.io.ResolverUtil,org.pitest.mutationtest.engine.gregor.mutators.ConstructorCallMutator,findImplementations,178,NO_COVERAGE,none
ResolverUtil.java,org.apache.ibatis.io.ResolverUtil,org.pitest.mutationtest.engine.gregor.mutators.IncrementsMutator,findImplementations,179,NO_COVERAGE,none
ResolverUtil.java,org.apache.ibatis.io.ResolverUtil,org.pitest.mutationtest.engine.gregor.mutators.InlineConstantMutator,findImplementations,179,NO_COVERAGE,none
ResolverUtil.java,org.apache.ibatis.io.ResolverUtil,org.pitest.mutationtest.engine.gregor.mutators.NegateConditionalsMutator,findImplementations,174,NO_COVERAGE,none
ResolverUtil.java,org.apache.ibatis.io.ResolverUtil,org.pitest.mutationtest.engine.gregor.mutators.NegateConditionalsMutator,findImplementations,179,NO_COVERAGE,none
ResolverUtil.java,org.apache.ibatis.io.ResolverUtil,org.pitest.mutationtest.engine.gregor.mutators.NonVoidMethodCallMutator,findImplementations,180,NO_COVERAGE,none
ResolverUtil.java,org.apache.ibatis.io.ResolverUtil,org.pitest.mutationtest.engine.gregor.mutators.RemoveConditionalMutator_EQUAL_ELSE,findImplementations,174,NO_COVERAGE,none
ResolverUtil.java,org.apache.ibatis.io.ResolverUtil,org.pitest.mutationtest.engine.gregor.mutators.RemoveConditionalMutator_EQUAL_IF,findImplementations,174,NO_COVERAGE,none
ResolverUtil.java,org.apache.ibatis.io.ResolverUtil,org.pitest.mutationtest.engine.gregor.mutators.RemoveConditionalMutator_ORDER_ELSE,findImplementations,179,NO_COVERAGE,none
ResolverUtil.java,org.apache.ibatis.io.ResolverUtil,org.pitest.mutationtest.engine.gregor.mutators.RemoveConditionalMutator_ORDER_IF,findImplementations,179,NO_COVERAGE,none
ResolverUtil.java,org.apache.ibatis.io.ResolverUtil,org.pitest.mutationtest.engine.gregor.mutators.ReturnValsMutator,findImplementations,175,NO_COVERAGE,none
ResolverUtil.java,org.apache.ibatis.io.ResolverUtil,org.pitest.mutationtest.engine.gregor.mutators.ReturnValsMutator,findImplementations,183,NO_COVERAGE,none
ResolverUtil.java,org.apache.ibatis.io.ResolverUtil,org.pitest.mutationtest.engine.gregor.mutators.experimental.RemoveIncrementsMutator,findImplementations,179,NO_COVERAGE,none
ResolverUtil.java,org.apache.ibatis.io.ResolverUtil,org.pitest.mutationtest.engine.gregor.mutators.NegateConditionalsMutator,getClassLoader,151,NO_COVERAGE,none
ResolverUtil.java,org.apache.ibatis.io.ResolverUtil,org.pitest.mutationtest.engine.gregor.mutators.NonVoidMethodCallMutator,getClassLoader,151,NO_COVERAGE,none
ResolverUtil.java,org.apache.ibatis.io.ResolverUtil,org.pitest.mutationtest.engine.gregor.mutators.NonVoidMethodCallMutator,getClassLoader,151,NO_COVERAGE,none
ResolverUtil.java,org.apache.ibatis.io.ResolverUtil,org.pitest.mutationtest.engine.gregor.mutators.RemoveConditionalMutator_EQUAL_ELSE,getClassLoader,151,NO_COVERAGE,none
ResolverUtil.java,org.apache.ibatis.io.ResolverUtil,org.pitest.mutationtest.engine.gregor.mutators.RemoveConditionalMutator_EQUAL_IF,getClassLoader,151,NO_COVERAGE,none
ResolverUtil.java,org.apache.ibatis.io.ResolverUtil,org.pitest.mutationtest.engine.gregor.mutators.ReturnValsMutator,getClassLoader,151,NO_COVERAGE,none
ResolverUtil.java,org.apache.ibatis.io.ResolverUtil,org.pitest.mutationtest.engine.gregor.mutators.ReturnValsMutator,getClasses,141,NO_COVERAGE,none
ResolverUtil.java,org.apache.ibatis.io.ResolverUtil,org.pitest.mutationtest.engine.gregor.mutators.InlineConstantMutator,getPackagePath,240,NO_COVERAGE,none
ResolverUtil.java,org.apache.ibatis.io.ResolverUtil,org.pitest.mutationtest.engine.gregor.mutators.InlineConstantMutator,getPackagePath,240,NO_COVERAGE,none
ResolverUtil.java,org.apache.ibatis.io.ResolverUtil,org.pitest.mutationtest.engine.gregor.mutators.NegateConditionalsMutator,getPackagePath,240,NO_COVERAGE,none
ResolverUtil.java,org.apache.ibatis.io.ResolverUtil,org.pitest.mutationtest.engine.gregor.mutators.NonVoidMethodCallMutator,getPackagePath,240,NO_COVERAGE,none
ResolverUtil.java,org.apache.ibatis.io.ResolverUtil,org.pitest.mutationtest.engine.gregor.mutators.RemoveConditionalMutator_EQUAL_ELSE,getPackagePath,240,NO_COVERAGE,none
ResolverUtil.java,org.apache.ibatis.io.ResolverUtil,org.pitest.mutationtest.engine.gregor.mutators.RemoveConditionalMutator_EQUAL_IF,getPackagePath,240,NO_COVERAGE,none
ResolverUtil.java,org.apache.ibatis.io.ResolverUtil,org.pitest.mutationtest.engine.gregor.mutators.ReturnValsMutator,getPackagePath,240,NO_COVERAGE,none
ResolverUtil.java,org.apache.ibatis.io.ResolverUtil,org.pitest.mutationtest.engine.gregor.mutators.experimental.MemberVariableMutator,setClassLoader,161,NO_COVERAGE,none
TrimSqlNode.java,org.apache.ibatis.scripting.xmltags.TrimSqlNode$FilteredDynamicContext,org.pitest.mutationtest.engine.gregor.mutators.ConstructorCallMutator,<init>,83,NO_COVERAGE,none
TrimSqlNode.java,org.apache.ibatis.scripting.xmltags.TrimSqlNode$FilteredDynamicContext,org.pitest.mutationtest.engine.gregor.mutators.InlineConstantMutator,<init>,81,NO_COVERAGE,none
TrimSqlNode.java,org.apache.ibatis.scripting.xmltags.TrimSqlNode$FilteredDynamicContext,org.pitest.mutationtest.engine.gregor.mutators.InlineConstantMutator,<init>,82,NO_COVERAGE,none
TrimSqlNode.java,org.apache.ibatis.scripting.xmltags.TrimSqlNode$FilteredDynamicContext,org.pitest.mutationtest.engine.gregor.mutators.NonVoidMethodCallMutator,<init>,79,NO_COVERAGE,none
TrimSqlNode.java,org.apache.ibatis.scripting.xmltags.TrimSqlNode$FilteredDynamicContext,org.pitest.mutationtest.engine.gregor.mutators.experimental.MemberVariableMutator,<init>,78,NO_COVERAGE,none
TrimSqlNode.java,org.apache.ibatis.scripting.xmltags.TrimSqlNode$FilteredDynamicContext,org.pitest.mutationtest.engine.gregor.mutators.experimental.MemberVariableMutator,<init>,80,NO_COVERAGE,none
TrimSqlNode.java,org.apache.ibatis.scripting.xmltags.TrimSqlNode$FilteredDynamicContext,org.pitest.mutationtest.engine.gregor.mutators.experimental.MemberVariableMutator,<init>,81,NO_COVERAGE,none
TrimSqlNode.java,org.apache.ibatis.scripting.xmltags.TrimSqlNode$FilteredDynamicContext,org.pitest.mutationtest.engine.gregor.mutators.experimental.MemberVariableMutator,<init>,82,NO_COVERAGE,none
TrimSqlNode.java,org.apache.ibatis.scripting.xmltags.TrimSqlNode$FilteredDynamicContext,org.pitest.mutationtest.engine.gregor.mutators.experimental.MemberVariableMutator,<init>,83,NO_COVERAGE,none
TrimSqlNode.java,org.apache.ibatis.scripting.xmltags.TrimSqlNode$FilteredDynamicContext,org.pitest.mutationtest.engine.gregor.mutators.NonVoidMethodCallMutator,appendSql,113,NO_COVERAGE,none
TrimSqlNode.java,org.apache.ibatis.scripting.xmltags.TrimSqlNode$FilteredDynamicContext,org.pitest.mutationtest.engine.gregor.mutators.ConditionalsBoundaryMutator,applyAll,89,NO_COVERAGE,none
TrimSqlNode.java,org.apache.ibatis.scripting.xmltags.TrimSqlNode$FilteredDynamicContext,org.pitest.mutationtest.engine.gregor.mutators.ConstructorCallMutator,applyAll,87,NO_COVERAGE,none
TrimSqlNode.java,org.apache.ibatis.scripting.xmltags.TrimSqlNode$FilteredDynamicContext,org.pitest.mutationtest.engine.gregor.mutators.NegateConditionalsMutator,applyAll,89,NO_COVERAGE,none
TrimSqlNode.java,org.apache.ibatis.scripting.xmltags.TrimSqlNode$FilteredDynamicContext,org.pitest.mutationtest.engine.gregor.mutators.NonVoidMethodCallMutator,applyAll,87,NO_COVERAGE,none
TrimSqlNode.java,org.apache.ibatis.scripting.xmltags.TrimSqlNode$FilteredDynamicContext,org.pitest.mutationtest.engine.gregor.mutators.NonVoidMethodCallMutator,applyAll,87,NO_COVERAGE,none
TrimSqlNode.java,org.apache.ibatis.scripting.xmltags.TrimSqlNode$FilteredDynamicContext,org.pitest.mutationtest.engine.gregor.mutators.NonVoidMethodCallMutator,applyAll,88,NO_COVERAGE,none
TrimSqlNode.java,org.apache.ibatis.scripting.xmltags.TrimSqlNode$FilteredDynamicContext,org.pitest.mutationtest.engine.gregor.mutators.NonVoidMethodCallMutator,applyAll,88,NO_COVERAGE,none
TrimSqlNode.java,org.apache.ibatis.scripting.xmltags.TrimSqlNode$FilteredDynamicContext,org.pitest.mutationtest.engine.gregor.mutators.NonVoidMethodCallMutator,applyAll,89,NO_COVERAGE,none
TrimSqlNode.java,org.apache.ibatis.scripting.xmltags.TrimSqlNode$FilteredDynamicContext,org.pitest.mutationtest.engine.gregor.mutators.NonVoidMethodCallMutator,applyAll,93,NO_COVERAGE,none
TrimSqlNode.java,org.apache.ibatis.scripting.xmltags.TrimSqlNode$FilteredDynamicContext,org.pitest.mutationtest.engine.gregor.mutators.RemoveConditionalMutator_ORDER_ELSE,applyAll,89,NO_COVERAGE,none
TrimSqlNode.java,org.apache.ibatis.scripting.xmltags.TrimSqlNode$FilteredDynamicContext,org.pitest.mutationtest.engine.gregor.mutators.RemoveConditionalMutator_ORDER_IF,applyAll,89,NO_COVERAGE,none
TrimSqlNode.java,org.apache.ibatis.scripting.xmltags.TrimSqlNode$FilteredDynamicContext,org.pitest.mutationtest.engine.gregor.mutators.VoidMethodCallMutator,applyAll,90,NO_COVERAGE,none
TrimSqlNode.java,org.apache.ibatis.scripting.xmltags.TrimSqlNode$FilteredDynamicContext,org.pitest.mutationtest.engine.gregor.mutators.VoidMethodCallMutator,applyAll,91,NO_COVERAGE,none
TrimSqlNode.java,org.apache.ibatis.scripting.xmltags.TrimSqlNode$FilteredDynamicContext,org.pitest.mutationtest.engine.gregor.mutators.VoidMethodCallMutator,applyAll,93,NO_COVERAGE,none
TrimSqlNode.java,org.apache.ibatis.scripting.xmltags.TrimSqlNode$FilteredDynamicContext,org.pitest.mutationtest.engine.gregor.mutators.experimental.MemberVariableMutator,applyAll,87,NO_COVERAGE,none
TrimSqlNode.java,org.apache.ibatis.scripting.xmltags.TrimSqlNode$FilteredDynamicContext,org.pitest.mutationtest.engine.gregor.mutators.InlineConstantMutator,applyPrefix,123,NO_COVERAGE,none
TrimSqlNode.java,org.apache.ibatis.scripting.xmltags.TrimSqlNode$FilteredDynamicContext,org.pitest.mutationtest.engine.gregor.mutators.InlineConstantMutator,applyPrefix,127,NO_COVERAGE,none
TrimSqlNode.java,org.apache.ibatis.scripting.xmltags.TrimSqlNode$FilteredDynamicContext,org.pitest.mutationtest.engine.gregor.mutators.InlineConstantMutator,applyPrefix,133,NO_COVERAGE,none
TrimSqlNode.java,org.apache.ibatis.scripting.xmltags.TrimSqlNode$FilteredDynamicContext,org.pitest.mutationtest.engine.gregor.mutators.InlineConstantMutator,applyPrefix,134,NO_COVERAGE,none
TrimSqlNode.java,org.apache.ibatis.scripting.xmltags.TrimSqlNode$FilteredDynamicContext,org.pitest.mutationtest.engine.gregor.mutators.NegateConditionalsMutator,applyPrefix,122,NO_COVERAGE,none
TrimSqlNode.java,org.apache.ibatis.scripting.xmltags.TrimSqlNode$FilteredDynamicContext,org.pitest.mutationtest.engine.gregor.mutators.NegateConditionalsMutator,applyPrefix,124,NO_COVERAGE,none
TrimSqlNode.java,org.apache.ibatis.scripting.xmltags.TrimSqlNode$FilteredDynamicContext,org.pitest.mutationtest.engine.gregor.mutators.NegateConditionalsMutator,applyPrefix,125,NO_COVERAGE,none
TrimSqlNode.java,org.apache.ibatis.scripting.xmltags.TrimSqlNode$FilteredDynamicContext,org.pitest.mutationtest.engine.gregor.mutators.NegateConditionalsMutator,applyPrefix,126,NO_COVERAGE,none
TrimSqlNode.java,org.apache.ibatis.scripting.xmltags.TrimSqlNode$FilteredDynamicContext,org.pitest.mutationtest.engine.gregor.mutators.NegateConditionalsMutator,applyPrefix,132,NO_COVERAGE,none
TrimSqlNode.java,org.apache.ibatis.scripting.xmltags.TrimSqlNode$FilteredDynamicContext,org.pitest.mutationtest.engine.gregor.mutators.NonVoidMethodCallMutator,applyPrefix,124,NO_COVERAGE,none
TrimSqlNode.java,org.apache.ibatis.scripting.xmltags.TrimSqlNode$FilteredDynamicContext,org.pitest.mutationtest.engine.gregor.mutators.NonVoidMethodCallMutator,applyPrefix,125,NO_COVERAGE,none
TrimSqlNode.java,org.apache.ibatis.scripting.xmltags.TrimSqlNode$FilteredDynamicContext,org.pitest.mutationtest.engine.gregor.mutators.NonVoidMethodCallMutator,applyPrefix,125,NO_COVERAGE,none
TrimSqlNode.java,org.apache.ibatis.scripting.xmltags.TrimSqlNode$FilteredDynamicContext,org.pitest.mutationtest.engine.gregor.mutators.NonVoidMethodCallMutator,applyPrefix,125,NO_COVERAGE,none
TrimSqlNode.java,org.apache.ibatis.scripting.xmltags.TrimSqlNode$FilteredDynamicContext,org.pitest.mutationtest.engine.gregor.mutators.NonVoidMethodCallMutator,applyPrefix,126,NO_COVERAGE,none
TrimSqlNode.java,org.apache.ibatis.scripting.xmltags.TrimSqlNode$FilteredDynamicContext,org.pitest.mutationtest.engine.gregor.mutators.NonVoidMethodCallMutator,applyPrefix,127,NO_COVERAGE,none
TrimSqlNode.java,org.apache.ibatis.scripting.xmltags.TrimSqlNode$FilteredDynamicContext,org.pitest.mutationtest.engine.gregor.mutators.NonVoidMethodCallMutator,applyPrefix,127,NO_COVERAGE,none
TrimSqlNode.java,org.apache.ibatis.scripting.xmltags.TrimSqlNode$FilteredDynamicContext,org.pitest.mutationtest.engine.gregor.mutators.NonVoidMethodCallMutator,applyPrefix,127,NO_COVERAGE,none
TrimSqlNode.java,org.apache.ibatis.scripting.xmltags.TrimSqlNode$FilteredDynamicContext,org.pitest.mutationtest.engine.gregor.mutators.NonVoidMethodCallMutator,applyPrefix,132,NO_COVERAGE,none
TrimSqlNode.java,org.apache.ibatis.scripting.xmltags.TrimSqlNode$FilteredDynamicContext,org.pitest.mutationtest.engine.gregor.mutators.NonVoidMethodCallMutator,applyPrefix,133,NO_COVERAGE,none
TrimSqlNode.java,org.apache.ibatis.scripting.xmltags.TrimSqlNode$FilteredDynamicContext,org.pitest.mutationtest.engine.gregor.mutators.NonVoidMethodCallMutator,applyPrefix,134,NO_COVERAGE,none
TrimSqlNode.java,org.apache.ibatis.scripting.xmltags.TrimSqlNode$FilteredDynamicContext,org.pitest.mutationtest.engine.gregor.mutators.NonVoidMethodCallMutator,applyPrefix,134,NO_COVERAGE,none
TrimSqlNode.java,org.apache.ibatis.scripting.xmltags.TrimSqlNode$FilteredDynamicContext,org.pitest.mutationtest.engine.gregor.mutators.RemoveConditionalMutator_EQUAL_ELSE,applyPrefix,122,NO_COVERAGE,none
TrimSqlNode.java,org.apache.ibatis.scripting.xmltags.TrimSqlNode$FilteredDynamicContext,org.pitest.mutationtest.engine.gregor.mutators.RemoveConditionalMutator_EQUAL_ELSE,applyPrefix,124,NO_COVERAGE,none
TrimSqlNode.java,org.apache.ibatis.scripting.xmltags.TrimSqlNode$FilteredDynamicContext,org.pitest.mutationtest.engine.gregor.mutators.RemoveConditionalMutator_EQUAL_ELSE,applyPrefix,125,NO_COVERAGE,none
TrimSqlNode.java,org.apache.ibatis.scripting.xmltags.TrimSqlNode$FilteredDynamicContext,org.pitest.mutationtest.engine.gregor.mutators.RemoveConditionalMutator_EQUAL_ELSE,applyPrefix,126,NO_COVERAGE,none
TrimSqlNode.java,org.apache.ibatis.scripting.xmltags.TrimSqlNode$FilteredDynamicContext,org.pitest.mutationtest.engine.gregor.mutators.RemoveConditionalMutator_EQUAL_ELSE,applyPrefix,132,NO_COVERAGE,none
TrimSqlNode.java,org.apache.ibatis.scripting.xmltags.TrimSqlNode$FilteredDynamicContext,org.pitest.mutationtest.engine.gregor.mutators.RemoveConditionalMutator_EQUAL_IF,applyPrefix,122,NO_COVERAGE,none
TrimSqlNode.java,org.apache.ibatis.scripting.xmltags.TrimSqlNode$FilteredDynamicContext,org.pitest.mutationtest.engine.gregor.mutators.RemoveConditionalMutator_EQUAL_IF,applyPrefix,124,NO_COVERAGE,none
TrimSqlNode.java,org.apache.ibatis.scripting.xmltags.TrimSqlNode$FilteredDynamicContext,org.pitest.mutationtest.engine.gregor.mutators.RemoveConditionalMutator_EQUAL_IF,applyPrefix,125,NO_COVERAGE,none
TrimSqlNode.java,org.apache.ibatis.scripting.xmltags.TrimSqlNode$FilteredDynamicContext,org.pitest.mutationtest.engine.gregor.mutators.RemoveConditionalMutator_EQUAL_IF,applyPrefix,126,NO_COVERAGE,none
TrimSqlNode.java,org.apache.ibatis.scripting.xmltags.TrimSqlNode$FilteredDynamicContext,org.pitest.mutationtest.engine.gregor.mutators.RemoveConditionalMutator_EQUAL_IF,applyPrefix,132,NO_COVERAGE,none
TrimSqlNode.java,org.apache.ibatis.scripting.xmltags.TrimSqlNode$FilteredDynamicContext,org.pitest.mutationtest.engine.gregor.mutators.experimental.MemberVariableMutator,applyPrefix,123,NO_COVERAGE,none
TrimSqlNode.java,org.apache.ibatis.scripting.xmltags.TrimSqlNode$FilteredDynamicContext,org.pitest.mutationtest.engine.gregor.mutators.InlineConstantMutator,applySuffix,141,NO_COVERAGE,none
TrimSqlNode.java,org.apache.ibatis.scripting.xmltags.TrimSqlNode$FilteredDynamicContext,org.pitest.mutationtest.engine.gregor.mutators.MathMutator,applySuffix,145,NO_COVERAGE,none
TrimSqlNode.java,org.apache.ibatis.scripting.xmltags.TrimSqlNode$FilteredDynamicContext,org.pitest.mutationtest.engine.gregor.mutators.NegateConditionalsMutator,applySuffix,140,NO_COVERAGE,none
TrimSqlNode.java,org.apache.ibatis.scripting.xmltags.TrimSqlNode$FilteredDynamicContext,org.pitest.mutationtest.engine.gregor.mutators.NegateConditionalsMutator,applySuffix,142,NO_COVERAGE,none
TrimSqlNode.java,org.apache.ibatis.scripting.xmltags.TrimSqlNode$FilteredDynamicContext,org.pitest.mutationtest.engine.gregor.mutators.NegateConditionalsMutator,applySuffix,143,NO_COVERAGE,none
TrimSqlNode.java,org.apache.ibatis.scripting.xmltags.TrimSqlNode$FilteredDynamicContext,org.pitest.mutationtest.engine.gregor.mutators.NegateConditionalsMutator,applySuffix,144,NO_COVERAGE,none
TrimSqlNode.java,org.apache.ibatis.scripting.xmltags.TrimSqlNode$FilteredDynamicContext,org.pitest.mutationtest.engine.gregor.mutators.NegateConditionalsMutator,applySuffix,144,NO_COVERAGE,none
TrimSqlNode.java,org.apache.ibatis.scripting.xmltags.TrimSqlNode$FilteredDynamicContext,org.pitest.mutationtest.engine.gregor.mutators.NegateConditionalsMutator,applySuffix,152,NO_COVERAGE,none
TrimSqlNode.java,org.apache.ibatis.scripting.xmltags.TrimSqlNode$FilteredDynamicContext,org.pitest.mutationtest.engine.gregor.mutators.NonVoidMethodCallMutator,applySuffix,142,NO_COVERAGE,none
TrimSqlNode.java,org.apache.ibatis.scripting.xmltags.TrimSqlNode$FilteredDynamicContext,org.pitest.mutationtest.engine.gregor.mutators.NonVoidMethodCallMutator,applySuffix,143,NO_COVERAGE,none
TrimSqlNode.java,org.apache.ibatis.scripting.xmltags.TrimSqlNode$FilteredDynamicContext,org.pitest.mutationtest.engine.gregor.mutators.NonVoidMethodCallMutator,applySuffix,143,NO_COVERAGE,none
TrimSqlNode.java,org.apache.ibatis.scripting.xmltags.TrimSqlNode$FilteredDynamicContext,org.pitest.mutationtest.engine.gregor.mutators.NonVoidMethodCallMutator,applySuffix,143,NO_COVERAGE,none
TrimSqlNode.java,org.apache.ibatis.scripting.xmltags.TrimSqlNode$FilteredDynamicContext,org.pitest.mutationtest.engine.gregor.mutators.NonVoidMethodCallMutator,applySuffix,143,NO_COVERAGE,none
TrimSqlNode.java,org.apache.ibatis.scripting.xmltags.TrimSqlNode$FilteredDynamicContext,org.pitest.mutationtest.engine.gregor.mutators.NonVoidMethodCallMutator,applySuffix,144,NO_COVERAGE,none
TrimSqlNode.java,org.apache.ibatis.scripting.xmltags.TrimSqlNode$FilteredDynamicContext,org.pitest.mutationtest.engine.gregor.mutators.NonVoidMethodCallMutator,applySuffix,144,NO_COVERAGE,none
TrimSqlNode.java,org.apache.ibatis.scripting.xmltags.TrimSqlNode$FilteredDynamicContext,org.pitest.mutationtest.engine.gregor.mutators.NonVoidMethodCallMutator,applySuffix,144,NO_COVERAGE,none
TrimSqlNode.java,org.apache.ibatis.scripting.xmltags.TrimSqlNode$FilteredDynamicContext,org.pitest.mutationtest.engine.gregor.mutators.NonVoidMethodCallMutator,applySuffix,145,NO_COVERAGE,none
TrimSqlNode.java,org.apache.ibatis.scripting.xmltags.TrimSqlNode$FilteredDynamicContext,org.pitest.mutationtest.engine.gregor.mutators.NonVoidMethodCallMutator,applySuffix,145,NO_COVERAGE,none
TrimSqlNode.java,org.apache.ibatis.scripting.xmltags.TrimSqlNode$FilteredDynamicContext,org.pitest.mutationtest.engine.gregor.mutators.NonVoidMethodCallMutator,applySuffix,145,NO_COVERAGE,none
TrimSqlNode.java,org.apache.ibatis.scripting.xmltags.TrimSqlNode$FilteredDynamicContext,org.pitest.mutationtest.engine.gregor.mutators.NonVoidMethodCallMutator,applySuffix,146,NO_COVERAGE,none
TrimSqlNode.java,org.apache.ibatis.scripting.xmltags.TrimSqlNode$FilteredDynamicContext,org.pitest.mutationtest.engine.gregor.mutators.NonVoidMethodCallMutator,applySuffix,147,NO_COVERAGE,none
TrimSqlNode.java,org.apache.ibatis.scripting.xmltags.TrimSqlNode$FilteredDynamicContext,org.pitest.mutationtest.engine.gregor.mutators.NonVoidMethodCallMutator,applySuffix,152,NO_COVERAGE,none
TrimSqlNode.java,org.apache.ibatis.scripting.xmltags.TrimSqlNode$FilteredDynamicContext,org.pitest.mutationtest.engine.gregor.mutators.NonVoidMethodCallMutator,applySuffix,153,NO_COVERAGE,none
TrimSqlNode.java,org.apache.ibatis.scripting.xmltags.TrimSqlNode$FilteredDynamicContext,org.pitest.mutationtest.engine.gregor.mutators.NonVoidMethodCallMutator,applySuffix,154,NO_COVERAGE,none
TrimSqlNode.java,org.apache.ibatis.scripting.xmltags.TrimSqlNode$FilteredDynamicContext,org.pitest.mutationtest.engine.gregor.mutators.NonVoidMethodCallMutator,applySuffix,154,NO_COVERAGE,none
TrimSqlNode.java,org.apache.ibatis.scripting.xmltags.TrimSqlNode$FilteredDynamicContext,org.pitest.mutationtest.engine.gregor.mutators.RemoveConditionalMutator_EQUAL_ELSE,applySuffix,140,NO_COVERAGE,none
TrimSqlNode.java,org.apache.ibatis.scripting.xmltags.TrimSqlNode$FilteredDynamicContext,org.pitest.mutationtest.engine.gregor.mutators.RemoveConditionalMutator_EQUAL_ELSE,applySuffix,142,NO_COVERAGE,none
TrimSqlNode.java,org.apache.ibatis.scripting.xmltags.TrimSqlNode$FilteredDynamicContext,org.pitest.mutationtest.engine.gregor.mutators.RemoveConditionalMutator_EQUAL_ELSE,applySuffix,143,NO_COVERAGE,none
TrimSqlNode.java,org.apache.ibatis.scripting.xmltags.TrimSqlNode$FilteredDynamicContext,org.pitest.mutationtest.engine.gregor.mutators.RemoveConditionalMutator_EQUAL_ELSE,applySuffix,144,NO_COVERAGE,none
TrimSqlNode.java,org.apache.ibatis.scripting.xmltags.TrimSqlNode$FilteredDynamicContext,org.pitest.mutationtest.engine.gregor.mutators.RemoveConditionalMutator_EQUAL_ELSE,applySuffix,144,NO_COVERAGE,none
TrimSqlNode.java,org.apache.ibatis.scripting.xmltags.TrimSqlNode$FilteredDynamicContext,org.pitest.mutationtest.engine.gregor.mutators.RemoveConditionalMutator_EQUAL_ELSE,applySuffix,152,NO_COVERAGE,none
TrimSqlNode.java,org.apache.ibatis.scripting.xmltags.TrimSqlNode$FilteredDynamicContext,org.pitest.mutationtest.engine.gregor.mutators.RemoveConditionalMutator_EQUAL_IF,applySuffix,140,NO_COVERAGE,none
TrimSqlNode.java,org.apache.ibatis.scripting.xmltags.TrimSqlNode$FilteredDynamicContext,org.pitest.mutationtest.engine.gregor.mutators.RemoveConditionalMutator_EQUAL_IF,applySuffix,142,NO_COVERAGE,none
TrimSqlNode.java,org.apache.ibatis.scripting.xmltags.TrimSqlNode$FilteredDynamicContext,org.pitest.mutationtest.engine.gregor.mutators.RemoveConditionalMutator_EQUAL_IF,applySuffix,143,NO_COVERAGE,none
TrimSqlNode.java,org.apache.ibatis.scripting.xmltags.TrimSqlNode$FilteredDynamicContext,org.pitest.mutationtest.engine.gregor.mutators.RemoveConditionalMutator_EQUAL_IF,applySuffix,144,NO_COVERAGE,none
TrimSqlNode.java,org.apache.ibatis.scripting.xmltags.TrimSqlNode$FilteredDynamicContext,org.pitest.mutationtest.engine.gregor.mutators.RemoveConditionalMutator_EQUAL_IF,applySuffix,144,NO_COVERAGE,none
TrimSqlNode.java,org.apache.ibatis.scripting.xmltags.TrimSqlNode$FilteredDynamicContext,org.pitest.mutationtest.engine.gregor.mutators.RemoveConditionalMutator_EQUAL_IF,applySuffix,152,NO_COVERAGE,none
TrimSqlNode.java,org.apache.ibatis.scripting.xmltags.TrimSqlNode$FilteredDynamicContext,org.pitest.mutationtest.engine.gregor.mutators.experimental.MemberVariableMutator,applySuffix,141,NO_COVERAGE,none
TrimSqlNode.java,org.apache.ibatis.scripting.xmltags.TrimSqlNode$FilteredDynamicContext,org.pitest.mutationtest.engine.gregor.mutators.VoidMethodCallMutator,bind,103,NO_COVERAGE,none
TrimSqlNode.java,org.apache.ibatis.scripting.xmltags.TrimSqlNode$FilteredDynamicContext,org.pitest.mutationtest.engine.gregor.mutators.NonVoidMethodCallMutator,getBindings,98,NO_COVERAGE,none
TrimSqlNode.java,org.apache.ibatis.scripting.xmltags.TrimSqlNode$FilteredDynamicContext,org.pitest.mutationtest.engine.gregor.mutators.ReturnValsMutator,getBindings,98,NO_COVERAGE,none
TrimSqlNode.java,org.apache.ibatis.scripting.xmltags.TrimSqlNode$FilteredDynamicContext,org.pitest.mutationtest.engine.gregor.mutators.NonVoidMethodCallMutator,getSql,118,NO_COVERAGE,none
TrimSqlNode.java,org.apache.ibatis.scripting.xmltags.TrimSqlNode$FilteredDynamicContext,org.pitest.mutationtest.engine.gregor.mutators.ReturnValsMutator,getSql,118,NO_COVERAGE,none
TrimSqlNode.java,org.apache.ibatis.scripting.xmltags.TrimSqlNode$FilteredDynamicContext,org.pitest.mutationtest.engine.gregor.mutators.NonVoidMethodCallMutator,getUniqueNumber,108,NO_COVERAGE,none
TrimSqlNode.java,org.apache.ibatis.scripting.xmltags.TrimSqlNode$FilteredDynamicContext,org.pitest.mutationtest.engine.gregor.mutators.ReturnValsMutator,getUniqueNumber,108,NO_COVERAGE,none
Plugin.java,org.apache.ibatis.plugin.Plugin,org.pitest.mutationtest.engine.gregor.mutators.experimental.MemberVariableMutator,<init>,38,NO_COVERAGE,none
Plugin.java,org.apache.ibatis.plugin.Plugin,org.pitest.mutationtest.engine.gregor.mutators.experimental.MemberVariableMutator,<init>,39,NO_COVERAGE,none
Plugin.java,org.apache.ibatis.plugin.Plugin,org.pitest.mutationtest.engine.gregor.mutators.experimental.MemberVariableMutator,<init>,40,NO_COVERAGE,none
Plugin.java,org.apache.ibatis.plugin.Plugin,org.pitest.mutationtest.engine.gregor.mutators.ArgumentPropagationMutator,getAllInterfaces,103,NO_COVERAGE,none
Plugin.java,org.apache.ibatis.plugin.Plugin,org.pitest.mutationtest.engine.gregor.mutators.ConditionalsBoundaryMutator,getAllInterfaces,96,NO_COVERAGE,none
Plugin.java,org.apache.ibatis.plugin.Plugin,org.pitest.mutationtest.engine.gregor.mutators.ConstructorCallMutator,getAllInterfaces,94,NO_COVERAGE,none
Plugin.java,org.apache.ibatis.plugin.Plugin,org.pitest.mutationtest.engine.gregor.mutators.IncrementsMutator,getAllInterfaces,96,NO_COVERAGE,none
Plugin.java,org.apache.ibatis.plugin.Plugin,org.pitest.mutationtest.engine.gregor.mutators.InlineConstantMutator,getAllInterfaces,96,NO_COVERAGE,none
Plugin.java,org.apache.ibatis.plugin.Plugin,org.pitest.mutationtest.engine.gregor.mutators.NegateConditionalsMutator,getAllInterfaces,95,NO_COVERAGE,none
Plugin.java,org.apache.ibatis.plugin.Plugin,org.pitest.mutationtest.engine.gregor.mutators.NegateConditionalsMutator,getAllInterfaces,96,NO_COVERAGE,none
Plugin.java,org.apache.ibatis.plugin.Plugin,org.pitest.mutationtest.engine.gregor.mutators.NegateConditionalsMutator,getAllInterfaces,97,NO_COVERAGE,none
Plugin.java,org.apache.ibatis.plugin.Plugin,org.pitest.mutationtest.engine.gregor.mutators.NonVoidMethodCallMutator,getAllInterfaces,96,NO_COVERAGE,none
Plugin.java,org.apache.ibatis.plugin.Plugin,org.pitest.mutationtest.engine.gregor.mutators.NonVoidMethodCallMutator,getAllInterfaces,97,NO_COVERAGE,none
Plugin.java,org.apache.ibatis.plugin.Plugin,org.pitest.mutationtest.engine.gregor.mutators.NonVoidMethodCallMutator,getAllInterfaces,98,NO_COVERAGE,none
Plugin.java,org.apache.ibatis.plugin.Plugin,org.pitest.mutationtest.engine.gregor.mutators.NonVoidMethodCallMutator,getAllInterfaces,101,NO_COVERAGE,none
Plugin.java,org.apache.ibatis.plugin.Plugin,org.pitest.mutationtest.engine.gregor.mutators.NonVoidMethodCallMutator,getAllInterfaces,103,NO_COVERAGE,none
Plugin.java,org.apache.ibatis.plugin.Plugin,org.pitest.mutationtest.engine.gregor.mutators.NonVoidMethodCallMutator,getAllInterfaces,103,NO_COVERAGE,none
Plugin.java,org.apache.ibatis.plugin.Plugin,org.pitest.mutationtest.engine.gregor.mutators.RemoveConditionalMutator_EQUAL_ELSE,getAllInterfaces,95,NO_COVERAGE,none
Plugin.java,org.apache.ibatis.plugin.Plugin,org.pitest.mutationtest.engine.gregor.mutators.RemoveConditionalMutator_EQUAL_ELSE,getAllInterfaces,97,NO_COVERAGE,none
Plugin.java,org.apache.ibatis.plugin.Plugin,org.pitest.mutationtest.engine.gregor.mutators.RemoveConditionalMutator_EQUAL_IF,getAllInterfaces,95,NO_COVERAGE,none
Plugin.java,org.apache.ibatis.plugin.Plugin,org.pitest.mutationtest.engine.gregor.mutators.RemoveConditionalMutator_EQUAL_IF,getAllInterfaces,97,NO_COVERAGE,none
Plugin.java,org.apache.ibatis.plugin.Plugin,org.pitest.mutationtest.engine.gregor.mutators.RemoveConditionalMutator_ORDER_ELSE,getAllInterfaces,96,NO_COVERAGE,none
Plugin.java,org.apache.ibatis.plugin.Plugin,org.pitest.mutationtest.engine.gregor.mutators.RemoveConditionalMutator_ORDER_IF,getAllInterfaces,96,NO_COVERAGE,none
Plugin.java,org.apache.ibatis.plugin.Plugin,org.pitest.mutationtest.engine.gregor.mutators.ReturnValsMutator,getAllInterfaces,103,NO_COVERAGE,none
Plugin.java,org.apache.ibatis.plugin.Plugin,org.pitest.mutationtest.engine.gregor.mutators.ArgumentPropagationMutator,getSignatureMap,78,NO_COVERAGE,none
Plugin.java,org.apache.ibatis.plugin.Plugin,org.pitest.mutationtest.engine.gregor.mutators.ArgumentPropagationMutator,getSignatureMap,81,NO_COVERAGE,none
Plugin.java,org.apache.ibatis.plugin.Plugin,org.pitest.mutationtest.engine.gregor.mutators.ConditionalsBoundaryMutator,getSignatureMap,77,NO_COVERAGE,none
Plugin.java,org.apache.ibatis.plugin.Plugin,org.pitest.mutationtest.engine.gregor.mutators.ConstructorCallMutator,getSignatureMap,73,NO_COVERAGE,none
Plugin.java,org.apache.ibatis.plugin.Plugin,org.pitest.mutationtest.engine.gregor.mutators.ConstructorCallMutator,getSignatureMap,73,NO_COVERAGE,none
Plugin.java,org.apache.ibatis.plugin.Plugin,org.pitest.mutationtest.engine.gregor.mutators.ConstructorCallMutator,getSignatureMap,76,NO_COVERAGE,none
Plugin.java,org.apache.ibatis.plugin.Plugin,org.pitest.mutationtest.engine.gregor.mutators.ConstructorCallMutator,getSignatureMap,80,NO_COVERAGE,none
Plugin.java,org.apache.ibatis.plugin.Plugin,org.pitest.mutationtest.engine.gregor.mutators.ConstructorCallMutator,getSignatureMap,87,NO_COVERAGE,none
Plugin.java,org.apache.ibatis.plugin.Plugin,org.pitest.mutationtest.engine.gregor.mutators.ConstructorCallMutator,getSignatureMap,87,NO_COVERAGE,none
Plugin.java,org.apache.ibatis.plugin.Plugin,org.pitest.mutationtest.engine.gregor.mutators.IncrementsMutator,getSignatureMap,77,NO_COVERAGE,none
Plugin.java,org.apache.ibatis.plugin.Plugin,org.pitest.mutationtest.engine.gregor.mutators.InlineConstantMutator,getSignatureMap,77,NO_COVERAGE,none
Plugin.java,org.apache.ibatis.plugin.Plugin,org.pitest.mutationtest.engine.gregor.mutators.NegateConditionalsMutator,getSignatureMap,72,NO_COVERAGE,none
Plugin.java,org.apache.ibatis.plugin.Plugin,org.pitest.mutationtest.engine.gregor.mutators.NegateConditionalsMutator,getSignatureMap,77,NO_COVERAGE,none
Plugin.java,org.apache.ibatis.plugin.Plugin,org.pitest.mutationtest.engine.gregor.mutators.NegateConditionalsMutator,getSignatureMap,79,NO_COVERAGE,none
Plugin.java,org.apache.ibatis.plugin.Plugin,org.pitest.mutationtest.engine.gregor.mutators.NonVoidMethodCallMutator,getSignatureMap,70,NO_COVERAGE,none
Plugin.java,org.apache.ibatis.plugin.Plugin,org.pitest.mutationtest.engine.gregor.mutators.NonVoidMethodCallMutator,getSignatureMap,70,NO_COVERAGE,none
Plugin.java,org.apache.ibatis.plugin.Plugin,org.pitest.mutationtest.engine.gregor.mutators.NonVoidMethodCallMutator,getSignatureMap,73,NO_COVERAGE,none
Plugin.java,org.apache.ibatis.plugin.Plugin,org.pitest.mutationtest.engine.gregor.mutators.NonVoidMethodCallMutator,getSignatureMap,73,NO_COVERAGE,none
Plugin.java,org.apache.ibatis.plugin.Plugin,org.pitest.mutationtest.engine.gregor.mutators.NonVoidMethodCallMutator,getSignatureMap,73,NO_COVERAGE,none
Plugin.java,org.apache.ibatis.plugin.Plugin,org.pitest.mutationtest.engine.gregor.mutators.NonVoidMethodCallMutator,getSignatureMap,73,NO_COVERAGE,none
Plugin.java,org.apache.ibatis.plugin.Plugin,org.pitest.mutationtest.engine.gregor.mutators.NonVoidMethodCallMutator,getSignatureMap,73,NO_COVERAGE,none
Plugin.java,org.apache.ibatis.plugin.Plugin,org.pitest.mutationtest.engine.gregor.mutators.NonVoidMethodCallMutator,getSignatureMap,75,NO_COVERAGE,none
Plugin.java,org.apache.ibatis.plugin.Plugin,org.pitest.mutationtest.engine.gregor.mutators.NonVoidMethodCallMutator,getSignatureMap,78,NO_COVERAGE,none
Plugin.java,org.apache.ibatis.plugin.Plugin,org.pitest.mutationtest.engine.gregor.mutators.NonVoidMethodCallMutator,getSignatureMap,78,NO_COVERAGE,none
Plugin.java,org.apache.ibatis.plugin.Plugin,org.pitest.mutationtest.engine.gregor.mutators.NonVoidMethodCallMutator,getSignatureMap,81,NO_COVERAGE,none
Plugin.java,org.apache.ibatis.plugin.Plugin,org.pitest.mutationtest.engine.gregor.mutators.NonVoidMethodCallMutator,getSignatureMap,81,NO_COVERAGE,none
Plugin.java,org.apache.ibatis.plugin.Plugin,org.pitest.mutationtest.engine.gregor.mutators.NonVoidMethodCallMutator,getSignatureMap,84,NO_COVERAGE,none
Plugin.java,org.apache.ibatis.plugin.Plugin,org.pitest.mutationtest.engine.gregor.mutators.NonVoidMethodCallMutator,getSignatureMap,84,NO_COVERAGE,none
Plugin.java,org.apache.ibatis.plugin.Plugin,org.pitest.mutationtest.engine.gregor.mutators.NonVoidMethodCallMutator,getSignatureMap,84,NO_COVERAGE,none
Plugin.java,org.apache.ibatis.plugin.Plugin,org.pitest.mutationtest.engine.gregor.mutators.NonVoidMethodCallMutator,getSignatureMap,84,NO_COVERAGE,none
Plugin.java,org.apache.ibatis.plugin.Plugin,org.pitest.mutationtest.engine.gregor.mutators.NonVoidMethodCallMutator,getSignatureMap,85,NO_COVERAGE,none
Plugin.java,org.apache.ibatis.plugin.Plugin,org.pitest.mutationtest.engine.gregor.mutators.NonVoidMethodCallMutator,getSignatureMap,87,NO_COVERAGE,none
Plugin.java,org.apache.ibatis.plugin.Plugin,org.pitest.mutationtest.engine.gregor.mutators.NonVoidMethodCallMutator,getSignatureMap,87,NO_COVERAGE,none
Plugin.java,org.apache.ibatis.plugin.Plugin,org.pitest.mutationtest.engine.gregor.mutators.NonVoidMethodCallMutator,getSignatureMap,87,NO_COVERAGE,none
Plugin.java,org.apache.ibatis.plugin.Plugin,org.pitest.mutationtest.engine.gregor.mutators.NonVoidMethodCallMutator,getSignatureMap,87,NO_COVERAGE,none
Plugin.java,org.apache.ibatis.plugin.Plugin,org.pitest.mutationtest.engine.gregor.mutators.NonVoidMethodCallMutator,getSignatureMap,87,NO_COVERAGE,none
Plugin.java,org.apache.ibatis.plugin.Plugin,org.pitest.mutationtest.engine.gregor.mutators.NonVoidMethodCallMutator,getSignatureMap,87,NO_COVERAGE,none
Plugin.java,org.apache.ibatis.plugin.Plugin,org.pitest.mutationtest.engine.gregor.mutators.NonVoidMethodCallMutator,getSignatureMap,87,NO_COVERAGE,none
Plugin.java,org.apache.ibatis.plugin.Plugin,org.pitest.mutationtest.engine.gregor.mutators.NonVoidMethodCallMutator,getSignatureMap,87,NO_COVERAGE,none
Plugin.java,org.apache.ibatis.plugin.Plugin,org.pitest.mutationtest.engine.gregor.mutators.NonVoidMethodCallMutator,getSignatureMap,87,NO_COVERAGE,none
Plugin.java,org.apache.ibatis.plugin.Plugin,org.pitest.mutationtest.engine.gregor.mutators.RemoveConditionalMutator_EQUAL_ELSE,getSignatureMap,72,NO_COVERAGE,none
Plugin.java,org.apache.ibatis.plugin.Plugin,org.pitest.mutationtest.engine.gregor.mutators.RemoveConditionalMutator_EQUAL_ELSE,getSignatureMap,79,NO_COVERAGE,none
Plugin.java,org.apache.ibatis.plugin.Plugin,org.pitest.mutationtest.engine.gregor.mutators.RemoveConditionalMutator_EQUAL_IF,getSignatureMap,72,NO_COVERAGE,none
Plugin.java,org.apache.ibatis.plugin.Plugin,org.pitest.mutationtest.engine.gregor.mutators.RemoveConditionalMutator_EQUAL_IF,getSignatureMap,79,NO_COVERAGE,none
Plugin.java,org.apache.ibatis.plugin.Plugin,org.pitest.mutationtest.engine.gregor.mutators.RemoveConditionalMutator_ORDER_ELSE,getSignatureMap,77,NO_COVERAGE,none
Plugin.java,org.apache.ibatis.plugin.Plugin,org.pitest.mutationtest.engine.gregor.mutators.RemoveConditionalMutator_ORDER_IF,getSignatureMap,77,NO_COVERAGE,none
Plugin.java,org.apache.ibatis.plugin.Plugin,org.pitest.mutationtest.engine.gregor.mutators.ReturnValsMutator,getSignatureMap,90,NO_COVERAGE,none
Plugin.java,org.apache.ibatis.plugin.Plugin,org.pitest.mutationtest.engine.gregor.mutators.ArgumentPropagationMutator,invoke,59,NO_COVERAGE,none
Plugin.java,org.apache.ibatis.plugin.Plugin,org.pitest.mutationtest.engine.gregor.mutators.ArgumentPropagationMutator,invoke,63,NO_COVERAGE,none
Plugin.java,org.apache.ibatis.plugin.Plugin,org.pitest.mutationtest.engine.gregor.mutators.ArgumentPropagationMutator,invoke,65,NO_COVERAGE,none
Plugin.java,org.apache.ibatis.plugin.Plugin,org.pitest.mutationtest.engine.gregor.mutators.ConstructorCallMutator,invoke,61,NO_COVERAGE,none
Plugin.java,org.apache.ibatis.plugin.Plugin,org.pitest.mutationtest.engine.gregor.mutators.NegateConditionalsMutator,invoke,60,NO_COVERAGE,none
Plugin.java,org.apache.ibatis.plugin.Plugin,org.pitest.mutationtest.engine.gregor.mutators.NegateConditionalsMutator,invoke,60,NO_COVERAGE,none
Plugin.java,org.apache.ibatis.plugin.Plugin,org.pitest.mutationtest.engine.gregor.mutators.NonVoidMethodCallMutator,invoke,59,NO_COVERAGE,none
Plugin.java,org.apache.ibatis.plugin.Plugin,org.pitest.mutationtest.engine.gregor.mutators.NonVoidMethodCallMutator,invoke,59,NO_COVERAGE,none
Plugin.java,org.apache.ibatis.plugin.Plugin,org.pitest.mutationtest.engine.gregor.mutators.NonVoidMethodCallMutator,invoke,60,NO_COVERAGE,none
Plugin.java,org.apache.ibatis.plugin.Plugin,org.pitest.mutationtest.engine.gregor.mutators.NonVoidMethodCallMutator,invoke,61,NO_COVERAGE,none
Plugin.java,org.apache.ibatis.plugin.Plugin,org.pitest.mutationtest.engine.gregor.mutators.NonVoidMethodCallMutator,invoke,63,NO_COVERAGE,none
Plugin.java,org.apache.ibatis.plugin.Plugin,org.pitest.mutationtest.engine.gregor.mutators.NonVoidMethodCallMutator,invoke,65,NO_COVERAGE,none
Plugin.java,org.apache.ibatis.plugin.Plugin,org.pitest.mutationtest.engine.gregor.mutators.RemoveConditionalMutator_EQUAL_ELSE,invoke,60,NO_COVERAGE,none
Plugin.java,org.apache.ibatis.plugin.Plugin,org.pitest.mutationtest.engine.gregor.mutators.RemoveConditionalMutator_EQUAL_ELSE,invoke,60,NO_COVERAGE,none
Plugin.java,org.apache.ibatis.plugin.Plugin,org.pitest.mutationtest.engine.gregor.mutators.RemoveConditionalMutator_EQUAL_IF,invoke,60,NO_COVERAGE,none
Plugin.java,org.apache.ibatis.plugin.Plugin,org.pitest.mutationtest.engine.gregor.mutators.RemoveConditionalMutator_EQUAL_IF,invoke,60,NO_COVERAGE,none
Plugin.java,org.apache.ibatis.plugin.Plugin,org.pitest.mutationtest.engine.gregor.mutators.ReturnValsMutator,invoke,61,NO_COVERAGE,none
Plugin.java,org.apache.ibatis.plugin.Plugin,org.pitest.mutationtest.engine.gregor.mutators.ReturnValsMutator,invoke,63,NO_COVERAGE,none
Plugin.java,org.apache.ibatis.plugin.Plugin,org.pitest.mutationtest.engine.gregor.mutators.ConditionalsBoundaryMutator,wrap,47,NO_COVERAGE,none
Plugin.java,org.apache.ibatis.plugin.Plugin,org.pitest.mutationtest.engine.gregor.mutators.ConstructorCallMutator,wrap,49,NO_COVERAGE,none
Plugin.java,org.apache.ibatis.plugin.Plugin,org.pitest.mutationtest.engine.gregor.mutators.NegateConditionalsMutator,wrap,47,NO_COVERAGE,none
Plugin.java,org.apache.ibatis.plugin.Plugin,org.pitest.mutationtest.engine.gregor.mutators.NonVoidMethodCallMutator,wrap,44,NO_COVERAGE,none
Plugin.java,org.apache.ibatis.plugin.Plugin,org.pitest.mutationtest.engine.gregor.mutators.NonVoidMethodCallMutator,wrap,45,NO_COVERAGE,none
Plugin.java,org.apache.ibatis.plugin.Plugin,org.pitest.mutationtest.engine.gregor.mutators.NonVoidMethodCallMutator,wrap,46,NO_COVERAGE,none
Plugin.java,org.apache.ibatis.plugin.Plugin,org.pitest.mutationtest.engine.gregor.mutators.NonVoidMethodCallMutator,wrap,49,NO_COVERAGE,none
Plugin.java,org.apache.ibatis.plugin.Plugin,org.pitest.mutationtest.engine.gregor.mutators.NonVoidMethodCallMutator,wrap,48,NO_COVERAGE,none
Plugin.java,org.apache.ibatis.plugin.Plugin,org.pitest.mutationtest.engine.gregor.mutators.RemoveConditionalMutator_ORDER_ELSE,wrap,47,NO_COVERAGE,none
Plugin.java,org.apache.ibatis.plugin.Plugin,org.pitest.mutationtest.engine.gregor.mutators.RemoveConditionalMutator_ORDER_IF,wrap,47,NO_COVERAGE,none
Plugin.java,org.apache.ibatis.plugin.Plugin,org.pitest.mutationtest.engine.gregor.mutators.ReturnValsMutator,wrap,48,NO_COVERAGE,none
Plugin.java,org.apache.ibatis.plugin.Plugin,org.pitest.mutationtest.engine.gregor.mutators.ReturnValsMutator,wrap,53,NO_COVERAGE,none
ResultSetLogger.java,org.apache.ibatis.logging.jdbc.ResultSetLogger,org.pitest.mutationtest.engine.gregor.mutators.ConstructorCallMutator,<init>,44,NO_COVERAGE,none
ResultSetLogger.java,org.apache.ibatis.logging.jdbc.ResultSetLogger,org.pitest.mutationtest.engine.gregor.mutators.InlineConstantMutator,<init>,41,NO_COVERAGE,none
ResultSetLogger.java,org.apache.ibatis.logging.jdbc.ResultSetLogger,org.pitest.mutationtest.engine.gregor.mutators.experimental.MemberVariableMutator,<init>,41,NO_COVERAGE,none
ResultSetLogger.java,org.apache.ibatis.logging.jdbc.ResultSetLogger,org.pitest.mutationtest.engine.gregor.mutators.experimental.MemberVariableMutator,<init>,44,NO_COVERAGE,none
ResultSetLogger.java,org.apache.ibatis.logging.jdbc.ResultSetLogger,org.pitest.mutationtest.engine.gregor.mutators.experimental.MemberVariableMutator,<init>,59,NO_COVERAGE,none
ResultSetLogger.java,org.apache.ibatis.logging.jdbc.ResultSetLogger,org.pitest.mutationtest.engine.gregor.mutators.ReturnValsMutator,getRs,149,NO_COVERAGE,none
ResultSetLogger.java,org.apache.ibatis.logging.jdbc.ResultSetLogger,org.pitest.mutationtest.engine.gregor.mutators.ArgumentPropagationMutator,invoke,66,NO_COVERAGE,none
ResultSetLogger.java,org.apache.ibatis.logging.jdbc.ResultSetLogger,org.pitest.mutationtest.engine.gregor.mutators.ArgumentPropagationMutator,invoke,68,NO_COVERAGE,none
ResultSetLogger.java,org.apache.ibatis.logging.jdbc.ResultSetLogger,org.pitest.mutationtest.engine.gregor.mutators.ArgumentPropagationMutator,invoke,88,NO_COVERAGE,none
ResultSetLogger.java,org.apache.ibatis.logging.jdbc.ResultSetLogger,org.pitest.mutationtest.engine.gregor.mutators.ConstructorCallMutator,invoke,82,NO_COVERAGE,none
ResultSetLogger.java,org.apache.ibatis.logging.jdbc.ResultSetLogger,org.pitest.mutationtest.engine.gregor.mutators.InlineConstantMutator,invoke,71,NO_COVERAGE,none
ResultSetLogger.java,org.apache.ibatis.logging.jdbc.ResultSetLogger,org.pitest.mutationtest.engine.gregor.mutators.InlineConstantMutator,invoke,76,NO_COVERAGE,none
ResultSetLogger.java,org.apache.ibatis.logging.jdbc.ResultSetLogger,org.pitest.mutationtest.engine.gregor.mutators.InlineConstantMutator,invoke,82,NO_COVERAGE,none
ResultSetLogger.java,org.apache.ibatis.logging.jdbc.ResultSetLogger,org.pitest.mutationtest.engine.gregor.mutators.MathMutator,invoke,71,NO_COVERAGE,none
ResultSetLogger.java,org.apache.ibatis.logging.jdbc.ResultSetLogger,org.pitest.mutationtest.engine.gregor.mutators.NegateConditionalsMutator,invoke,65,NO_COVERAGE,none
ResultSetLogger.java,org.apache.ibatis.logging.jdbc.ResultSetLogger,org.pitest.mutationtest.engine.gregor.mutators.NegateConditionalsMutator,invoke,69,NO_COVERAGE,none
ResultSetLogger.java,org.apache.ibatis.logging.jdbc.ResultSetLogger,org.pitest.mutationtest.engine.gregor.mutators.NegateConditionalsMutator,invoke,70,NO_COVERAGE,none
ResultSetLogger.java,org.apache.ibatis.logging.jdbc.ResultSetLogger,org.pitest.mutationtest.engine.gregor.mutators.NegateConditionalsMutator,invoke,72,NO_COVERAGE,none
ResultSetLogger.java,org.apache.ibatis.logging.jdbc.ResultSetLogger,org.pitest.mutationtest.engine.gregor.mutators.NegateConditionalsMutator,invoke,75,NO_COVERAGE,none
ResultSetLogger.java,org.apache.ibatis.logging.jdbc.ResultSetLogger,org.pitest.mutationtest.engine.gregor.mutators.NonVoidMethodCallMutator,invoke,65,NO_COVERAGE,none
ResultSetLogger.java,org.apache.ibatis.logging.jdbc.ResultSetLogger,org.pitest.mutationtest.engine.gregor.mutators.NonVoidMethodCallMutator,invoke,65,NO_COVERAGE,none
ResultSetLogger.java,org.apache.ibatis.logging.jdbc.ResultSetLogger,org.pitest.mutationtest.engine.gregor.mutators.NonVoidMethodCallMutator,invoke,66,NO_COVERAGE,none
ResultSetLogger.java,org.apache.ibatis.logging.jdbc.ResultSetLogger,org.pitest.mutationtest.engine.gregor.mutators.NonVoidMethodCallMutator,invoke,68,NO_COVERAGE,none
ResultSetLogger.java,org.apache.ibatis.logging.jdbc.ResultSetLogger,org.pitest.mutationtest.engine.gregor.mutators.NonVoidMethodCallMutator,invoke,69,NO_COVERAGE,none
ResultSetLogger.java,org.apache.ibatis.logging.jdbc.ResultSetLogger,org.pitest.mutationtest.engine.gregor.mutators.NonVoidMethodCallMutator,invoke,69,NO_COVERAGE,none
ResultSetLogger.java,org.apache.ibatis.logging.jdbc.ResultSetLogger,org.pitest.mutationtest.engine.gregor.mutators.NonVoidMethodCallMutator,invoke,70,NO_COVERAGE,none
ResultSetLogger.java,org.apache.ibatis.logging.jdbc.ResultSetLogger,org.pitest.mutationtest.engine.gregor.mutators.NonVoidMethodCallMutator,invoke,72,NO_COVERAGE,none
ResultSetLogger.java,org.apache.ibatis.logging.jdbc.ResultSetLogger,org.pitest.mutationtest.engine.gregor.mutators.NonVoidMethodCallMutator,invoke,73,NO_COVERAGE,none
ResultSetLogger.java,org.apache.ibatis.logging.jdbc.ResultSetLogger,org.pitest.mutationtest.engine.gregor.mutators.NonVoidMethodCallMutator,invoke,74,NO_COVERAGE,none
ResultSetLogger.java,org.apache.ibatis.logging.jdbc.ResultSetLogger,org.pitest.mutationtest.engine.gregor.mutators.NonVoidMethodCallMutator,invoke,82,NO_COVERAGE,none
ResultSetLogger.java,org.apache.ibatis.logging.jdbc.ResultSetLogger,org.pitest.mutationtest.engine.gregor.mutators.NonVoidMethodCallMutator,invoke,82,NO_COVERAGE,none
ResultSetLogger.java,org.apache.ibatis.logging.jdbc.ResultSetLogger,org.pitest.mutationtest.engine.gregor.mutators.NonVoidMethodCallMutator,invoke,82,NO_COVERAGE,none
ResultSetLogger.java,org.apache.ibatis.logging.jdbc.ResultSetLogger,org.pitest.mutationtest.engine.gregor.mutators.NonVoidMethodCallMutator,invoke,88,NO_COVERAGE,none
ResultSetLogger.java,org.apache.ibatis.logging.jdbc.ResultSetLogger,org.pitest.mutationtest.engine.gregor.mutators.RemoveConditionalMutator_EQUAL_ELSE,invoke,65,NO_COVERAGE,none
ResultSetLogger.java,org.apache.ibatis.logging.jdbc.ResultSetLogger,org.pitest.mutationtest.engine.gregor.mutators.RemoveConditionalMutator_EQUAL_ELSE,invoke,69,NO_COVERAGE,none
ResultSetLogger.java,org.apache.ibatis.logging.jdbc.ResultSetLogger,org.pitest.mutationtest.engine.gregor.mutators.RemoveConditionalMutator_EQUAL_ELSE,invoke,70,NO_COVERAGE,none
ResultSetLogger.java,org.apache.ibatis.logging.jdbc.ResultSetLogger,org.pitest.mutationtest.engine.gregor.mutators.RemoveConditionalMutator_EQUAL_ELSE,invoke,72,NO_COVERAGE,none
ResultSetLogger.java,org.apache.ibatis.logging.jdbc.ResultSetLogger,org.pitest.mutationtest.engine.gregor.mutators.RemoveConditionalMutator_EQUAL_ELSE,invoke,75,NO_COVERAGE,none
ResultSetLogger.java,org.apache.ibatis.logging.jdbc.ResultSetLogger,org.pitest.mutationtest.engine.gregor.mutators.RemoveConditionalMutator_EQUAL_IF,invoke,65,NO_COVERAGE,none
ResultSetLogger.java,org.apache.ibatis.logging.jdbc.ResultSetLogger,org.pitest.mutationtest.engine.gregor.mutators.RemoveConditionalMutator_EQUAL_IF,invoke,69,NO_COVERAGE,none
ResultSetLogger.java,org.apache.ibatis.logging.jdbc.ResultSetLogger,org.pitest.mutationtest.engine.gregor.mutators.RemoveConditionalMutator_EQUAL_IF,invoke,70,NO_COVERAGE,none
ResultSetLogger.java,org.apache.ibatis.logging.jdbc.ResultSetLogger,org.pitest.mutationtest.engine.gregor.mutators.RemoveConditionalMutator_EQUAL_IF,invoke,72,NO_COVERAGE,none
ResultSetLogger.java,org.apache.ibatis.logging.jdbc.ResultSetLogger,org.pitest.mutationtest.engine.gregor.mutators.RemoveConditionalMutator_EQUAL_IF,invoke,75,NO_COVERAGE,none
ResultSetLogger.java,org.apache.ibatis.logging.jdbc.ResultSetLogger,org.pitest.mutationtest.engine.gregor.mutators.ReturnValsMutator,invoke,66,NO_COVERAGE,none
ResultSetLogger.java,org.apache.ibatis.logging.jdbc.ResultSetLogger,org.pitest.mutationtest.engine.gregor.mutators.ReturnValsMutator,invoke,86,NO_COVERAGE,none
ResultSetLogger.java,org.apache.ibatis.logging.jdbc.ResultSetLogger,org.pitest.mutationtest.engine.gregor.mutators.VoidMethodCallMutator,invoke,77,NO_COVERAGE,none
ResultSetLogger.java,org.apache.ibatis.logging.jdbc.ResultSetLogger,org.pitest.mutationtest.engine.gregor.mutators.VoidMethodCallMutator,invoke,79,NO_COVERAGE,none
ResultSetLogger.java,org.apache.ibatis.logging.jdbc.ResultSetLogger,org.pitest.mutationtest.engine.gregor.mutators.VoidMethodCallMutator,invoke,82,NO_COVERAGE,none
ResultSetLogger.java,org.apache.ibatis.logging.jdbc.ResultSetLogger,org.pitest.mutationtest.engine.gregor.mutators.VoidMethodCallMutator,invoke,85,NO_COVERAGE,none
ResultSetLogger.java,org.apache.ibatis.logging.jdbc.ResultSetLogger,org.pitest.mutationtest.engine.gregor.mutators.experimental.MemberVariableMutator,invoke,71,NO_COVERAGE,none
ResultSetLogger.java,org.apache.ibatis.logging.jdbc.ResultSetLogger,org.pitest.mutationtest.engine.gregor.mutators.experimental.MemberVariableMutator,invoke,76,NO_COVERAGE,none
ResultSetLogger.java,org.apache.ibatis.logging.jdbc.ResultSetLogger,org.pitest.mutationtest.engine.gregor.mutators.ConstructorCallMutator,newInstance,138,NO_COVERAGE,none
ResultSetLogger.java,org.apache.ibatis.logging.jdbc.ResultSetLogger,org.pitest.mutationtest.engine.gregor.mutators.InlineConstantMutator,newInstance,140,NO_COVERAGE,none
ResultSetLogger.java,org.apache.ibatis.logging.jdbc.ResultSetLogger,org.pitest.mutationtest.engine.gregor.mutators.InlineConstantMutator,newInstance,140,NO_COVERAGE,none
ResultSetLogger.java,org.apache.ibatis.logging.jdbc.ResultSetLogger,org.pitest.mutationtest.engine.gregor.mutators.NonVoidMethodCallMutator,newInstance,139,NO_COVERAGE,none
ResultSetLogger.java,org.apache.ibatis.logging.jdbc.ResultSetLogger,org.pitest.mutationtest.engine.gregor.mutators.NonVoidMethodCallMutator,newInstance,140,NO_COVERAGE,none
ResultSetLogger.java,org.apache.ibatis.logging.jdbc.ResultSetLogger,org.pitest.mutationtest.engine.gregor.mutators.ReturnValsMutator,newInstance,140,NO_COVERAGE,none
ResultSetLogger.java,org.apache.ibatis.logging.jdbc.ResultSetLogger,org.pitest.mutationtest.engine.gregor.mutators.ArgumentPropagationMutator,printColumnHeaders,96,NO_COVERAGE,none
ResultSetLogger.java,org.apache.ibatis.logging.jdbc.ResultSetLogger,org.pitest.mutationtest.engine.gregor.mutators.ConditionalsBoundaryMutator,printColumnHeaders,95,NO_COVERAGE,none
ResultSetLogger.java,org.apache.ibatis.logging.jdbc.ResultSetLogger,org.pitest.mutationtest.engine.gregor.mutators.ConstructorCallMutator,printColumnHeaders,93,NO_COVERAGE,none
ResultSetLogger.java,org.apache.ibatis.logging.jdbc.ResultSetLogger,org.pitest.mutationtest.engine.gregor.mutators.InlineConstantMutator,printColumnHeaders,95,NO_COVERAGE,none
ResultSetLogger.java,org.apache.ibatis.logging.jdbc.ResultSetLogger,org.pitest.mutationtest.engine.gregor.mutators.InlineConstantMutator,printColumnHeaders,105,NO_COVERAGE,none
ResultSetLogger.java,org.apache.ibatis.logging.jdbc.ResultSetLogger,org.pitest.mutationtest.engine.gregor.mutators.NegateConditionalsMutator,printColumnHeaders,95,NO_COVERAGE,none
ResultSetLogger.java,org.apache.ibatis.logging.jdbc.ResultSetLogger,org.pitest.mutationtest.engine.gregor.mutators.NegateConditionalsMutator,printColumnHeaders,96,NO_COVERAGE,none
ResultSetLogger.java,org.apache.ibatis.logging.jdbc.ResultSetLogger,org.pitest.mutationtest.engine.gregor.mutators.NegateConditionalsMutator,printColumnHeaders,101,NO_COVERAGE,none
ResultSetLogger.java,org.apache.ibatis.logging.jdbc.ResultSetLogger,org.pitest.mutationtest.engine.gregor.mutators.NonVoidMethodCallMutator,printColumnHeaders,94,NO_COVERAGE,none
ResultSetLogger.java,org.apache.ibatis.logging.jdbc.ResultSetLogger,org.pitest.mutationtest.engine.gregor.mutators.NonVoidMethodCallMutator,printColumnHeaders,96,NO_COVERAGE,none
ResultSetLogger.java,org.apache.ibatis.logging.jdbc.ResultSetLogger,org.pitest.mutationtest.engine.gregor.mutators.NonVoidMethodCallMutator,printColumnHeaders,96,NO_COVERAGE,none
ResultSetLogger.java,org.apache.ibatis.logging.jdbc.ResultSetLogger,org.pitest.mutationtest.engine.gregor.mutators.NonVoidMethodCallMutator,printColumnHeaders,96,NO_COVERAGE,none
ResultSetLogger.java,org.apache.ibatis.logging.jdbc.ResultSetLogger,org.pitest.mutationtest.engine.gregor.mutators.NonVoidMethodCallMutator,printColumnHeaders,97,NO_COVERAGE,none
ResultSetLogger.java,org.apache.ibatis.logging.jdbc.ResultSetLogger,org.pitest.mutationtest.engine.gregor.mutators.NonVoidMethodCallMutator,printColumnHeaders,97,NO_COVERAGE,none
ResultSetLogger.java,org.apache.ibatis.logging.jdbc.ResultSetLogger,org.pitest.mutationtest.engine.gregor.mutators.NonVoidMethodCallMutator,printColumnHeaders,99,NO_COVERAGE,none
ResultSetLogger.java,org.apache.ibatis.logging.jdbc.ResultSetLogger,org.pitest.mutationtest.engine.gregor.mutators.NonVoidMethodCallMutator,printColumnHeaders,100,NO_COVERAGE,none
ResultSetLogger.java,org.apache.ibatis.logging.jdbc.ResultSetLogger,org.pitest.mutationtest.engine.gregor.mutators.NonVoidMethodCallMutator,printColumnHeaders,102,NO_COVERAGE,none
ResultSetLogger.java,org.apache.ibatis.logging.jdbc.ResultSetLogger,org.pitest.mutationtest.engine.gregor.mutators.NonVoidMethodCallMutator,printColumnHeaders,105,NO_COVERAGE,none
ResultSetLogger.java,org.apache.ibatis.logging.jdbc.ResultSetLogger,org.pitest.mutationtest.engine.gregor.mutators.RemoveConditionalMutator_EQUAL_ELSE,printColumnHeaders,96,NO_COVERAGE,none
ResultSetLogger.java,org.apache.ibatis.logging.jdbc.ResultSetLogger,org.pitest.mutationtest.engine.gregor.mutators.RemoveConditionalMutator_EQUAL_ELSE,printColumnHeaders,101,NO_COVERAGE,none
ResultSetLogger.java,org.apache.ibatis.logging.jdbc.ResultSetLogger,org.pitest.mutationtest.engine.gregor.mutators.RemoveConditionalMutator_EQUAL_IF,printColumnHeaders,96,NO_COVERAGE,none
ResultSetLogger.java,org.apache.ibatis.logging.jdbc.ResultSetLogger,org.pitest.mutationtest.engine.gregor.mutators.RemoveConditionalMutator_EQUAL_IF,printColumnHeaders,101,NO_COVERAGE,none
ResultSetLogger.java,org.apache.ibatis.logging.jdbc.ResultSetLogger,org.pitest.mutationtest.engine.gregor.mutators.RemoveConditionalMutator_ORDER_ELSE,printColumnHeaders,95,NO_COVERAGE,none
ResultSetLogger.java,org.apache.ibatis.logging.jdbc.ResultSetLogger,org.pitest.mutationtest.engine.gregor.mutators.VoidMethodCallMutator,printColumnHeaders,105,NO_COVERAGE,none
ResultSetLogger.java,org.apache.ibatis.logging.jdbc.ResultSetLogger,org.pitest.mutationtest.engine.gregor.mutators.ConditionalsBoundaryMutator,printColumnValues,111,NO_COVERAGE,none
ResultSetLogger.java,org.apache.ibatis.logging.jdbc.ResultSetLogger,org.pitest.mutationtest.engine.gregor.mutators.ConstructorCallMutator,printColumnValues,109,NO_COVERAGE,none
ResultSetLogger.java,org.apache.ibatis.logging.jdbc.ResultSetLogger,org.pitest.mutationtest.engine.gregor.mutators.InlineConstantMutator,printColumnValues,111,NO_COVERAGE,none
ResultSetLogger.java,org.apache.ibatis.logging.jdbc.ResultSetLogger,org.pitest.mutationtest.engine.gregor.mutators.InlineConstantMutator,printColumnValues,128,NO_COVERAGE,none
ResultSetLogger.java,org.apache.ibatis.logging.jdbc.ResultSetLogger,org.pitest.mutationtest.engine.gregor.mutators.NegateConditionalsMutator,printColumnValues,111,NO_COVERAGE,none
ResultSetLogger.java,org.apache.ibatis.logging.jdbc.ResultSetLogger,org.pitest.mutationtest.engine.gregor.mutators.NegateConditionalsMutator,printColumnValues,114,NO_COVERAGE,none
ResultSetLogger.java,org.apache.ibatis.logging.jdbc.ResultSetLogger,org.pitest.mutationtest.engine.gregor.mutators.NegateConditionalsMutator,printColumnValues,124,NO_COVERAGE,none
ResultSetLogger.java,org.apache.ibatis.logging.jdbc.ResultSetLogger,org.pitest.mutationtest.engine.gregor.mutators.NonVoidMethodCallMutator,printColumnValues,110,NO_COVERAGE,none
ResultSetLogger.java,org.apache.ibatis.logging.jdbc.ResultSetLogger,org.pitest.mutationtest.engine.gregor.mutators.NonVoidMethodCallMutator,printColumnValues,114,NO_COVERAGE,none
ResultSetLogger.java,org.apache.ibatis.logging.jdbc.ResultSetLogger,org.pitest.mutationtest.engine.gregor.mutators.NonVoidMethodCallMutator,printColumnValues,114,NO_COVERAGE,none
ResultSetLogger.java,org.apache.ibatis.logging.jdbc.ResultSetLogger,org.pitest.mutationtest.engine.gregor.mutators.NonVoidMethodCallMutator,printColumnValues,117,NO_COVERAGE,none
ResultSetLogger.java,org.apache.ibatis.logging.jdbc.ResultSetLogger,org.pitest.mutationtest.engine.gregor.mutators.NonVoidMethodCallMutator,printColumnValues,123,NO_COVERAGE,none
ResultSetLogger.java,org.apache.ibatis.logging.jdbc.ResultSetLogger,org.pitest.mutationtest.engine.gregor.mutators.NonVoidMethodCallMutator,printColumnValues,125,NO_COVERAGE,none
ResultSetLogger.java,org.apache.ibatis.logging.jdbc.ResultSetLogger,org.pitest.mutationtest.engine.gregor.mutators.NonVoidMethodCallMutator,printColumnValues,128,NO_COVERAGE,none
ResultSetLogger.java,org.apache.ibatis.logging.jdbc.ResultSetLogger,org.pitest.mutationtest.engine.gregor.mutators.RemoveConditionalMutator_EQUAL_ELSE,printColumnValues,114,NO_COVERAGE,none
ResultSetLogger.java,org.apache.ibatis.logging.jdbc.ResultSetLogger,org.pitest.mutationtest.engine.gregor.mutators.RemoveConditionalMutator_EQUAL_ELSE,printColumnValues,124,NO_COVERAGE,none
ResultSetLogger.java,org.apache.ibatis.logging.jdbc.ResultSetLogger,org.pitest.mutationtest.engine.gregor.mutators.RemoveConditionalMutator_EQUAL_IF,printColumnValues,114,NO_COVERAGE,none
ResultSetLogger.java,org.apache.ibatis.logging.jdbc.ResultSetLogger,org.pitest.mutationtest.engine.gregor.mutators.RemoveConditionalMutator_EQUAL_IF,printColumnValues,124,NO_COVERAGE,none
ResultSetLogger.java,org.apache.ibatis.logging.jdbc.ResultSetLogger,org.pitest.mutationtest.engine.gregor.mutators.RemoveConditionalMutator_ORDER_ELSE,printColumnValues,111,NO_COVERAGE,none
ResultSetLogger.java,org.apache.ibatis.logging.jdbc.ResultSetLogger,org.pitest.mutationtest.engine.gregor.mutators.VoidMethodCallMutator,printColumnValues,128,NO_COVERAGE,none
DefaultCursor.java,org.apache.ibatis.cursor.defaults.DefaultCursor,org.pitest.mutationtest.engine.gregor.mutators.ConstructorCallMutator,<init>,45,NO_COVERAGE,none
DefaultCursor.java,org.apache.ibatis.cursor.defaults.DefaultCursor,org.pitest.mutationtest.engine.gregor.mutators.ConstructorCallMutator,<init>,47,NO_COVERAGE,none
DefaultCursor.java,org.apache.ibatis.cursor.defaults.DefaultCursor,org.pitest.mutationtest.engine.gregor.mutators.InlineConstantMutator,<init>,51,NO_COVERAGE,none
DefaultCursor.java,org.apache.ibatis.cursor.defaults.DefaultCursor,org.pitest.mutationtest.engine.gregor.mutators.experimental.MemberVariableMutator,<init>,45,NO_COVERAGE,none
DefaultCursor.java,org.apache.ibatis.cursor.defaults.DefaultCursor,org.pitest.mutationtest.engine.gregor.mutators.experimental.MemberVariableMutator,<init>,47,NO_COVERAGE,none
DefaultCursor.java,org.apache.ibatis.cursor.defaults.DefaultCursor,org.pitest.mutationtest.engine.gregor.mutators.experimental.MemberVariableMutator,<init>,50,NO_COVERAGE,none
DefaultCursor.java,org.apache.ibatis.cursor.defaults.DefaultCursor,org.pitest.mutationtest.engine.gregor.mutators.experimental.MemberVariableMutator,<init>,51,NO_COVERAGE,none
DefaultCursor.java,org.apache.ibatis.cursor.defaults.DefaultCursor,org.pitest.mutationtest.engine.gregor.mutators.experimental.MemberVariableMutator,<init>,74,NO_COVERAGE,none
DefaultCursor.java,org.apache.ibatis.cursor.defaults.DefaultCursor,org.pitest.mutationtest.engine.gregor.mutators.experimental.MemberVariableMutator,<init>,75,NO_COVERAGE,none
DefaultCursor.java,org.apache.ibatis.cursor.defaults.DefaultCursor,org.pitest.mutationtest.engine.gregor.mutators.experimental.MemberVariableMutator,<init>,76,NO_COVERAGE,none
DefaultCursor.java,org.apache.ibatis.cursor.defaults.DefaultCursor,org.pitest.mutationtest.engine.gregor.mutators.experimental.MemberVariableMutator,<init>,77,NO_COVERAGE,none
DefaultCursor.java,org.apache.ibatis.cursor.defaults.DefaultCursor,org.pitest.mutationtest.engine.gregor.mutators.NegateConditionalsMutator,close,106,NO_COVERAGE,none
DefaultCursor.java,org.apache.ibatis.cursor.defaults.DefaultCursor,org.pitest.mutationtest.engine.gregor.mutators.NegateConditionalsMutator,close,112,NO_COVERAGE,none
DefaultCursor.java,org.apache.ibatis.cursor.defaults.DefaultCursor,org.pitest.mutationtest.engine.gregor.mutators.NegateConditionalsMutator,close,116,NO_COVERAGE,none
DefaultCursor.java,org.apache.ibatis.cursor.defaults.DefaultCursor,org.pitest.mutationtest.engine.gregor.mutators.NonVoidMethodCallMutator,close,106,NO_COVERAGE,none
DefaultCursor.java,org.apache.ibatis.cursor.defaults.DefaultCursor,org.pitest.mutationtest.engine.gregor.mutators.NonVoidMethodCallMutator,close,110,NO_COVERAGE,none
DefaultCursor.java,org.apache.ibatis.cursor.defaults.DefaultCursor,org.pitest.mutationtest.engine.gregor.mutators.NonVoidMethodCallMutator,close,113,NO_COVERAGE,none
DefaultCursor.java,org.apache.ibatis.cursor.defaults.DefaultCursor,org.pitest.mutationtest.engine.gregor.mutators.RemoveConditionalMutator_EQUAL_ELSE,close,106,NO_COVERAGE,none
DefaultCursor.java,org.apache.ibatis.cursor.defaults.DefaultCursor,org.pitest.mutationtest.engine.gregor.mutators.RemoveConditionalMutator_EQUAL_ELSE,close,112,NO_COVERAGE,none
DefaultCursor.java,org.apache.ibatis.cursor.defaults.DefaultCursor,org.pitest.mutationtest.engine.gregor.mutators.RemoveConditionalMutator_EQUAL_ELSE,close,116,NO_COVERAGE,none
DefaultCursor.java,org.apache.ibatis.cursor.defaults.DefaultCursor,org.pitest.mutationtest.engine.gregor.mutators.RemoveConditionalMutator_EQUAL_IF,close,106,NO_COVERAGE,none
DefaultCursor.java,org.apache.ibatis.cursor.defaults.DefaultCursor,org.pitest.mutationtest.engine.gregor.mutators.RemoveConditionalMutator_EQUAL_IF,close,112,NO_COVERAGE,none
DefaultCursor.java,org.apache.ibatis.cursor.defaults.DefaultCursor,org.pitest.mutationtest.engine.gregor.mutators.RemoveConditionalMutator_EQUAL_IF,close,116,NO_COVERAGE,none
DefaultCursor.java,org.apache.ibatis.cursor.defaults.DefaultCursor,org.pitest.mutationtest.engine.gregor.mutators.VoidMethodCallMutator,close,115,NO_COVERAGE,none
DefaultCursor.java,org.apache.ibatis.cursor.defaults.DefaultCursor,org.pitest.mutationtest.engine.gregor.mutators.VoidMethodCallMutator,close,117,NO_COVERAGE,none
DefaultCursor.java,org.apache.ibatis.cursor.defaults.DefaultCursor,org.pitest.mutationtest.engine.gregor.mutators.experimental.MemberVariableMutator,close,120,NO_COVERAGE,none
DefaultCursor.java,org.apache.ibatis.cursor.defaults.DefaultCursor,org.pitest.mutationtest.engine.gregor.mutators.ConstructorCallMutator,fetchNextObjectFromDatabase,143,NO_COVERAGE,none
DefaultCursor.java,org.apache.ibatis.cursor.defaults.DefaultCursor,org.pitest.mutationtest.engine.gregor.mutators.InlineConstantMutator,fetchNextObjectFromDatabase,148,NO_COVERAGE,none
DefaultCursor.java,org.apache.ibatis.cursor.defaults.DefaultCursor,org.pitest.mutationtest.engine.gregor.mutators.MathMutator,fetchNextObjectFromDatabase,148,NO_COVERAGE,none
DefaultCursor.java,org.apache.ibatis.cursor.defaults.DefaultCursor,org.pitest.mutationtest.engine.gregor.mutators.MathMutator,fetchNextObjectFromDatabase,151,NO_COVERAGE,none
DefaultCursor.java,org.apache.ibatis.cursor.defaults.DefaultCursor,org.pitest.mutationtest.engine.gregor.mutators.NegateConditionalsMutator,fetchNextObjectFromDatabase,135,NO_COVERAGE,none
DefaultCursor.java,org.apache.ibatis.cursor.defaults.DefaultCursor,org.pitest.mutationtest.engine.gregor.mutators.NegateConditionalsMutator,fetchNextObjectFromDatabase,147,NO_COVERAGE,none
DefaultCursor.java,org.apache.ibatis.cursor.defaults.DefaultCursor,org.pitest.mutationtest.engine.gregor.mutators.NegateConditionalsMutator,fetchNextObjectFromDatabase,151,NO_COVERAGE,none
DefaultCursor.java,org.apache.ibatis.cursor.defaults.DefaultCursor,org.pitest.mutationtest.engine.gregor.mutators.NegateConditionalsMutator,fetchNextObjectFromDatabase,151,NO_COVERAGE,none
DefaultCursor.java,org.apache.ibatis.cursor.defaults.DefaultCursor,org.pitest.mutationtest.engine.gregor.mutators.NonVoidMethodCallMutator,fetchNextObjectFromDatabase,135,NO_COVERAGE,none
DefaultCursor.java,org.apache.ibatis.cursor.defaults.DefaultCursor,org.pitest.mutationtest.engine.gregor.mutators.NonVoidMethodCallMutator,fetchNextObjectFromDatabase,146,NO_COVERAGE,none
DefaultCursor.java,org.apache.ibatis.cursor.defaults.DefaultCursor,org.pitest.mutationtest.engine.gregor.mutators.NonVoidMethodCallMutator,fetchNextObjectFromDatabase,151,NO_COVERAGE,none
DefaultCursor.java,org.apache.ibatis.cursor.defaults.DefaultCursor,org.pitest.mutationtest.engine.gregor.mutators.NonVoidMethodCallMutator,fetchNextObjectFromDatabase,151,NO_COVERAGE,none
DefaultCursor.java,org.apache.ibatis.cursor.defaults.DefaultCursor,org.pitest.mutationtest.engine.gregor.mutators.NonVoidMethodCallMutator,fetchNextObjectFromDatabase,151,NO_COVERAGE,none
DefaultCursor.java,org.apache.ibatis.cursor.defaults.DefaultCursor,org.pitest.mutationtest.engine.gregor.mutators.RemoveConditionalMutator_EQUAL_ELSE,fetchNextObjectFromDatabase,135,NO_COVERAGE,none
DefaultCursor.java,org.apache.ibatis.cursor.defaults.DefaultCursor,org.pitest.mutationtest.engine.gregor.mutators.RemoveConditionalMutator_EQUAL_ELSE,fetchNextObjectFromDatabase,147,NO_COVERAGE,none
DefaultCursor.java,org.apache.ibatis.cursor.defaults.DefaultCursor,org.pitest.mutationtest.engine.gregor.mutators.RemoveConditionalMutator_EQUAL_ELSE,fetchNextObjectFromDatabase,151,NO_COVERAGE,none
DefaultCursor.java,org.apache.ibatis.cursor.defaults.DefaultCursor,org.pitest.mutationtest.engine.gregor.mutators.RemoveConditionalMutator_EQUAL_ELSE,fetchNextObjectFromDatabase,151,NO_COVERAGE,none
DefaultCursor.java,org.apache.ibatis.cursor.defaults.DefaultCursor,org.pitest.mutationtest.engine.gregor.mutators.RemoveConditionalMutator_EQUAL_IF,fetchNextObjectFromDatabase,135,NO_COVERAGE,none
DefaultCursor.java,org.apache.ibatis.cursor.defaults.DefaultCursor,org.pitest.mutationtest.engine.gregor.mutators.RemoveConditionalMutator_EQUAL_IF,fetchNextObjectFromDatabase,147,NO_COVERAGE,none
DefaultCursor.java,org.apache.ibatis.cursor.defaults.DefaultCursor,org.pitest.mutationtest.engine.gregor.mutators.RemoveConditionalMutator_EQUAL_IF,fetchNextObjectFromDatabase,151,NO_COVERAGE,none
DefaultCursor.java,org.apache.ibatis.cursor.defaults.DefaultCursor,org.pitest.mutationtest.engine.gregor.mutators.RemoveConditionalMutator_EQUAL_IF,fetchNextObjectFromDatabase,151,NO_COVERAGE,none
DefaultCursor.java,org.apache.ibatis.cursor.defaults.DefaultCursor,org.pitest.mutationtest.engine.gregor.mutators.ReturnValsMutator,fetchNextObjectFromDatabase,136,NO_COVERAGE,none
DefaultCursor.java,org.apache.ibatis.cursor.defaults.DefaultCursor,org.pitest.mutationtest.engine.gregor.mutators.ReturnValsMutator,fetchNextObjectFromDatabase,157,NO_COVERAGE,none
DefaultCursor.java,org.apache.ibatis.cursor.defaults.DefaultCursor,org.pitest.mutationtest.engine.gregor.mutators.VoidMethodCallMutator,fetchNextObjectFromDatabase,141,NO_COVERAGE,none
DefaultCursor.java,org.apache.ibatis.cursor.defaults.DefaultCursor,org.pitest.mutationtest.engine.gregor.mutators.VoidMethodCallMutator,fetchNextObjectFromDatabase,152,NO_COVERAGE,none
DefaultCursor.java,org.apache.ibatis.cursor.defaults.DefaultCursor,org.pitest.mutationtest.engine.gregor.mutators.experimental.MemberVariableMutator,fetchNextObjectFromDatabase,140,NO_COVERAGE,none
DefaultCursor.java,org.apache.ibatis.cursor.defaults.DefaultCursor,org.pitest.mutationtest.engine.gregor.mutators.experimental.MemberVariableMutator,fetchNextObjectFromDatabase,148,NO_COVERAGE,none
DefaultCursor.java,org.apache.ibatis.cursor.defaults.DefaultCursor,org.pitest.mutationtest.engine.gregor.mutators.experimental.MemberVariableMutator,fetchNextObjectFromDatabase,153,NO_COVERAGE,none
DefaultCursor.java,org.apache.ibatis.cursor.defaults.DefaultCursor,org.pitest.mutationtest.engine.gregor.mutators.ConditionalsBoundaryMutator,fetchNextUsingRowBound,128,NO_COVERAGE,none
DefaultCursor.java,org.apache.ibatis.cursor.defaults.DefaultCursor,org.pitest.mutationtest.engine.gregor.mutators.NegateConditionalsMutator,fetchNextUsingRowBound,128,NO_COVERAGE,none
DefaultCursor.java,org.apache.ibatis.cursor.defaults.DefaultCursor,org.pitest.mutationtest.engine.gregor.mutators.NegateConditionalsMutator,fetchNextUsingRowBound,128,NO_COVERAGE,none
DefaultCursor.java,org.apache.ibatis.cursor.defaults.DefaultCursor,org.pitest.mutationtest.engine.gregor.mutators.NonVoidMethodCallMutator,fetchNextUsingRowBound,127,NO_COVERAGE,none
DefaultCursor.java,org.apache.ibatis.cursor.defaults.DefaultCursor,org.pitest.mutationtest.engine.gregor.mutators.NonVoidMethodCallMutator,fetchNextUsingRowBound,128,NO_COVERAGE,none
DefaultCursor.java,org.apache.ibatis.cursor.defaults.DefaultCursor,org.pitest.mutationtest.engine.gregor.mutators.NonVoidMethodCallMutator,fetchNextUsingRowBound,129,NO_COVERAGE,none
DefaultCursor.java,org.apache.ibatis.cursor.defaults.DefaultCursor,org.pitest.mutationtest.engine.gregor.mutators.RemoveConditionalMutator_EQUAL_ELSE,fetchNextUsingRowBound,128,NO_COVERAGE,none
DefaultCursor.java,org.apache.ibatis.cursor.defaults.DefaultCursor,org.pitest.mutationtest.engine.gregor.mutators.RemoveConditionalMutator_ORDER_ELSE,fetchNextUsingRowBound,128,NO_COVERAGE,none
DefaultCursor.java,org.apache.ibatis.cursor.defaults.DefaultCursor,org.pitest.mutationtest.engine.gregor.mutators.RemoveConditionalMutator_ORDER_IF,fetchNextUsingRowBound,128,NO_COVERAGE,none
DefaultCursor.java,org.apache.ibatis.cursor.defaults.DefaultCursor,org.pitest.mutationtest.engine.gregor.mutators.ReturnValsMutator,fetchNextUsingRowBound,131,NO_COVERAGE,none
DefaultCursor.java,org.apache.ibatis.cursor.defaults.DefaultCursor,org.pitest.mutationtest.engine.gregor.mutators.MathMutator,getCurrentIndex,92,NO_COVERAGE,none
DefaultCursor.java,org.apache.ibatis.cursor.defaults.DefaultCursor,org.pitest.mutationtest.engine.gregor.mutators.NonVoidMethodCallMutator,getCurrentIndex,92,NO_COVERAGE,none
DefaultCursor.java,org.apache.ibatis.cursor.defaults.DefaultCursor,org.pitest.mutationtest.engine.gregor.mutators.ReturnValsMutator,getCurrentIndex,92,NO_COVERAGE,none
DefaultCursor.java,org.apache.ibatis.cursor.defaults.DefaultCursor,org.pitest.mutationtest.engine.gregor.mutators.InlineConstantMutator,getReadItemsCount,165,NO_COVERAGE,none
DefaultCursor.java,org.apache.ibatis.cursor.defaults.DefaultCursor,org.pitest.mutationtest.engine.gregor.mutators.MathMutator,getReadItemsCount,165,NO_COVERAGE,none
DefaultCursor.java,org.apache.ibatis.cursor.defaults.DefaultCursor,org.pitest.mutationtest.engine.gregor.mutators.ReturnValsMutator,getReadItemsCount,165,NO_COVERAGE,none
DefaultCursor.java,org.apache.ibatis.cursor.defaults.DefaultCursor,org.pitest.mutationtest.engine.gregor.mutators.InlineConstantMutator,isClosed,161,NO_COVERAGE,none
DefaultCursor.java,org.apache.ibatis.cursor.defaults.DefaultCursor,org.pitest.mutationtest.engine.gregor.mutators.InlineConstantMutator,isClosed,161,NO_COVERAGE,none
DefaultCursor.java,org.apache.ibatis.cursor.defaults.DefaultCursor,org.pitest.mutationtest.engine.gregor.mutators.NegateConditionalsMutator,isClosed,161,NO_COVERAGE,none
DefaultCursor.java,org.apache.ibatis.cursor.defaults.DefaultCursor,org.pitest.mutationtest.engine.gregor.mutators.NegateConditionalsMutator,isClosed,161,NO_COVERAGE,none
DefaultCursor.java,org.apache.ibatis.cursor.defaults.DefaultCursor,org.pitest.mutationtest.engine.gregor.mutators.RemoveConditionalMutator_EQUAL_ELSE,isClosed,161,NO_COVERAGE,none
DefaultCursor.java,org.apache.ibatis.cursor.defaults.DefaultCursor,org.pitest.mutationtest.engine.gregor.mutators.RemoveConditionalMutator_EQUAL_ELSE,isClosed,161,NO_COVERAGE,none
DefaultCursor.java,org.apache.ibatis.cursor.defaults.DefaultCursor,org.pitest.mutationtest.engine.gregor.mutators.RemoveConditionalMutator_EQUAL_IF,isClosed,161,NO_COVERAGE,none
DefaultCursor.java,org.apache.ibatis.cursor.defaults.DefaultCursor,org.pitest.mutationtest.engine.gregor.mutators.RemoveConditionalMutator_EQUAL_IF,isClosed,161,NO_COVERAGE,none
DefaultCursor.java,org.apache.ibatis.cursor.defaults.DefaultCursor,org.pitest.mutationtest.engine.gregor.mutators.ReturnValsMutator,isClosed,161,NO_COVERAGE,none
DefaultCursor.java,org.apache.ibatis.cursor.defaults.DefaultCursor,org.pitest.mutationtest.engine.gregor.mutators.InlineConstantMutator,isConsumed,87,NO_COVERAGE,none
DefaultCursor.java,org.apache.ibatis.cursor.defaults.DefaultCursor,org.pitest.mutationtest.engine.gregor.mutators.InlineConstantMutator,isConsumed,87,NO_COVERAGE,none
DefaultCursor.java,org.apache.ibatis.cursor.defaults.DefaultCursor,org.pitest.mutationtest.engine.gregor.mutators.NegateConditionalsMutator,isConsumed,87,NO_COVERAGE,none
DefaultCursor.java,org.apache.ibatis.cursor.defaults.DefaultCursor,org.pitest.mutationtest.engine.gregor.mutators.RemoveConditionalMutator_EQUAL_ELSE,isConsumed,87,NO_COVERAGE,none
DefaultCursor.java,org.apache.ibatis.cursor.defaults.DefaultCursor,org.pitest.mutationtest.engine.gregor.mutators.RemoveConditionalMutator_EQUAL_IF,isConsumed,87,NO_COVERAGE,none
DefaultCursor.java,org.apache.ibatis.cursor.defaults.DefaultCursor,org.pitest.mutationtest.engine.gregor.mutators.ReturnValsMutator,isConsumed,87,NO_COVERAGE,none
DefaultCursor.java,org.apache.ibatis.cursor.defaults.DefaultCursor,org.pitest.mutationtest.engine.gregor.mutators.InlineConstantMutator,isOpen,82,NO_COVERAGE,none
DefaultCursor.java,org.apache.ibatis.cursor.defaults.DefaultCursor,org.pitest.mutationtest.engine.gregor.mutators.InlineConstantMutator,isOpen,82,NO_COVERAGE,none
DefaultCursor.java,org.apache.ibatis.cursor.defaults.DefaultCursor,org.pitest.mutationtest.engine.gregor.mutators.NegateConditionalsMutator,isOpen,82,NO_COVERAGE,none
DefaultCursor.java,org.apache.ibatis.cursor.defaults.DefaultCursor,org.pitest.mutationtest.engine.gregor.mutators.RemoveConditionalMutator_EQUAL_ELSE,isOpen,82,NO_COVERAGE,none
DefaultCursor.java,org.apache.ibatis.cursor.defaults.DefaultCursor,org.pitest.mutationtest.engine.gregor.mutators.RemoveConditionalMutator_EQUAL_IF,isOpen,82,NO_COVERAGE,none
DefaultCursor.java,org.apache.ibatis.cursor.defaults.DefaultCursor,org.pitest.mutationtest.engine.gregor.mutators.ReturnValsMutator,isOpen,82,NO_COVERAGE,none
DefaultCursor.java,org.apache.ibatis.cursor.defaults.DefaultCursor,org.pitest.mutationtest.engine.gregor.mutators.ConstructorCallMutator,iterator,98,NO_COVERAGE,none
DefaultCursor.java,org.apache.ibatis.cursor.defaults.DefaultCursor,org.pitest.mutationtest.engine.gregor.mutators.InlineConstantMutator,iterator,100,NO_COVERAGE,none
DefaultCursor.java,org.apache.ibatis.cursor.defaults.DefaultCursor,org.pitest.mutationtest.engine.gregor.mutators.NegateConditionalsMutator,iterator,97,NO_COVERAGE,none
DefaultCursor.java,org.apache.ibatis.cursor.defaults.DefaultCursor,org.pitest.mutationtest.engine.gregor.mutators.RemoveConditionalMutator_EQUAL_ELSE,iterator,97,NO_COVERAGE,none
DefaultCursor.java,org.apache.ibatis.cursor.defaults.DefaultCursor,org.pitest.mutationtest.engine.gregor.mutators.RemoveConditionalMutator_EQUAL_IF,iterator,97,NO_COVERAGE,none
DefaultCursor.java,org.apache.ibatis.cursor.defaults.DefaultCursor,org.pitest.mutationtest.engine.gregor.mutators.ReturnValsMutator,iterator,101,NO_COVERAGE,none
DefaultCursor.java,org.apache.ibatis.cursor.defaults.DefaultCursor,org.pitest.mutationtest.engine.gregor.mutators.experimental.MemberVariableMutator,iterator,100,NO_COVERAGE,none
JBoss6VFS.java,org.apache.ibatis.io.JBoss6VFS,org.pitest.mutationtest.engine.gregor.mutators.NegateConditionalsMutator,checkNotNull,116,NO_COVERAGE,none
JBoss6VFS.java,org.apache.ibatis.io.JBoss6VFS,org.pitest.mutationtest.engine.gregor.mutators.RemoveConditionalMutator_EQUAL_ELSE,checkNotNull,116,NO_COVERAGE,none
JBoss6VFS.java,org.apache.ibatis.io.JBoss6VFS,org.pitest.mutationtest.engine.gregor.mutators.RemoveConditionalMutator_EQUAL_IF,checkNotNull,116,NO_COVERAGE,none
JBoss6VFS.java,org.apache.ibatis.io.JBoss6VFS,org.pitest.mutationtest.engine.gregor.mutators.ReturnValsMutator,checkNotNull,119,NO_COVERAGE,none
JBoss6VFS.java,org.apache.ibatis.io.JBoss6VFS,org.pitest.mutationtest.engine.gregor.mutators.VoidMethodCallMutator,checkNotNull,117,NO_COVERAGE,none
JBoss6VFS.java,org.apache.ibatis.io.JBoss6VFS,org.pitest.mutationtest.engine.gregor.mutators.ConstructorCallMutator,checkReturnType,132,NO_COVERAGE,none
JBoss6VFS.java,org.apache.ibatis.io.JBoss6VFS,org.pitest.mutationtest.engine.gregor.mutators.NegateConditionalsMutator,checkReturnType,131,NO_COVERAGE,none
JBoss6VFS.java,org.apache.ibatis.io.JBoss6VFS,org.pitest.mutationtest.engine.gregor.mutators.NegateConditionalsMutator,checkReturnType,131,NO_COVERAGE,none
JBoss6VFS.java,org.apache.ibatis.io.JBoss6VFS,org.pitest.mutationtest.engine.gregor.mutators.NonVoidMethodCallMutator,checkReturnType,131,NO_COVERAGE,none
JBoss6VFS.java,org.apache.ibatis.io.JBoss6VFS,org.pitest.mutationtest.engine.gregor.mutators.NonVoidMethodCallMutator,checkReturnType,131,NO_COVERAGE,none
JBoss6VFS.java,org.apache.ibatis.io.JBoss6VFS,org.pitest.mutationtest.engine.gregor.mutators.NonVoidMethodCallMutator,checkReturnType,132,NO_COVERAGE,none
JBoss6VFS.java,org.apache.ibatis.io.JBoss6VFS,org.pitest.mutationtest.engine.gregor.mutators.NonVoidMethodCallMutator,checkReturnType,132,NO_COVERAGE,none
JBoss6VFS.java,org.apache.ibatis.io.JBoss6VFS,org.pitest.mutationtest.engine.gregor.mutators.NonVoidMethodCallMutator,checkReturnType,132,NO_COVERAGE,none
JBoss6VFS.java,org.apache.ibatis.io.JBoss6VFS,org.pitest.mutationtest.engine.gregor.mutators.NonVoidMethodCallMutator,checkReturnType,132,NO_COVERAGE,none
JBoss6VFS.java,org.apache.ibatis.io.JBoss6VFS,org.pitest.mutationtest.engine.gregor.mutators.NonVoidMethodCallMutator,checkReturnType,132,NO_COVERAGE,none
JBoss6VFS.java,org.apache.ibatis.io.JBoss6VFS,org.pitest.mutationtest.engine.gregor.mutators.NonVoidMethodCallMutator,checkReturnType,132,NO_COVERAGE,none
JBoss6VFS.java,org.apache.ibatis.io.JBoss6VFS,org.pitest.mutationtest.engine.gregor.mutators.NonVoidMethodCallMutator,checkReturnType,132,NO_COVERAGE,none
JBoss6VFS.java,org.apache.ibatis.io.JBoss6VFS,org.pitest.mutationtest.engine.gregor.mutators.NonVoidMethodCallMutator,checkReturnType,132,NO_COVERAGE,none
JBoss6VFS.java,org.apache.ibatis.io.JBoss6VFS,org.pitest.mutationtest.engine.gregor.mutators.NonVoidMethodCallMutator,checkReturnType,133,NO_COVERAGE,none
JBoss6VFS.java,org.apache.ibatis.io.JBoss6VFS,org.pitest.mutationtest.engine.gregor.mutators.NonVoidMethodCallMutator,checkReturnType,133,NO_COVERAGE,none
JBoss6VFS.java,org.apache.ibatis.io.JBoss6VFS,org.pitest.mutationtest.engine.gregor.mutators.NonVoidMethodCallMutator,checkReturnType,133,NO_COVERAGE,none
JBoss6VFS.java,org.apache.ibatis.io.JBoss6VFS,org.pitest.mutationtest.engine.gregor.mutators.NonVoidMethodCallMutator,checkReturnType,134,NO_COVERAGE,none
JBoss6VFS.java,org.apache.ibatis.io.JBoss6VFS,org.pitest.mutationtest.engine.gregor.mutators.NonVoidMethodCallMutator,checkReturnType,134,NO_COVERAGE,none
JBoss6VFS.java,org.apache.ibatis.io.JBoss6VFS,org.pitest.mutationtest.engine.gregor.mutators.NonVoidMethodCallMutator,checkReturnType,134,NO_COVERAGE,none
JBoss6VFS.java,org.apache.ibatis.io.JBoss6VFS,org.pitest.mutationtest.engine.gregor.mutators.NonVoidMethodCallMutator,checkReturnType,134,NO_COVERAGE,none
JBoss6VFS.java,org.apache.ibatis.io.JBoss6VFS,org.pitest.mutationtest.engine.gregor.mutators.NonVoidMethodCallMutator,checkReturnType,134,NO_COVERAGE,none
JBoss6VFS.java,org.apache.ibatis.io.JBoss6VFS,org.pitest.mutationtest.engine.gregor.mutators.RemoveConditionalMutator_EQUAL_ELSE,checkReturnType,131,NO_COVERAGE,none
JBoss6VFS.java,org.apache.ibatis.io.JBoss6VFS,org.pitest.mutationtest.engine.gregor.mutators.RemoveConditionalMutator_EQUAL_ELSE,checkReturnType,131,NO_COVERAGE,none
JBoss6VFS.java,org.apache.ibatis.io.JBoss6VFS,org.pitest.mutationtest.engine.gregor.mutators.RemoveConditionalMutator_EQUAL_IF,checkReturnType,131,NO_COVERAGE,none
JBoss6VFS.java,org.apache.ibatis.io.JBoss6VFS,org.pitest.mutationtest.engine.gregor.mutators.RemoveConditionalMutator_EQUAL_IF,checkReturnType,131,NO_COVERAGE,none
JBoss6VFS.java,org.apache.ibatis.io.JBoss6VFS,org.pitest.mutationtest.engine.gregor.mutators.VoidMethodCallMutator,checkReturnType,132,NO_COVERAGE,none
JBoss6VFS.java,org.apache.ibatis.io.JBoss6VFS,org.pitest.mutationtest.engine.gregor.mutators.VoidMethodCallMutator,checkReturnType,135,NO_COVERAGE,none
JBoss6VFS.java,org.apache.ibatis.io.JBoss6VFS,org.pitest.mutationtest.engine.gregor.mutators.ArgumentPropagationMutator,initialize,92,NO_COVERAGE,none
JBoss6VFS.java,org.apache.ibatis.io.JBoss6VFS,org.pitest.mutationtest.engine.gregor.mutators.ArgumentPropagationMutator,initialize,93,NO_COVERAGE,none
JBoss6VFS.java,org.apache.ibatis.io.JBoss6VFS,org.pitest.mutationtest.engine.gregor.mutators.ArgumentPropagationMutator,initialize,96,NO_COVERAGE,none
JBoss6VFS.java,org.apache.ibatis.io.JBoss6VFS,org.pitest.mutationtest.engine.gregor.mutators.ArgumentPropagationMutator,initialize,97,NO_COVERAGE,none
JBoss6VFS.java,org.apache.ibatis.io.JBoss6VFS,org.pitest.mutationtest.engine.gregor.mutators.ArgumentPropagationMutator,initialize,99,NO_COVERAGE,none
JBoss6VFS.java,org.apache.ibatis.io.JBoss6VFS,org.pitest.mutationtest.engine.gregor.mutators.InlineConstantMutator,initialize,96,NO_COVERAGE,none
JBoss6VFS.java,org.apache.ibatis.io.JBoss6VFS,org.pitest.mutationtest.engine.gregor.mutators.InlineConstantMutator,initialize,96,NO_COVERAGE,none
JBoss6VFS.java,org.apache.ibatis.io.JBoss6VFS,org.pitest.mutationtest.engine.gregor.mutators.InlineConstantMutator,initialize,97,NO_COVERAGE,none
JBoss6VFS.java,org.apache.ibatis.io.JBoss6VFS,org.pitest.mutationtest.engine.gregor.mutators.InlineConstantMutator,initialize,99,NO_COVERAGE,none
JBoss6VFS.java,org.apache.ibatis.io.JBoss6VFS,org.pitest.mutationtest.engine.gregor.mutators.InlineConstantMutator,initialize,99,NO_COVERAGE,none
JBoss6VFS.java,org.apache.ibatis.io.JBoss6VFS,org.pitest.mutationtest.engine.gregor.mutators.NegateConditionalsMutator,initialize,87,NO_COVERAGE,none
JBoss6VFS.java,org.apache.ibatis.io.JBoss6VFS,org.pitest.mutationtest.engine.gregor.mutators.NonVoidMethodCallMutator,initialize,92,NO_COVERAGE,none
JBoss6VFS.java,org.apache.ibatis.io.JBoss6VFS,org.pitest.mutationtest.engine.gregor.mutators.NonVoidMethodCallMutator,initialize,92,NO_COVERAGE,none
JBoss6VFS.java,org.apache.ibatis.io.JBoss6VFS,org.pitest.mutationtest.engine.gregor.mutators.NonVoidMethodCallMutator,initialize,93,NO_COVERAGE,none
JBoss6VFS.java,org.apache.ibatis.io.JBoss6VFS,org.pitest.mutationtest.engine.gregor.mutators.NonVoidMethodCallMutator,initialize,93,NO_COVERAGE,none
JBoss6VFS.java,org.apache.ibatis.io.JBoss6VFS,org.pitest.mutationtest.engine.gregor.mutators.NonVoidMethodCallMutator,initialize,96,NO_COVERAGE,none
JBoss6VFS.java,org.apache.ibatis.io.JBoss6VFS,org.pitest.mutationtest.engine.gregor.mutators.NonVoidMethodCallMutator,initialize,96,NO_COVERAGE,none
JBoss6VFS.java,org.apache.ibatis.io.JBoss6VFS,org.pitest.mutationtest.engine.gregor.mutators.NonVoidMethodCallMutator,initialize,97,NO_COVERAGE,none
JBoss6VFS.java,org.apache.ibatis.io.JBoss6VFS,org.pitest.mutationtest.engine.gregor.mutators.NonVoidMethodCallMutator,initialize,97,NO_COVERAGE,none
JBoss6VFS.java,org.apache.ibatis.io.JBoss6VFS,org.pitest.mutationtest.engine.gregor.mutators.NonVoidMethodCallMutator,initialize,99,NO_COVERAGE,none
JBoss6VFS.java,org.apache.ibatis.io.JBoss6VFS,org.pitest.mutationtest.engine.gregor.mutators.NonVoidMethodCallMutator,initialize,99,NO_COVERAGE,none
JBoss6VFS.java,org.apache.ibatis.io.JBoss6VFS,org.pitest.mutationtest.engine.gregor.mutators.RemoveConditionalMutator_EQUAL_ELSE,initialize,87,NO_COVERAGE,none
JBoss6VFS.java,org.apache.ibatis.io.JBoss6VFS,org.pitest.mutationtest.engine.gregor.mutators.RemoveConditionalMutator_EQUAL_IF,initialize,87,NO_COVERAGE,none
JBoss6VFS.java,org.apache.ibatis.io.JBoss6VFS,org.pitest.mutationtest.engine.gregor.mutators.VoidMethodCallMutator,initialize,103,NO_COVERAGE,none
JBoss6VFS.java,org.apache.ibatis.io.JBoss6VFS,org.pitest.mutationtest.engine.gregor.mutators.VoidMethodCallMutator,initialize,104,NO_COVERAGE,none
JBoss6VFS.java,org.apache.ibatis.io.JBoss6VFS,org.pitest.mutationtest.engine.gregor.mutators.VoidMethodCallMutator,initialize,105,NO_COVERAGE,none
JBoss6VFS.java,org.apache.ibatis.io.JBoss6VFS,org.pitest.mutationtest.engine.gregor.mutators.NonVoidMethodCallMutator,isValid,153,NO_COVERAGE,none
JBoss6VFS.java,org.apache.ibatis.io.JBoss6VFS,org.pitest.mutationtest.engine.gregor.mutators.ReturnValsMutator,isValid,153,NO_COVERAGE,none
JBoss6VFS.java,org.apache.ibatis.io.JBoss6VFS,org.pitest.mutationtest.engine.gregor.mutators.ConstructorCallMutator,list,165,NO_COVERAGE,none
JBoss6VFS.java,org.apache.ibatis.io.JBoss6VFS,org.pitest.mutationtest.engine.gregor.mutators.ConstructorCallMutator,list,169,NO_COVERAGE,none
JBoss6VFS.java,org.apache.ibatis.io.JBoss6VFS,org.pitest.mutationtest.engine.gregor.mutators.ConstructorCallMutator,list,171,NO_COVERAGE,none
JBoss6VFS.java,org.apache.ibatis.io.JBoss6VFS,org.pitest.mutationtest.engine.gregor.mutators.NegateConditionalsMutator,list,160,NO_COVERAGE,none
JBoss6VFS.java,org.apache.ibatis.io.JBoss6VFS,org.pitest.mutationtest.engine.gregor.mutators.NegateConditionalsMutator,list,164,NO_COVERAGE,none
JBoss6VFS.java,org.apache.ibatis.io.JBoss6VFS,org.pitest.mutationtest.engine.gregor.mutators.NegateConditionalsMutator,list,170,NO_COVERAGE,none
JBoss6VFS.java,org.apache.ibatis.io.JBoss6VFS,org.pitest.mutationtest.engine.gregor.mutators.NonVoidMethodCallMutator,list,159,NO_COVERAGE,none
JBoss6VFS.java,org.apache.ibatis.io.JBoss6VFS,org.pitest.mutationtest.engine.gregor.mutators.NonVoidMethodCallMutator,list,161,NO_COVERAGE,none
JBoss6VFS.java,org.apache.ibatis.io.JBoss6VFS,org.pitest.mutationtest.engine.gregor.mutators.NonVoidMethodCallMutator,list,164,NO_COVERAGE,none
JBoss6VFS.java,org.apache.ibatis.io.JBoss6VFS,org.pitest.mutationtest.engine.gregor.mutators.NonVoidMethodCallMutator,list,165,NO_COVERAGE,none
JBoss6VFS.java,org.apache.ibatis.io.JBoss6VFS,org.pitest.mutationtest.engine.gregor.mutators.NonVoidMethodCallMutator,list,165,NO_COVERAGE,none
JBoss6VFS.java,org.apache.ibatis.io.JBoss6VFS,org.pitest.mutationtest.engine.gregor.mutators.NonVoidMethodCallMutator,list,165,NO_COVERAGE,none
JBoss6VFS.java,org.apache.ibatis.io.JBoss6VFS,org.pitest.mutationtest.engine.gregor.mutators.NonVoidMethodCallMutator,list,168,NO_COVERAGE,none
JBoss6VFS.java,org.apache.ibatis.io.JBoss6VFS,org.pitest.mutationtest.engine.gregor.mutators.NonVoidMethodCallMutator,list,169,NO_COVERAGE,none
JBoss6VFS.java,org.apache.ibatis.io.JBoss6VFS,org.pitest.mutationtest.engine.gregor.mutators.NonVoidMethodCallMutator,list,170,NO_COVERAGE,none
JBoss6VFS.java,org.apache.ibatis.io.JBoss6VFS,org.pitest.mutationtest.engine.gregor.mutators.NonVoidMethodCallMutator,list,170,NO_COVERAGE,none
JBoss6VFS.java,org.apache.ibatis.io.JBoss6VFS,org.pitest.mutationtest.engine.gregor.mutators.NonVoidMethodCallMutator,list,170,NO_COVERAGE,none
JBoss6VFS.java,org.apache.ibatis.io.JBoss6VFS,org.pitest.mutationtest.engine.gregor.mutators.NonVoidMethodCallMutator,list,171,NO_COVERAGE,none
JBoss6VFS.java,org.apache.ibatis.io.JBoss6VFS,org.pitest.mutationtest.engine.gregor.mutators.NonVoidMethodCallMutator,list,171,NO_COVERAGE,none
JBoss6VFS.java,org.apache.ibatis.io.JBoss6VFS,org.pitest.mutationtest.engine.gregor.mutators.NonVoidMethodCallMutator,list,171,NO_COVERAGE,none
JBoss6VFS.java,org.apache.ibatis.io.JBoss6VFS,org.pitest.mutationtest.engine.gregor.mutators.NonVoidMethodCallMutator,list,171,NO_COVERAGE,none
JBoss6VFS.java,org.apache.ibatis.io.JBoss6VFS,org.pitest.mutationtest.engine.gregor.mutators.NonVoidMethodCallMutator,list,171,NO_COVERAGE,none
JBoss6VFS.java,org.apache.ibatis.io.JBoss6VFS,org.pitest.mutationtest.engine.gregor.mutators.RemoveConditionalMutator_EQUAL_ELSE,list,160,NO_COVERAGE,none
JBoss6VFS.java,org.apache.ibatis.io.JBoss6VFS,org.pitest.mutationtest.engine.gregor.mutators.RemoveConditionalMutator_EQUAL_ELSE,list,164,NO_COVERAGE,none
JBoss6VFS.java,org.apache.ibatis.io.JBoss6VFS,org.pitest.mutationtest.engine.gregor.mutators.RemoveConditionalMutator_EQUAL_ELSE,list,170,NO_COVERAGE,none
JBoss6VFS.java,org.apache.ibatis.io.JBoss6VFS,org.pitest.mutationtest.engine.gregor.mutators.RemoveConditionalMutator_EQUAL_IF,list,160,NO_COVERAGE,none
JBoss6VFS.java,org.apache.ibatis.io.JBoss6VFS,org.pitest.mutationtest.engine.gregor.mutators.RemoveConditionalMutator_EQUAL_IF,list,164,NO_COVERAGE,none
JBoss6VFS.java,org.apache.ibatis.io.JBoss6VFS,org.pitest.mutationtest.engine.gregor.mutators.RemoveConditionalMutator_EQUAL_IF,list,170,NO_COVERAGE,none
JBoss6VFS.java,org.apache.ibatis.io.JBoss6VFS,org.pitest.mutationtest.engine.gregor.mutators.ReturnValsMutator,list,161,NO_COVERAGE,none
JBoss6VFS.java,org.apache.ibatis.io.JBoss6VFS,org.pitest.mutationtest.engine.gregor.mutators.ReturnValsMutator,list,174,NO_COVERAGE,none
JBoss6VFS.java,org.apache.ibatis.io.JBoss6VFS,org.pitest.mutationtest.engine.gregor.mutators.NegateConditionalsMutator,setInvalid,141,NO_COVERAGE,none
JBoss6VFS.java,org.apache.ibatis.io.JBoss6VFS,org.pitest.mutationtest.engine.gregor.mutators.RemoveConditionalMutator_EQUAL_ELSE,setInvalid,141,NO_COVERAGE,none
JBoss6VFS.java,org.apache.ibatis.io.JBoss6VFS,org.pitest.mutationtest.engine.gregor.mutators.RemoveConditionalMutator_EQUAL_IF,setInvalid,141,NO_COVERAGE,none
JBoss6VFS.java,org.apache.ibatis.io.JBoss6VFS,org.pitest.mutationtest.engine.gregor.mutators.VoidMethodCallMutator,setInvalid,142,NO_COVERAGE,none
ResultSetWrapper.java,org.apache.ibatis.executor.resultset.ResultSetWrapper,org.pitest.mutationtest.engine.gregor.mutators.NonVoidMethodCallMutator,<init>,60,KILLED,org.apache.ibatis.submitted.extend.ExtendTest.org.apache.ibatis.submitted.extend.ExtendTest
ResultSetWrapper.java,org.apache.ibatis.executor.resultset.ResultSetWrapper,org.pitest.mutationtest.engine.gregor.mutators.ArgumentPropagationMutator,getClassNames,74,NO_COVERAGE,none
ResultSetWrapper.java,org.apache.ibatis.executor.resultset.ResultSetWrapper,org.pitest.mutationtest.engine.gregor.mutators.NonVoidMethodCallMutator,getClassNames,74,NO_COVERAGE,none
ResultSetWrapper.java,org.apache.ibatis.executor.resultset.ResultSetWrapper,org.pitest.mutationtest.engine.gregor.mutators.ReturnValsMutator,getClassNames,74,NO_COVERAGE,none
ResultSetWrapper.java,org.apache.ibatis.executor.resultset.ResultSetWrapper,org.pitest.mutationtest.engine.gregor.mutators.ConditionalsBoundaryMutator,getJdbcType,78,NO_COVERAGE,none
ResultSetWrapper.java,org.apache.ibatis.executor.resultset.ResultSetWrapper,org.pitest.mutationtest.engine.gregor.mutators.IncrementsMutator,getJdbcType,78,NO_COVERAGE,none
ResultSetWrapper.java,org.apache.ibatis.executor.resultset.ResultSetWrapper,org.pitest.mutationtest.engine.gregor.mutators.InlineConstantMutator,getJdbcType,78,NO_COVERAGE,none
ResultSetWrapper.java,org.apache.ibatis.executor.resultset.ResultSetWrapper,org.pitest.mutationtest.engine.gregor.mutators.NegateConditionalsMutator,getJdbcType,78,NO_COVERAGE,none
ResultSetWrapper.java,org.apache.ibatis.executor.resultset.ResultSetWrapper,org.pitest.mutationtest.engine.gregor.mutators.NegateConditionalsMutator,getJdbcType,79,NO_COVERAGE,none
ResultSetWrapper.java,org.apache.ibatis.executor.resultset.ResultSetWrapper,org.pitest.mutationtest.engine.gregor.mutators.NonVoidMethodCallMutator,getJdbcType,78,NO_COVERAGE,none
ResultSetWrapper.java,org.apache.ibatis.executor.resultset.ResultSetWrapper,org.pitest.mutationtest.engine.gregor.mutators.NonVoidMethodCallMutator,getJdbcType,79,NO_COVERAGE,none
ResultSetWrapper.java,org.apache.ibatis.executor.resultset.ResultSetWrapper,org.pitest.mutationtest.engine.gregor.mutators.NonVoidMethodCallMutator,getJdbcType,79,NO_COVERAGE,none
ResultSetWrapper.java,org.apache.ibatis.executor.resultset.ResultSetWrapper,org.pitest.mutationtest.engine.gregor.mutators.NonVoidMethodCallMutator,getJdbcType,80,NO_COVERAGE,none
ResultSetWrapper.java,org.apache.ibatis.executor.resultset.ResultSetWrapper,org.pitest.mutationtest.engine.gregor.mutators.RemoveConditionalMutator_EQUAL_ELSE,getJdbcType,79,NO_COVERAGE,none
ResultSetWrapper.java,org.apache.ibatis.executor.resultset.ResultSetWrapper,org.pitest.mutationtest.engine.gregor.mutators.RemoveConditionalMutator_EQUAL_IF,getJdbcType,79,NO_COVERAGE,none
ResultSetWrapper.java,org.apache.ibatis.executor.resultset.ResultSetWrapper,org.pitest.mutationtest.engine.gregor.mutators.RemoveConditionalMutator_ORDER_ELSE,getJdbcType,78,NO_COVERAGE,none
ResultSetWrapper.java,org.apache.ibatis.executor.resultset.ResultSetWrapper,org.pitest.mutationtest.engine.gregor.mutators.ReturnValsMutator,getJdbcType,80,NO_COVERAGE,none
ResultSetWrapper.java,org.apache.ibatis.executor.resultset.ResultSetWrapper,org.pitest.mutationtest.engine.gregor.mutators.ReturnValsMutator,getJdbcType,83,NO_COVERAGE,none
ResultSetWrapper.java,org.apache.ibatis.executor.resultset.ResultSetWrapper,org.pitest.mutationtest.engine.gregor.mutators.ArgumentPropagationMutator,getMappedColumnNames,161,NO_COVERAGE,none
ResultSetWrapper.java,org.apache.ibatis.executor.resultset.ResultSetWrapper,org.pitest.mutationtest.engine.gregor.mutators.ArgumentPropagationMutator,getMappedColumnNames,161,NO_COVERAGE,none
ResultSetWrapper.java,org.apache.ibatis.executor.resultset.ResultSetWrapper,org.pitest.mutationtest.engine.gregor.mutators.NegateConditionalsMutator,getMappedColumnNames,159,KILLED,org.apache.ibatis.submitted.extend.ExtendTest.org.apache.ibatis.submitted.extend.ExtendTest
ResultSetWrapper.java,org.apache.ibatis.executor.resultset.ResultSetWrapper,org.pitest.mutationtest.engine.gregor.mutators.NonVoidMethodCallMutator,getMappedColumnNames,161,NO_COVERAGE,none
ResultSetWrapper.java,org.apache.ibatis.executor.resultset.ResultSetWrapper,org.pitest.mutationtest.engine.gregor.mutators.NonVoidMethodCallMutator,getMappedColumnNames,161,NO_COVERAGE,none
ResultSetWrapper.java,org.apache.ibatis.executor.resultset.ResultSetWrapper,org.pitest.mutationtest.engine.gregor.mutators.VoidMethodCallMutator,getMappedColumnNames,160,NO_COVERAGE,none
ResultSetWrapper.java,org.apache.ibatis.executor.resultset.ResultSetWrapper,org.pitest.mutationtest.engine.gregor.mutators.ArgumentPropagationMutator,getTypeHandler,97,NO_COVERAGE,none
ResultSetWrapper.java,org.apache.ibatis.executor.resultset.ResultSetWrapper,org.pitest.mutationtest.engine.gregor.mutators.ArgumentPropagationMutator,getTypeHandler,100,NO_COVERAGE,none
ResultSetWrapper.java,org.apache.ibatis.executor.resultset.ResultSetWrapper,org.pitest.mutationtest.engine.gregor.mutators.ArgumentPropagationMutator,getTypeHandler,102,NO_COVERAGE,none
ResultSetWrapper.java,org.apache.ibatis.executor.resultset.ResultSetWrapper,org.pitest.mutationtest.engine.gregor.mutators.ArgumentPropagationMutator,getTypeHandler,123,NO_COVERAGE,none
ResultSetWrapper.java,org.apache.ibatis.executor.resultset.ResultSetWrapper,org.pitest.mutationtest.engine.gregor.mutators.ConstructorCallMutator,getTypeHandler,99,NO_COVERAGE,none
ResultSetWrapper.java,org.apache.ibatis.executor.resultset.ResultSetWrapper,org.pitest.mutationtest.engine.gregor.mutators.ConstructorCallMutator,getTypeHandler,121,NO_COVERAGE,none
ResultSetWrapper.java,org.apache.ibatis.executor.resultset.ResultSetWrapper,org.pitest.mutationtest.engine.gregor.mutators.NegateConditionalsMutator,getTypeHandler,98,NO_COVERAGE,none
ResultSetWrapper.java,org.apache.ibatis.executor.resultset.ResultSetWrapper,org.pitest.mutationtest.engine.gregor.mutators.NegateConditionalsMutator,getTypeHandler,104,NO_COVERAGE,none
ResultSetWrapper.java,org.apache.ibatis.executor.resultset.ResultSetWrapper,org.pitest.mutationtest.engine.gregor.mutators.NegateConditionalsMutator,getTypeHandler,109,NO_COVERAGE,none
ResultSetWrapper.java,org.apache.ibatis.executor.resultset.ResultSetWrapper,org.pitest.mutationtest.engine.gregor.mutators.NegateConditionalsMutator,getTypeHandler,109,NO_COVERAGE,none
ResultSetWrapper.java,org.apache.ibatis.executor.resultset.ResultSetWrapper,org.pitest.mutationtest.engine.gregor.mutators.NegateConditionalsMutator,getTypeHandler,112,NO_COVERAGE,none
ResultSetWrapper.java,org.apache.ibatis.executor.resultset.ResultSetWrapper,org.pitest.mutationtest.engine.gregor.mutators.NegateConditionalsMutator,getTypeHandler,112,NO_COVERAGE,none
ResultSetWrapper.java,org.apache.ibatis.executor.resultset.ResultSetWrapper,org.pitest.mutationtest.engine.gregor.mutators.NegateConditionalsMutator,getTypeHandler,114,NO_COVERAGE,none
ResultSetWrapper.java,org.apache.ibatis.executor.resultset.ResultSetWrapper,org.pitest.mutationtest.engine.gregor.mutators.NegateConditionalsMutator,getTypeHandler,116,NO_COVERAGE,none
ResultSetWrapper.java,org.apache.ibatis.executor.resultset.ResultSetWrapper,org.pitest.mutationtest.engine.gregor.mutators.NegateConditionalsMutator,getTypeHandler,120,NO_COVERAGE,none
ResultSetWrapper.java,org.apache.ibatis.executor.resultset.ResultSetWrapper,org.pitest.mutationtest.engine.gregor.mutators.NonVoidMethodCallMutator,getTypeHandler,97,NO_COVERAGE,none
ResultSetWrapper.java,org.apache.ibatis.executor.resultset.ResultSetWrapper,org.pitest.mutationtest.engine.gregor.mutators.NonVoidMethodCallMutator,getTypeHandler,100,NO_COVERAGE,none
ResultSetWrapper.java,org.apache.ibatis.executor.resultset.ResultSetWrapper,org.pitest.mutationtest.engine.gregor.mutators.NonVoidMethodCallMutator,getTypeHandler,102,NO_COVERAGE,none
ResultSetWrapper.java,org.apache.ibatis.executor.resultset.ResultSetWrapper,org.pitest.mutationtest.engine.gregor.mutators.NonVoidMethodCallMutator,getTypeHandler,105,NO_COVERAGE,none
ResultSetWrapper.java,org.apache.ibatis.executor.resultset.ResultSetWrapper,org.pitest.mutationtest.engine.gregor.mutators.NonVoidMethodCallMutator,getTypeHandler,106,NO_COVERAGE,none
ResultSetWrapper.java,org.apache.ibatis.executor.resultset.ResultSetWrapper,org.pitest.mutationtest.engine.gregor.mutators.NonVoidMethodCallMutator,getTypeHandler,110,NO_COVERAGE,none
ResultSetWrapper.java,org.apache.ibatis.executor.resultset.ResultSetWrapper,org.pitest.mutationtest.engine.gregor.mutators.NonVoidMethodCallMutator,getTypeHandler,111,NO_COVERAGE,none
ResultSetWrapper.java,org.apache.ibatis.executor.resultset.ResultSetWrapper,org.pitest.mutationtest.engine.gregor.mutators.NonVoidMethodCallMutator,getTypeHandler,111,NO_COVERAGE,none
ResultSetWrapper.java,org.apache.ibatis.executor.resultset.ResultSetWrapper,org.pitest.mutationtest.engine.gregor.mutators.NonVoidMethodCallMutator,getTypeHandler,113,NO_COVERAGE,none
ResultSetWrapper.java,org.apache.ibatis.executor.resultset.ResultSetWrapper,org.pitest.mutationtest.engine.gregor.mutators.NonVoidMethodCallMutator,getTypeHandler,115,NO_COVERAGE,none
ResultSetWrapper.java,org.apache.ibatis.executor.resultset.ResultSetWrapper,org.pitest.mutationtest.engine.gregor.mutators.NonVoidMethodCallMutator,getTypeHandler,117,NO_COVERAGE,none
ResultSetWrapper.java,org.apache.ibatis.executor.resultset.ResultSetWrapper,org.pitest.mutationtest.engine.gregor.mutators.NonVoidMethodCallMutator,getTypeHandler,123,NO_COVERAGE,none
ResultSetWrapper.java,org.apache.ibatis.executor.resultset.ResultSetWrapper,org.pitest.mutationtest.engine.gregor.mutators.RemoveConditionalMutator_EQUAL_ELSE,getTypeHandler,98,NO_COVERAGE,none
ResultSetWrapper.java,org.apache.ibatis.executor.resultset.ResultSetWrapper,org.pitest.mutationtest.engine.gregor.mutators.RemoveConditionalMutator_EQUAL_ELSE,getTypeHandler,104,NO_COVERAGE,none
ResultSetWrapper.java,org.apache.ibatis.executor.resultset.ResultSetWrapper,org.pitest.mutationtest.engine.gregor.mutators.RemoveConditionalMutator_EQUAL_ELSE,getTypeHandler,109,NO_COVERAGE,none
ResultSetWrapper.java,org.apache.ibatis.executor.resultset.ResultSetWrapper,org.pitest.mutationtest.engine.gregor.mutators.RemoveConditionalMutator_EQUAL_ELSE,getTypeHandler,112,NO_COVERAGE,none
ResultSetWrapper.java,org.apache.ibatis.executor.resultset.ResultSetWrapper,org.pitest.mutationtest.engine.gregor.mutators.RemoveConditionalMutator_EQUAL_ELSE,getTypeHandler,112,NO_COVERAGE,none
ResultSetWrapper.java,org.apache.ibatis.executor.resultset.ResultSetWrapper,org.pitest.mutationtest.engine.gregor.mutators.RemoveConditionalMutator_EQUAL_ELSE,getTypeHandler,114,NO_COVERAGE,none
ResultSetWrapper.java,org.apache.ibatis.executor.resultset.ResultSetWrapper,org.pitest.mutationtest.engine.gregor.mutators.RemoveConditionalMutator_EQUAL_ELSE,getTypeHandler,116,NO_COVERAGE,none
ResultSetWrapper.java,org.apache.ibatis.executor.resultset.ResultSetWrapper,org.pitest.mutationtest.engine.gregor.mutators.RemoveConditionalMutator_EQUAL_ELSE,getTypeHandler,120,NO_COVERAGE,none
ResultSetWrapper.java,org.apache.ibatis.executor.resultset.ResultSetWrapper,org.pitest.mutationtest.engine.gregor.mutators.RemoveConditionalMutator_EQUAL_ELSE,getTypeHandler,120,NO_COVERAGE,none
ResultSetWrapper.java,org.apache.ibatis.executor.resultset.ResultSetWrapper,org.pitest.mutationtest.engine.gregor.mutators.RemoveConditionalMutator_EQUAL_IF,getTypeHandler,98,NO_COVERAGE,none
ResultSetWrapper.java,org.apache.ibatis.executor.resultset.ResultSetWrapper,org.pitest.mutationtest.engine.gregor.mutators.RemoveConditionalMutator_EQUAL_IF,getTypeHandler,104,NO_COVERAGE,none
ResultSetWrapper.java,org.apache.ibatis.executor.resultset.ResultSetWrapper,org.pitest.mutationtest.engine.gregor.mutators.RemoveConditionalMutator_EQUAL_IF,getTypeHandler,109,NO_COVERAGE,none
ResultSetWrapper.java,org.apache.ibatis.executor.resultset.ResultSetWrapper,org.pitest.mutationtest.engine.gregor.mutators.RemoveConditionalMutator_EQUAL_IF,getTypeHandler,109,NO_COVERAGE,none
ResultSetWrapper.java,org.apache.ibatis.executor.resultset.ResultSetWrapper,org.pitest.mutationtest.engine.gregor.mutators.RemoveConditionalMutator_EQUAL_IF,getTypeHandler,112,NO_COVERAGE,none
ResultSetWrapper.java,org.apache.ibatis.executor.resultset.ResultSetWrapper,org.pitest.mutationtest.engine.gregor.mutators.RemoveConditionalMutator_EQUAL_IF,getTypeHandler,112,NO_COVERAGE,none
ResultSetWrapper.java,org.apache.ibatis.executor.resultset.ResultSetWrapper,org.pitest.mutationtest.engine.gregor.mutators.RemoveConditionalMutator_EQUAL_IF,getTypeHandler,114,NO_COVERAGE,none
ResultSetWrapper.java,org.apache.ibatis.executor.resultset.ResultSetWrapper,org.pitest.mutationtest.engine.gregor.mutators.RemoveConditionalMutator_EQUAL_IF,getTypeHandler,116,NO_COVERAGE,none
ResultSetWrapper.java,org.apache.ibatis.executor.resultset.ResultSetWrapper,org.pitest.mutationtest.engine.gregor.mutators.RemoveConditionalMutator_EQUAL_IF,getTypeHandler,120,NO_COVERAGE,none
ResultSetWrapper.java,org.apache.ibatis.executor.resultset.ResultSetWrapper,org.pitest.mutationtest.engine.gregor.mutators.RemoveConditionalMutator_EQUAL_IF,getTypeHandler,120,NO_COVERAGE,none
ResultSetWrapper.java,org.apache.ibatis.executor.resultset.ResultSetWrapper,org.pitest.mutationtest.engine.gregor.mutators.ReturnValsMutator,getTypeHandler,125,NO_COVERAGE,none
ResultSetWrapper.java,org.apache.ibatis.executor.resultset.ResultSetWrapper,org.pitest.mutationtest.engine.gregor.mutators.RemoveConditionalMutator_EQUAL_IF,getUnmappedColumnNames,168,KILLED,org.apache.ibatis.submitted.extend.ExtendTest.org.apache.ibatis.submitted.extend.ExtendTest
ResultSetWrapper.java,org.apache.ibatis.executor.resultset.ResultSetWrapper,org.pitest.mutationtest.engine.gregor.mutators.NonVoidMethodCallMutator,loadMappedAndUnmappedColumnNames,143,SURVIVED,none
ResultSetWrapper.java,org.apache.ibatis.executor.resultset.ResultSetWrapper,org.pitest.mutationtest.engine.gregor.mutators.RemoveConditionalMutator_EQUAL_IF,loadMappedAndUnmappedColumnNames,143,KILLED,org.apache.ibatis.submitted.extend.ExtendTest.org.apache.ibatis.submitted.extend.ExtendTest
ResultSetWrapper.java,org.apache.ibatis.executor.resultset.ResultSetWrapper,org.pitest.mutationtest.engine.gregor.mutators.ConstructorCallMutator,prependPrefixes,183,NO_COVERAGE,none
ResultSetWrapper.java,org.apache.ibatis.executor.resultset.ResultSetWrapper,org.pitest.mutationtest.engine.gregor.mutators.ConstructorCallMutator,prependPrefixes,185,NO_COVERAGE,none
ResultSetWrapper.java,org.apache.ibatis.executor.resultset.ResultSetWrapper,org.pitest.mutationtest.engine.gregor.mutators.NegateConditionalsMutator,prependPrefixes,184,NO_COVERAGE,none
ResultSetWrapper.java,org.apache.ibatis.executor.resultset.ResultSetWrapper,org.pitest.mutationtest.engine.gregor.mutators.NonVoidMethodCallMutator,prependPrefixes,184,NO_COVERAGE,none
ResultSetWrapper.java,org.apache.ibatis.executor.resultset.ResultSetWrapper,org.pitest.mutationtest.engine.gregor.mutators.NonVoidMethodCallMutator,prependPrefixes,184,NO_COVERAGE,none
ResultSetWrapper.java,org.apache.ibatis.executor.resultset.ResultSetWrapper,org.pitest.mutationtest.engine.gregor.mutators.NonVoidMethodCallMutator,prependPrefixes,185,NO_COVERAGE,none
ResultSetWrapper.java,org.apache.ibatis.executor.resultset.ResultSetWrapper,org.pitest.mutationtest.engine.gregor.mutators.NonVoidMethodCallMutator,prependPrefixes,185,NO_COVERAGE,none
ResultSetWrapper.java,org.apache.ibatis.executor.resultset.ResultSetWrapper,org.pitest.mutationtest.engine.gregor.mutators.NonVoidMethodCallMutator,prependPrefixes,185,NO_COVERAGE,none
ResultSetWrapper.java,org.apache.ibatis.executor.resultset.ResultSetWrapper,org.pitest.mutationtest.engine.gregor.mutators.NonVoidMethodCallMutator,prependPrefixes,185,NO_COVERAGE,none
ResultSetWrapper.java,org.apache.ibatis.executor.resultset.ResultSetWrapper,org.pitest.mutationtest.engine.gregor.mutators.RemoveConditionalMutator_EQUAL_ELSE,prependPrefixes,184,NO_COVERAGE,none
ResultSetWrapper.java,org.apache.ibatis.executor.resultset.ResultSetWrapper,org.pitest.mutationtest.engine.gregor.mutators.RemoveConditionalMutator_EQUAL_IF,prependPrefixes,184,NO_COVERAGE,none
ResultSetWrapper.java,org.apache.ibatis.executor.resultset.ResultSetWrapper,org.pitest.mutationtest.engine.gregor.mutators.ReturnValsMutator,prependPrefixes,187,NO_COVERAGE,none
ResultSetWrapper.java,org.apache.ibatis.executor.resultset.ResultSetWrapper,org.pitest.mutationtest.engine.gregor.mutators.NegateConditionalsMutator,resolveClass,131,NO_COVERAGE,none
ResultSetWrapper.java,org.apache.ibatis.executor.resultset.ResultSetWrapper,org.pitest.mutationtest.engine.gregor.mutators.NonVoidMethodCallMutator,resolveClass,132,NO_COVERAGE,none
ResultSetWrapper.java,org.apache.ibatis.executor.resultset.ResultSetWrapper,org.pitest.mutationtest.engine.gregor.mutators.RemoveConditionalMutator_EQUAL_ELSE,resolveClass,131,NO_COVERAGE,none
ResultSetWrapper.java,org.apache.ibatis.executor.resultset.ResultSetWrapper,org.pitest.mutationtest.engine.gregor.mutators.RemoveConditionalMutator_EQUAL_IF,resolveClass,131,NO_COVERAGE,none
ResultSetWrapper.java,org.apache.ibatis.executor.resultset.ResultSetWrapper,org.pitest.mutationtest.engine.gregor.mutators.ReturnValsMutator,resolveClass,132,NO_COVERAGE,none
ResultSetWrapper.java,org.apache.ibatis.executor.resultset.ResultSetWrapper,org.pitest.mutationtest.engine.gregor.mutators.ReturnValsMutator,resolveClass,137,NO_COVERAGE,none
CallableStatementHandler.java,org.apache.ibatis.executor.statement.CallableStatementHandler,org.pitest.mutationtest.engine.gregor.mutators.VoidMethodCallMutator,batch,61,NO_COVERAGE,none
CallableStatementHandler.java,org.apache.ibatis.executor.statement.CallableStatementHandler,org.pitest.mutationtest.engine.gregor.mutators.InlineConstantMutator,instantiateStatement,86,NO_COVERAGE,none
CallableStatementHandler.java,org.apache.ibatis.executor.statement.CallableStatementHandler,org.pitest.mutationtest.engine.gregor.mutators.NegateConditionalsMutator,instantiateStatement,85,NO_COVERAGE,none
CallableStatementHandler.java,org.apache.ibatis.executor.statement.CallableStatementHandler,org.pitest.mutationtest.engine.gregor.mutators.NonVoidMethodCallMutator,instantiateStatement,84,NO_COVERAGE,none
CallableStatementHandler.java,org.apache.ibatis.executor.statement.CallableStatementHandler,org.pitest.mutationtest.engine.gregor.mutators.NonVoidMethodCallMutator,instantiateStatement,85,NO_COVERAGE,none
CallableStatementHandler.java,org.apache.ibatis.executor.statement.CallableStatementHandler,org.pitest.mutationtest.engine.gregor.mutators.NonVoidMethodCallMutator,instantiateStatement,86,NO_COVERAGE,none
CallableStatementHandler.java,org.apache.ibatis.executor.statement.CallableStatementHandler,org.pitest.mutationtest.engine.gregor.mutators.NonVoidMethodCallMutator,instantiateStatement,86,NO_COVERAGE,none
CallableStatementHandler.java,org.apache.ibatis.executor.statement.CallableStatementHandler,org.pitest.mutationtest.engine.gregor.mutators.NonVoidMethodCallMutator,instantiateStatement,86,NO_COVERAGE,none
CallableStatementHandler.java,org.apache.ibatis.executor.statement.CallableStatementHandler,org.pitest.mutationtest.engine.gregor.mutators.NonVoidMethodCallMutator,instantiateStatement,88,NO_COVERAGE,none
CallableStatementHandler.java,org.apache.ibatis.executor.statement.CallableStatementHandler,org.pitest.mutationtest.engine.gregor.mutators.RemoveConditionalMutator_EQUAL_ELSE,instantiateStatement,85,NO_COVERAGE,none
CallableStatementHandler.java,org.apache.ibatis.executor.statement.CallableStatementHandler,org.pitest.mutationtest.engine.gregor.mutators.RemoveConditionalMutator_EQUAL_IF,instantiateStatement,85,NO_COVERAGE,none
CallableStatementHandler.java,org.apache.ibatis.executor.statement.CallableStatementHandler,org.pitest.mutationtest.engine.gregor.mutators.ReturnValsMutator,instantiateStatement,86,NO_COVERAGE,none
CallableStatementHandler.java,org.apache.ibatis.executor.statement.CallableStatementHandler,org.pitest.mutationtest.engine.gregor.mutators.ReturnValsMutator,instantiateStatement,88,NO_COVERAGE,none
CallableStatementHandler.java,org.apache.ibatis.executor.statement.CallableStatementHandler,org.pitest.mutationtest.engine.gregor.mutators.VoidMethodCallMutator,parameterize,94,NO_COVERAGE,none
CallableStatementHandler.java,org.apache.ibatis.executor.statement.CallableStatementHandler,org.pitest.mutationtest.engine.gregor.mutators.VoidMethodCallMutator,parameterize,95,NO_COVERAGE,none
CallableStatementHandler.java,org.apache.ibatis.executor.statement.CallableStatementHandler,org.pitest.mutationtest.engine.gregor.mutators.NonVoidMethodCallMutator,query,67,NO_COVERAGE,none
CallableStatementHandler.java,org.apache.ibatis.executor.statement.CallableStatementHandler,org.pitest.mutationtest.engine.gregor.mutators.NonVoidMethodCallMutator,query,68,NO_COVERAGE,none
CallableStatementHandler.java,org.apache.ibatis.executor.statement.CallableStatementHandler,org.pitest.mutationtest.engine.gregor.mutators.ReturnValsMutator,query,70,NO_COVERAGE,none
CallableStatementHandler.java,org.apache.ibatis.executor.statement.CallableStatementHandler,org.pitest.mutationtest.engine.gregor.mutators.VoidMethodCallMutator,query,69,NO_COVERAGE,none
CallableStatementHandler.java,org.apache.ibatis.executor.statement.CallableStatementHandler,org.pitest.mutationtest.engine.gregor.mutators.NonVoidMethodCallMutator,queryCursor,76,NO_COVERAGE,none
CallableStatementHandler.java,org.apache.ibatis.executor.statement.CallableStatementHandler,org.pitest.mutationtest.engine.gregor.mutators.NonVoidMethodCallMutator,queryCursor,77,NO_COVERAGE,none
CallableStatementHandler.java,org.apache.ibatis.executor.statement.CallableStatementHandler,org.pitest.mutationtest.engine.gregor.mutators.ReturnValsMutator,queryCursor,79,NO_COVERAGE,none
CallableStatementHandler.java,org.apache.ibatis.executor.statement.CallableStatementHandler,org.pitest.mutationtest.engine.gregor.mutators.VoidMethodCallMutator,queryCursor,78,NO_COVERAGE,none
CallableStatementHandler.java,org.apache.ibatis.executor.statement.CallableStatementHandler,org.pitest.mutationtest.engine.gregor.mutators.ConditionalsBoundaryMutator,registerOutputParameters,100,NO_COVERAGE,none
CallableStatementHandler.java,org.apache.ibatis.executor.statement.CallableStatementHandler,org.pitest.mutationtest.engine.gregor.mutators.ConstructorCallMutator,registerOutputParameters,104,NO_COVERAGE,none
CallableStatementHandler.java,org.apache.ibatis.executor.statement.CallableStatementHandler,org.pitest.mutationtest.engine.gregor.mutators.ConstructorCallMutator,registerOutputParameters,104,NO_COVERAGE,none
CallableStatementHandler.java,org.apache.ibatis.executor.statement.CallableStatementHandler,org.pitest.mutationtest.engine.gregor.mutators.IncrementsMutator,registerOutputParameters,100,NO_COVERAGE,none
CallableStatementHandler.java,org.apache.ibatis.executor.statement.CallableStatementHandler,org.pitest.mutationtest.engine.gregor.mutators.InlineConstantMutator,registerOutputParameters,100,NO_COVERAGE,none
CallableStatementHandler.java,org.apache.ibatis.executor.statement.CallableStatementHandler,org.pitest.mutationtest.engine.gregor.mutators.InlineConstantMutator,registerOutputParameters,107,NO_COVERAGE,none
CallableStatementHandler.java,org.apache.ibatis.executor.statement.CallableStatementHandler,org.pitest.mutationtest.engine.gregor.mutators.InlineConstantMutator,registerOutputParameters,110,NO_COVERAGE,none
CallableStatementHandler.java,org.apache.ibatis.executor.statement.CallableStatementHandler,org.pitest.mutationtest.engine.gregor.mutators.InlineConstantMutator,registerOutputParameters,112,NO_COVERAGE,none
CallableStatementHandler.java,org.apache.ibatis.executor.statement.CallableStatementHandler,org.pitest.mutationtest.engine.gregor.mutators.MathMutator,registerOutputParameters,107,NO_COVERAGE,none
CallableStatementHandler.java,org.apache.ibatis.executor.statement.CallableStatementHandler,org.pitest.mutationtest.engine.gregor.mutators.MathMutator,registerOutputParameters,110,NO_COVERAGE,none
CallableStatementHandler.java,org.apache.ibatis.executor.statement.CallableStatementHandler,org.pitest.mutationtest.engine.gregor.mutators.MathMutator,registerOutputParameters,112,NO_COVERAGE,none
CallableStatementHandler.java,org.apache.ibatis.executor.statement.CallableStatementHandler,org.pitest.mutationtest.engine.gregor.mutators.NegateConditionalsMutator,registerOutputParameters,100,NO_COVERAGE,none
CallableStatementHandler.java,org.apache.ibatis.executor.statement.CallableStatementHandler,org.pitest.mutationtest.engine.gregor.mutators.NegateConditionalsMutator,registerOutputParameters,102,NO_COVERAGE,none
CallableStatementHandler.java,org.apache.ibatis.executor.statement.CallableStatementHandler,org.pitest.mutationtest.engine.gregor.mutators.NegateConditionalsMutator,registerOutputParameters,102,NO_COVERAGE,none
CallableStatementHandler.java,org.apache.ibatis.executor.statement.CallableStatementHandler,org.pitest.mutationtest.engine.gregor.mutators.NegateConditionalsMutator,registerOutputParameters,103,NO_COVERAGE,none
CallableStatementHandler.java,org.apache.ibatis.executor.statement.CallableStatementHandler,org.pitest.mutationtest.engine.gregor.mutators.NegateConditionalsMutator,registerOutputParameters,106,NO_COVERAGE,none
CallableStatementHandler.java,org.apache.ibatis.executor.statement.CallableStatementHandler,org.pitest.mutationtest.engine.gregor.mutators.NegateConditionalsMutator,registerOutputParameters,106,NO_COVERAGE,none
CallableStatementHandler.java,org.apache.ibatis.executor.statement.CallableStatementHandler,org.pitest.mutationtest.engine.gregor.mutators.NegateConditionalsMutator,registerOutputParameters,106,NO_COVERAGE,none
CallableStatementHandler.java,org.apache.ibatis.executor.statement.CallableStatementHandler,org.pitest.mutationtest.engine.gregor.mutators.NegateConditionalsMutator,registerOutputParameters,109,NO_COVERAGE,none
CallableStatementHandler.java,org.apache.ibatis.executor.statement.CallableStatementHandler,org.pitest.mutationtest.engine.gregor.mutators.NonVoidMethodCallMutator,registerOutputParameters,99,NO_COVERAGE,none
CallableStatementHandler.java,org.apache.ibatis.executor.statement.CallableStatementHandler,org.pitest.mutationtest.engine.gregor.mutators.NonVoidMethodCallMutator,registerOutputParameters,100,NO_COVERAGE,none
CallableStatementHandler.java,org.apache.ibatis.executor.statement.CallableStatementHandler,org.pitest.mutationtest.engine.gregor.mutators.NonVoidMethodCallMutator,registerOutputParameters,101,NO_COVERAGE,none
CallableStatementHandler.java,org.apache.ibatis.executor.statement.CallableStatementHandler,org.pitest.mutationtest.engine.gregor.mutators.NonVoidMethodCallMutator,registerOutputParameters,102,NO_COVERAGE,none
CallableStatementHandler.java,org.apache.ibatis.executor.statement.CallableStatementHandler,org.pitest.mutationtest.engine.gregor.mutators.NonVoidMethodCallMutator,registerOutputParameters,102,NO_COVERAGE,none
CallableStatementHandler.java,org.apache.ibatis.executor.statement.CallableStatementHandler,org.pitest.mutationtest.engine.gregor.mutators.NonVoidMethodCallMutator,registerOutputParameters,103,NO_COVERAGE,none
CallableStatementHandler.java,org.apache.ibatis.executor.statement.CallableStatementHandler,org.pitest.mutationtest.engine.gregor.mutators.NonVoidMethodCallMutator,registerOutputParameters,104,NO_COVERAGE,none
CallableStatementHandler.java,org.apache.ibatis.executor.statement.CallableStatementHandler,org.pitest.mutationtest.engine.gregor.mutators.NonVoidMethodCallMutator,registerOutputParameters,104,NO_COVERAGE,none
CallableStatementHandler.java,org.apache.ibatis.executor.statement.CallableStatementHandler,org.pitest.mutationtest.engine.gregor.mutators.NonVoidMethodCallMutator,registerOutputParameters,104,NO_COVERAGE,none
CallableStatementHandler.java,org.apache.ibatis.executor.statement.CallableStatementHandler,org.pitest.mutationtest.engine.gregor.mutators.NonVoidMethodCallMutator,registerOutputParameters,104,NO_COVERAGE,none
CallableStatementHandler.java,org.apache.ibatis.executor.statement.CallableStatementHandler,org.pitest.mutationtest.engine.gregor.mutators.NonVoidMethodCallMutator,registerOutputParameters,106,NO_COVERAGE,none
CallableStatementHandler.java,org.apache.ibatis.executor.statement.CallableStatementHandler,org.pitest.mutationtest.engine.gregor.mutators.NonVoidMethodCallMutator,registerOutputParameters,106,NO_COVERAGE,none
CallableStatementHandler.java,org.apache.ibatis.executor.statement.CallableStatementHandler,org.pitest.mutationtest.engine.gregor.mutators.NonVoidMethodCallMutator,registerOutputParameters,106,NO_COVERAGE,none
CallableStatementHandler.java,org.apache.ibatis.executor.statement.CallableStatementHandler,org.pitest.mutationtest.engine.gregor.mutators.NonVoidMethodCallMutator,registerOutputParameters,107,NO_COVERAGE,none
CallableStatementHandler.java,org.apache.ibatis.executor.statement.CallableStatementHandler,org.pitest.mutationtest.engine.gregor.mutators.NonVoidMethodCallMutator,registerOutputParameters,107,NO_COVERAGE,none
CallableStatementHandler.java,org.apache.ibatis.executor.statement.CallableStatementHandler,org.pitest.mutationtest.engine.gregor.mutators.NonVoidMethodCallMutator,registerOutputParameters,107,NO_COVERAGE,none
CallableStatementHandler.java,org.apache.ibatis.executor.statement.CallableStatementHandler,org.pitest.mutationtest.engine.gregor.mutators.NonVoidMethodCallMutator,registerOutputParameters,109,NO_COVERAGE,none
CallableStatementHandler.java,org.apache.ibatis.executor.statement.CallableStatementHandler,org.pitest.mutationtest.engine.gregor.mutators.NonVoidMethodCallMutator,registerOutputParameters,110,NO_COVERAGE,none
CallableStatementHandler.java,org.apache.ibatis.executor.statement.CallableStatementHandler,org.pitest.mutationtest.engine.gregor.mutators.NonVoidMethodCallMutator,registerOutputParameters,112,NO_COVERAGE,none
CallableStatementHandler.java,org.apache.ibatis.executor.statement.CallableStatementHandler,org.pitest.mutationtest.engine.gregor.mutators.NonVoidMethodCallMutator,registerOutputParameters,112,NO_COVERAGE,none
CallableStatementHandler.java,org.apache.ibatis.executor.statement.CallableStatementHandler,org.pitest.mutationtest.engine.gregor.mutators.RemoveConditionalMutator_EQUAL_ELSE,registerOutputParameters,102,NO_COVERAGE,none
CallableStatementHandler.java,org.apache.ibatis.executor.statement.CallableStatementHandler,org.pitest.mutationtest.engine.gregor.mutators.RemoveConditionalMutator_EQUAL_ELSE,registerOutputParameters,102,NO_COVERAGE,none
CallableStatementHandler.java,org.apache.ibatis.executor.statement.CallableStatementHandler,org.pitest.mutationtest.engine.gregor.mutators.RemoveConditionalMutator_EQUAL_ELSE,registerOutputParameters,103,NO_COVERAGE,none
CallableStatementHandler.java,org.apache.ibatis.executor.statement.CallableStatementHandler,org.pitest.mutationtest.engine.gregor.mutators.RemoveConditionalMutator_EQUAL_ELSE,registerOutputParameters,106,NO_COVERAGE,none
CallableStatementHandler.java,org.apache.ibatis.executor.statement.CallableStatementHandler,org.pitest.mutationtest.engine.gregor.mutators.RemoveConditionalMutator_EQUAL_ELSE,registerOutputParameters,106,NO_COVERAGE,none
CallableStatementHandler.java,org.apache.ibatis.executor.statement.CallableStatementHandler,org.pitest.mutationtest.engine.gregor.mutators.RemoveConditionalMutator_EQUAL_ELSE,registerOutputParameters,106,NO_COVERAGE,none
CallableStatementHandler.java,org.apache.ibatis.executor.statement.CallableStatementHandler,org.pitest.mutationtest.engine.gregor.mutators.RemoveConditionalMutator_EQUAL_ELSE,registerOutputParameters,109,NO_COVERAGE,none
CallableStatementHandler.java,org.apache.ibatis.executor.statement.CallableStatementHandler,org.pitest.mutationtest.engine.gregor.mutators.RemoveConditionalMutator_EQUAL_IF,registerOutputParameters,102,NO_COVERAGE,none
CallableStatementHandler.java,org.apache.ibatis.executor.statement.CallableStatementHandler,org.pitest.mutationtest.engine.gregor.mutators.RemoveConditionalMutator_EQUAL_IF,registerOutputParameters,102,NO_COVERAGE,none
CallableStatementHandler.java,org.apache.ibatis.executor.statement.CallableStatementHandler,org.pitest.mutationtest.engine.gregor.mutators.RemoveConditionalMutator_EQUAL_IF,registerOutputParameters,103,NO_COVERAGE,none
CallableStatementHandler.java,org.apache.ibatis.executor.statement.CallableStatementHandler,org.pitest.mutationtest.engine.gregor.mutators.RemoveConditionalMutator_EQUAL_IF,registerOutputParameters,106,NO_COVERAGE,none
CallableStatementHandler.java,org.apache.ibatis.executor.statement.CallableStatementHandler,org.pitest.mutationtest.engine.gregor.mutators.RemoveConditionalMutator_EQUAL_IF,registerOutputParameters,106,NO_COVERAGE,none
CallableStatementHandler.java,org.apache.ibatis.executor.statement.CallableStatementHandler,org.pitest.mutationtest.engine.gregor.mutators.RemoveConditionalMutator_EQUAL_IF,registerOutputParameters,106,NO_COVERAGE,none
CallableStatementHandler.java,org.apache.ibatis.executor.statement.CallableStatementHandler,org.pitest.mutationtest.engine.gregor.mutators.RemoveConditionalMutator_EQUAL_IF,registerOutputParameters,109,NO_COVERAGE,none
CallableStatementHandler.java,org.apache.ibatis.executor.statement.CallableStatementHandler,org.pitest.mutationtest.engine.gregor.mutators.RemoveConditionalMutator_ORDER_ELSE,registerOutputParameters,100,NO_COVERAGE,none
CallableStatementHandler.java,org.apache.ibatis.executor.statement.CallableStatementHandler,org.pitest.mutationtest.engine.gregor.mutators.RemoveConditionalMutator_ORDER_IF,registerOutputParameters,100,NO_COVERAGE,none
CallableStatementHandler.java,org.apache.ibatis.executor.statement.CallableStatementHandler,org.pitest.mutationtest.engine.gregor.mutators.VoidMethodCallMutator,registerOutputParameters,107,NO_COVERAGE,none
CallableStatementHandler.java,org.apache.ibatis.executor.statement.CallableStatementHandler,org.pitest.mutationtest.engine.gregor.mutators.VoidMethodCallMutator,registerOutputParameters,110,NO_COVERAGE,none
CallableStatementHandler.java,org.apache.ibatis.executor.statement.CallableStatementHandler,org.pitest.mutationtest.engine.gregor.mutators.VoidMethodCallMutator,registerOutputParameters,112,NO_COVERAGE,none
CallableStatementHandler.java,org.apache.ibatis.executor.statement.CallableStatementHandler,org.pitest.mutationtest.engine.gregor.mutators.NonVoidMethodCallMutator,update,49,NO_COVERAGE,none
CallableStatementHandler.java,org.apache.ibatis.executor.statement.CallableStatementHandler,org.pitest.mutationtest.engine.gregor.mutators.NonVoidMethodCallMutator,update,50,NO_COVERAGE,none
CallableStatementHandler.java,org.apache.ibatis.executor.statement.CallableStatementHandler,org.pitest.mutationtest.engine.gregor.mutators.NonVoidMethodCallMutator,update,51,NO_COVERAGE,none
CallableStatementHandler.java,org.apache.ibatis.executor.statement.CallableStatementHandler,org.pitest.mutationtest.engine.gregor.mutators.NonVoidMethodCallMutator,update,52,NO_COVERAGE,none
CallableStatementHandler.java,org.apache.ibatis.executor.statement.CallableStatementHandler,org.pitest.mutationtest.engine.gregor.mutators.ReturnValsMutator,update,55,NO_COVERAGE,none
CallableStatementHandler.java,org.apache.ibatis.executor.statement.CallableStatementHandler,org.pitest.mutationtest.engine.gregor.mutators.VoidMethodCallMutator,update,53,NO_COVERAGE,none
CallableStatementHandler.java,org.apache.ibatis.executor.statement.CallableStatementHandler,org.pitest.mutationtest.engine.gregor.mutators.VoidMethodCallMutator,update,54,NO_COVERAGE,none
ResultMapping.java,org.apache.ibatis.mapping.ResultMapping,org.pitest.mutationtest.engine.gregor.mutators.InlineConstantMutator,equals,257,NO_COVERAGE,none
ResultMapping.java,org.apache.ibatis.mapping.ResultMapping,org.pitest.mutationtest.engine.gregor.mutators.InlineConstantMutator,equals,260,NO_COVERAGE,none
ResultMapping.java,org.apache.ibatis.mapping.ResultMapping,org.pitest.mutationtest.engine.gregor.mutators.InlineConstantMutator,equals,266,NO_COVERAGE,none
ResultMapping.java,org.apache.ibatis.mapping.ResultMapping,org.pitest.mutationtest.engine.gregor.mutators.InlineConstantMutator,equals,269,KILLED,org.apache.ibatis.submitted.extend.ExtendTest.org.apache.ibatis.submitted.extend.ExtendTest
ResultMapping.java,org.apache.ibatis.mapping.ResultMapping,org.pitest.mutationtest.engine.gregor.mutators.NegateConditionalsMutator,equals,256,KILLED,org.apache.ibatis.submitted.extend.ExtendTest.org.apache.ibatis.submitted.extend.ExtendTest
ResultMapping.java,org.apache.ibatis.mapping.ResultMapping,org.pitest.mutationtest.engine.gregor.mutators.NegateConditionalsMutator,equals,259,KILLED,org.apache.ibatis.submitted.extend.ExtendTest.org.apache.ibatis.submitted.extend.ExtendTest
ResultMapping.java,org.apache.ibatis.mapping.ResultMapping,org.pitest.mutationtest.engine.gregor.mutators.NegateConditionalsMutator,equals,259,KILLED,org.apache.ibatis.submitted.extend.ExtendTest.org.apache.ibatis.submitted.extend.ExtendTest
ResultMapping.java,org.apache.ibatis.mapping.ResultMapping,org.pitest.mutationtest.engine.gregor.mutators.NegateConditionalsMutator,equals,265,KILLED,org.apache.ibatis.submitted.extend.ExtendTest.org.apache.ibatis.submitted.extend.ExtendTest
ResultMapping.java,org.apache.ibatis.mapping.ResultMapping,org.pitest.mutationtest.engine.gregor.mutators.NegateConditionalsMutator,equals,265,KILLED,org.apache.ibatis.submitted.extend.ExtendTest.org.apache.ibatis.submitted.extend.ExtendTest
ResultMapping.java,org.apache.ibatis.mapping.ResultMapping,org.pitest.mutationtest.engine.gregor.mutators.NonVoidMethodCallMutator,equals,259,KILLED,org.apache.ibatis.submitted.extend.ExtendTest.org.apache.ibatis.submitted.extend.ExtendTest
ResultMapping.java,org.apache.ibatis.mapping.ResultMapping,org.pitest.mutationtest.engine.gregor.mutators.NonVoidMethodCallMutator,equals,259,KILLED,org.apache.ibatis.submitted.extend.ExtendTest.org.apache.ibatis.submitted.extend.ExtendTest
ResultMapping.java,org.apache.ibatis.mapping.ResultMapping,org.pitest.mutationtest.engine.gregor.mutators.NonVoidMethodCallMutator,equals,265,KILLED,org.apache.ibatis.submitted.extend.ExtendTest.org.apache.ibatis.submitted.extend.ExtendTest
ResultMapping.java,org.apache.ibatis.mapping.ResultMapping,org.pitest.mutationtest.engine.gregor.mutators.RemoveConditionalMutator_EQUAL_ELSE,equals,256,KILLED,org.apache.ibatis.submitted.extend.ExtendTest.org.apache.ibatis.submitted.extend.ExtendTest
ResultMapping.java,org.apache.ibatis.mapping.ResultMapping,org.pitest.mutationtest.engine.gregor.mutators.RemoveConditionalMutator_EQUAL_ELSE,equals,259,KILLED,org.apache.ibatis.submitted.extend.ExtendTest.org.apache.ibatis.submitted.extend.ExtendTest
ResultMapping.java,org.apache.ibatis.mapping.ResultMapping,org.pitest.mutationtest.engine.gregor.mutators.RemoveConditionalMutator_EQUAL_ELSE,equals,259,KILLED,org.apache.ibatis.submitted.extend.ExtendTest.org.apache.ibatis.submitted.extend.ExtendTest
ResultMapping.java,org.apache.ibatis.mapping.ResultMapping,org.pitest.mutationtest.engine.gregor.mutators.RemoveConditionalMutator_EQUAL_ELSE,equals,265,KILLED,org.apache.ibatis.submitted.extend.ExtendTest.org.apache.ibatis.submitted.extend.ExtendTest
ResultMapping.java,org.apache.ibatis.mapping.ResultMapping,org.pitest.mutationtest.engine.gregor.mutators.RemoveConditionalMutator_EQUAL_ELSE,equals,265,KILLED,org.apache.ibatis.submitted.extend.ExtendTest.org.apache.ibatis.submitted.extend.ExtendTest
ResultMapping.java,org.apache.ibatis.mapping.ResultMapping,org.pitest.mutationtest.engine.gregor.mutators.RemoveConditionalMutator_EQUAL_IF,equals,256,SURVIVED,none
ResultMapping.java,org.apache.ibatis.mapping.ResultMapping,org.pitest.mutationtest.engine.gregor.mutators.RemoveConditionalMutator_EQUAL_IF,equals,259,KILLED,org.apache.ibatis.submitted.extend.ExtendTest.org.apache.ibatis.submitted.extend.ExtendTest
ResultMapping.java,org.apache.ibatis.mapping.ResultMapping,org.pitest.mutationtest.engine.gregor.mutators.RemoveConditionalMutator_EQUAL_IF,equals,259,KILLED,org.apache.ibatis.submitted.extend.ExtendTest.org.apache.ibatis.submitted.extend.ExtendTest
ResultMapping.java,org.apache.ibatis.mapping.ResultMapping,org.pitest.mutationtest.engine.gregor.mutators.RemoveConditionalMutator_EQUAL_IF,equals,265,KILLED,org.apache.ibatis.submitted.extend.ExtendTest.org.apache.ibatis.submitted.extend.ExtendTest
ResultMapping.java,org.apache.ibatis.mapping.ResultMapping,org.pitest.mutationtest.engine.gregor.mutators.RemoveConditionalMutator_EQUAL_IF,equals,265,KILLED,org.apache.ibatis.submitted.extend.ExtendTest.org.apache.ibatis.submitted.extend.ExtendTest
ResultMapping.java,org.apache.ibatis.mapping.ResultMapping,org.pitest.mutationtest.engine.gregor.mutators.ReturnValsMutator,equals,257,NO_COVERAGE,none
ResultMapping.java,org.apache.ibatis.mapping.ResultMapping,org.pitest.mutationtest.engine.gregor.mutators.ReturnValsMutator,equals,260,NO_COVERAGE,none
ResultMapping.java,org.apache.ibatis.mapping.ResultMapping,org.pitest.mutationtest.engine.gregor.mutators.ReturnValsMutator,equals,266,NO_COVERAGE,none
ResultMapping.java,org.apache.ibatis.mapping.ResultMapping,org.pitest.mutationtest.engine.gregor.mutators.ReturnValsMutator,equals,269,KILLED,org.apache.ibatis.submitted.extend.ExtendTest.org.apache.ibatis.submitted.extend.ExtendTest
ResultMapping.java,org.apache.ibatis.mapping.ResultMapping,org.pitest.mutationtest.engine.gregor.mutators.ReturnValsMutator,getColumnPrefix,219,NO_COVERAGE,none
ResultMapping.java,org.apache.ibatis.mapping.ResultMapping,org.pitest.mutationtest.engine.gregor.mutators.ReturnValsMutator,getForeignColumn,239,NO_COVERAGE,none
ResultMapping.java,org.apache.ibatis.mapping.ResultMapping,org.pitest.mutationtest.engine.gregor.mutators.ReturnValsMutator,getJdbcType,199,NO_COVERAGE,none
ResultMapping.java,org.apache.ibatis.mapping.ResultMapping,org.pitest.mutationtest.engine.gregor.mutators.InlineConstantMutator,hashCode,279,NO_COVERAGE,none
ResultMapping.java,org.apache.ibatis.mapping.ResultMapping,org.pitest.mutationtest.engine.gregor.mutators.NegateConditionalsMutator,hashCode,274,NO_COVERAGE,none
ResultMapping.java,org.apache.ibatis.mapping.ResultMapping,org.pitest.mutationtest.engine.gregor.mutators.NegateConditionalsMutator,hashCode,276,NO_COVERAGE,none
ResultMapping.java,org.apache.ibatis.mapping.ResultMapping,org.pitest.mutationtest.engine.gregor.mutators.NonVoidMethodCallMutator,hashCode,275,NO_COVERAGE,none
ResultMapping.java,org.apache.ibatis.mapping.ResultMapping,org.pitest.mutationtest.engine.gregor.mutators.NonVoidMethodCallMutator,hashCode,277,NO_COVERAGE,none
ResultMapping.java,org.apache.ibatis.mapping.ResultMapping,org.pitest.mutationtest.engine.gregor.mutators.RemoveConditionalMutator_EQUAL_ELSE,hashCode,274,NO_COVERAGE,none
ResultMapping.java,org.apache.ibatis.mapping.ResultMapping,org.pitest.mutationtest.engine.gregor.mutators.RemoveConditionalMutator_EQUAL_ELSE,hashCode,276,NO_COVERAGE,none
ResultMapping.java,org.apache.ibatis.mapping.ResultMapping,org.pitest.mutationtest.engine.gregor.mutators.RemoveConditionalMutator_EQUAL_IF,hashCode,274,NO_COVERAGE,none
ResultMapping.java,org.apache.ibatis.mapping.ResultMapping,org.pitest.mutationtest.engine.gregor.mutators.RemoveConditionalMutator_EQUAL_IF,hashCode,276,NO_COVERAGE,none
ResultMapping.java,org.apache.ibatis.mapping.ResultMapping,org.pitest.mutationtest.engine.gregor.mutators.ReturnValsMutator,hashCode,275,NO_COVERAGE,none
ResultMapping.java,org.apache.ibatis.mapping.ResultMapping,org.pitest.mutationtest.engine.gregor.mutators.ReturnValsMutator,hashCode,277,NO_COVERAGE,none
ResultMapping.java,org.apache.ibatis.mapping.ResultMapping,org.pitest.mutationtest.engine.gregor.mutators.ReturnValsMutator,hashCode,279,NO_COVERAGE,none
ResultMapping.java,org.apache.ibatis.mapping.ResultMapping,org.pitest.mutationtest.engine.gregor.mutators.experimental.MemberVariableMutator,setForeignColumn,243,NO_COVERAGE,none
ResultMapping.java,org.apache.ibatis.mapping.ResultMapping,org.pitest.mutationtest.engine.gregor.mutators.experimental.MemberVariableMutator,setLazy,251,NO_COVERAGE,none
ResultMapping.java,org.apache.ibatis.mapping.ResultMapping,org.pitest.mutationtest.engine.gregor.mutators.ConstructorCallMutator,toString,285,NO_COVERAGE,none
ResultMapping.java,org.apache.ibatis.mapping.ResultMapping,org.pitest.mutationtest.engine.gregor.mutators.InlineConstantMutator,toString,287,NO_COVERAGE,none
ResultMapping.java,org.apache.ibatis.mapping.ResultMapping,org.pitest.mutationtest.engine.gregor.mutators.InlineConstantMutator,toString,288,NO_COVERAGE,none
ResultMapping.java,org.apache.ibatis.mapping.ResultMapping,org.pitest.mutationtest.engine.gregor.mutators.InlineConstantMutator,toString,292,NO_COVERAGE,none
ResultMapping.java,org.apache.ibatis.mapping.ResultMapping,org.pitest.mutationtest.engine.gregor.mutators.InlineConstantMutator,toString,293,NO_COVERAGE,none
ResultMapping.java,org.apache.ibatis.mapping.ResultMapping,org.pitest.mutationtest.engine.gregor.mutators.InlineConstantMutator,toString,295,NO_COVERAGE,none
ResultMapping.java,org.apache.ibatis.mapping.ResultMapping,org.pitest.mutationtest.engine.gregor.mutators.InlineConstantMutator,toString,298,NO_COVERAGE,none
ResultMapping.java,org.apache.ibatis.mapping.ResultMapping,org.pitest.mutationtest.engine.gregor.mutators.InlineConstantMutator,toString,299,NO_COVERAGE,none
ResultMapping.java,org.apache.ibatis.mapping.ResultMapping,org.pitest.mutationtest.engine.gregor.mutators.InlineConstantMutator,toString,301,NO_COVERAGE,none
ResultMapping.java,org.apache.ibatis.mapping.ResultMapping,org.pitest.mutationtest.engine.gregor.mutators.NonVoidMethodCallMutator,toString,287,NO_COVERAGE,none
ResultMapping.java,org.apache.ibatis.mapping.ResultMapping,org.pitest.mutationtest.engine.gregor.mutators.NonVoidMethodCallMutator,toString,287,NO_COVERAGE,none
ResultMapping.java,org.apache.ibatis.mapping.ResultMapping,org.pitest.mutationtest.engine.gregor.mutators.NonVoidMethodCallMutator,toString,287,NO_COVERAGE,none
ResultMapping.java,org.apache.ibatis.mapping.ResultMapping,org.pitest.mutationtest.engine.gregor.mutators.NonVoidMethodCallMutator,toString,288,NO_COVERAGE,none
ResultMapping.java,org.apache.ibatis.mapping.ResultMapping,org.pitest.mutationtest.engine.gregor.mutators.NonVoidMethodCallMutator,toString,288,NO_COVERAGE,none
ResultMapping.java,org.apache.ibatis.mapping.ResultMapping,org.pitest.mutationtest.engine.gregor.mutators.NonVoidMethodCallMutator,toString,288,NO_COVERAGE,none
ResultMapping.java,org.apache.ibatis.mapping.ResultMapping,org.pitest.mutationtest.engine.gregor.mutators.NonVoidMethodCallMutator,toString,289,NO_COVERAGE,none
ResultMapping.java,org.apache.ibatis.mapping.ResultMapping,org.pitest.mutationtest.engine.gregor.mutators.NonVoidMethodCallMutator,toString,289,NO_COVERAGE,none
ResultMapping.java,org.apache.ibatis.mapping.ResultMapping,org.pitest.mutationtest.engine.gregor.mutators.NonVoidMethodCallMutator,toString,290,NO_COVERAGE,none
ResultMapping.java,org.apache.ibatis.mapping.ResultMapping,org.pitest.mutationtest.engine.gregor.mutators.NonVoidMethodCallMutator,toString,290,NO_COVERAGE,none
ResultMapping.java,org.apache.ibatis.mapping.ResultMapping,org.pitest.mutationtest.engine.gregor.mutators.NonVoidMethodCallMutator,toString,292,NO_COVERAGE,none
ResultMapping.java,org.apache.ibatis.mapping.ResultMapping,org.pitest.mutationtest.engine.gregor.mutators.NonVoidMethodCallMutator,toString,292,NO_COVERAGE,none
ResultMapping.java,org.apache.ibatis.mapping.ResultMapping,org.pitest.mutationtest.engine.gregor.mutators.NonVoidMethodCallMutator,toString,292,NO_COVERAGE,none
ResultMapping.java,org.apache.ibatis.mapping.ResultMapping,org.pitest.mutationtest.engine.gregor.mutators.NonVoidMethodCallMutator,toString,293,NO_COVERAGE,none
ResultMapping.java,org.apache.ibatis.mapping.ResultMapping,org.pitest.mutationtest.engine.gregor.mutators.NonVoidMethodCallMutator,toString,293,NO_COVERAGE,none
ResultMapping.java,org.apache.ibatis.mapping.ResultMapping,org.pitest.mutationtest.engine.gregor.mutators.NonVoidMethodCallMutator,toString,293,NO_COVERAGE,none
ResultMapping.java,org.apache.ibatis.mapping.ResultMapping,org.pitest.mutationtest.engine.gregor.mutators.NonVoidMethodCallMutator,toString,294,NO_COVERAGE,none
ResultMapping.java,org.apache.ibatis.mapping.ResultMapping,org.pitest.mutationtest.engine.gregor.mutators.NonVoidMethodCallMutator,toString,294,NO_COVERAGE,none
ResultMapping.java,org.apache.ibatis.mapping.ResultMapping,org.pitest.mutationtest.engine.gregor.mutators.NonVoidMethodCallMutator,toString,295,NO_COVERAGE,none
ResultMapping.java,org.apache.ibatis.mapping.ResultMapping,org.pitest.mutationtest.engine.gregor.mutators.NonVoidMethodCallMutator,toString,295,NO_COVERAGE,none
ResultMapping.java,org.apache.ibatis.mapping.ResultMapping,org.pitest.mutationtest.engine.gregor.mutators.NonVoidMethodCallMutator,toString,295,NO_COVERAGE,none
ResultMapping.java,org.apache.ibatis.mapping.ResultMapping,org.pitest.mutationtest.engine.gregor.mutators.NonVoidMethodCallMutator,toString,296,NO_COVERAGE,none
ResultMapping.java,org.apache.ibatis.mapping.ResultMapping,org.pitest.mutationtest.engine.gregor.mutators.NonVoidMethodCallMutator,toString,296,NO_COVERAGE,none
ResultMapping.java,org.apache.ibatis.mapping.ResultMapping,org.pitest.mutationtest.engine.gregor.mutators.NonVoidMethodCallMutator,toString,297,NO_COVERAGE,none
ResultMapping.java,org.apache.ibatis.mapping.ResultMapping,org.pitest.mutationtest.engine.gregor.mutators.NonVoidMethodCallMutator,toString,297,NO_COVERAGE,none
ResultMapping.java,org.apache.ibatis.mapping.ResultMapping,org.pitest.mutationtest.engine.gregor.mutators.NonVoidMethodCallMutator,toString,298,NO_COVERAGE,none
ResultMapping.java,org.apache.ibatis.mapping.ResultMapping,org.pitest.mutationtest.engine.gregor.mutators.NonVoidMethodCallMutator,toString,298,NO_COVERAGE,none
ResultMapping.java,org.apache.ibatis.mapping.ResultMapping,org.pitest.mutationtest.engine.gregor.mutators.NonVoidMethodCallMutator,toString,298,NO_COVERAGE,none
ResultMapping.java,org.apache.ibatis.mapping.ResultMapping,org.pitest.mutationtest.engine.gregor.mutators.NonVoidMethodCallMutator,toString,299,NO_COVERAGE,none
ResultMapping.java,org.apache.ibatis.mapping.ResultMapping,org.pitest.mutationtest.engine.gregor.mutators.NonVoidMethodCallMutator,toString,299,NO_COVERAGE,none
ResultMapping.java,org.apache.ibatis.mapping.ResultMapping,org.pitest.mutationtest.engine.gregor.mutators.NonVoidMethodCallMutator,toString,299,NO_COVERAGE,none
ResultMapping.java,org.apache.ibatis.mapping.ResultMapping,org.pitest.mutationtest.engine.gregor.mutators.NonVoidMethodCallMutator,toString,300,NO_COVERAGE,none
ResultMapping.java,org.apache.ibatis.mapping.ResultMapping,org.pitest.mutationtest.engine.gregor.mutators.NonVoidMethodCallMutator,toString,300,NO_COVERAGE,none
ResultMapping.java,org.apache.ibatis.mapping.ResultMapping,org.pitest.mutationtest.engine.gregor.mutators.NonVoidMethodCallMutator,toString,301,NO_COVERAGE,none
ResultMapping.java,org.apache.ibatis.mapping.ResultMapping,org.pitest.mutationtest.engine.gregor.mutators.NonVoidMethodCallMutator,toString,302,NO_COVERAGE,none
ResultMapping.java,org.apache.ibatis.mapping.ResultMapping,org.pitest.mutationtest.engine.gregor.mutators.ReturnValsMutator,toString,302,NO_COVERAGE,none
JdbcTransaction.java,org.apache.ibatis.transaction.jdbc.JdbcTransaction,org.pitest.mutationtest.engine.gregor.mutators.experimental.MemberVariableMutator,<init>,54,NO_COVERAGE,none
JdbcTransaction.java,org.apache.ibatis.transaction.jdbc.JdbcTransaction,org.pitest.mutationtest.engine.gregor.mutators.experimental.MemberVariableMutator,<init>,48,KILLED,org.apache.ibatis.submitted.extend.ExtendTest.org.apache.ibatis.submitted.extend.ExtendTest
JdbcTransaction.java,org.apache.ibatis.transaction.jdbc.JdbcTransaction,org.pitest.mutationtest.engine.gregor.mutators.experimental.MemberVariableMutator,<init>,49,KILLED,org.apache.ibatis.submitted.extend.ExtendTest.org.apache.ibatis.submitted.extend.ExtendTest
JdbcTransaction.java,org.apache.ibatis.transaction.jdbc.JdbcTransaction,org.pitest.mutationtest.engine.gregor.mutators.ConstructorCallMutator,close,90,NO_COVERAGE,none
JdbcTransaction.java,org.apache.ibatis.transaction.jdbc.JdbcTransaction,org.pitest.mutationtest.engine.gregor.mutators.NegateConditionalsMutator,close,89,SURVIVED,none
JdbcTransaction.java,org.apache.ibatis.transaction.jdbc.JdbcTransaction,org.pitest.mutationtest.engine.gregor.mutators.NonVoidMethodCallMutator,close,89,KILLED,org.apache.ibatis.submitted.extend.ExtendTest.org.apache.ibatis.submitted.extend.ExtendTest
JdbcTransaction.java,org.apache.ibatis.transaction.jdbc.JdbcTransaction,org.pitest.mutationtest.engine.gregor.mutators.NonVoidMethodCallMutator,close,90,NO_COVERAGE,none
JdbcTransaction.java,org.apache.ibatis.transaction.jdbc.JdbcTransaction,org.pitest.mutationtest.engine.gregor.mutators.NonVoidMethodCallMutator,close,90,NO_COVERAGE,none
JdbcTransaction.java,org.apache.ibatis.transaction.jdbc.JdbcTransaction,org.pitest.mutationtest.engine.gregor.mutators.NonVoidMethodCallMutator,close,90,NO_COVERAGE,none
JdbcTransaction.java,org.apache.ibatis.transaction.jdbc.JdbcTransaction,org.pitest.mutationtest.engine.gregor.mutators.NonVoidMethodCallMutator,close,90,NO_COVERAGE,none
JdbcTransaction.java,org.apache.ibatis.transaction.jdbc.JdbcTransaction,org.pitest.mutationtest.engine.gregor.mutators.RemoveConditionalMutator_EQUAL_IF,close,89,KILLED,org.apache.ibatis.submitted.extend.ExtendTest.org.apache.ibatis.submitted.extend.ExtendTest
JdbcTransaction.java,org.apache.ibatis.transaction.jdbc.JdbcTransaction,org.pitest.mutationtest.engine.gregor.mutators.VoidMethodCallMutator,close,90,NO_COVERAGE,none
JdbcTransaction.java,org.apache.ibatis.transaction.jdbc.JdbcTransaction,org.pitest.mutationtest.engine.gregor.mutators.VoidMethodCallMutator,close,92,KILLED,org.apache.ibatis.submitted.extend.ExtendTest.org.apache.ibatis.submitted.extend.ExtendTest
JdbcTransaction.java,org.apache.ibatis.transaction.jdbc.JdbcTransaction,org.pitest.mutationtest.engine.gregor.mutators.ConstructorCallMutator,commit,69,NO_COVERAGE,none
JdbcTransaction.java,org.apache.ibatis.transaction.jdbc.JdbcTransaction,org.pitest.mutationtest.engine.gregor.mutators.NegateConditionalsMutator,commit,67,NO_COVERAGE,none
JdbcTransaction.java,org.apache.ibatis.transaction.jdbc.JdbcTransaction,org.pitest.mutationtest.engine.gregor.mutators.NegateConditionalsMutator,commit,67,NO_COVERAGE,none
JdbcTransaction.java,org.apache.ibatis.transaction.jdbc.JdbcTransaction,org.pitest.mutationtest.engine.gregor.mutators.NegateConditionalsMutator,commit,68,NO_COVERAGE,none
JdbcTransaction.java,org.apache.ibatis.transaction.jdbc.JdbcTransaction,org.pitest.mutationtest.engine.gregor.mutators.NonVoidMethodCallMutator,commit,67,NO_COVERAGE,none
JdbcTransaction.java,org.apache.ibatis.transaction.jdbc.JdbcTransaction,org.pitest.mutationtest.engine.gregor.mutators.NonVoidMethodCallMutator,commit,68,NO_COVERAGE,none
JdbcTransaction.java,org.apache.ibatis.transaction.jdbc.JdbcTransaction,org.pitest.mutationtest.engine.gregor.mutators.NonVoidMethodCallMutator,commit,69,NO_COVERAGE,none
JdbcTransaction.java,org.apache.ibatis.transaction.jdbc.JdbcTransaction,org.pitest.mutationtest.engine.gregor.mutators.NonVoidMethodCallMutator,commit,69,NO_COVERAGE,none
JdbcTransaction.java,org.apache.ibatis.transaction.jdbc.JdbcTransaction,org.pitest.mutationtest.engine.gregor.mutators.NonVoidMethodCallMutator,commit,69,NO_COVERAGE,none
JdbcTransaction.java,org.apache.ibatis.transaction.jdbc.JdbcTransaction,org.pitest.mutationtest.engine.gregor.mutators.NonVoidMethodCallMutator,commit,69,NO_COVERAGE,none
JdbcTransaction.java,org.apache.ibatis.transaction.jdbc.JdbcTransaction,org.pitest.mutationtest.engine.gregor.mutators.RemoveConditionalMutator_EQUAL_ELSE,commit,67,NO_COVERAGE,none
JdbcTransaction.java,org.apache.ibatis.transaction.jdbc.JdbcTransaction,org.pitest.mutationtest.engine.gregor.mutators.RemoveConditionalMutator_EQUAL_ELSE,commit,67,NO_COVERAGE,none
JdbcTransaction.java,org.apache.ibatis.transaction.jdbc.JdbcTransaction,org.pitest.mutationtest.engine.gregor.mutators.RemoveConditionalMutator_EQUAL_ELSE,commit,68,NO_COVERAGE,none
JdbcTransaction.java,org.apache.ibatis.transaction.jdbc.JdbcTransaction,org.pitest.mutationtest.engine.gregor.mutators.RemoveConditionalMutator_EQUAL_IF,commit,67,NO_COVERAGE,none
JdbcTransaction.java,org.apache.ibatis.transaction.jdbc.JdbcTransaction,org.pitest.mutationtest.engine.gregor.mutators.RemoveConditionalMutator_EQUAL_IF,commit,67,NO_COVERAGE,none
JdbcTransaction.java,org.apache.ibatis.transaction.jdbc.JdbcTransaction,org.pitest.mutationtest.engine.gregor.mutators.RemoveConditionalMutator_EQUAL_IF,commit,68,NO_COVERAGE,none
JdbcTransaction.java,org.apache.ibatis.transaction.jdbc.JdbcTransaction,org.pitest.mutationtest.engine.gregor.mutators.VoidMethodCallMutator,commit,69,NO_COVERAGE,none
JdbcTransaction.java,org.apache.ibatis.transaction.jdbc.JdbcTransaction,org.pitest.mutationtest.engine.gregor.mutators.VoidMethodCallMutator,commit,71,NO_COVERAGE,none
JdbcTransaction.java,org.apache.ibatis.transaction.jdbc.JdbcTransaction,org.pitest.mutationtest.engine.gregor.mutators.NegateConditionalsMutator,getConnection,59,KILLED,org.apache.ibatis.submitted.extend.ExtendTest.org.apache.ibatis.submitted.extend.ExtendTest
JdbcTransaction.java,org.apache.ibatis.transaction.jdbc.JdbcTransaction,org.pitest.mutationtest.engine.gregor.mutators.RemoveConditionalMutator_EQUAL_ELSE,getConnection,59,KILLED,org.apache.ibatis.submitted.extend.ExtendTest.org.apache.ibatis.submitted.extend.ExtendTest
JdbcTransaction.java,org.apache.ibatis.transaction.jdbc.JdbcTransaction,org.pitest.mutationtest.engine.gregor.mutators.NonVoidMethodCallMutator,openConnection,138,KILLED,org.apache.ibatis.submitted.extend.ExtendTest.org.apache.ibatis.submitted.extend.ExtendTest
JdbcTransaction.java,org.apache.ibatis.transaction.jdbc.JdbcTransaction,org.pitest.mutationtest.engine.gregor.mutators.NonVoidMethodCallMutator,openConnection,140,NO_COVERAGE,none
JdbcTransaction.java,org.apache.ibatis.transaction.jdbc.JdbcTransaction,org.pitest.mutationtest.engine.gregor.mutators.RemoveConditionalMutator_EQUAL_ELSE,openConnection,135,KILLED,org.apache.ibatis.submitted.extend.ExtendTest.org.apache.ibatis.submitted.extend.ExtendTest
JdbcTransaction.java,org.apache.ibatis.transaction.jdbc.JdbcTransaction,org.pitest.mutationtest.engine.gregor.mutators.RemoveConditionalMutator_EQUAL_IF,openConnection,135,KILLED,org.apache.ibatis.submitted.extend.ExtendTest.org.apache.ibatis.submitted.extend.ExtendTest
JdbcTransaction.java,org.apache.ibatis.transaction.jdbc.JdbcTransaction,org.pitest.mutationtest.engine.gregor.mutators.VoidMethodCallMutator,openConnection,136,NO_COVERAGE,none
JdbcTransaction.java,org.apache.ibatis.transaction.jdbc.JdbcTransaction,org.pitest.mutationtest.engine.gregor.mutators.VoidMethodCallMutator,openConnection,140,NO_COVERAGE,none
JdbcTransaction.java,org.apache.ibatis.transaction.jdbc.JdbcTransaction,org.pitest.mutationtest.engine.gregor.mutators.experimental.MemberVariableMutator,openConnection,138,KILLED,org.apache.ibatis.submitted.extend.ExtendTest.org.apache.ibatis.submitted.extend.ExtendTest
JdbcTransaction.java,org.apache.ibatis.transaction.jdbc.JdbcTransaction,org.pitest.mutationtest.engine.gregor.mutators.ConstructorCallMutator,resetAutoCommit,122,NO_COVERAGE,none
JdbcTransaction.java,org.apache.ibatis.transaction.jdbc.JdbcTransaction,org.pitest.mutationtest.engine.gregor.mutators.ConstructorCallMutator,resetAutoCommit,128,NO_COVERAGE,none
JdbcTransaction.java,org.apache.ibatis.transaction.jdbc.JdbcTransaction,org.pitest.mutationtest.engine.gregor.mutators.NegateConditionalsMutator,resetAutoCommit,127,NO_COVERAGE,none
JdbcTransaction.java,org.apache.ibatis.transaction.jdbc.JdbcTransaction,org.pitest.mutationtest.engine.gregor.mutators.NonVoidMethodCallMutator,resetAutoCommit,122,NO_COVERAGE,none
JdbcTransaction.java,org.apache.ibatis.transaction.jdbc.JdbcTransaction,org.pitest.mutationtest.engine.gregor.mutators.NonVoidMethodCallMutator,resetAutoCommit,122,NO_COVERAGE,none
JdbcTransaction.java,org.apache.ibatis.transaction.jdbc.JdbcTransaction,org.pitest.mutationtest.engine.gregor.mutators.NonVoidMethodCallMutator,resetAutoCommit,122,NO_COVERAGE,none
JdbcTransaction.java,org.apache.ibatis.transaction.jdbc.JdbcTransaction,org.pitest.mutationtest.engine.gregor.mutators.NonVoidMethodCallMutator,resetAutoCommit,122,NO_COVERAGE,none
JdbcTransaction.java,org.apache.ibatis.transaction.jdbc.JdbcTransaction,org.pitest.mutationtest.engine.gregor.mutators.NonVoidMethodCallMutator,resetAutoCommit,127,NO_COVERAGE,none
JdbcTransaction.java,org.apache.ibatis.transaction.jdbc.JdbcTransaction,org.pitest.mutationtest.engine.gregor.mutators.NonVoidMethodCallMutator,resetAutoCommit,128,NO_COVERAGE,none
JdbcTransaction.java,org.apache.ibatis.transaction.jdbc.JdbcTransaction,org.pitest.mutationtest.engine.gregor.mutators.NonVoidMethodCallMutator,resetAutoCommit,128,NO_COVERAGE,none
JdbcTransaction.java,org.apache.ibatis.transaction.jdbc.JdbcTransaction,org.pitest.mutationtest.engine.gregor.mutators.NonVoidMethodCallMutator,resetAutoCommit,128,NO_COVERAGE,none
JdbcTransaction.java,org.apache.ibatis.transaction.jdbc.JdbcTransaction,org.pitest.mutationtest.engine.gregor.mutators.RemoveConditionalMutator_EQUAL_ELSE,resetAutoCommit,127,NO_COVERAGE,none
JdbcTransaction.java,org.apache.ibatis.transaction.jdbc.JdbcTransaction,org.pitest.mutationtest.engine.gregor.mutators.RemoveConditionalMutator_EQUAL_IF,resetAutoCommit,127,NO_COVERAGE,none
JdbcTransaction.java,org.apache.ibatis.transaction.jdbc.JdbcTransaction,org.pitest.mutationtest.engine.gregor.mutators.VoidMethodCallMutator,resetAutoCommit,122,NO_COVERAGE,none
JdbcTransaction.java,org.apache.ibatis.transaction.jdbc.JdbcTransaction,org.pitest.mutationtest.engine.gregor.mutators.VoidMethodCallMutator,resetAutoCommit,128,NO_COVERAGE,none
JdbcTransaction.java,org.apache.ibatis.transaction.jdbc.JdbcTransaction,org.pitest.mutationtest.engine.gregor.mutators.ConstructorCallMutator,rollback,79,NO_COVERAGE,none
JdbcTransaction.java,org.apache.ibatis.transaction.jdbc.JdbcTransaction,org.pitest.mutationtest.engine.gregor.mutators.NegateConditionalsMutator,rollback,78,NO_COVERAGE,none
JdbcTransaction.java,org.apache.ibatis.transaction.jdbc.JdbcTransaction,org.pitest.mutationtest.engine.gregor.mutators.NonVoidMethodCallMutator,rollback,79,NO_COVERAGE,none
JdbcTransaction.java,org.apache.ibatis.transaction.jdbc.JdbcTransaction,org.pitest.mutationtest.engine.gregor.mutators.NonVoidMethodCallMutator,rollback,79,NO_COVERAGE,none
JdbcTransaction.java,org.apache.ibatis.transaction.jdbc.JdbcTransaction,org.pitest.mutationtest.engine.gregor.mutators.NonVoidMethodCallMutator,rollback,79,NO_COVERAGE,none
JdbcTransaction.java,org.apache.ibatis.transaction.jdbc.JdbcTransaction,org.pitest.mutationtest.engine.gregor.mutators.NonVoidMethodCallMutator,rollback,79,NO_COVERAGE,none
JdbcTransaction.java,org.apache.ibatis.transaction.jdbc.JdbcTransaction,org.pitest.mutationtest.engine.gregor.mutators.RemoveConditionalMutator_EQUAL_ELSE,rollback,77,NO_COVERAGE,none
JdbcTransaction.java,org.apache.ibatis.transaction.jdbc.JdbcTransaction,org.pitest.mutationtest.engine.gregor.mutators.RemoveConditionalMutator_EQUAL_ELSE,rollback,78,NO_COVERAGE,none
JdbcTransaction.java,org.apache.ibatis.transaction.jdbc.JdbcTransaction,org.pitest.mutationtest.engine.gregor.mutators.RemoveConditionalMutator_EQUAL_IF,rollback,77,NO_COVERAGE,none
JdbcTransaction.java,org.apache.ibatis.transaction.jdbc.JdbcTransaction,org.pitest.mutationtest.engine.gregor.mutators.RemoveConditionalMutator_EQUAL_IF,rollback,77,NO_COVERAGE,none
JdbcTransaction.java,org.apache.ibatis.transaction.jdbc.JdbcTransaction,org.pitest.mutationtest.engine.gregor.mutators.VoidMethodCallMutator,rollback,79,NO_COVERAGE,none
JdbcTransaction.java,org.apache.ibatis.transaction.jdbc.JdbcTransaction,org.pitest.mutationtest.engine.gregor.mutators.VoidMethodCallMutator,rollback,81,NO_COVERAGE,none
JdbcTransaction.java,org.apache.ibatis.transaction.jdbc.JdbcTransaction,org.pitest.mutationtest.engine.gregor.mutators.ConstructorCallMutator,setDesiredAutoCommit,100,NO_COVERAGE,none
JdbcTransaction.java,org.apache.ibatis.transaction.jdbc.JdbcTransaction,org.pitest.mutationtest.engine.gregor.mutators.ConstructorCallMutator,setDesiredAutoCommit,107,NO_COVERAGE,none
JdbcTransaction.java,org.apache.ibatis.transaction.jdbc.JdbcTransaction,org.pitest.mutationtest.engine.gregor.mutators.ConstructorCallMutator,setDesiredAutoCommit,107,NO_COVERAGE,none
JdbcTransaction.java,org.apache.ibatis.transaction.jdbc.JdbcTransaction,org.pitest.mutationtest.engine.gregor.mutators.NegateConditionalsMutator,setDesiredAutoCommit,98,KILLED,org.apache.ibatis.submitted.extend.ExtendTest.org.apache.ibatis.submitted.extend.ExtendTest
JdbcTransaction.java,org.apache.ibatis.transaction.jdbc.JdbcTransaction,org.pitest.mutationtest.engine.gregor.mutators.NonVoidMethodCallMutator,setDesiredAutoCommit,98,KILLED,org.apache.ibatis.submitted.extend.ExtendTest.org.apache.ibatis.submitted.extend.ExtendTest
JdbcTransaction.java,org.apache.ibatis.transaction.jdbc.JdbcTransaction,org.pitest.mutationtest.engine.gregor.mutators.NonVoidMethodCallMutator,setDesiredAutoCommit,100,NO_COVERAGE,none
JdbcTransaction.java,org.apache.ibatis.transaction.jdbc.JdbcTransaction,org.pitest.mutationtest.engine.gregor.mutators.NonVoidMethodCallMutator,setDesiredAutoCommit,100,NO_COVERAGE,none
JdbcTransaction.java,org.apache.ibatis.transaction.jdbc.JdbcTransaction,org.pitest.mutationtest.engine.gregor.mutators.NonVoidMethodCallMutator,setDesiredAutoCommit,100,NO_COVERAGE,none
JdbcTransaction.java,org.apache.ibatis.transaction.jdbc.JdbcTransaction,org.pitest.mutationtest.engine.gregor.mutators.NonVoidMethodCallMutator,setDesiredAutoCommit,100,NO_COVERAGE,none
JdbcTransaction.java,org.apache.ibatis.transaction.jdbc.JdbcTransaction,org.pitest.mutationtest.engine.gregor.mutators.NonVoidMethodCallMutator,setDesiredAutoCommit,100,NO_COVERAGE,none
JdbcTransaction.java,org.apache.ibatis.transaction.jdbc.JdbcTransaction,org.pitest.mutationtest.engine.gregor.mutators.NonVoidMethodCallMutator,setDesiredAutoCommit,100,NO_COVERAGE,none
JdbcTransaction.java,org.apache.ibatis.transaction.jdbc.JdbcTransaction,org.pitest.mutationtest.engine.gregor.mutators.NonVoidMethodCallMutator,setDesiredAutoCommit,107,NO_COVERAGE,none
JdbcTransaction.java,org.apache.ibatis.transaction.jdbc.JdbcTransaction,org.pitest.mutationtest.engine.gregor.mutators.NonVoidMethodCallMutator,setDesiredAutoCommit,107,NO_COVERAGE,none
JdbcTransaction.java,org.apache.ibatis.transaction.jdbc.JdbcTransaction,org.pitest.mutationtest.engine.gregor.mutators.NonVoidMethodCallMutator,setDesiredAutoCommit,107,NO_COVERAGE,none
JdbcTransaction.java,org.apache.ibatis.transaction.jdbc.JdbcTransaction,org.pitest.mutationtest.engine.gregor.mutators.NonVoidMethodCallMutator,setDesiredAutoCommit,107,NO_COVERAGE,none
JdbcTransaction.java,org.apache.ibatis.transaction.jdbc.JdbcTransaction,org.pitest.mutationtest.engine.gregor.mutators.NonVoidMethodCallMutator,setDesiredAutoCommit,107,NO_COVERAGE,none
JdbcTransaction.java,org.apache.ibatis.transaction.jdbc.JdbcTransaction,org.pitest.mutationtest.engine.gregor.mutators.RemoveConditionalMutator_EQUAL_ELSE,setDesiredAutoCommit,98,KILLED,org.apache.ibatis.submitted.extend.ExtendTest.org.apache.ibatis.submitted.extend.ExtendTest
JdbcTransaction.java,org.apache.ibatis.transaction.jdbc.JdbcTransaction,org.pitest.mutationtest.engine.gregor.mutators.RemoveConditionalMutator_EQUAL_ELSE,setDesiredAutoCommit,99,KILLED,org.apache.ibatis.submitted.extend.ExtendTest.org.apache.ibatis.submitted.extend.ExtendTest
JdbcTransaction.java,org.apache.ibatis.transaction.jdbc.JdbcTransaction,org.pitest.mutationtest.engine.gregor.mutators.RemoveConditionalMutator_EQUAL_IF,setDesiredAutoCommit,99,KILLED,org.apache.ibatis.submitted.extend.ExtendTest.org.apache.ibatis.submitted.extend.ExtendTest
JdbcTransaction.java,org.apache.ibatis.transaction.jdbc.JdbcTransaction,org.pitest.mutationtest.engine.gregor.mutators.VoidMethodCallMutator,setDesiredAutoCommit,100,NO_COVERAGE,none
MetaObject.java,org.apache.ibatis.reflection.MetaObject,org.pitest.mutationtest.engine.gregor.mutators.ConstructorCallMutator,<init>,52,SURVIVED,none
MetaObject.java,org.apache.ibatis.reflection.MetaObject,org.pitest.mutationtest.engine.gregor.mutators.ConstructorCallMutator,<init>,54,NO_COVERAGE,none
MetaObject.java,org.apache.ibatis.reflection.MetaObject,org.pitest.mutationtest.engine.gregor.mutators.ConstructorCallMutator,<init>,56,KILLED,org.apache.ibatis.submitted.extend.ExtendTest.org.apache.ibatis.submitted.extend.ExtendTest
MetaObject.java,org.apache.ibatis.reflection.MetaObject,org.pitest.mutationtest.engine.gregor.mutators.NegateConditionalsMutator,<init>,47,KILLED,org.apache.ibatis.submitted.extend.ExtendTest.org.apache.ibatis.submitted.extend.ExtendTest
MetaObject.java,org.apache.ibatis.reflection.MetaObject,org.pitest.mutationtest.engine.gregor.mutators.NegateConditionalsMutator,<init>,49,KILLED,org.apache.ibatis.submitted.extend.ExtendTest.org.apache.ibatis.submitted.extend.ExtendTest
MetaObject.java,org.apache.ibatis.reflection.MetaObject,org.pitest.mutationtest.engine.gregor.mutators.NegateConditionalsMutator,<init>,51,KILLED,org.apache.ibatis.submitted.extend.ExtendTest.org.apache.ibatis.submitted.extend.ExtendTest
MetaObject.java,org.apache.ibatis.reflection.MetaObject,org.pitest.mutationtest.engine.gregor.mutators.NegateConditionalsMutator,<init>,53,KILLED,org.apache.ibatis.submitted.extend.ExtendTest.org.apache.ibatis.submitted.extend.ExtendTest
MetaObject.java,org.apache.ibatis.reflection.MetaObject,org.pitest.mutationtest.engine.gregor.mutators.NonVoidMethodCallMutator,<init>,50,NO_COVERAGE,none
MetaObject.java,org.apache.ibatis.reflection.MetaObject,org.pitest.mutationtest.engine.gregor.mutators.RemoveConditionalMutator_EQUAL_ELSE,<init>,47,KILLED,org.apache.ibatis.submitted.extend.ExtendTest.org.apache.ibatis.submitted.extend.ExtendTest
MetaObject.java,org.apache.ibatis.reflection.MetaObject,org.pitest.mutationtest.engine.gregor.mutators.RemoveConditionalMutator_EQUAL_ELSE,<init>,49,KILLED,org.apache.ibatis.submitted.extend.ExtendTest.org.apache.ibatis.submitted.extend.ExtendTest
MetaObject.java,org.apache.ibatis.reflection.MetaObject,org.pitest.mutationtest.engine.gregor.mutators.RemoveConditionalMutator_EQUAL_ELSE,<init>,51,KILLED,org.apache.ibatis.submitted.extend.ExtendTest.org.apache.ibatis.submitted.extend.ExtendTest
MetaObject.java,org.apache.ibatis.reflection.MetaObject,org.pitest.mutationtest.engine.gregor.mutators.RemoveConditionalMutator_EQUAL_ELSE,<init>,53,KILLED,org.apache.ibatis.submitted.extend.ExtendTest.org.apache.ibatis.submitted.extend.ExtendTest
MetaObject.java,org.apache.ibatis.reflection.MetaObject,org.pitest.mutationtest.engine.gregor.mutators.RemoveConditionalMutator_EQUAL_IF,<init>,47,KILLED,org.apache.ibatis.submitted.extend.ExtendTest.org.apache.ibatis.submitted.extend.ExtendTest
MetaObject.java,org.apache.ibatis.reflection.MetaObject,org.pitest.mutationtest.engine.gregor.mutators.RemoveConditionalMutator_EQUAL_IF,<init>,49,KILLED,org.apache.ibatis.submitted.extend.ExtendTest.org.apache.ibatis.submitted.extend.ExtendTest
MetaObject.java,org.apache.ibatis.reflection.MetaObject,org.pitest.mutationtest.engine.gregor.mutators.RemoveConditionalMutator_EQUAL_IF,<init>,51,KILLED,org.apache.ibatis.submitted.extend.ExtendTest.org.apache.ibatis.submitted.extend.ExtendTest
MetaObject.java,org.apache.ibatis.reflection.MetaObject,org.pitest.mutationtest.engine.gregor.mutators.experimental.MemberVariableMutator,<init>,43,KILLED,org.apache.ibatis.submitted.extend.ExtendTest.org.apache.ibatis.submitted.extend.ExtendTest
MetaObject.java,org.apache.ibatis.reflection.MetaObject,org.pitest.mutationtest.engine.gregor.mutators.experimental.MemberVariableMutator,<init>,44,KILLED,org.apache.ibatis.submitted.extend.ExtendTest.org.apache.ibatis.submitted.extend.ExtendTest
MetaObject.java,org.apache.ibatis.reflection.MetaObject,org.pitest.mutationtest.engine.gregor.mutators.experimental.MemberVariableMutator,<init>,45,KILLED,org.apache.ibatis.submitted.extend.ExtendTest.org.apache.ibatis.submitted.extend.ExtendTest
MetaObject.java,org.apache.ibatis.reflection.MetaObject,org.pitest.mutationtest.engine.gregor.mutators.experimental.MemberVariableMutator,<init>,48,NO_COVERAGE,none
MetaObject.java,org.apache.ibatis.reflection.MetaObject,org.pitest.mutationtest.engine.gregor.mutators.experimental.MemberVariableMutator,<init>,50,NO_COVERAGE,none
MetaObject.java,org.apache.ibatis.reflection.MetaObject,org.pitest.mutationtest.engine.gregor.mutators.experimental.MemberVariableMutator,<init>,52,KILLED,org.apache.ibatis.submitted.extend.ExtendTest.org.apache.ibatis.submitted.extend.ExtendTest
MetaObject.java,org.apache.ibatis.reflection.MetaObject,org.pitest.mutationtest.engine.gregor.mutators.experimental.MemberVariableMutator,<init>,54,NO_COVERAGE,none
MetaObject.java,org.apache.ibatis.reflection.MetaObject,org.pitest.mutationtest.engine.gregor.mutators.VoidMethodCallMutator,add,158,NO_COVERAGE,none
MetaObject.java,org.apache.ibatis.reflection.MetaObject,org.pitest.mutationtest.engine.gregor.mutators.VoidMethodCallMutator,addAll,162,NO_COVERAGE,none
MetaObject.java,org.apache.ibatis.reflection.MetaObject,org.pitest.mutationtest.engine.gregor.mutators.NonVoidMethodCallMutator,findProperty,85,KILLED,org.apache.ibatis.submitted.extend.ExtendTest.org.apache.ibatis.submitted.extend.ExtendTest
MetaObject.java,org.apache.ibatis.reflection.MetaObject,org.pitest.mutationtest.engine.gregor.mutators.ReturnValsMutator,findProperty,85,KILLED,org.apache.ibatis.submitted.extend.ExtendTest.org.apache.ibatis.submitted.extend.ExtendTest
MetaObject.java,org.apache.ibatis.reflection.MetaObject,org.pitest.mutationtest.engine.gregor.mutators.ConstructorCallMutator,forObject,64,KILLED,org.apache.ibatis.submitted.extend.ExtendTest.org.apache.ibatis.submitted.extend.ExtendTest
MetaObject.java,org.apache.ibatis.reflection.MetaObject,org.pitest.mutationtest.engine.gregor.mutators.NegateConditionalsMutator,forObject,61,KILLED,org.apache.ibatis.submitted.extend.ExtendTest.org.apache.ibatis.submitted.extend.ExtendTest
MetaObject.java,org.apache.ibatis.reflection.MetaObject,org.pitest.mutationtest.engine.gregor.mutators.RemoveConditionalMutator_EQUAL_ELSE,forObject,61,KILLED,org.apache.ibatis.submitted.extend.ExtendTest.org.apache.ibatis.submitted.extend.ExtendTest
MetaObject.java,org.apache.ibatis.reflection.MetaObject,org.pitest.mutationtest.engine.gregor.mutators.ReturnValsMutator,forObject,62,NO_COVERAGE,none
MetaObject.java,org.apache.ibatis.reflection.MetaObject,org.pitest.mutationtest.engine.gregor.mutators.NonVoidMethodCallMutator,getGetterNames,89,NO_COVERAGE,none
MetaObject.java,org.apache.ibatis.reflection.MetaObject,org.pitest.mutationtest.engine.gregor.mutators.ReturnValsMutator,getGetterNames,89,NO_COVERAGE,none
MetaObject.java,org.apache.ibatis.reflection.MetaObject,org.pitest.mutationtest.engine.gregor.mutators.NonVoidMethodCallMutator,getGetterType,101,NO_COVERAGE,none
MetaObject.java,org.apache.ibatis.reflection.MetaObject,org.pitest.mutationtest.engine.gregor.mutators.ReturnValsMutator,getGetterType,101,NO_COVERAGE,none
MetaObject.java,org.apache.ibatis.reflection.MetaObject,org.pitest.mutationtest.engine.gregor.mutators.ReturnValsMutator,getObjectFactory,69,NO_COVERAGE,none
MetaObject.java,org.apache.ibatis.reflection.MetaObject,org.pitest.mutationtest.engine.gregor.mutators.ReturnValsMutator,getObjectWrapper,150,NO_COVERAGE,none
MetaObject.java,org.apache.ibatis.reflection.MetaObject,org.pitest.mutationtest.engine.gregor.mutators.ReturnValsMutator,getObjectWrapperFactory,73,NO_COVERAGE,none
MetaObject.java,org.apache.ibatis.reflection.MetaObject,org.pitest.mutationtest.engine.gregor.mutators.ReturnValsMutator,getOriginalObject,81,NO_COVERAGE,none
MetaObject.java,org.apache.ibatis.reflection.MetaObject,org.pitest.mutationtest.engine.gregor.mutators.NonVoidMethodCallMutator,getSetterNames,93,NO_COVERAGE,none
MetaObject.java,org.apache.ibatis.reflection.MetaObject,org.pitest.mutationtest.engine.gregor.mutators.ReturnValsMutator,getSetterNames,93,NO_COVERAGE,none
MetaObject.java,org.apache.ibatis.reflection.MetaObject,org.pitest.mutationtest.engine.gregor.mutators.NonVoidMethodCallMutator,getSetterType,97,KILLED,org.apache.ibatis.submitted.extend.ExtendTest.org.apache.ibatis.submitted.extend.ExtendTest
MetaObject.java,org.apache.ibatis.reflection.MetaObject,org.pitest.mutationtest.engine.gregor.mutators.ConstructorCallMutator,getValue,113,NO_COVERAGE,none
MetaObject.java,org.apache.ibatis.reflection.MetaObject,org.pitest.mutationtest.engine.gregor.mutators.NegateConditionalsMutator,getValue,114,NO_COVERAGE,none
MetaObject.java,org.apache.ibatis.reflection.MetaObject,org.pitest.mutationtest.engine.gregor.mutators.NegateConditionalsMutator,getValue,116,NO_COVERAGE,none
MetaObject.java,org.apache.ibatis.reflection.MetaObject,org.pitest.mutationtest.engine.gregor.mutators.NonVoidMethodCallMutator,getValue,114,NO_COVERAGE,none
MetaObject.java,org.apache.ibatis.reflection.MetaObject,org.pitest.mutationtest.engine.gregor.mutators.NonVoidMethodCallMutator,getValue,115,NO_COVERAGE,none
MetaObject.java,org.apache.ibatis.reflection.MetaObject,org.pitest.mutationtest.engine.gregor.mutators.NonVoidMethodCallMutator,getValue,115,NO_COVERAGE,none
MetaObject.java,org.apache.ibatis.reflection.MetaObject,org.pitest.mutationtest.engine.gregor.mutators.NonVoidMethodCallMutator,getValue,119,NO_COVERAGE,none
MetaObject.java,org.apache.ibatis.reflection.MetaObject,org.pitest.mutationtest.engine.gregor.mutators.NonVoidMethodCallMutator,getValue,119,NO_COVERAGE,none
MetaObject.java,org.apache.ibatis.reflection.MetaObject,org.pitest.mutationtest.engine.gregor.mutators.NonVoidMethodCallMutator,getValue,122,NO_COVERAGE,none
MetaObject.java,org.apache.ibatis.reflection.MetaObject,org.pitest.mutationtest.engine.gregor.mutators.RemoveConditionalMutator_EQUAL_ELSE,getValue,114,NO_COVERAGE,none
MetaObject.java,org.apache.ibatis.reflection.MetaObject,org.pitest.mutationtest.engine.gregor.mutators.RemoveConditionalMutator_EQUAL_ELSE,getValue,116,NO_COVERAGE,none
MetaObject.java,org.apache.ibatis.reflection.MetaObject,org.pitest.mutationtest.engine.gregor.mutators.RemoveConditionalMutator_EQUAL_IF,getValue,114,NO_COVERAGE,none
MetaObject.java,org.apache.ibatis.reflection.MetaObject,org.pitest.mutationtest.engine.gregor.mutators.RemoveConditionalMutator_EQUAL_IF,getValue,116,NO_COVERAGE,none
MetaObject.java,org.apache.ibatis.reflection.MetaObject,org.pitest.mutationtest.engine.gregor.mutators.ReturnValsMutator,getValue,117,NO_COVERAGE,none
MetaObject.java,org.apache.ibatis.reflection.MetaObject,org.pitest.mutationtest.engine.gregor.mutators.ReturnValsMutator,getValue,119,NO_COVERAGE,none
MetaObject.java,org.apache.ibatis.reflection.MetaObject,org.pitest.mutationtest.engine.gregor.mutators.ReturnValsMutator,getValue,122,NO_COVERAGE,none
MetaObject.java,org.apache.ibatis.reflection.MetaObject,org.pitest.mutationtest.engine.gregor.mutators.NonVoidMethodCallMutator,hasGetter,109,NO_COVERAGE,none
MetaObject.java,org.apache.ibatis.reflection.MetaObject,org.pitest.mutationtest.engine.gregor.mutators.ReturnValsMutator,hasGetter,109,NO_COVERAGE,none
MetaObject.java,org.apache.ibatis.reflection.MetaObject,org.pitest.mutationtest.engine.gregor.mutators.NonVoidMethodCallMutator,hasSetter,105,KILLED,org.apache.ibatis.submitted.extend.ExtendTest.org.apache.ibatis.submitted.extend.ExtendTest
MetaObject.java,org.apache.ibatis.reflection.MetaObject,org.pitest.mutationtest.engine.gregor.mutators.ReturnValsMutator,hasSetter,105,KILLED,org.apache.ibatis.submitted.extend.ExtendTest.org.apache.ibatis.submitted.extend.ExtendTest
MetaObject.java,org.apache.ibatis.reflection.MetaObject,org.pitest.mutationtest.engine.gregor.mutators.NonVoidMethodCallMutator,isCollection,154,NO_COVERAGE,none
MetaObject.java,org.apache.ibatis.reflection.MetaObject,org.pitest.mutationtest.engine.gregor.mutators.ReturnValsMutator,isCollection,154,NO_COVERAGE,none
MetaObject.java,org.apache.ibatis.reflection.MetaObject,org.pitest.mutationtest.engine.gregor.mutators.NonVoidMethodCallMutator,metaObjectForProperty,145,NO_COVERAGE,none
MetaObject.java,org.apache.ibatis.reflection.MetaObject,org.pitest.mutationtest.engine.gregor.mutators.NonVoidMethodCallMutator,metaObjectForProperty,146,NO_COVERAGE,none
MetaObject.java,org.apache.ibatis.reflection.MetaObject,org.pitest.mutationtest.engine.gregor.mutators.ReturnValsMutator,metaObjectForProperty,146,NO_COVERAGE,none
MetaObject.java,org.apache.ibatis.reflection.MetaObject,org.pitest.mutationtest.engine.gregor.mutators.NegateConditionalsMutator,setValue,128,KILLED,org.apache.ibatis.submitted.extend.ExtendTest.org.apache.ibatis.submitted.extend.ExtendTest
MetaObject.java,org.apache.ibatis.reflection.MetaObject,org.pitest.mutationtest.engine.gregor.mutators.NegateConditionalsMutator,setValue,130,NO_COVERAGE,none
MetaObject.java,org.apache.ibatis.reflection.MetaObject,org.pitest.mutationtest.engine.gregor.mutators.NegateConditionalsMutator,setValue,131,NO_COVERAGE,none
MetaObject.java,org.apache.ibatis.reflection.MetaObject,org.pitest.mutationtest.engine.gregor.mutators.NegateConditionalsMutator,setValue,131,NO_COVERAGE,none
MetaObject.java,org.apache.ibatis.reflection.MetaObject,org.pitest.mutationtest.engine.gregor.mutators.NonVoidMethodCallMutator,setValue,128,KILLED,org.apache.ibatis.submitted.extend.ExtendTest.org.apache.ibatis.submitted.extend.ExtendTest
MetaObject.java,org.apache.ibatis.reflection.MetaObject,org.pitest.mutationtest.engine.gregor.mutators.NonVoidMethodCallMutator,setValue,129,NO_COVERAGE,none
MetaObject.java,org.apache.ibatis.reflection.MetaObject,org.pitest.mutationtest.engine.gregor.mutators.NonVoidMethodCallMutator,setValue,129,NO_COVERAGE,none
MetaObject.java,org.apache.ibatis.reflection.MetaObject,org.pitest.mutationtest.engine.gregor.mutators.NonVoidMethodCallMutator,setValue,131,NO_COVERAGE,none
MetaObject.java,org.apache.ibatis.reflection.MetaObject,org.pitest.mutationtest.engine.gregor.mutators.NonVoidMethodCallMutator,setValue,135,NO_COVERAGE,none
MetaObject.java,org.apache.ibatis.reflection.MetaObject,org.pitest.mutationtest.engine.gregor.mutators.NonVoidMethodCallMutator,setValue,138,NO_COVERAGE,none
MetaObject.java,org.apache.ibatis.reflection.MetaObject,org.pitest.mutationtest.engine.gregor.mutators.RemoveConditionalMutator_EQUAL_ELSE,setValue,128,KILLED,org.apache.ibatis.submitted.extend.ExtendTest.org.apache.ibatis.submitted.extend.ExtendTest
MetaObject.java,org.apache.ibatis.reflection.MetaObject,org.pitest.mutationtest.engine.gregor.mutators.RemoveConditionalMutator_EQUAL_ELSE,setValue,130,NO_COVERAGE,none
MetaObject.java,org.apache.ibatis.reflection.MetaObject,org.pitest.mutationtest.engine.gregor.mutators.RemoveConditionalMutator_EQUAL_ELSE,setValue,131,NO_COVERAGE,none
MetaObject.java,org.apache.ibatis.reflection.MetaObject,org.pitest.mutationtest.engine.gregor.mutators.RemoveConditionalMutator_EQUAL_ELSE,setValue,131,NO_COVERAGE,none
MetaObject.java,org.apache.ibatis.reflection.MetaObject,org.pitest.mutationtest.engine.gregor.mutators.RemoveConditionalMutator_EQUAL_IF,setValue,128,KILLED,org.apache.ibatis.submitted.extend.ExtendTest.org.apache.ibatis.submitted.extend.ExtendTest
MetaObject.java,org.apache.ibatis.reflection.MetaObject,org.pitest.mutationtest.engine.gregor.mutators.RemoveConditionalMutator_EQUAL_IF,setValue,130,NO_COVERAGE,none
MetaObject.java,org.apache.ibatis.reflection.MetaObject,org.pitest.mutationtest.engine.gregor.mutators.RemoveConditionalMutator_EQUAL_IF,setValue,131,NO_COVERAGE,none
MetaObject.java,org.apache.ibatis.reflection.MetaObject,org.pitest.mutationtest.engine.gregor.mutators.RemoveConditionalMutator_EQUAL_IF,setValue,131,NO_COVERAGE,none
MetaObject.java,org.apache.ibatis.reflection.MetaObject,org.pitest.mutationtest.engine.gregor.mutators.VoidMethodCallMutator,setValue,138,NO_COVERAGE,none
MetaObject.java,org.apache.ibatis.reflection.MetaObject,org.pitest.mutationtest.engine.gregor.mutators.VoidMethodCallMutator,setValue,140,KILLED,org.apache.ibatis.submitted.extend.ExtendTest.org.apache.ibatis.submitted.extend.ExtendTest
CacheKey.java,org.apache.ibatis.cache.CacheKey,org.pitest.mutationtest.engine.gregor.mutators.InlineConstantMutator,<init>,44,KILLED,org.apache.ibatis.submitted.extend.ExtendTest.org.apache.ibatis.submitted.extend.ExtendTest
CacheKey.java,org.apache.ibatis.cache.CacheKey,org.pitest.mutationtest.engine.gregor.mutators.experimental.MemberVariableMutator,<init>,44,KILLED,org.apache.ibatis.submitted.extend.ExtendTest.org.apache.ibatis.submitted.extend.ExtendTest
CacheKey.java,org.apache.ibatis.cache.CacheKey,org.pitest.mutationtest.engine.gregor.mutators.VoidMethodCallMutator,<init>,50,NO_COVERAGE,none
CacheKey.java,org.apache.ibatis.cache.CacheKey,org.pitest.mutationtest.engine.gregor.mutators.ConstructorCallMutator,clone,142,NO_COVERAGE,none
CacheKey.java,org.apache.ibatis.cache.CacheKey,org.pitest.mutationtest.engine.gregor.mutators.NonVoidMethodCallMutator,clone,141,NO_COVERAGE,none
CacheKey.java,org.apache.ibatis.cache.CacheKey,org.pitest.mutationtest.engine.gregor.mutators.ReturnValsMutator,clone,143,NO_COVERAGE,none
CacheKey.java,org.apache.ibatis.cache.CacheKey,org.pitest.mutationtest.engine.gregor.mutators.experimental.MemberVariableMutator,clone,142,NO_COVERAGE,none
CacheKey.java,org.apache.ibatis.cache.CacheKey,org.pitest.mutationtest.engine.gregor.mutators.InlineConstantMutator,doUpdate,70,KILLED,org.apache.ibatis.submitted.extend.ExtendTest.org.apache.ibatis.submitted.extend.ExtendTest
CacheKey.java,org.apache.ibatis.cache.CacheKey,org.pitest.mutationtest.engine.gregor.mutators.NonVoidMethodCallMutator,doUpdate,78,KILLED,org.apache.ibatis.submitted.extend.ExtendTest.org.apache.ibatis.submitted.extend.ExtendTest
CacheKey.java,org.apache.ibatis.cache.CacheKey,org.pitest.mutationtest.engine.gregor.mutators.experimental.MemberVariableMutator,doUpdate,72,KILLED,org.apache.ibatis.submitted.extend.ExtendTest.org.apache.ibatis.submitted.extend.ExtendTest
CacheKey.java,org.apache.ibatis.cache.CacheKey,org.pitest.mutationtest.engine.gregor.mutators.InlineConstantMutator,equals,90,NO_COVERAGE,none
CacheKey.java,org.apache.ibatis.cache.CacheKey,org.pitest.mutationtest.engine.gregor.mutators.InlineConstantMutator,equals,93,NO_COVERAGE,none
CacheKey.java,org.apache.ibatis.cache.CacheKey,org.pitest.mutationtest.engine.gregor.mutators.InlineConstantMutator,equals,99,NO_COVERAGE,none
CacheKey.java,org.apache.ibatis.cache.CacheKey,org.pitest.mutationtest.engine.gregor.mutators.InlineConstantMutator,equals,102,NO_COVERAGE,none
CacheKey.java,org.apache.ibatis.cache.CacheKey,org.pitest.mutationtest.engine.gregor.mutators.InlineConstantMutator,equals,105,NO_COVERAGE,none
CacheKey.java,org.apache.ibatis.cache.CacheKey,org.pitest.mutationtest.engine.gregor.mutators.InlineConstantMutator,equals,108,NO_COVERAGE,none
CacheKey.java,org.apache.ibatis.cache.CacheKey,org.pitest.mutationtest.engine.gregor.mutators.InlineConstantMutator,equals,113,NO_COVERAGE,none
CacheKey.java,org.apache.ibatis.cache.CacheKey,org.pitest.mutationtest.engine.gregor.mutators.InlineConstantMutator,equals,117,NO_COVERAGE,none
CacheKey.java,org.apache.ibatis.cache.CacheKey,org.pitest.mutationtest.engine.gregor.mutators.NegateConditionalsMutator,equals,108,NO_COVERAGE,none
CacheKey.java,org.apache.ibatis.cache.CacheKey,org.pitest.mutationtest.engine.gregor.mutators.NegateConditionalsMutator,equals,111,NO_COVERAGE,none
CacheKey.java,org.apache.ibatis.cache.CacheKey,org.pitest.mutationtest.engine.gregor.mutators.NegateConditionalsMutator,equals,112,NO_COVERAGE,none
CacheKey.java,org.apache.ibatis.cache.CacheKey,org.pitest.mutationtest.engine.gregor.mutators.NegateConditionalsMutator,equals,116,NO_COVERAGE,none
CacheKey.java,org.apache.ibatis.cache.CacheKey,org.pitest.mutationtest.engine.gregor.mutators.NonVoidMethodCallMutator,equals,110,NO_COVERAGE,none
CacheKey.java,org.apache.ibatis.cache.CacheKey,org.pitest.mutationtest.engine.gregor.mutators.RemoveConditionalMutator_EQUAL_ELSE,equals,104,NO_COVERAGE,none
CacheKey.java,org.apache.ibatis.cache.CacheKey,org.pitest.mutationtest.engine.gregor.mutators.RemoveConditionalMutator_EQUAL_ELSE,equals,112,NO_COVERAGE,none
CacheKey.java,org.apache.ibatis.cache.CacheKey,org.pitest.mutationtest.engine.gregor.mutators.RemoveConditionalMutator_EQUAL_ELSE,equals,116,NO_COVERAGE,none
CacheKey.java,org.apache.ibatis.cache.CacheKey,org.pitest.mutationtest.engine.gregor.mutators.RemoveConditionalMutator_EQUAL_IF,equals,89,NO_COVERAGE,none
CacheKey.java,org.apache.ibatis.cache.CacheKey,org.pitest.mutationtest.engine.gregor.mutators.RemoveConditionalMutator_EQUAL_IF,equals,101,NO_COVERAGE,none
CacheKey.java,org.apache.ibatis.cache.CacheKey,org.pitest.mutationtest.engine.gregor.mutators.RemoveConditionalMutator_EQUAL_IF,equals,104,NO_COVERAGE,none
CacheKey.java,org.apache.ibatis.cache.CacheKey,org.pitest.mutationtest.engine.gregor.mutators.RemoveConditionalMutator_EQUAL_IF,equals,112,NO_COVERAGE,none
CacheKey.java,org.apache.ibatis.cache.CacheKey,org.pitest.mutationtest.engine.gregor.mutators.RemoveConditionalMutator_ORDER_IF,equals,108,NO_COVERAGE,none
CacheKey.java,org.apache.ibatis.cache.CacheKey,org.pitest.mutationtest.engine.gregor.mutators.ReturnValsMutator,equals,90,NO_COVERAGE,none
CacheKey.java,org.apache.ibatis.cache.CacheKey,org.pitest.mutationtest.engine.gregor.mutators.ReturnValsMutator,equals,93,NO_COVERAGE,none
CacheKey.java,org.apache.ibatis.cache.CacheKey,org.pitest.mutationtest.engine.gregor.mutators.ReturnValsMutator,equals,99,NO_COVERAGE,none
CacheKey.java,org.apache.ibatis.cache.CacheKey,org.pitest.mutationtest.engine.gregor.mutators.ReturnValsMutator,equals,102,NO_COVERAGE,none
CacheKey.java,org.apache.ibatis.cache.CacheKey,org.pitest.mutationtest.engine.gregor.mutators.ReturnValsMutator,equals,105,NO_COVERAGE,none
CacheKey.java,org.apache.ibatis.cache.CacheKey,org.pitest.mutationtest.engine.gregor.mutators.ReturnValsMutator,equals,113,NO_COVERAGE,none
CacheKey.java,org.apache.ibatis.cache.CacheKey,org.pitest.mutationtest.engine.gregor.mutators.ReturnValsMutator,equals,117,NO_COVERAGE,none
CacheKey.java,org.apache.ibatis.cache.CacheKey,org.pitest.mutationtest.engine.gregor.mutators.ReturnValsMutator,equals,121,NO_COVERAGE,none
CacheKey.java,org.apache.ibatis.cache.CacheKey,org.pitest.mutationtest.engine.gregor.mutators.NonVoidMethodCallMutator,getUpdateCount,54,NO_COVERAGE,none
CacheKey.java,org.apache.ibatis.cache.CacheKey,org.pitest.mutationtest.engine.gregor.mutators.ReturnValsMutator,getUpdateCount,54,NO_COVERAGE,none
CacheKey.java,org.apache.ibatis.cache.CacheKey,org.pitest.mutationtest.engine.gregor.mutators.ReturnValsMutator,hashCode,126,KILLED,org.apache.ibatis.submitted.extend.ExtendTest.org.apache.ibatis.submitted.extend.ExtendTest
CacheKey.java,org.apache.ibatis.cache.CacheKey,org.pitest.mutationtest.engine.gregor.mutators.ConstructorCallMutator,toString,131,NO_COVERAGE,none
CacheKey.java,org.apache.ibatis.cache.CacheKey,org.pitest.mutationtest.engine.gregor.mutators.InlineConstantMutator,toString,131,NO_COVERAGE,none
CacheKey.java,org.apache.ibatis.cache.CacheKey,org.pitest.mutationtest.engine.gregor.mutators.InlineConstantMutator,toString,133,NO_COVERAGE,none
CacheKey.java,org.apache.ibatis.cache.CacheKey,org.pitest.mutationtest.engine.gregor.mutators.NegateConditionalsMutator,toString,132,NO_COVERAGE,none
CacheKey.java,org.apache.ibatis.cache.CacheKey,org.pitest.mutationtest.engine.gregor.mutators.NonVoidMethodCallMutator,toString,131,NO_COVERAGE,none
CacheKey.java,org.apache.ibatis.cache.CacheKey,org.pitest.mutationtest.engine.gregor.mutators.NonVoidMethodCallMutator,toString,131,NO_COVERAGE,none
CacheKey.java,org.apache.ibatis.cache.CacheKey,org.pitest.mutationtest.engine.gregor.mutators.NonVoidMethodCallMutator,toString,131,NO_COVERAGE,none
CacheKey.java,org.apache.ibatis.cache.CacheKey,org.pitest.mutationtest.engine.gregor.mutators.NonVoidMethodCallMutator,toString,132,NO_COVERAGE,none
CacheKey.java,org.apache.ibatis.cache.CacheKey,org.pitest.mutationtest.engine.gregor.mutators.NonVoidMethodCallMutator,toString,132,NO_COVERAGE,none
CacheKey.java,org.apache.ibatis.cache.CacheKey,org.pitest.mutationtest.engine.gregor.mutators.NonVoidMethodCallMutator,toString,133,NO_COVERAGE,none
CacheKey.java,org.apache.ibatis.cache.CacheKey,org.pitest.mutationtest.engine.gregor.mutators.NonVoidMethodCallMutator,toString,133,NO_COVERAGE,none
CacheKey.java,org.apache.ibatis.cache.CacheKey,org.pitest.mutationtest.engine.gregor.mutators.NonVoidMethodCallMutator,toString,136,NO_COVERAGE,none
CacheKey.java,org.apache.ibatis.cache.CacheKey,org.pitest.mutationtest.engine.gregor.mutators.RemoveConditionalMutator_EQUAL_ELSE,toString,132,NO_COVERAGE,none
CacheKey.java,org.apache.ibatis.cache.CacheKey,org.pitest.mutationtest.engine.gregor.mutators.RemoveConditionalMutator_EQUAL_IF,toString,132,NO_COVERAGE,none
CacheKey.java,org.apache.ibatis.cache.CacheKey,org.pitest.mutationtest.engine.gregor.mutators.ReturnValsMutator,toString,136,NO_COVERAGE,none
CacheKey.java,org.apache.ibatis.cache.CacheKey,org.pitest.mutationtest.engine.gregor.mutators.ArgumentPropagationMutator,update,61,NO_COVERAGE,none
CacheKey.java,org.apache.ibatis.cache.CacheKey,org.pitest.mutationtest.engine.gregor.mutators.ConditionalsBoundaryMutator,update,60,NO_COVERAGE,none
CacheKey.java,org.apache.ibatis.cache.CacheKey,org.pitest.mutationtest.engine.gregor.mutators.IncrementsMutator,update,60,NO_COVERAGE,none
CacheKey.java,org.apache.ibatis.cache.CacheKey,org.pitest.mutationtest.engine.gregor.mutators.InlineConstantMutator,update,60,NO_COVERAGE,none
CacheKey.java,org.apache.ibatis.cache.CacheKey,org.pitest.mutationtest.engine.gregor.mutators.NegateConditionalsMutator,update,58,KILLED,org.apache.ibatis.submitted.extend.ExtendTest.org.apache.ibatis.submitted.extend.ExtendTest
CacheKey.java,org.apache.ibatis.cache.CacheKey,org.pitest.mutationtest.engine.gregor.mutators.NegateConditionalsMutator,update,58,KILLED,org.apache.ibatis.submitted.extend.ExtendTest.org.apache.ibatis.submitted.extend.ExtendTest
CacheKey.java,org.apache.ibatis.cache.CacheKey,org.pitest.mutationtest.engine.gregor.mutators.NegateConditionalsMutator,update,60,NO_COVERAGE,none
CacheKey.java,org.apache.ibatis.cache.CacheKey,org.pitest.mutationtest.engine.gregor.mutators.NonVoidMethodCallMutator,update,59,NO_COVERAGE,none
CacheKey.java,org.apache.ibatis.cache.CacheKey,org.pitest.mutationtest.engine.gregor.mutators.NonVoidMethodCallMutator,update,61,NO_COVERAGE,none
CacheKey.java,org.apache.ibatis.cache.CacheKey,org.pitest.mutationtest.engine.gregor.mutators.RemoveConditionalMutator_EQUAL_ELSE,update,58,KILLED,org.apache.ibatis.submitted.extend.ExtendTest.org.apache.ibatis.submitted.extend.ExtendTest
CacheKey.java,org.apache.ibatis.cache.CacheKey,org.pitest.mutationtest.engine.gregor.mutators.RemoveConditionalMutator_EQUAL_ELSE,update,58,KILLED,org.apache.ibatis.submitted.extend.ExtendTest.org.apache.ibatis.submitted.extend.ExtendTest
CacheKey.java,org.apache.ibatis.cache.CacheKey,org.pitest.mutationtest.engine.gregor.mutators.RemoveConditionalMutator_EQUAL_IF,update,58,KILLED,org.apache.ibatis.submitted.extend.ExtendTest.org.apache.ibatis.submitted.extend.ExtendTest
CacheKey.java,org.apache.ibatis.cache.CacheKey,org.pitest.mutationtest.engine.gregor.mutators.RemoveConditionalMutator_ORDER_ELSE,update,60,NO_COVERAGE,none
CacheKey.java,org.apache.ibatis.cache.CacheKey,org.pitest.mutationtest.engine.gregor.mutators.RemoveConditionalMutator_ORDER_IF,update,60,NO_COVERAGE,none
CacheKey.java,org.apache.ibatis.cache.CacheKey,org.pitest.mutationtest.engine.gregor.mutators.VoidMethodCallMutator,update,62,NO_COVERAGE,none
CacheKey.java,org.apache.ibatis.cache.CacheKey,org.pitest.mutationtest.engine.gregor.mutators.VoidMethodCallMutator,update,65,SURVIVED,none
CacheKey.java,org.apache.ibatis.cache.CacheKey,org.pitest.mutationtest.engine.gregor.mutators.ConditionalsBoundaryMutator,updateAll,82,NO_COVERAGE,none
CacheKey.java,org.apache.ibatis.cache.CacheKey,org.pitest.mutationtest.engine.gregor.mutators.IncrementsMutator,updateAll,82,NO_COVERAGE,none
CacheKey.java,org.apache.ibatis.cache.CacheKey,org.pitest.mutationtest.engine.gregor.mutators.InlineConstantMutator,updateAll,82,NO_COVERAGE,none
CacheKey.java,org.apache.ibatis.cache.CacheKey,org.pitest.mutationtest.engine.gregor.mutators.NegateConditionalsMutator,updateAll,82,NO_COVERAGE,none
CacheKey.java,org.apache.ibatis.cache.CacheKey,org.pitest.mutationtest.engine.gregor.mutators.RemoveConditionalMutator_ORDER_ELSE,updateAll,82,NO_COVERAGE,none
CacheKey.java,org.apache.ibatis.cache.CacheKey,org.pitest.mutationtest.engine.gregor.mutators.RemoveConditionalMutator_ORDER_IF,updateAll,82,NO_COVERAGE,none
CacheKey.java,org.apache.ibatis.cache.CacheKey,org.pitest.mutationtest.engine.gregor.mutators.VoidMethodCallMutator,updateAll,83,NO_COVERAGE,none
UnpooledDataSource.java,org.apache.ibatis.datasource.unpooled.UnpooledDataSource,org.pitest.mutationtest.engine.gregor.mutators.experimental.MemberVariableMutator,<init>,77,NO_COVERAGE,none
UnpooledDataSource.java,org.apache.ibatis.datasource.unpooled.UnpooledDataSource,org.pitest.mutationtest.engine.gregor.mutators.experimental.MemberVariableMutator,<init>,78,NO_COVERAGE,none
UnpooledDataSource.java,org.apache.ibatis.datasource.unpooled.UnpooledDataSource,org.pitest.mutationtest.engine.gregor.mutators.experimental.MemberVariableMutator,<init>,79,NO_COVERAGE,none
UnpooledDataSource.java,org.apache.ibatis.datasource.unpooled.UnpooledDataSource,org.pitest.mutationtest.engine.gregor.mutators.experimental.MemberVariableMutator,<init>,80,NO_COVERAGE,none
UnpooledDataSource.java,org.apache.ibatis.datasource.unpooled.UnpooledDataSource,org.pitest.mutationtest.engine.gregor.mutators.experimental.MemberVariableMutator,<init>,81,NO_COVERAGE,none
UnpooledDataSource.java,org.apache.ibatis.datasource.unpooled.UnpooledDataSource,org.pitest.mutationtest.engine.gregor.mutators.experimental.MemberVariableMutator,<init>,85,NO_COVERAGE,none
UnpooledDataSource.java,org.apache.ibatis.datasource.unpooled.UnpooledDataSource,org.pitest.mutationtest.engine.gregor.mutators.experimental.MemberVariableMutator,<init>,86,NO_COVERAGE,none
UnpooledDataSource.java,org.apache.ibatis.datasource.unpooled.UnpooledDataSource,org.pitest.mutationtest.engine.gregor.mutators.experimental.MemberVariableMutator,<init>,87,NO_COVERAGE,none
UnpooledDataSource.java,org.apache.ibatis.datasource.unpooled.UnpooledDataSource,org.pitest.mutationtest.engine.gregor.mutators.experimental.MemberVariableMutator,<init>,88,NO_COVERAGE,none
UnpooledDataSource.java,org.apache.ibatis.datasource.unpooled.UnpooledDataSource,org.pitest.mutationtest.engine.gregor.mutators.experimental.MemberVariableMutator,<init>,64,NO_COVERAGE,none
UnpooledDataSource.java,org.apache.ibatis.datasource.unpooled.UnpooledDataSource,org.pitest.mutationtest.engine.gregor.mutators.experimental.MemberVariableMutator,<init>,65,NO_COVERAGE,none
UnpooledDataSource.java,org.apache.ibatis.datasource.unpooled.UnpooledDataSource,org.pitest.mutationtest.engine.gregor.mutators.experimental.MemberVariableMutator,<init>,66,NO_COVERAGE,none
UnpooledDataSource.java,org.apache.ibatis.datasource.unpooled.UnpooledDataSource,org.pitest.mutationtest.engine.gregor.mutators.experimental.MemberVariableMutator,<init>,67,NO_COVERAGE,none
UnpooledDataSource.java,org.apache.ibatis.datasource.unpooled.UnpooledDataSource,org.pitest.mutationtest.engine.gregor.mutators.experimental.MemberVariableMutator,<init>,71,NO_COVERAGE,none
UnpooledDataSource.java,org.apache.ibatis.datasource.unpooled.UnpooledDataSource,org.pitest.mutationtest.engine.gregor.mutators.experimental.MemberVariableMutator,<init>,72,NO_COVERAGE,none
UnpooledDataSource.java,org.apache.ibatis.datasource.unpooled.UnpooledDataSource,org.pitest.mutationtest.engine.gregor.mutators.experimental.MemberVariableMutator,<init>,73,NO_COVERAGE,none
UnpooledDataSource.java,org.apache.ibatis.datasource.unpooled.UnpooledDataSource,org.pitest.mutationtest.engine.gregor.mutators.NegateConditionalsMutator,configureConnection,227,KILLED,org.apache.ibatis.submitted.extend.ExtendTest.org.apache.ibatis.submitted.extend.ExtendTest
UnpooledDataSource.java,org.apache.ibatis.datasource.unpooled.UnpooledDataSource,org.pitest.mutationtest.engine.gregor.mutators.NonVoidMethodCallMutator,configureConnection,227,KILLED,org.apache.ibatis.submitted.extend.ExtendTest.org.apache.ibatis.submitted.extend.ExtendTest
UnpooledDataSource.java,org.apache.ibatis.datasource.unpooled.UnpooledDataSource,org.pitest.mutationtest.engine.gregor.mutators.NonVoidMethodCallMutator,configureConnection,228,NO_COVERAGE,none
UnpooledDataSource.java,org.apache.ibatis.datasource.unpooled.UnpooledDataSource,org.pitest.mutationtest.engine.gregor.mutators.NonVoidMethodCallMutator,configureConnection,231,NO_COVERAGE,none
UnpooledDataSource.java,org.apache.ibatis.datasource.unpooled.UnpooledDataSource,org.pitest.mutationtest.engine.gregor.mutators.RemoveConditionalMutator_EQUAL_ELSE,configureConnection,227,KILLED,org.apache.ibatis.submitted.extend.ExtendTest.org.apache.ibatis.submitted.extend.ExtendTest
UnpooledDataSource.java,org.apache.ibatis.datasource.unpooled.UnpooledDataSource,org.pitest.mutationtest.engine.gregor.mutators.RemoveConditionalMutator_EQUAL_ELSE,configureConnection,227,KILLED,org.apache.ibatis.submitted.extend.ExtendTest.org.apache.ibatis.submitted.extend.ExtendTest
UnpooledDataSource.java,org.apache.ibatis.datasource.unpooled.UnpooledDataSource,org.pitest.mutationtest.engine.gregor.mutators.RemoveConditionalMutator_EQUAL_ELSE,configureConnection,230,KILLED,org.apache.ibatis.submitted.extend.ExtendTest.org.apache.ibatis.submitted.extend.ExtendTest
UnpooledDataSource.java,org.apache.ibatis.datasource.unpooled.UnpooledDataSource,org.pitest.mutationtest.engine.gregor.mutators.RemoveConditionalMutator_EQUAL_IF,configureConnection,227,KILLED,org.apache.ibatis.submitted.extend.ExtendTest.org.apache.ibatis.submitted.extend.ExtendTest
UnpooledDataSource.java,org.apache.ibatis.datasource.unpooled.UnpooledDataSource,org.pitest.mutationtest.engine.gregor.mutators.RemoveConditionalMutator_EQUAL_IF,configureConnection,227,KILLED,org.apache.ibatis.submitted.extend.ExtendTest.org.apache.ibatis.submitted.extend.ExtendTest
UnpooledDataSource.java,org.apache.ibatis.datasource.unpooled.UnpooledDataSource,org.pitest.mutationtest.engine.gregor.mutators.RemoveConditionalMutator_EQUAL_IF,configureConnection,230,KILLED,org.apache.ibatis.submitted.extend.ExtendTest.org.apache.ibatis.submitted.extend.ExtendTest
UnpooledDataSource.java,org.apache.ibatis.datasource.unpooled.UnpooledDataSource,org.pitest.mutationtest.engine.gregor.mutators.VoidMethodCallMutator,configureConnection,228,NO_COVERAGE,none
UnpooledDataSource.java,org.apache.ibatis.datasource.unpooled.UnpooledDataSource,org.pitest.mutationtest.engine.gregor.mutators.VoidMethodCallMutator,configureConnection,231,NO_COVERAGE,none
UnpooledDataSource.java,org.apache.ibatis.datasource.unpooled.UnpooledDataSource,org.pitest.mutationtest.engine.gregor.mutators.NonVoidMethodCallMutator,doGetConnection,194,NO_COVERAGE,none
UnpooledDataSource.java,org.apache.ibatis.datasource.unpooled.UnpooledDataSource,org.pitest.mutationtest.engine.gregor.mutators.NonVoidMethodCallMutator,doGetConnection,196,KILLED,org.apache.ibatis.submitted.extend.ExtendTest.org.apache.ibatis.submitted.extend.ExtendTest
UnpooledDataSource.java,org.apache.ibatis.datasource.unpooled.UnpooledDataSource,org.pitest.mutationtest.engine.gregor.mutators.RemoveConditionalMutator_EQUAL_ELSE,doGetConnection,193,KILLED,org.apache.ibatis.submitted.extend.ExtendTest.org.apache.ibatis.submitted.extend.ExtendTest
UnpooledDataSource.java,org.apache.ibatis.datasource.unpooled.UnpooledDataSource,org.pitest.mutationtest.engine.gregor.mutators.RemoveConditionalMutator_EQUAL_IF,doGetConnection,187,KILLED,org.apache.ibatis.submitted.extend.ExtendTest.org.apache.ibatis.submitted.extend.ExtendTest
UnpooledDataSource.java,org.apache.ibatis.datasource.unpooled.UnpooledDataSource,org.pitest.mutationtest.engine.gregor.mutators.RemoveConditionalMutator_EQUAL_IF,doGetConnection,190,KILLED,org.apache.ibatis.submitted.extend.ExtendTest.org.apache.ibatis.submitted.extend.ExtendTest
UnpooledDataSource.java,org.apache.ibatis.datasource.unpooled.UnpooledDataSource,org.pitest.mutationtest.engine.gregor.mutators.VoidMethodCallMutator,doGetConnection,188,NO_COVERAGE,none
UnpooledDataSource.java,org.apache.ibatis.datasource.unpooled.UnpooledDataSource,org.pitest.mutationtest.engine.gregor.mutators.ReturnValsMutator,doGetConnection,203,KILLED,org.apache.ibatis.submitted.extend.ExtendTest.org.apache.ibatis.submitted.extend.ExtendTest
UnpooledDataSource.java,org.apache.ibatis.datasource.unpooled.UnpooledDataSource,org.pitest.mutationtest.engine.gregor.mutators.VoidMethodCallMutator,doGetConnection,200,SURVIVED,none
UnpooledDataSource.java,org.apache.ibatis.datasource.unpooled.UnpooledDataSource,org.pitest.mutationtest.engine.gregor.mutators.NonVoidMethodCallMutator,getConnection,98,NO_COVERAGE,none
UnpooledDataSource.java,org.apache.ibatis.datasource.unpooled.UnpooledDataSource,org.pitest.mutationtest.engine.gregor.mutators.ReturnValsMutator,getConnection,98,NO_COVERAGE,none
UnpooledDataSource.java,org.apache.ibatis.datasource.unpooled.UnpooledDataSource,org.pitest.mutationtest.engine.gregor.mutators.ReturnValsMutator,getDefaultTransactionIsolationLevel,178,NO_COVERAGE,none
UnpooledDataSource.java,org.apache.ibatis.datasource.unpooled.UnpooledDataSource,org.pitest.mutationtest.engine.gregor.mutators.ReturnValsMutator,getDriver,138,NO_COVERAGE,none
UnpooledDataSource.java,org.apache.ibatis.datasource.unpooled.UnpooledDataSource,org.pitest.mutationtest.engine.gregor.mutators.ReturnValsMutator,getDriverClassLoader,122,NO_COVERAGE,none
UnpooledDataSource.java,org.apache.ibatis.datasource.unpooled.UnpooledDataSource,org.pitest.mutationtest.engine.gregor.mutators.ReturnValsMutator,getDriverProperties,130,NO_COVERAGE,none
UnpooledDataSource.java,org.apache.ibatis.datasource.unpooled.UnpooledDataSource,org.pitest.mutationtest.engine.gregor.mutators.NonVoidMethodCallMutator,getLogWriter,118,NO_COVERAGE,none
UnpooledDataSource.java,org.apache.ibatis.datasource.unpooled.UnpooledDataSource,org.pitest.mutationtest.engine.gregor.mutators.ReturnValsMutator,getLogWriter,118,NO_COVERAGE,none
UnpooledDataSource.java,org.apache.ibatis.datasource.unpooled.UnpooledDataSource,org.pitest.mutationtest.engine.gregor.mutators.NonVoidMethodCallMutator,getLoginTimeout,108,NO_COVERAGE,none
UnpooledDataSource.java,org.apache.ibatis.datasource.unpooled.UnpooledDataSource,org.pitest.mutationtest.engine.gregor.mutators.ReturnValsMutator,getLoginTimeout,108,NO_COVERAGE,none
UnpooledDataSource.java,org.apache.ibatis.datasource.unpooled.UnpooledDataSource,org.pitest.mutationtest.engine.gregor.mutators.ReturnValsMutator,getPassword,162,NO_COVERAGE,none
UnpooledDataSource.java,org.apache.ibatis.datasource.unpooled.UnpooledDataSource,org.pitest.mutationtest.engine.gregor.mutators.ReturnValsMutator,getUrl,146,NO_COVERAGE,none
UnpooledDataSource.java,org.apache.ibatis.datasource.unpooled.UnpooledDataSource,org.pitest.mutationtest.engine.gregor.mutators.ReturnValsMutator,getUsername,154,NO_COVERAGE,none
UnpooledDataSource.java,org.apache.ibatis.datasource.unpooled.UnpooledDataSource,org.pitest.mutationtest.engine.gregor.mutators.ConstructorCallMutator,initializeDriver,218,KILLED,org.apache.ibatis.submitted.extend.ExtendTest.org.apache.ibatis.submitted.extend.ExtendTest
UnpooledDataSource.java,org.apache.ibatis.datasource.unpooled.UnpooledDataSource,org.pitest.mutationtest.engine.gregor.mutators.ConstructorCallMutator,initializeDriver,221,NO_COVERAGE,none
UnpooledDataSource.java,org.apache.ibatis.datasource.unpooled.UnpooledDataSource,org.pitest.mutationtest.engine.gregor.mutators.ConstructorCallMutator,initializeDriver,221,NO_COVERAGE,none
UnpooledDataSource.java,org.apache.ibatis.datasource.unpooled.UnpooledDataSource,org.pitest.mutationtest.engine.gregor.mutators.InlineConstantMutator,initializeDriver,211,NO_COVERAGE,none
UnpooledDataSource.java,org.apache.ibatis.datasource.unpooled.UnpooledDataSource,org.pitest.mutationtest.engine.gregor.mutators.NegateConditionalsMutator,initializeDriver,210,KILLED,org.apache.ibatis.submitted.extend.ExtendTest.org.apache.ibatis.submitted.extend.ExtendTest
UnpooledDataSource.java,org.apache.ibatis.datasource.unpooled.UnpooledDataSource,org.pitest.mutationtest.engine.gregor.mutators.NonVoidMethodCallMutator,initializeDriver,207,KILLED,org.apache.ibatis.submitted.extend.ExtendTest.org.apache.ibatis.submitted.extend.ExtendTest
UnpooledDataSource.java,org.apache.ibatis.datasource.unpooled.UnpooledDataSource,org.pitest.mutationtest.engine.gregor.mutators.NonVoidMethodCallMutator,initializeDriver,211,NO_COVERAGE,none
UnpooledDataSource.java,org.apache.ibatis.datasource.unpooled.UnpooledDataSource,org.pitest.mutationtest.engine.gregor.mutators.NonVoidMethodCallMutator,initializeDriver,217,KILLED,org.apache.ibatis.submitted.extend.ExtendTest.org.apache.ibatis.submitted.extend.ExtendTest
UnpooledDataSource.java,org.apache.ibatis.datasource.unpooled.UnpooledDataSource,org.pitest.mutationtest.engine.gregor.mutators.NonVoidMethodCallMutator,initializeDriver,221,NO_COVERAGE,none
UnpooledDataSource.java,org.apache.ibatis.datasource.unpooled.UnpooledDataSource,org.pitest.mutationtest.engine.gregor.mutators.NonVoidMethodCallMutator,initializeDriver,221,NO_COVERAGE,none
UnpooledDataSource.java,org.apache.ibatis.datasource.unpooled.UnpooledDataSource,org.pitest.mutationtest.engine.gregor.mutators.NonVoidMethodCallMutator,initializeDriver,221,NO_COVERAGE,none
UnpooledDataSource.java,org.apache.ibatis.datasource.unpooled.UnpooledDataSource,org.pitest.mutationtest.engine.gregor.mutators.RemoveConditionalMutator_EQUAL_ELSE,initializeDriver,207,KILLED,org.apache.ibatis.submitted.extend.ExtendTest.org.apache.ibatis.submitted.extend.ExtendTest
UnpooledDataSource.java,org.apache.ibatis.datasource.unpooled.UnpooledDataSource,org.pitest.mutationtest.engine.gregor.mutators.ReturnValsMutator,isAutoCommit,170,NO_COVERAGE,none
UnpooledDataSource.java,org.apache.ibatis.datasource.unpooled.UnpooledDataSource,org.pitest.mutationtest.engine.gregor.mutators.InlineConstantMutator,isWrapperFor,285,NO_COVERAGE,none
UnpooledDataSource.java,org.apache.ibatis.datasource.unpooled.UnpooledDataSource,org.pitest.mutationtest.engine.gregor.mutators.ReturnValsMutator,isWrapperFor,285,NO_COVERAGE,none
UnpooledDataSource.java,org.apache.ibatis.datasource.unpooled.UnpooledDataSource,org.pitest.mutationtest.engine.gregor.mutators.experimental.MemberVariableMutator,setAutoCommit,174,NO_COVERAGE,none
UnpooledDataSource.java,org.apache.ibatis.datasource.unpooled.UnpooledDataSource,org.pitest.mutationtest.engine.gregor.mutators.experimental.MemberVariableMutator,setDefaultTransactionIsolationLevel,182,NO_COVERAGE,none
UnpooledDataSource.java,org.apache.ibatis.datasource.unpooled.UnpooledDataSource,org.pitest.mutationtest.engine.gregor.mutators.experimental.MemberVariableMutator,setDriverClassLoader,126,NO_COVERAGE,none
UnpooledDataSource.java,org.apache.ibatis.datasource.unpooled.UnpooledDataSource,org.pitest.mutationtest.engine.gregor.mutators.experimental.MemberVariableMutator,setDriverProperties,134,NO_COVERAGE,none
UnpooledDataSource.java,org.apache.ibatis.datasource.unpooled.UnpooledDataSource,org.pitest.mutationtest.engine.gregor.mutators.VoidMethodCallMutator,setLogWriter,113,NO_COVERAGE,none
UnpooledDataSource.java,org.apache.ibatis.datasource.unpooled.UnpooledDataSource,org.pitest.mutationtest.engine.gregor.mutators.VoidMethodCallMutator,setLoginTimeout,103,NO_COVERAGE,none
UnpooledDataSource.java,org.apache.ibatis.datasource.unpooled.UnpooledDataSource,org.pitest.mutationtest.engine.gregor.mutators.experimental.MemberVariableMutator,setPassword,166,NO_COVERAGE,none
UnpooledDataSource.java,org.apache.ibatis.datasource.unpooled.UnpooledDataSource,org.pitest.mutationtest.engine.gregor.mutators.experimental.MemberVariableMutator,setUrl,150,KILLED,org.apache.ibatis.submitted.extend.ExtendTest.org.apache.ibatis.submitted.extend.ExtendTest
UnpooledDataSource.java,org.apache.ibatis.datasource.unpooled.UnpooledDataSource,org.pitest.mutationtest.engine.gregor.mutators.ConstructorCallMutator,unwrap,280,NO_COVERAGE,none
UnpooledDataSource.java,org.apache.ibatis.datasource.unpooled.UnpooledDataSource,org.pitest.mutationtest.engine.gregor.mutators.ConstructorCallMutator,unwrap,280,NO_COVERAGE,none
UnpooledDataSource.java,org.apache.ibatis.datasource.unpooled.UnpooledDataSource,org.pitest.mutationtest.engine.gregor.mutators.NonVoidMethodCallMutator,unwrap,280,NO_COVERAGE,none
UnpooledDataSource.java,org.apache.ibatis.datasource.unpooled.UnpooledDataSource,org.pitest.mutationtest.engine.gregor.mutators.NonVoidMethodCallMutator,unwrap,280,NO_COVERAGE,none
UnpooledDataSource.java,org.apache.ibatis.datasource.unpooled.UnpooledDataSource,org.pitest.mutationtest.engine.gregor.mutators.NonVoidMethodCallMutator,unwrap,280,NO_COVERAGE,none
UnpooledDataSource.java,org.apache.ibatis.datasource.unpooled.UnpooledDataSource,org.pitest.mutationtest.engine.gregor.mutators.NonVoidMethodCallMutator,unwrap,280,NO_COVERAGE,none
UnpooledDataSource.java,org.apache.ibatis.datasource.unpooled.UnpooledDataSource,org.pitest.mutationtest.engine.gregor.mutators.NonVoidMethodCallMutator,unwrap,280,NO_COVERAGE,none
ClassLoaderWrapper.java,org.apache.ibatis.io.ClassLoaderWrapper,org.pitest.mutationtest.engine.gregor.mutators.experimental.MemberVariableMutator,<init>,33,KILLED,org.apache.ibatis.submitted.extend.ExtendTest.org.apache.ibatis.submitted.extend.ExtendTest
ClassLoaderWrapper.java,org.apache.ibatis.io.ClassLoaderWrapper,org.pitest.mutationtest.engine.gregor.mutators.NonVoidMethodCallMutator,classForName,89,KILLED,org.apache.ibatis.submitted.extend.ExtendTest.org.apache.ibatis.submitted.extend.ExtendTest
ClassLoaderWrapper.java,org.apache.ibatis.io.ClassLoaderWrapper,org.pitest.mutationtest.engine.gregor.mutators.NonVoidMethodCallMutator,classForName,89,KILLED,org.apache.ibatis.submitted.extend.ExtendTest.org.apache.ibatis.submitted.extend.ExtendTest
ClassLoaderWrapper.java,org.apache.ibatis.io.ClassLoaderWrapper,org.pitest.mutationtest.engine.gregor.mutators.NonVoidMethodCallMutator,classForName,101,NO_COVERAGE,none
ClassLoaderWrapper.java,org.apache.ibatis.io.ClassLoaderWrapper,org.pitest.mutationtest.engine.gregor.mutators.NonVoidMethodCallMutator,classForName,101,NO_COVERAGE,none
ClassLoaderWrapper.java,org.apache.ibatis.io.ClassLoaderWrapper,org.pitest.mutationtest.engine.gregor.mutators.ReturnValsMutator,classForName,101,NO_COVERAGE,none
ClassLoaderWrapper.java,org.apache.ibatis.io.ClassLoaderWrapper,org.pitest.mutationtest.engine.gregor.mutators.ConstructorCallMutator,classForName,200,NO_COVERAGE,none
ClassLoaderWrapper.java,org.apache.ibatis.io.ClassLoaderWrapper,org.pitest.mutationtest.engine.gregor.mutators.ConstructorCallMutator,classForName,200,NO_COVERAGE,none
ClassLoaderWrapper.java,org.apache.ibatis.io.ClassLoaderWrapper,org.pitest.mutationtest.engine.gregor.mutators.InlineConstantMutator,classForName,180,KILLED,org.apache.ibatis.submitted.extend.ExtendTest.org.apache.ibatis.submitted.extend.ExtendTest
ClassLoaderWrapper.java,org.apache.ibatis.io.ClassLoaderWrapper,org.pitest.mutationtest.engine.gregor.mutators.NegateConditionalsMutator,classForName,188,KILLED,org.apache.ibatis.submitted.extend.ExtendTest.org.apache.ibatis.submitted.extend.ExtendTest
ClassLoaderWrapper.java,org.apache.ibatis.io.ClassLoaderWrapper,org.pitest.mutationtest.engine.gregor.mutators.NonVoidMethodCallMutator,classForName,186,KILLED,org.apache.ibatis.submitted.extend.ExtendTest.org.apache.ibatis.submitted.extend.ExtendTest
ClassLoaderWrapper.java,org.apache.ibatis.io.ClassLoaderWrapper,org.pitest.mutationtest.engine.gregor.mutators.NonVoidMethodCallMutator,classForName,200,NO_COVERAGE,none
ClassLoaderWrapper.java,org.apache.ibatis.io.ClassLoaderWrapper,org.pitest.mutationtest.engine.gregor.mutators.NonVoidMethodCallMutator,classForName,200,NO_COVERAGE,none
ClassLoaderWrapper.java,org.apache.ibatis.io.ClassLoaderWrapper,org.pitest.mutationtest.engine.gregor.mutators.NonVoidMethodCallMutator,classForName,200,NO_COVERAGE,none
ClassLoaderWrapper.java,org.apache.ibatis.io.ClassLoaderWrapper,org.pitest.mutationtest.engine.gregor.mutators.RemoveConditionalMutator_EQUAL_ELSE,classForName,188,KILLED,org.apache.ibatis.submitted.extend.ExtendTest.org.apache.ibatis.submitted.extend.ExtendTest
ClassLoaderWrapper.java,org.apache.ibatis.io.ClassLoaderWrapper,org.pitest.mutationtest.engine.gregor.mutators.RemoveConditionalMutator_ORDER_IF,classForName,180,KILLED,org.apache.ibatis.submitted.extend.ExtendTest.org.apache.ibatis.submitted.extend.ExtendTest
ClassLoaderWrapper.java,org.apache.ibatis.io.ClassLoaderWrapper,org.pitest.mutationtest.engine.gregor.mutators.ReturnValsMutator,classForName,189,KILLED,org.apache.ibatis.submitted.extend.ExtendTest.org.apache.ibatis.submitted.extend.ExtendTest
ClassLoaderWrapper.java,org.apache.ibatis.io.ClassLoaderWrapper,org.pitest.mutationtest.engine.gregor.mutators.InlineConstantMutator,getClassLoaders,205,KILLED,org.apache.ibatis.submitted.extend.ExtendTest.org.apache.ibatis.submitted.extend.ExtendTest
ClassLoaderWrapper.java,org.apache.ibatis.io.ClassLoaderWrapper,org.pitest.mutationtest.engine.gregor.mutators.InlineConstantMutator,getClassLoaders,205,KILLED,org.apache.ibatis.submitted.extend.ExtendTest.org.apache.ibatis.submitted.extend.ExtendTest
ClassLoaderWrapper.java,org.apache.ibatis.io.ClassLoaderWrapper,org.pitest.mutationtest.engine.gregor.mutators.InlineConstantMutator,getClassLoaders,209,KILLED,org.apache.ibatis.submitted.extend.ExtendTest.org.apache.ibatis.submitted.extend.ExtendTest
ClassLoaderWrapper.java,org.apache.ibatis.io.ClassLoaderWrapper,org.pitest.mutationtest.engine.gregor.mutators.NonVoidMethodCallMutator,getClassLoaders,208,KILLED,org.apache.ibatis.submitted.extend.ExtendTest.org.apache.ibatis.submitted.extend.ExtendTest
ClassLoaderWrapper.java,org.apache.ibatis.io.ClassLoaderWrapper,org.pitest.mutationtest.engine.gregor.mutators.NonVoidMethodCallMutator,getClassLoaders,209,KILLED,org.apache.ibatis.submitted.extend.ExtendTest.org.apache.ibatis.submitted.extend.ExtendTest
ClassLoaderWrapper.java,org.apache.ibatis.io.ClassLoaderWrapper,org.pitest.mutationtest.engine.gregor.mutators.NonVoidMethodCallMutator,getClassLoaders,209,SURVIVED,none
ClassLoaderWrapper.java,org.apache.ibatis.io.ClassLoaderWrapper,org.pitest.mutationtest.engine.gregor.mutators.ReturnValsMutator,getClassLoaders,205,KILLED,org.apache.ibatis.submitted.extend.ExtendTest.org.apache.ibatis.submitted.extend.ExtendTest
ClassLoaderWrapper.java,org.apache.ibatis.io.ClassLoaderWrapper,org.pitest.mutationtest.engine.gregor.mutators.NonVoidMethodCallMutator,getResourceAsStream,67,NO_COVERAGE,none
ClassLoaderWrapper.java,org.apache.ibatis.io.ClassLoaderWrapper,org.pitest.mutationtest.engine.gregor.mutators.NonVoidMethodCallMutator,getResourceAsStream,67,NO_COVERAGE,none
ClassLoaderWrapper.java,org.apache.ibatis.io.ClassLoaderWrapper,org.pitest.mutationtest.engine.gregor.mutators.ReturnValsMutator,getResourceAsStream,67,NO_COVERAGE,none
ClassLoaderWrapper.java,org.apache.ibatis.io.ClassLoaderWrapper,org.pitest.mutationtest.engine.gregor.mutators.NonVoidMethodCallMutator,getResourceAsStream,78,KILLED,org.apache.ibatis.submitted.extend.ExtendTest.org.apache.ibatis.submitted.extend.ExtendTest
ClassLoaderWrapper.java,org.apache.ibatis.io.ClassLoaderWrapper,org.pitest.mutationtest.engine.gregor.mutators.NonVoidMethodCallMutator,getResourceAsStream,78,KILLED,org.apache.ibatis.submitted.extend.ExtendTest.org.apache.ibatis.submitted.extend.ExtendTest
ClassLoaderWrapper.java,org.apache.ibatis.io.ClassLoaderWrapper,org.pitest.mutationtest.engine.gregor.mutators.ReturnValsMutator,getResourceAsStream,78,KILLED,org.apache.ibatis.submitted.extend.ExtendTest.org.apache.ibatis.submitted.extend.ExtendTest
ClassLoaderWrapper.java,org.apache.ibatis.io.ClassLoaderWrapper,org.pitest.mutationtest.engine.gregor.mutators.ConstructorCallMutator,getResourceAsStream,120,NO_COVERAGE,none
ClassLoaderWrapper.java,org.apache.ibatis.io.ClassLoaderWrapper,org.pitest.mutationtest.engine.gregor.mutators.IncrementsMutator,getResourceAsStream,112,KILLED,org.apache.ibatis.submitted.extend.ExtendTest.org.apache.ibatis.submitted.extend.ExtendTest
ClassLoaderWrapper.java,org.apache.ibatis.io.ClassLoaderWrapper,org.pitest.mutationtest.engine.gregor.mutators.NegateConditionalsMutator,getResourceAsStream,112,KILLED,org.apache.ibatis.submitted.extend.ExtendTest.org.apache.ibatis.submitted.extend.ExtendTest
ClassLoaderWrapper.java,org.apache.ibatis.io.ClassLoaderWrapper,org.pitest.mutationtest.engine.gregor.mutators.NegateConditionalsMutator,getResourceAsStream,113,KILLED,org.apache.ibatis.submitted.extend.ExtendTest.org.apache.ibatis.submitted.extend.ExtendTest
ClassLoaderWrapper.java,org.apache.ibatis.io.ClassLoaderWrapper,org.pitest.mutationtest.engine.gregor.mutators.NegateConditionalsMutator,getResourceAsStream,119,KILLED,org.apache.ibatis.submitted.extend.ExtendTest.org.apache.ibatis.submitted.extend.ExtendTest
ClassLoaderWrapper.java,org.apache.ibatis.io.ClassLoaderWrapper,org.pitest.mutationtest.engine.gregor.mutators.NegateConditionalsMutator,getResourceAsStream,123,KILLED,org.apache.ibatis.submitted.extend.ExtendTest.org.apache.ibatis.submitted.extend.ExtendTest
ClassLoaderWrapper.java,org.apache.ibatis.io.ClassLoaderWrapper,org.pitest.mutationtest.engine.gregor.mutators.NonVoidMethodCallMutator,getResourceAsStream,116,KILLED,org.apache.ibatis.submitted.extend.ExtendTest.org.apache.ibatis.submitted.extend.ExtendTest
ClassLoaderWrapper.java,org.apache.ibatis.io.ClassLoaderWrapper,org.pitest.mutationtest.engine.gregor.mutators.NonVoidMethodCallMutator,getResourceAsStream,120,NO_COVERAGE,none
ClassLoaderWrapper.java,org.apache.ibatis.io.ClassLoaderWrapper,org.pitest.mutationtest.engine.gregor.mutators.NonVoidMethodCallMutator,getResourceAsStream,120,NO_COVERAGE,none
ClassLoaderWrapper.java,org.apache.ibatis.io.ClassLoaderWrapper,org.pitest.mutationtest.engine.gregor.mutators.NonVoidMethodCallMutator,getResourceAsStream,120,NO_COVERAGE,none
ClassLoaderWrapper.java,org.apache.ibatis.io.ClassLoaderWrapper,org.pitest.mutationtest.engine.gregor.mutators.NonVoidMethodCallMutator,getResourceAsStream,120,NO_COVERAGE,none
ClassLoaderWrapper.java,org.apache.ibatis.io.ClassLoaderWrapper,org.pitest.mutationtest.engine.gregor.mutators.RemoveConditionalMutator_EQUAL_ELSE,getResourceAsStream,113,KILLED,org.apache.ibatis.submitted.extend.ExtendTest.org.apache.ibatis.submitted.extend.ExtendTest
ClassLoaderWrapper.java,org.apache.ibatis.io.ClassLoaderWrapper,org.pitest.mutationtest.engine.gregor.mutators.RemoveConditionalMutator_EQUAL_ELSE,getResourceAsStream,123,KILLED,org.apache.ibatis.submitted.extend.ExtendTest.org.apache.ibatis.submitted.extend.ExtendTest
ClassLoaderWrapper.java,org.apache.ibatis.io.ClassLoaderWrapper,org.pitest.mutationtest.engine.gregor.mutators.RemoveConditionalMutator_EQUAL_IF,getResourceAsStream,113,KILLED,org.apache.ibatis.submitted.extend.ExtendTest.org.apache.ibatis.submitted.extend.ExtendTest
ClassLoaderWrapper.java,org.apache.ibatis.io.ClassLoaderWrapper,org.pitest.mutationtest.engine.gregor.mutators.RemoveConditionalMutator_EQUAL_IF,getResourceAsStream,119,KILLED,org.apache.ibatis.submitted.extend.ExtendTest.org.apache.ibatis.submitted.extend.ExtendTest
ClassLoaderWrapper.java,org.apache.ibatis.io.ClassLoaderWrapper,org.pitest.mutationtest.engine.gregor.mutators.RemoveConditionalMutator_ORDER_ELSE,getResourceAsStream,112,KILLED,org.apache.ibatis.submitted.extend.ExtendTest.org.apache.ibatis.submitted.extend.ExtendTest
ClassLoaderWrapper.java,org.apache.ibatis.io.ClassLoaderWrapper,org.pitest.mutationtest.engine.gregor.mutators.RemoveConditionalMutator_ORDER_IF,getResourceAsStream,112,KILLED,org.apache.ibatis.submitted.extend.ExtendTest.org.apache.ibatis.submitted.extend.ExtendTest
ClassLoaderWrapper.java,org.apache.ibatis.io.ClassLoaderWrapper,org.pitest.mutationtest.engine.gregor.mutators.ReturnValsMutator,getResourceAsStream,124,KILLED,org.apache.ibatis.submitted.extend.ExtendTest.org.apache.ibatis.submitted.extend.ExtendTest
ClassLoaderWrapper.java,org.apache.ibatis.io.ClassLoaderWrapper,org.pitest.mutationtest.engine.gregor.mutators.ReturnValsMutator,getResourceAsStream,128,NO_COVERAGE,none
ClassLoaderWrapper.java,org.apache.ibatis.io.ClassLoaderWrapper,org.pitest.mutationtest.engine.gregor.mutators.NonVoidMethodCallMutator,getResourceAsURL,46,NO_COVERAGE,none
ClassLoaderWrapper.java,org.apache.ibatis.io.ClassLoaderWrapper,org.pitest.mutationtest.engine.gregor.mutators.NonVoidMethodCallMutator,getResourceAsURL,46,NO_COVERAGE,none
ClassLoaderWrapper.java,org.apache.ibatis.io.ClassLoaderWrapper,org.pitest.mutationtest.engine.gregor.mutators.ReturnValsMutator,getResourceAsURL,46,NO_COVERAGE,none
ClassLoaderWrapper.java,org.apache.ibatis.io.ClassLoaderWrapper,org.pitest.mutationtest.engine.gregor.mutators.NonVoidMethodCallMutator,getResourceAsURL,57,NO_COVERAGE,none
ClassLoaderWrapper.java,org.apache.ibatis.io.ClassLoaderWrapper,org.pitest.mutationtest.engine.gregor.mutators.NonVoidMethodCallMutator,getResourceAsURL,57,NO_COVERAGE,none
ClassLoaderWrapper.java,org.apache.ibatis.io.ClassLoaderWrapper,org.pitest.mutationtest.engine.gregor.mutators.ReturnValsMutator,getResourceAsURL,57,NO_COVERAGE,none
ClassLoaderWrapper.java,org.apache.ibatis.io.ClassLoaderWrapper,org.pitest.mutationtest.engine.gregor.mutators.ConditionalsBoundaryMutator,getResourceAsURL,142,NO_COVERAGE,none
ClassLoaderWrapper.java,org.apache.ibatis.io.ClassLoaderWrapper,org.pitest.mutationtest.engine.gregor.mutators.ConstructorCallMutator,getResourceAsURL,152,NO_COVERAGE,none
ClassLoaderWrapper.java,org.apache.ibatis.io.ClassLoaderWrapper,org.pitest.mutationtest.engine.gregor.mutators.IncrementsMutator,getResourceAsURL,142,NO_COVERAGE,none
ClassLoaderWrapper.java,org.apache.ibatis.io.ClassLoaderWrapper,org.pitest.mutationtest.engine.gregor.mutators.InlineConstantMutator,getResourceAsURL,142,NO_COVERAGE,none
ClassLoaderWrapper.java,org.apache.ibatis.io.ClassLoaderWrapper,org.pitest.mutationtest.engine.gregor.mutators.NegateConditionalsMutator,getResourceAsURL,142,NO_COVERAGE,none
ClassLoaderWrapper.java,org.apache.ibatis.io.ClassLoaderWrapper,org.pitest.mutationtest.engine.gregor.mutators.NegateConditionalsMutator,getResourceAsURL,144,NO_COVERAGE,none
ClassLoaderWrapper.java,org.apache.ibatis.io.ClassLoaderWrapper,org.pitest.mutationtest.engine.gregor.mutators.NegateConditionalsMutator,getResourceAsURL,151,NO_COVERAGE,none
ClassLoaderWrapper.java,org.apache.ibatis.io.ClassLoaderWrapper,org.pitest.mutationtest.engine.gregor.mutators.NegateConditionalsMutator,getResourceAsURL,157,NO_COVERAGE,none
ClassLoaderWrapper.java,org.apache.ibatis.io.ClassLoaderWrapper,org.pitest.mutationtest.engine.gregor.mutators.NonVoidMethodCallMutator,getResourceAsURL,147,NO_COVERAGE,none
ClassLoaderWrapper.java,org.apache.ibatis.io.ClassLoaderWrapper,org.pitest.mutationtest.engine.gregor.mutators.NonVoidMethodCallMutator,getResourceAsURL,152,NO_COVERAGE,none
ClassLoaderWrapper.java,org.apache.ibatis.io.ClassLoaderWrapper,org.pitest.mutationtest.engine.gregor.mutators.NonVoidMethodCallMutator,getResourceAsURL,152,NO_COVERAGE,none
ClassLoaderWrapper.java,org.apache.ibatis.io.ClassLoaderWrapper,org.pitest.mutationtest.engine.gregor.mutators.NonVoidMethodCallMutator,getResourceAsURL,152,NO_COVERAGE,none
ClassLoaderWrapper.java,org.apache.ibatis.io.ClassLoaderWrapper,org.pitest.mutationtest.engine.gregor.mutators.NonVoidMethodCallMutator,getResourceAsURL,152,NO_COVERAGE,none
ClassLoaderWrapper.java,org.apache.ibatis.io.ClassLoaderWrapper,org.pitest.mutationtest.engine.gregor.mutators.RemoveConditionalMutator_EQUAL_ELSE,getResourceAsURL,144,NO_COVERAGE,none
ClassLoaderWrapper.java,org.apache.ibatis.io.ClassLoaderWrapper,org.pitest.mutationtest.engine.gregor.mutators.RemoveConditionalMutator_EQUAL_ELSE,getResourceAsURL,151,NO_COVERAGE,none
ClassLoaderWrapper.java,org.apache.ibatis.io.ClassLoaderWrapper,org.pitest.mutationtest.engine.gregor.mutators.RemoveConditionalMutator_EQUAL_ELSE,getResourceAsURL,157,NO_COVERAGE,none
ClassLoaderWrapper.java,org.apache.ibatis.io.ClassLoaderWrapper,org.pitest.mutationtest.engine.gregor.mutators.RemoveConditionalMutator_EQUAL_IF,getResourceAsURL,144,NO_COVERAGE,none
ClassLoaderWrapper.java,org.apache.ibatis.io.ClassLoaderWrapper,org.pitest.mutationtest.engine.gregor.mutators.RemoveConditionalMutator_EQUAL_IF,getResourceAsURL,151,NO_COVERAGE,none
ClassLoaderWrapper.java,org.apache.ibatis.io.ClassLoaderWrapper,org.pitest.mutationtest.engine.gregor.mutators.RemoveConditionalMutator_EQUAL_IF,getResourceAsURL,157,NO_COVERAGE,none
ClassLoaderWrapper.java,org.apache.ibatis.io.ClassLoaderWrapper,org.pitest.mutationtest.engine.gregor.mutators.RemoveConditionalMutator_ORDER_ELSE,getResourceAsURL,142,NO_COVERAGE,none
ClassLoaderWrapper.java,org.apache.ibatis.io.ClassLoaderWrapper,org.pitest.mutationtest.engine.gregor.mutators.RemoveConditionalMutator_ORDER_IF,getResourceAsURL,142,NO_COVERAGE,none
ClassLoaderWrapper.java,org.apache.ibatis.io.ClassLoaderWrapper,org.pitest.mutationtest.engine.gregor.mutators.ReturnValsMutator,getResourceAsURL,158,NO_COVERAGE,none
ClassLoaderWrapper.java,org.apache.ibatis.io.ClassLoaderWrapper,org.pitest.mutationtest.engine.gregor.mutators.ReturnValsMutator,getResourceAsURL,166,NO_COVERAGE,none
ConnectionLogger.java,org.apache.ibatis.logging.jdbc.ConnectionLogger,org.pitest.mutationtest.engine.gregor.mutators.experimental.MemberVariableMutator,<init>,41,NO_COVERAGE,none
ConnectionLogger.java,org.apache.ibatis.logging.jdbc.ConnectionLogger,org.pitest.mutationtest.engine.gregor.mutators.ReturnValsMutator,getConnection,95,NO_COVERAGE,none
ConnectionLogger.java,org.apache.ibatis.logging.jdbc.ConnectionLogger,org.pitest.mutationtest.engine.gregor.mutators.ArgumentPropagationMutator,invoke,49,NO_COVERAGE,none
ConnectionLogger.java,org.apache.ibatis.logging.jdbc.ConnectionLogger,org.pitest.mutationtest.engine.gregor.mutators.ArgumentPropagationMutator,invoke,53,NO_COVERAGE,none
ConnectionLogger.java,org.apache.ibatis.logging.jdbc.ConnectionLogger,org.pitest.mutationtest.engine.gregor.mutators.ArgumentPropagationMutator,invoke,55,NO_COVERAGE,none
ConnectionLogger.java,org.apache.ibatis.logging.jdbc.ConnectionLogger,org.pitest.mutationtest.engine.gregor.mutators.ArgumentPropagationMutator,invoke,56,NO_COVERAGE,none
ConnectionLogger.java,org.apache.ibatis.logging.jdbc.ConnectionLogger,org.pitest.mutationtest.engine.gregor.mutators.ArgumentPropagationMutator,invoke,60,NO_COVERAGE,none
ConnectionLogger.java,org.apache.ibatis.logging.jdbc.ConnectionLogger,org.pitest.mutationtest.engine.gregor.mutators.ArgumentPropagationMutator,invoke,62,NO_COVERAGE,none
ConnectionLogger.java,org.apache.ibatis.logging.jdbc.ConnectionLogger,org.pitest.mutationtest.engine.gregor.mutators.ArgumentPropagationMutator,invoke,63,NO_COVERAGE,none
ConnectionLogger.java,org.apache.ibatis.logging.jdbc.ConnectionLogger,org.pitest.mutationtest.engine.gregor.mutators.ArgumentPropagationMutator,invoke,66,NO_COVERAGE,none
ConnectionLogger.java,org.apache.ibatis.logging.jdbc.ConnectionLogger,org.pitest.mutationtest.engine.gregor.mutators.ArgumentPropagationMutator,invoke,67,NO_COVERAGE,none
ConnectionLogger.java,org.apache.ibatis.logging.jdbc.ConnectionLogger,org.pitest.mutationtest.engine.gregor.mutators.ArgumentPropagationMutator,invoke,70,NO_COVERAGE,none
ConnectionLogger.java,org.apache.ibatis.logging.jdbc.ConnectionLogger,org.pitest.mutationtest.engine.gregor.mutators.ArgumentPropagationMutator,invoke,73,NO_COVERAGE,none
ConnectionLogger.java,org.apache.ibatis.logging.jdbc.ConnectionLogger,org.pitest.mutationtest.engine.gregor.mutators.ConstructorCallMutator,invoke,53,NO_COVERAGE,none
ConnectionLogger.java,org.apache.ibatis.logging.jdbc.ConnectionLogger,org.pitest.mutationtest.engine.gregor.mutators.ConstructorCallMutator,invoke,60,NO_COVERAGE,none
ConnectionLogger.java,org.apache.ibatis.logging.jdbc.ConnectionLogger,org.pitest.mutationtest.engine.gregor.mutators.InlineConstantMutator,invoke,53,NO_COVERAGE,none
ConnectionLogger.java,org.apache.ibatis.logging.jdbc.ConnectionLogger,org.pitest.mutationtest.engine.gregor.mutators.InlineConstantMutator,invoke,53,NO_COVERAGE,none
ConnectionLogger.java,org.apache.ibatis.logging.jdbc.ConnectionLogger,org.pitest.mutationtest.engine.gregor.mutators.InlineConstantMutator,invoke,60,NO_COVERAGE,none
ConnectionLogger.java,org.apache.ibatis.logging.jdbc.ConnectionLogger,org.pitest.mutationtest.engine.gregor.mutators.InlineConstantMutator,invoke,60,NO_COVERAGE,none
ConnectionLogger.java,org.apache.ibatis.logging.jdbc.ConnectionLogger,org.pitest.mutationtest.engine.gregor.mutators.NegateConditionalsMutator,invoke,48,NO_COVERAGE,none
ConnectionLogger.java,org.apache.ibatis.logging.jdbc.ConnectionLogger,org.pitest.mutationtest.engine.gregor.mutators.NegateConditionalsMutator,invoke,51,NO_COVERAGE,none
ConnectionLogger.java,org.apache.ibatis.logging.jdbc.ConnectionLogger,org.pitest.mutationtest.engine.gregor.mutators.NegateConditionalsMutator,invoke,52,NO_COVERAGE,none
ConnectionLogger.java,org.apache.ibatis.logging.jdbc.ConnectionLogger,org.pitest.mutationtest.engine.gregor.mutators.NegateConditionalsMutator,invoke,58,NO_COVERAGE,none
ConnectionLogger.java,org.apache.ibatis.logging.jdbc.ConnectionLogger,org.pitest.mutationtest.engine.gregor.mutators.NegateConditionalsMutator,invoke,59,NO_COVERAGE,none
ConnectionLogger.java,org.apache.ibatis.logging.jdbc.ConnectionLogger,org.pitest.mutationtest.engine.gregor.mutators.NegateConditionalsMutator,invoke,65,NO_COVERAGE,none
ConnectionLogger.java,org.apache.ibatis.logging.jdbc.ConnectionLogger,org.pitest.mutationtest.engine.gregor.mutators.NonVoidMethodCallMutator,invoke,48,NO_COVERAGE,none
ConnectionLogger.java,org.apache.ibatis.logging.jdbc.ConnectionLogger,org.pitest.mutationtest.engine.gregor.mutators.NonVoidMethodCallMutator,invoke,48,NO_COVERAGE,none
ConnectionLogger.java,org.apache.ibatis.logging.jdbc.ConnectionLogger,org.pitest.mutationtest.engine.gregor.mutators.NonVoidMethodCallMutator,invoke,49,NO_COVERAGE,none
ConnectionLogger.java,org.apache.ibatis.logging.jdbc.ConnectionLogger,org.pitest.mutationtest.engine.gregor.mutators.NonVoidMethodCallMutator,invoke,51,NO_COVERAGE,none
ConnectionLogger.java,org.apache.ibatis.logging.jdbc.ConnectionLogger,org.pitest.mutationtest.engine.gregor.mutators.NonVoidMethodCallMutator,invoke,51,NO_COVERAGE,none
ConnectionLogger.java,org.apache.ibatis.logging.jdbc.ConnectionLogger,org.pitest.mutationtest.engine.gregor.mutators.NonVoidMethodCallMutator,invoke,52,NO_COVERAGE,none
ConnectionLogger.java,org.apache.ibatis.logging.jdbc.ConnectionLogger,org.pitest.mutationtest.engine.gregor.mutators.NonVoidMethodCallMutator,invoke,53,NO_COVERAGE,none
ConnectionLogger.java,org.apache.ibatis.logging.jdbc.ConnectionLogger,org.pitest.mutationtest.engine.gregor.mutators.NonVoidMethodCallMutator,invoke,53,NO_COVERAGE,none
ConnectionLogger.java,org.apache.ibatis.logging.jdbc.ConnectionLogger,org.pitest.mutationtest.engine.gregor.mutators.NonVoidMethodCallMutator,invoke,53,NO_COVERAGE,none
ConnectionLogger.java,org.apache.ibatis.logging.jdbc.ConnectionLogger,org.pitest.mutationtest.engine.gregor.mutators.NonVoidMethodCallMutator,invoke,53,NO_COVERAGE,none
ConnectionLogger.java,org.apache.ibatis.logging.jdbc.ConnectionLogger,org.pitest.mutationtest.engine.gregor.mutators.NonVoidMethodCallMutator,invoke,55,NO_COVERAGE,none
ConnectionLogger.java,org.apache.ibatis.logging.jdbc.ConnectionLogger,org.pitest.mutationtest.engine.gregor.mutators.NonVoidMethodCallMutator,invoke,56,NO_COVERAGE,none
ConnectionLogger.java,org.apache.ibatis.logging.jdbc.ConnectionLogger,org.pitest.mutationtest.engine.gregor.mutators.NonVoidMethodCallMutator,invoke,58,NO_COVERAGE,none
ConnectionLogger.java,org.apache.ibatis.logging.jdbc.ConnectionLogger,org.pitest.mutationtest.engine.gregor.mutators.NonVoidMethodCallMutator,invoke,58,NO_COVERAGE,none
ConnectionLogger.java,org.apache.ibatis.logging.jdbc.ConnectionLogger,org.pitest.mutationtest.engine.gregor.mutators.NonVoidMethodCallMutator,invoke,59,NO_COVERAGE,none
ConnectionLogger.java,org.apache.ibatis.logging.jdbc.ConnectionLogger,org.pitest.mutationtest.engine.gregor.mutators.NonVoidMethodCallMutator,invoke,60,NO_COVERAGE,none
ConnectionLogger.java,org.apache.ibatis.logging.jdbc.ConnectionLogger,org.pitest.mutationtest.engine.gregor.mutators.NonVoidMethodCallMutator,invoke,60,NO_COVERAGE,none
ConnectionLogger.java,org.apache.ibatis.logging.jdbc.ConnectionLogger,org.pitest.mutationtest.engine.gregor.mutators.NonVoidMethodCallMutator,invoke,60,NO_COVERAGE,none
ConnectionLogger.java,org.apache.ibatis.logging.jdbc.ConnectionLogger,org.pitest.mutationtest.engine.gregor.mutators.NonVoidMethodCallMutator,invoke,60,NO_COVERAGE,none
ConnectionLogger.java,org.apache.ibatis.logging.jdbc.ConnectionLogger,org.pitest.mutationtest.engine.gregor.mutators.NonVoidMethodCallMutator,invoke,62,NO_COVERAGE,none
ConnectionLogger.java,org.apache.ibatis.logging.jdbc.ConnectionLogger,org.pitest.mutationtest.engine.gregor.mutators.NonVoidMethodCallMutator,invoke,63,NO_COVERAGE,none
ConnectionLogger.java,org.apache.ibatis.logging.jdbc.ConnectionLogger,org.pitest.mutationtest.engine.gregor.mutators.NonVoidMethodCallMutator,invoke,65,NO_COVERAGE,none
ConnectionLogger.java,org.apache.ibatis.logging.jdbc.ConnectionLogger,org.pitest.mutationtest.engine.gregor.mutators.NonVoidMethodCallMutator,invoke,65,NO_COVERAGE,none
ConnectionLogger.java,org.apache.ibatis.logging.jdbc.ConnectionLogger,org.pitest.mutationtest.engine.gregor.mutators.NonVoidMethodCallMutator,invoke,66,NO_COVERAGE,none
ConnectionLogger.java,org.apache.ibatis.logging.jdbc.ConnectionLogger,org.pitest.mutationtest.engine.gregor.mutators.NonVoidMethodCallMutator,invoke,67,NO_COVERAGE,none
ConnectionLogger.java,org.apache.ibatis.logging.jdbc.ConnectionLogger,org.pitest.mutationtest.engine.gregor.mutators.NonVoidMethodCallMutator,invoke,70,NO_COVERAGE,none
ConnectionLogger.java,org.apache.ibatis.logging.jdbc.ConnectionLogger,org.pitest.mutationtest.engine.gregor.mutators.NonVoidMethodCallMutator,invoke,73,NO_COVERAGE,none
ConnectionLogger.java,org.apache.ibatis.logging.jdbc.ConnectionLogger,org.pitest.mutationtest.engine.gregor.mutators.RemoveConditionalMutator_EQUAL_ELSE,invoke,48,NO_COVERAGE,none
ConnectionLogger.java,org.apache.ibatis.logging.jdbc.ConnectionLogger,org.pitest.mutationtest.engine.gregor.mutators.RemoveConditionalMutator_EQUAL_ELSE,invoke,51,NO_COVERAGE,none
ConnectionLogger.java,org.apache.ibatis.logging.jdbc.ConnectionLogger,org.pitest.mutationtest.engine.gregor.mutators.RemoveConditionalMutator_EQUAL_ELSE,invoke,52,NO_COVERAGE,none
ConnectionLogger.java,org.apache.ibatis.logging.jdbc.ConnectionLogger,org.pitest.mutationtest.engine.gregor.mutators.RemoveConditionalMutator_EQUAL_ELSE,invoke,58,NO_COVERAGE,none
ConnectionLogger.java,org.apache.ibatis.logging.jdbc.ConnectionLogger,org.pitest.mutationtest.engine.gregor.mutators.RemoveConditionalMutator_EQUAL_ELSE,invoke,59,NO_COVERAGE,none
ConnectionLogger.java,org.apache.ibatis.logging.jdbc.ConnectionLogger,org.pitest.mutationtest.engine.gregor.mutators.RemoveConditionalMutator_EQUAL_ELSE,invoke,65,NO_COVERAGE,none
ConnectionLogger.java,org.apache.ibatis.logging.jdbc.ConnectionLogger,org.pitest.mutationtest.engine.gregor.mutators.RemoveConditionalMutator_EQUAL_IF,invoke,48,NO_COVERAGE,none
ConnectionLogger.java,org.apache.ibatis.logging.jdbc.ConnectionLogger,org.pitest.mutationtest.engine.gregor.mutators.RemoveConditionalMutator_EQUAL_IF,invoke,51,NO_COVERAGE,none
ConnectionLogger.java,org.apache.ibatis.logging.jdbc.ConnectionLogger,org.pitest.mutationtest.engine.gregor.mutators.RemoveConditionalMutator_EQUAL_IF,invoke,52,NO_COVERAGE,none
ConnectionLogger.java,org.apache.ibatis.logging.jdbc.ConnectionLogger,org.pitest.mutationtest.engine.gregor.mutators.RemoveConditionalMutator_EQUAL_IF,invoke,58,NO_COVERAGE,none
ConnectionLogger.java,org.apache.ibatis.logging.jdbc.ConnectionLogger,org.pitest.mutationtest.engine.gregor.mutators.RemoveConditionalMutator_EQUAL_IF,invoke,59,NO_COVERAGE,none
ConnectionLogger.java,org.apache.ibatis.logging.jdbc.ConnectionLogger,org.pitest.mutationtest.engine.gregor.mutators.RemoveConditionalMutator_EQUAL_IF,invoke,65,NO_COVERAGE,none
ConnectionLogger.java,org.apache.ibatis.logging.jdbc.ConnectionLogger,org.pitest.mutationtest.engine.gregor.mutators.ReturnValsMutator,invoke,49,NO_COVERAGE,none
ConnectionLogger.java,org.apache.ibatis.logging.jdbc.ConnectionLogger,org.pitest.mutationtest.engine.gregor.mutators.ReturnValsMutator,invoke,57,NO_COVERAGE,none
ConnectionLogger.java,org.apache.ibatis.logging.jdbc.ConnectionLogger,org.pitest.mutationtest.engine.gregor.mutators.ReturnValsMutator,invoke,64,NO_COVERAGE,none
ConnectionLogger.java,org.apache.ibatis.logging.jdbc.ConnectionLogger,org.pitest.mutationtest.engine.gregor.mutators.ReturnValsMutator,invoke,68,NO_COVERAGE,none
ConnectionLogger.java,org.apache.ibatis.logging.jdbc.ConnectionLogger,org.pitest.mutationtest.engine.gregor.mutators.ReturnValsMutator,invoke,70,NO_COVERAGE,none
ConnectionLogger.java,org.apache.ibatis.logging.jdbc.ConnectionLogger,org.pitest.mutationtest.engine.gregor.mutators.VoidMethodCallMutator,invoke,53,NO_COVERAGE,none
ConnectionLogger.java,org.apache.ibatis.logging.jdbc.ConnectionLogger,org.pitest.mutationtest.engine.gregor.mutators.VoidMethodCallMutator,invoke,60,NO_COVERAGE,none
ConnectionLogger.java,org.apache.ibatis.logging.jdbc.ConnectionLogger,org.pitest.mutationtest.engine.gregor.mutators.ConstructorCallMutator,newInstance,84,NO_COVERAGE,none
ConnectionLogger.java,org.apache.ibatis.logging.jdbc.ConnectionLogger,org.pitest.mutationtest.engine.gregor.mutators.InlineConstantMutator,newInstance,86,NO_COVERAGE,none
ConnectionLogger.java,org.apache.ibatis.logging.jdbc.ConnectionLogger,org.pitest.mutationtest.engine.gregor.mutators.InlineConstantMutator,newInstance,86,NO_COVERAGE,none
ConnectionLogger.java,org.apache.ibatis.logging.jdbc.ConnectionLogger,org.pitest.mutationtest.engine.gregor.mutators.NonVoidMethodCallMutator,newInstance,85,NO_COVERAGE,none
ConnectionLogger.java,org.apache.ibatis.logging.jdbc.ConnectionLogger,org.pitest.mutationtest.engine.gregor.mutators.NonVoidMethodCallMutator,newInstance,86,NO_COVERAGE,none
ConnectionLogger.java,org.apache.ibatis.logging.jdbc.ConnectionLogger,org.pitest.mutationtest.engine.gregor.mutators.ReturnValsMutator,newInstance,86,NO_COVERAGE,none
UnknownTypeHandler.java,org.apache.ibatis.type.UnknownTypeHandler,org.pitest.mutationtest.engine.gregor.mutators.NonVoidMethodCallMutator,getNullableResult,68,NO_COVERAGE,none
UnknownTypeHandler.java,org.apache.ibatis.type.UnknownTypeHandler,org.pitest.mutationtest.engine.gregor.mutators.ReturnValsMutator,getNullableResult,68,NO_COVERAGE,none
UnknownTypeHandler.java,org.apache.ibatis.type.UnknownTypeHandler,org.pitest.mutationtest.engine.gregor.mutators.NegateConditionalsMutator,getNullableResult,59,NO_COVERAGE,none
UnknownTypeHandler.java,org.apache.ibatis.type.UnknownTypeHandler,org.pitest.mutationtest.engine.gregor.mutators.NegateConditionalsMutator,getNullableResult,59,NO_COVERAGE,none
UnknownTypeHandler.java,org.apache.ibatis.type.UnknownTypeHandler,org.pitest.mutationtest.engine.gregor.mutators.NonVoidMethodCallMutator,getNullableResult,58,NO_COVERAGE,none
UnknownTypeHandler.java,org.apache.ibatis.type.UnknownTypeHandler,org.pitest.mutationtest.engine.gregor.mutators.NonVoidMethodCallMutator,getNullableResult,58,NO_COVERAGE,none
UnknownTypeHandler.java,org.apache.ibatis.type.UnknownTypeHandler,org.pitest.mutationtest.engine.gregor.mutators.NonVoidMethodCallMutator,getNullableResult,58,NO_COVERAGE,none
UnknownTypeHandler.java,org.apache.ibatis.type.UnknownTypeHandler,org.pitest.mutationtest.engine.gregor.mutators.NonVoidMethodCallMutator,getNullableResult,62,NO_COVERAGE,none
UnknownTypeHandler.java,org.apache.ibatis.type.UnknownTypeHandler,org.pitest.mutationtest.engine.gregor.mutators.RemoveConditionalMutator_EQUAL_ELSE,getNullableResult,59,NO_COVERAGE,none
UnknownTypeHandler.java,org.apache.ibatis.type.UnknownTypeHandler,org.pitest.mutationtest.engine.gregor.mutators.RemoveConditionalMutator_EQUAL_ELSE,getNullableResult,59,NO_COVERAGE,none
UnknownTypeHandler.java,org.apache.ibatis.type.UnknownTypeHandler,org.pitest.mutationtest.engine.gregor.mutators.RemoveConditionalMutator_EQUAL_IF,getNullableResult,59,NO_COVERAGE,none
UnknownTypeHandler.java,org.apache.ibatis.type.UnknownTypeHandler,org.pitest.mutationtest.engine.gregor.mutators.RemoveConditionalMutator_EQUAL_IF,getNullableResult,59,NO_COVERAGE,none
UnknownTypeHandler.java,org.apache.ibatis.type.UnknownTypeHandler,org.pitest.mutationtest.engine.gregor.mutators.ReturnValsMutator,getNullableResult,62,NO_COVERAGE,none
UnknownTypeHandler.java,org.apache.ibatis.type.UnknownTypeHandler,org.pitest.mutationtest.engine.gregor.mutators.NonVoidMethodCallMutator,getNullableResult,52,NO_COVERAGE,none
UnknownTypeHandler.java,org.apache.ibatis.type.UnknownTypeHandler,org.pitest.mutationtest.engine.gregor.mutators.ReturnValsMutator,getNullableResult,52,NO_COVERAGE,none
UnknownTypeHandler.java,org.apache.ibatis.type.UnknownTypeHandler,org.pitest.mutationtest.engine.gregor.mutators.NegateConditionalsMutator,resolveTypeHandler,78,NO_COVERAGE,none
UnknownTypeHandler.java,org.apache.ibatis.type.UnknownTypeHandler,org.pitest.mutationtest.engine.gregor.mutators.NegateConditionalsMutator,resolveTypeHandler,78,NO_COVERAGE,none
UnknownTypeHandler.java,org.apache.ibatis.type.UnknownTypeHandler,org.pitest.mutationtest.engine.gregor.mutators.NonVoidMethodCallMutator,resolveTypeHandler,76,NO_COVERAGE,none
UnknownTypeHandler.java,org.apache.ibatis.type.UnknownTypeHandler,org.pitest.mutationtest.engine.gregor.mutators.RemoveConditionalMutator_EQUAL_ELSE,resolveTypeHandler,73,NO_COVERAGE,none
UnknownTypeHandler.java,org.apache.ibatis.type.UnknownTypeHandler,org.pitest.mutationtest.engine.gregor.mutators.RemoveConditionalMutator_EQUAL_IF,resolveTypeHandler,78,NO_COVERAGE,none
UnknownTypeHandler.java,org.apache.ibatis.type.UnknownTypeHandler,org.pitest.mutationtest.engine.gregor.mutators.ReturnValsMutator,resolveTypeHandler,82,NO_COVERAGE,none
UnknownTypeHandler.java,org.apache.ibatis.type.UnknownTypeHandler,org.pitest.mutationtest.engine.gregor.mutators.ArgumentPropagationMutator,resolveTypeHandler,93,NO_COVERAGE,none
UnknownTypeHandler.java,org.apache.ibatis.type.UnknownTypeHandler,org.pitest.mutationtest.engine.gregor.mutators.ConditionalsBoundaryMutator,resolveTypeHandler,91,NO_COVERAGE,none
UnknownTypeHandler.java,org.apache.ibatis.type.UnknownTypeHandler,org.pitest.mutationtest.engine.gregor.mutators.ConstructorCallMutator,resolveTypeHandler,105,NO_COVERAGE,none
UnknownTypeHandler.java,org.apache.ibatis.type.UnknownTypeHandler,org.pitest.mutationtest.engine.gregor.mutators.ConstructorCallMutator,resolveTypeHandler,105,NO_COVERAGE,none
UnknownTypeHandler.java,org.apache.ibatis.type.UnknownTypeHandler,org.pitest.mutationtest.engine.gregor.mutators.NegateConditionalsMutator,resolveTypeHandler,91,NO_COVERAGE,none
UnknownTypeHandler.java,org.apache.ibatis.type.UnknownTypeHandler,org.pitest.mutationtest.engine.gregor.mutators.NegateConditionalsMutator,resolveTypeHandler,97,NO_COVERAGE,none
UnknownTypeHandler.java,org.apache.ibatis.type.UnknownTypeHandler,org.pitest.mutationtest.engine.gregor.mutators.NegateConditionalsMutator,resolveTypeHandler,100,NO_COVERAGE,none
UnknownTypeHandler.java,org.apache.ibatis.type.UnknownTypeHandler,org.pitest.mutationtest.engine.gregor.mutators.NegateConditionalsMutator,resolveTypeHandler,100,NO_COVERAGE,none
UnknownTypeHandler.java,org.apache.ibatis.type.UnknownTypeHandler,org.pitest.mutationtest.engine.gregor.mutators.NonVoidMethodCallMutator,resolveTypeHandler,90,NO_COVERAGE,none
UnknownTypeHandler.java,org.apache.ibatis.type.UnknownTypeHandler,org.pitest.mutationtest.engine.gregor.mutators.NonVoidMethodCallMutator,resolveTypeHandler,92,NO_COVERAGE,none
UnknownTypeHandler.java,org.apache.ibatis.type.UnknownTypeHandler,org.pitest.mutationtest.engine.gregor.mutators.NonVoidMethodCallMutator,resolveTypeHandler,93,NO_COVERAGE,none
UnknownTypeHandler.java,org.apache.ibatis.type.UnknownTypeHandler,org.pitest.mutationtest.engine.gregor.mutators.NonVoidMethodCallMutator,resolveTypeHandler,93,NO_COVERAGE,none
UnknownTypeHandler.java,org.apache.ibatis.type.UnknownTypeHandler,org.pitest.mutationtest.engine.gregor.mutators.NonVoidMethodCallMutator,resolveTypeHandler,95,NO_COVERAGE,none
UnknownTypeHandler.java,org.apache.ibatis.type.UnknownTypeHandler,org.pitest.mutationtest.engine.gregor.mutators.NonVoidMethodCallMutator,resolveTypeHandler,98,NO_COVERAGE,none
UnknownTypeHandler.java,org.apache.ibatis.type.UnknownTypeHandler,org.pitest.mutationtest.engine.gregor.mutators.NonVoidMethodCallMutator,resolveTypeHandler,105,NO_COVERAGE,none
UnknownTypeHandler.java,org.apache.ibatis.type.UnknownTypeHandler,org.pitest.mutationtest.engine.gregor.mutators.NonVoidMethodCallMutator,resolveTypeHandler,105,NO_COVERAGE,none
UnknownTypeHandler.java,org.apache.ibatis.type.UnknownTypeHandler,org.pitest.mutationtest.engine.gregor.mutators.NonVoidMethodCallMutator,resolveTypeHandler,105,NO_COVERAGE,none
UnknownTypeHandler.java,org.apache.ibatis.type.UnknownTypeHandler,org.pitest.mutationtest.engine.gregor.mutators.NonVoidMethodCallMutator,resolveTypeHandler,105,NO_COVERAGE,none
UnknownTypeHandler.java,org.apache.ibatis.type.UnknownTypeHandler,org.pitest.mutationtest.engine.gregor.mutators.NonVoidMethodCallMutator,resolveTypeHandler,105,NO_COVERAGE,none
UnknownTypeHandler.java,org.apache.ibatis.type.UnknownTypeHandler,org.pitest.mutationtest.engine.gregor.mutators.RemoveConditionalMutator_EQUAL_ELSE,resolveTypeHandler,97,NO_COVERAGE,none
UnknownTypeHandler.java,org.apache.ibatis.type.UnknownTypeHandler,org.pitest.mutationtest.engine.gregor.mutators.RemoveConditionalMutator_EQUAL_ELSE,resolveTypeHandler,100,NO_COVERAGE,none
UnknownTypeHandler.java,org.apache.ibatis.type.UnknownTypeHandler,org.pitest.mutationtest.engine.gregor.mutators.RemoveConditionalMutator_EQUAL_ELSE,resolveTypeHandler,100,NO_COVERAGE,none
UnknownTypeHandler.java,org.apache.ibatis.type.UnknownTypeHandler,org.pitest.mutationtest.engine.gregor.mutators.RemoveConditionalMutator_EQUAL_IF,resolveTypeHandler,97,NO_COVERAGE,none
UnknownTypeHandler.java,org.apache.ibatis.type.UnknownTypeHandler,org.pitest.mutationtest.engine.gregor.mutators.RemoveConditionalMutator_EQUAL_IF,resolveTypeHandler,100,NO_COVERAGE,none
UnknownTypeHandler.java,org.apache.ibatis.type.UnknownTypeHandler,org.pitest.mutationtest.engine.gregor.mutators.RemoveConditionalMutator_EQUAL_IF,resolveTypeHandler,100,NO_COVERAGE,none
UnknownTypeHandler.java,org.apache.ibatis.type.UnknownTypeHandler,org.pitest.mutationtest.engine.gregor.mutators.RemoveConditionalMutator_ORDER_ELSE,resolveTypeHandler,91,NO_COVERAGE,none
UnknownTypeHandler.java,org.apache.ibatis.type.UnknownTypeHandler,org.pitest.mutationtest.engine.gregor.mutators.NegateConditionalsMutator,resolveTypeHandler,113,NO_COVERAGE,none
UnknownTypeHandler.java,org.apache.ibatis.type.UnknownTypeHandler,org.pitest.mutationtest.engine.gregor.mutators.NegateConditionalsMutator,resolveTypeHandler,113,NO_COVERAGE,none
UnknownTypeHandler.java,org.apache.ibatis.type.UnknownTypeHandler,org.pitest.mutationtest.engine.gregor.mutators.NegateConditionalsMutator,resolveTypeHandler,115,NO_COVERAGE,none
UnknownTypeHandler.java,org.apache.ibatis.type.UnknownTypeHandler,org.pitest.mutationtest.engine.gregor.mutators.NegateConditionalsMutator,resolveTypeHandler,117,NO_COVERAGE,none
UnknownTypeHandler.java,org.apache.ibatis.type.UnknownTypeHandler,org.pitest.mutationtest.engine.gregor.mutators.NonVoidMethodCallMutator,resolveTypeHandler,111,NO_COVERAGE,none
UnknownTypeHandler.java,org.apache.ibatis.type.UnknownTypeHandler,org.pitest.mutationtest.engine.gregor.mutators.NonVoidMethodCallMutator,resolveTypeHandler,112,NO_COVERAGE,none
UnknownTypeHandler.java,org.apache.ibatis.type.UnknownTypeHandler,org.pitest.mutationtest.engine.gregor.mutators.NonVoidMethodCallMutator,resolveTypeHandler,114,NO_COVERAGE,none
UnknownTypeHandler.java,org.apache.ibatis.type.UnknownTypeHandler,org.pitest.mutationtest.engine.gregor.mutators.NonVoidMethodCallMutator,resolveTypeHandler,116,NO_COVERAGE,none
UnknownTypeHandler.java,org.apache.ibatis.type.UnknownTypeHandler,org.pitest.mutationtest.engine.gregor.mutators.NonVoidMethodCallMutator,resolveTypeHandler,118,NO_COVERAGE,none
UnknownTypeHandler.java,org.apache.ibatis.type.UnknownTypeHandler,org.pitest.mutationtest.engine.gregor.mutators.RemoveConditionalMutator_EQUAL_ELSE,resolveTypeHandler,113,NO_COVERAGE,none
UnknownTypeHandler.java,org.apache.ibatis.type.UnknownTypeHandler,org.pitest.mutationtest.engine.gregor.mutators.RemoveConditionalMutator_EQUAL_ELSE,resolveTypeHandler,113,NO_COVERAGE,none
UnknownTypeHandler.java,org.apache.ibatis.type.UnknownTypeHandler,org.pitest.mutationtest.engine.gregor.mutators.RemoveConditionalMutator_EQUAL_ELSE,resolveTypeHandler,115,NO_COVERAGE,none
UnknownTypeHandler.java,org.apache.ibatis.type.UnknownTypeHandler,org.pitest.mutationtest.engine.gregor.mutators.RemoveConditionalMutator_EQUAL_ELSE,resolveTypeHandler,117,NO_COVERAGE,none
UnknownTypeHandler.java,org.apache.ibatis.type.UnknownTypeHandler,org.pitest.mutationtest.engine.gregor.mutators.RemoveConditionalMutator_EQUAL_IF,resolveTypeHandler,113,NO_COVERAGE,none
UnknownTypeHandler.java,org.apache.ibatis.type.UnknownTypeHandler,org.pitest.mutationtest.engine.gregor.mutators.RemoveConditionalMutator_EQUAL_IF,resolveTypeHandler,113,NO_COVERAGE,none
UnknownTypeHandler.java,org.apache.ibatis.type.UnknownTypeHandler,org.pitest.mutationtest.engine.gregor.mutators.RemoveConditionalMutator_EQUAL_IF,resolveTypeHandler,115,NO_COVERAGE,none
UnknownTypeHandler.java,org.apache.ibatis.type.UnknownTypeHandler,org.pitest.mutationtest.engine.gregor.mutators.RemoveConditionalMutator_EQUAL_IF,resolveTypeHandler,117,NO_COVERAGE,none
UnknownTypeHandler.java,org.apache.ibatis.type.UnknownTypeHandler,org.pitest.mutationtest.engine.gregor.mutators.ReturnValsMutator,resolveTypeHandler,120,NO_COVERAGE,none
UnknownTypeHandler.java,org.apache.ibatis.type.UnknownTypeHandler,org.pitest.mutationtest.engine.gregor.mutators.NonVoidMethodCallMutator,safeGetClassForColumn,133,NO_COVERAGE,none
UnknownTypeHandler.java,org.apache.ibatis.type.UnknownTypeHandler,org.pitest.mutationtest.engine.gregor.mutators.NonVoidMethodCallMutator,safeGetClassForColumn,133,NO_COVERAGE,none
UnknownTypeHandler.java,org.apache.ibatis.type.UnknownTypeHandler,org.pitest.mutationtest.engine.gregor.mutators.NonVoidMethodCallMutator,safeGetClassForColumn,133,NO_COVERAGE,none
UnknownTypeHandler.java,org.apache.ibatis.type.UnknownTypeHandler,org.pitest.mutationtest.engine.gregor.mutators.ReturnValsMutator,safeGetClassForColumn,133,NO_COVERAGE,none
UnknownTypeHandler.java,org.apache.ibatis.type.UnknownTypeHandler,org.pitest.mutationtest.engine.gregor.mutators.ReturnValsMutator,safeGetClassForColumn,135,NO_COVERAGE,none
UnknownTypeHandler.java,org.apache.ibatis.type.UnknownTypeHandler,org.pitest.mutationtest.engine.gregor.mutators.ArgumentPropagationMutator,safeGetJdbcTypeForColumn,125,NO_COVERAGE,none
UnknownTypeHandler.java,org.apache.ibatis.type.UnknownTypeHandler,org.pitest.mutationtest.engine.gregor.mutators.NonVoidMethodCallMutator,safeGetJdbcTypeForColumn,125,NO_COVERAGE,none
UnknownTypeHandler.java,org.apache.ibatis.type.UnknownTypeHandler,org.pitest.mutationtest.engine.gregor.mutators.NonVoidMethodCallMutator,safeGetJdbcTypeForColumn,125,NO_COVERAGE,none
UnknownTypeHandler.java,org.apache.ibatis.type.UnknownTypeHandler,org.pitest.mutationtest.engine.gregor.mutators.NonVoidMethodCallMutator,safeGetJdbcTypeForColumn,125,NO_COVERAGE,none
UnknownTypeHandler.java,org.apache.ibatis.type.UnknownTypeHandler,org.pitest.mutationtest.engine.gregor.mutators.ReturnValsMutator,safeGetJdbcTypeForColumn,125,NO_COVERAGE,none
UnknownTypeHandler.java,org.apache.ibatis.type.UnknownTypeHandler,org.pitest.mutationtest.engine.gregor.mutators.ReturnValsMutator,safeGetJdbcTypeForColumn,127,NO_COVERAGE,none
UnknownTypeHandler.java,org.apache.ibatis.type.UnknownTypeHandler,org.pitest.mutationtest.engine.gregor.mutators.NonVoidMethodCallMutator,setNonNullParameter,44,NO_COVERAGE,none
Resources.java,org.apache.ibatis.io.Resources,org.pitest.mutationtest.engine.gregor.mutators.NonVoidMethodCallMutator,classForName,261,KILLED,org.apache.ibatis.submitted.extend.ExtendTest.org.apache.ibatis.submitted.extend.ExtendTest
Resources.java,org.apache.ibatis.io.Resources,org.pitest.mutationtest.engine.gregor.mutators.ReturnValsMutator,classForName,261,KILLED,org.apache.ibatis.submitted.extend.ExtendTest.org.apache.ibatis.submitted.extend.ExtendTest
Resources.java,org.apache.ibatis.io.Resources,org.pitest.mutationtest.engine.gregor.mutators.ReturnValsMutator,getCharset,265,NO_COVERAGE,none
Resources.java,org.apache.ibatis.io.Resources,org.pitest.mutationtest.engine.gregor.mutators.ReturnValsMutator,getDefaultClassLoader,52,NO_COVERAGE,none
Resources.java,org.apache.ibatis.io.Resources,org.pitest.mutationtest.engine.gregor.mutators.ConstructorCallMutator,getResourceAsFile,205,NO_COVERAGE,none
Resources.java,org.apache.ibatis.io.Resources,org.pitest.mutationtest.engine.gregor.mutators.NonVoidMethodCallMutator,getResourceAsFile,205,NO_COVERAGE,none
Resources.java,org.apache.ibatis.io.Resources,org.pitest.mutationtest.engine.gregor.mutators.NonVoidMethodCallMutator,getResourceAsFile,205,NO_COVERAGE,none
Resources.java,org.apache.ibatis.io.Resources,org.pitest.mutationtest.engine.gregor.mutators.ReturnValsMutator,getResourceAsFile,205,NO_COVERAGE,none
Resources.java,org.apache.ibatis.io.Resources,org.pitest.mutationtest.engine.gregor.mutators.ConstructorCallMutator,getResourceAsFile,193,NO_COVERAGE,none
Resources.java,org.apache.ibatis.io.Resources,org.pitest.mutationtest.engine.gregor.mutators.NonVoidMethodCallMutator,getResourceAsFile,193,NO_COVERAGE,none
Resources.java,org.apache.ibatis.io.Resources,org.pitest.mutationtest.engine.gregor.mutators.NonVoidMethodCallMutator,getResourceAsFile,193,NO_COVERAGE,none
Resources.java,org.apache.ibatis.io.Resources,org.pitest.mutationtest.engine.gregor.mutators.ReturnValsMutator,getResourceAsFile,193,NO_COVERAGE,none
Resources.java,org.apache.ibatis.io.Resources,org.pitest.mutationtest.engine.gregor.mutators.ConstructorCallMutator,getResourceAsProperties,143,NO_COVERAGE,none
Resources.java,org.apache.ibatis.io.Resources,org.pitest.mutationtest.engine.gregor.mutators.NonVoidMethodCallMutator,getResourceAsProperties,144,NO_COVERAGE,none
Resources.java,org.apache.ibatis.io.Resources,org.pitest.mutationtest.engine.gregor.mutators.ReturnValsMutator,getResourceAsProperties,147,NO_COVERAGE,none
Resources.java,org.apache.ibatis.io.Resources,org.pitest.mutationtest.engine.gregor.mutators.VoidMethodCallMutator,getResourceAsProperties,145,NO_COVERAGE,none
Resources.java,org.apache.ibatis.io.Resources,org.pitest.mutationtest.engine.gregor.mutators.VoidMethodCallMutator,getResourceAsProperties,146,NO_COVERAGE,none
Resources.java,org.apache.ibatis.io.Resources,org.pitest.mutationtest.engine.gregor.mutators.ConstructorCallMutator,getResourceAsProperties,127,NO_COVERAGE,none
Resources.java,org.apache.ibatis.io.Resources,org.pitest.mutationtest.engine.gregor.mutators.NonVoidMethodCallMutator,getResourceAsProperties,128,NO_COVERAGE,none
Resources.java,org.apache.ibatis.io.Resources,org.pitest.mutationtest.engine.gregor.mutators.ReturnValsMutator,getResourceAsProperties,131,NO_COVERAGE,none
Resources.java,org.apache.ibatis.io.Resources,org.pitest.mutationtest.engine.gregor.mutators.VoidMethodCallMutator,getResourceAsProperties,129,NO_COVERAGE,none
Resources.java,org.apache.ibatis.io.Resources,org.pitest.mutationtest.engine.gregor.mutators.ConstructorCallMutator,getResourceAsReader,178,NO_COVERAGE,none
Resources.java,org.apache.ibatis.io.Resources,org.pitest.mutationtest.engine.gregor.mutators.ConstructorCallMutator,getResourceAsReader,180,NO_COVERAGE,none
Resources.java,org.apache.ibatis.io.Resources,org.pitest.mutationtest.engine.gregor.mutators.NegateConditionalsMutator,getResourceAsReader,177,NO_COVERAGE,none
Resources.java,org.apache.ibatis.io.Resources,org.pitest.mutationtest.engine.gregor.mutators.NonVoidMethodCallMutator,getResourceAsReader,178,NO_COVERAGE,none
Resources.java,org.apache.ibatis.io.Resources,org.pitest.mutationtest.engine.gregor.mutators.NonVoidMethodCallMutator,getResourceAsReader,180,NO_COVERAGE,none
Resources.java,org.apache.ibatis.io.Resources,org.pitest.mutationtest.engine.gregor.mutators.RemoveConditionalMutator_EQUAL_ELSE,getResourceAsReader,177,NO_COVERAGE,none
Resources.java,org.apache.ibatis.io.Resources,org.pitest.mutationtest.engine.gregor.mutators.RemoveConditionalMutator_EQUAL_IF,getResourceAsReader,177,NO_COVERAGE,none
Resources.java,org.apache.ibatis.io.Resources,org.pitest.mutationtest.engine.gregor.mutators.ReturnValsMutator,getResourceAsReader,182,NO_COVERAGE,none
Resources.java,org.apache.ibatis.io.Resources,org.pitest.mutationtest.engine.gregor.mutators.ConstructorCallMutator,getResourceAsReader,162,NO_COVERAGE,none
Resources.java,org.apache.ibatis.io.Resources,org.pitest.mutationtest.engine.gregor.mutators.NonVoidMethodCallMutator,getResourceAsReader,162,NO_COVERAGE,none
Resources.java,org.apache.ibatis.io.Resources,org.pitest.mutationtest.engine.gregor.mutators.ConstructorCallMutator,getResourceAsStream,114,NO_COVERAGE,none
Resources.java,org.apache.ibatis.io.Resources,org.pitest.mutationtest.engine.gregor.mutators.ConstructorCallMutator,getResourceAsStream,114,NO_COVERAGE,none
Resources.java,org.apache.ibatis.io.Resources,org.pitest.mutationtest.engine.gregor.mutators.NegateConditionalsMutator,getResourceAsStream,113,KILLED,org.apache.ibatis.submitted.extend.ExtendTest.org.apache.ibatis.submitted.extend.ExtendTest
Resources.java,org.apache.ibatis.io.Resources,org.pitest.mutationtest.engine.gregor.mutators.NonVoidMethodCallMutator,getResourceAsStream,112,KILLED,org.apache.ibatis.submitted.extend.ExtendTest.org.apache.ibatis.submitted.extend.ExtendTest
Resources.java,org.apache.ibatis.io.Resources,org.pitest.mutationtest.engine.gregor.mutators.NonVoidMethodCallMutator,getResourceAsStream,114,NO_COVERAGE,none
Resources.java,org.apache.ibatis.io.Resources,org.pitest.mutationtest.engine.gregor.mutators.NonVoidMethodCallMutator,getResourceAsStream,114,NO_COVERAGE,none
Resources.java,org.apache.ibatis.io.Resources,org.pitest.mutationtest.engine.gregor.mutators.NonVoidMethodCallMutator,getResourceAsStream,114,NO_COVERAGE,none
Resources.java,org.apache.ibatis.io.Resources,org.pitest.mutationtest.engine.gregor.mutators.RemoveConditionalMutator_EQUAL_IF,getResourceAsStream,113,KILLED,org.apache.ibatis.submitted.extend.ExtendTest.org.apache.ibatis.submitted.extend.ExtendTest
Resources.java,org.apache.ibatis.io.Resources,org.pitest.mutationtest.engine.gregor.mutators.ReturnValsMutator,getResourceAsStream,116,KILLED,org.apache.ibatis.submitted.extend.ExtendTest.org.apache.ibatis.submitted.extend.ExtendTest
Resources.java,org.apache.ibatis.io.Resources,org.pitest.mutationtest.engine.gregor.mutators.NonVoidMethodCallMutator,getResourceAsStream,100,KILLED,org.apache.ibatis.submitted.extend.ExtendTest.org.apache.ibatis.submitted.extend.ExtendTest
Resources.java,org.apache.ibatis.io.Resources,org.pitest.mutationtest.engine.gregor.mutators.ReturnValsMutator,getResourceAsStream,100,KILLED,org.apache.ibatis.submitted.extend.ExtendTest.org.apache.ibatis.submitted.extend.ExtendTest
Resources.java,org.apache.ibatis.io.Resources,org.pitest.mutationtest.engine.gregor.mutators.ConstructorCallMutator,getResourceURL,87,NO_COVERAGE,none
Resources.java,org.apache.ibatis.io.Resources,org.pitest.mutationtest.engine.gregor.mutators.ConstructorCallMutator,getResourceURL,87,NO_COVERAGE,none
Resources.java,org.apache.ibatis.io.Resources,org.pitest.mutationtest.engine.gregor.mutators.NegateConditionalsMutator,getResourceURL,86,NO_COVERAGE,none
Resources.java,org.apache.ibatis.io.Resources,org.pitest.mutationtest.engine.gregor.mutators.NonVoidMethodCallMutator,getResourceURL,85,NO_COVERAGE,none
Resources.java,org.apache.ibatis.io.Resources,org.pitest.mutationtest.engine.gregor.mutators.NonVoidMethodCallMutator,getResourceURL,87,NO_COVERAGE,none
Resources.java,org.apache.ibatis.io.Resources,org.pitest.mutationtest.engine.gregor.mutators.NonVoidMethodCallMutator,getResourceURL,87,NO_COVERAGE,none
Resources.java,org.apache.ibatis.io.Resources,org.pitest.mutationtest.engine.gregor.mutators.NonVoidMethodCallMutator,getResourceURL,87,NO_COVERAGE,none
Resources.java,org.apache.ibatis.io.Resources,org.pitest.mutationtest.engine.gregor.mutators.RemoveConditionalMutator_EQUAL_ELSE,getResourceURL,86,NO_COVERAGE,none
Resources.java,org.apache.ibatis.io.Resources,org.pitest.mutationtest.engine.gregor.mutators.RemoveConditionalMutator_EQUAL_IF,getResourceURL,86,NO_COVERAGE,none
Resources.java,org.apache.ibatis.io.Resources,org.pitest.mutationtest.engine.gregor.mutators.ReturnValsMutator,getResourceURL,89,NO_COVERAGE,none
Resources.java,org.apache.ibatis.io.Resources,org.pitest.mutationtest.engine.gregor.mutators.NonVoidMethodCallMutator,getResourceURL,73,NO_COVERAGE,none
Resources.java,org.apache.ibatis.io.Resources,org.pitest.mutationtest.engine.gregor.mutators.ReturnValsMutator,getResourceURL,73,NO_COVERAGE,none
Resources.java,org.apache.ibatis.io.Resources,org.pitest.mutationtest.engine.gregor.mutators.ConstructorCallMutator,getUrlAsProperties,246,NO_COVERAGE,none
Resources.java,org.apache.ibatis.io.Resources,org.pitest.mutationtest.engine.gregor.mutators.NonVoidMethodCallMutator,getUrlAsProperties,247,NO_COVERAGE,none
Resources.java,org.apache.ibatis.io.Resources,org.pitest.mutationtest.engine.gregor.mutators.ReturnValsMutator,getUrlAsProperties,250,NO_COVERAGE,none
Resources.java,org.apache.ibatis.io.Resources,org.pitest.mutationtest.engine.gregor.mutators.VoidMethodCallMutator,getUrlAsProperties,248,NO_COVERAGE,none
Resources.java,org.apache.ibatis.io.Resources,org.pitest.mutationtest.engine.gregor.mutators.VoidMethodCallMutator,getUrlAsProperties,249,NO_COVERAGE,none
Resources.java,org.apache.ibatis.io.Resources,org.pitest.mutationtest.engine.gregor.mutators.ConstructorCallMutator,getUrlAsReader,231,NO_COVERAGE,none
Resources.java,org.apache.ibatis.io.Resources,org.pitest.mutationtest.engine.gregor.mutators.ConstructorCallMutator,getUrlAsReader,233,NO_COVERAGE,none
Resources.java,org.apache.ibatis.io.Resources,org.pitest.mutationtest.engine.gregor.mutators.NegateConditionalsMutator,getUrlAsReader,230,NO_COVERAGE,none
Resources.java,org.apache.ibatis.io.Resources,org.pitest.mutationtest.engine.gregor.mutators.NonVoidMethodCallMutator,getUrlAsReader,231,NO_COVERAGE,none
Resources.java,org.apache.ibatis.io.Resources,org.pitest.mutationtest.engine.gregor.mutators.NonVoidMethodCallMutator,getUrlAsReader,233,NO_COVERAGE,none
Resources.java,org.apache.ibatis.io.Resources,org.pitest.mutationtest.engine.gregor.mutators.RemoveConditionalMutator_EQUAL_ELSE,getUrlAsReader,230,NO_COVERAGE,none
Resources.java,org.apache.ibatis.io.Resources,org.pitest.mutationtest.engine.gregor.mutators.RemoveConditionalMutator_EQUAL_IF,getUrlAsReader,230,NO_COVERAGE,none
Resources.java,org.apache.ibatis.io.Resources,org.pitest.mutationtest.engine.gregor.mutators.ReturnValsMutator,getUrlAsReader,235,NO_COVERAGE,none
Resources.java,org.apache.ibatis.io.Resources,org.pitest.mutationtest.engine.gregor.mutators.ConstructorCallMutator,getUrlAsStream,216,NO_COVERAGE,none
Resources.java,org.apache.ibatis.io.Resources,org.pitest.mutationtest.engine.gregor.mutators.NonVoidMethodCallMutator,getUrlAsStream,217,NO_COVERAGE,none
Resources.java,org.apache.ibatis.io.Resources,org.pitest.mutationtest.engine.gregor.mutators.NonVoidMethodCallMutator,getUrlAsStream,218,NO_COVERAGE,none
Resources.java,org.apache.ibatis.io.Resources,org.pitest.mutationtest.engine.gregor.mutators.ReturnValsMutator,getUrlAsStream,218,NO_COVERAGE,none
Resources.java,org.apache.ibatis.io.Resources,org.pitest.mutationtest.engine.gregor.mutators.experimental.MemberVariableMutator,setDefaultClassLoader,61,NO_COVERAGE,none
TypeAliasRegistry.java,org.apache.ibatis.type.TypeAliasRegistry,org.pitest.mutationtest.engine.gregor.mutators.ConstructorCallMutator,<init>,40,KILLED,org.apache.ibatis.submitted.extend.ExtendTest.org.apache.ibatis.submitted.extend.ExtendTest
TypeAliasRegistry.java,org.apache.ibatis.type.TypeAliasRegistry,org.pitest.mutationtest.engine.gregor.mutators.experimental.MemberVariableMutator,<init>,40,KILLED,org.apache.ibatis.submitted.extend.ExtendTest.org.apache.ibatis.submitted.extend.ExtendTest
TypeAliasRegistry.java,org.apache.ibatis.type.TypeAliasRegistry,org.pitest.mutationtest.engine.gregor.mutators.ArgumentPropagationMutator,getTypeAliases,174,NO_COVERAGE,none
TypeAliasRegistry.java,org.apache.ibatis.type.TypeAliasRegistry,org.pitest.mutationtest.engine.gregor.mutators.NonVoidMethodCallMutator,getTypeAliases,174,NO_COVERAGE,none
TypeAliasRegistry.java,org.apache.ibatis.type.TypeAliasRegistry,org.pitest.mutationtest.engine.gregor.mutators.ReturnValsMutator,getTypeAliases,174,NO_COVERAGE,none
TypeAliasRegistry.java,org.apache.ibatis.type.TypeAliasRegistry,org.pitest.mutationtest.engine.gregor.mutators.NegateConditionalsMutator,registerAlias,144,NO_COVERAGE,none
TypeAliasRegistry.java,org.apache.ibatis.type.TypeAliasRegistry,org.pitest.mutationtest.engine.gregor.mutators.NonVoidMethodCallMutator,registerAlias,142,NO_COVERAGE,none
TypeAliasRegistry.java,org.apache.ibatis.type.TypeAliasRegistry,org.pitest.mutationtest.engine.gregor.mutators.NonVoidMethodCallMutator,registerAlias,143,NO_COVERAGE,none
TypeAliasRegistry.java,org.apache.ibatis.type.TypeAliasRegistry,org.pitest.mutationtest.engine.gregor.mutators.NonVoidMethodCallMutator,registerAlias,145,NO_COVERAGE,none
TypeAliasRegistry.java,org.apache.ibatis.type.TypeAliasRegistry,org.pitest.mutationtest.engine.gregor.mutators.RemoveConditionalMutator_EQUAL_ELSE,registerAlias,144,NO_COVERAGE,none
TypeAliasRegistry.java,org.apache.ibatis.type.TypeAliasRegistry,org.pitest.mutationtest.engine.gregor.mutators.RemoveConditionalMutator_EQUAL_IF,registerAlias,144,NO_COVERAGE,none
TypeAliasRegistry.java,org.apache.ibatis.type.TypeAliasRegistry,org.pitest.mutationtest.engine.gregor.mutators.VoidMethodCallMutator,registerAlias,147,NO_COVERAGE,none
TypeAliasRegistry.java,org.apache.ibatis.type.TypeAliasRegistry,org.pitest.mutationtest.engine.gregor.mutators.ArgumentPropagationMutator,registerAlias,157,NO_COVERAGE,none
TypeAliasRegistry.java,org.apache.ibatis.type.TypeAliasRegistry,org.pitest.mutationtest.engine.gregor.mutators.ConstructorCallMutator,registerAlias,152,NO_COVERAGE,none
TypeAliasRegistry.java,org.apache.ibatis.type.TypeAliasRegistry,org.pitest.mutationtest.engine.gregor.mutators.ConstructorCallMutator,registerAlias,157,NO_COVERAGE,none
TypeAliasRegistry.java,org.apache.ibatis.type.TypeAliasRegistry,org.pitest.mutationtest.engine.gregor.mutators.ConstructorCallMutator,registerAlias,157,NO_COVERAGE,none
TypeAliasRegistry.java,org.apache.ibatis.type.TypeAliasRegistry,org.pitest.mutationtest.engine.gregor.mutators.NegateConditionalsMutator,registerAlias,151,KILLED,org.apache.ibatis.submitted.extend.ExtendTest.org.apache.ibatis.submitted.extend.ExtendTest
TypeAliasRegistry.java,org.apache.ibatis.type.TypeAliasRegistry,org.pitest.mutationtest.engine.gregor.mutators.NonVoidMethodCallMutator,registerAlias,155,KILLED,org.apache.ibatis.submitted.extend.ExtendTest.org.apache.ibatis.submitted.extend.ExtendTest
TypeAliasRegistry.java,org.apache.ibatis.type.TypeAliasRegistry,org.pitest.mutationtest.engine.gregor.mutators.NonVoidMethodCallMutator,registerAlias,157,NO_COVERAGE,none
TypeAliasRegistry.java,org.apache.ibatis.type.TypeAliasRegistry,org.pitest.mutationtest.engine.gregor.mutators.NonVoidMethodCallMutator,registerAlias,157,NO_COVERAGE,none
TypeAliasRegistry.java,org.apache.ibatis.type.TypeAliasRegistry,org.pitest.mutationtest.engine.gregor.mutators.NonVoidMethodCallMutator,registerAlias,157,NO_COVERAGE,none
TypeAliasRegistry.java,org.apache.ibatis.type.TypeAliasRegistry,org.pitest.mutationtest.engine.gregor.mutators.NonVoidMethodCallMutator,registerAlias,157,NO_COVERAGE,none
TypeAliasRegistry.java,org.apache.ibatis.type.TypeAliasRegistry,org.pitest.mutationtest.engine.gregor.mutators.NonVoidMethodCallMutator,registerAlias,157,NO_COVERAGE,none
TypeAliasRegistry.java,org.apache.ibatis.type.TypeAliasRegistry,org.pitest.mutationtest.engine.gregor.mutators.NonVoidMethodCallMutator,registerAlias,157,NO_COVERAGE,none
TypeAliasRegistry.java,org.apache.ibatis.type.TypeAliasRegistry,org.pitest.mutationtest.engine.gregor.mutators.NonVoidMethodCallMutator,registerAlias,157,NO_COVERAGE,none
TypeAliasRegistry.java,org.apache.ibatis.type.TypeAliasRegistry,org.pitest.mutationtest.engine.gregor.mutators.NonVoidMethodCallMutator,registerAlias,157,NO_COVERAGE,none
TypeAliasRegistry.java,org.apache.ibatis.type.TypeAliasRegistry,org.pitest.mutationtest.engine.gregor.mutators.RemoveConditionalMutator_EQUAL_IF,registerAlias,151,KILLED,org.apache.ibatis.submitted.extend.ExtendTest.org.apache.ibatis.submitted.extend.ExtendTest
TypeAliasRegistry.java,org.apache.ibatis.type.TypeAliasRegistry,org.pitest.mutationtest.engine.gregor.mutators.ConstructorCallMutator,registerAlias,166,NO_COVERAGE,none
TypeAliasRegistry.java,org.apache.ibatis.type.TypeAliasRegistry,org.pitest.mutationtest.engine.gregor.mutators.ConstructorCallMutator,registerAlias,166,NO_COVERAGE,none
TypeAliasRegistry.java,org.apache.ibatis.type.TypeAliasRegistry,org.pitest.mutationtest.engine.gregor.mutators.NonVoidMethodCallMutator,registerAlias,164,NO_COVERAGE,none
TypeAliasRegistry.java,org.apache.ibatis.type.TypeAliasRegistry,org.pitest.mutationtest.engine.gregor.mutators.NonVoidMethodCallMutator,registerAlias,166,NO_COVERAGE,none
TypeAliasRegistry.java,org.apache.ibatis.type.TypeAliasRegistry,org.pitest.mutationtest.engine.gregor.mutators.NonVoidMethodCallMutator,registerAlias,166,NO_COVERAGE,none
TypeAliasRegistry.java,org.apache.ibatis.type.TypeAliasRegistry,org.pitest.mutationtest.engine.gregor.mutators.NonVoidMethodCallMutator,registerAlias,166,NO_COVERAGE,none
TypeAliasRegistry.java,org.apache.ibatis.type.TypeAliasRegistry,org.pitest.mutationtest.engine.gregor.mutators.NonVoidMethodCallMutator,registerAlias,166,NO_COVERAGE,none
TypeAliasRegistry.java,org.apache.ibatis.type.TypeAliasRegistry,org.pitest.mutationtest.engine.gregor.mutators.NonVoidMethodCallMutator,registerAlias,166,NO_COVERAGE,none
TypeAliasRegistry.java,org.apache.ibatis.type.TypeAliasRegistry,org.pitest.mutationtest.engine.gregor.mutators.NonVoidMethodCallMutator,registerAlias,166,NO_COVERAGE,none
TypeAliasRegistry.java,org.apache.ibatis.type.TypeAliasRegistry,org.pitest.mutationtest.engine.gregor.mutators.NonVoidMethodCallMutator,registerAlias,166,NO_COVERAGE,none
TypeAliasRegistry.java,org.apache.ibatis.type.TypeAliasRegistry,org.pitest.mutationtest.engine.gregor.mutators.VoidMethodCallMutator,registerAlias,164,NO_COVERAGE,none
TypeAliasRegistry.java,org.apache.ibatis.type.TypeAliasRegistry,org.pitest.mutationtest.engine.gregor.mutators.VoidMethodCallMutator,registerAliases,125,NO_COVERAGE,none
TypeAliasRegistry.java,org.apache.ibatis.type.TypeAliasRegistry,org.pitest.mutationtest.engine.gregor.mutators.ConstructorCallMutator,registerAliases,129,NO_COVERAGE,none
TypeAliasRegistry.java,org.apache.ibatis.type.TypeAliasRegistry,org.pitest.mutationtest.engine.gregor.mutators.ConstructorCallMutator,registerAliases,130,NO_COVERAGE,none
TypeAliasRegistry.java,org.apache.ibatis.type.TypeAliasRegistry,org.pitest.mutationtest.engine.gregor.mutators.NegateConditionalsMutator,registerAliases,132,NO_COVERAGE,none
TypeAliasRegistry.java,org.apache.ibatis.type.TypeAliasRegistry,org.pitest.mutationtest.engine.gregor.mutators.NegateConditionalsMutator,registerAliases,135,NO_COVERAGE,none
TypeAliasRegistry.java,org.apache.ibatis.type.TypeAliasRegistry,org.pitest.mutationtest.engine.gregor.mutators.NegateConditionalsMutator,registerAliases,135,NO_COVERAGE,none
TypeAliasRegistry.java,org.apache.ibatis.type.TypeAliasRegistry,org.pitest.mutationtest.engine.gregor.mutators.NegateConditionalsMutator,registerAliases,135,NO_COVERAGE,none
TypeAliasRegistry.java,org.apache.ibatis.type.TypeAliasRegistry,org.pitest.mutationtest.engine.gregor.mutators.NonVoidMethodCallMutator,registerAliases,130,NO_COVERAGE,none
TypeAliasRegistry.java,org.apache.ibatis.type.TypeAliasRegistry,org.pitest.mutationtest.engine.gregor.mutators.NonVoidMethodCallMutator,registerAliases,131,NO_COVERAGE,none
TypeAliasRegistry.java,org.apache.ibatis.type.TypeAliasRegistry,org.pitest.mutationtest.engine.gregor.mutators.NonVoidMethodCallMutator,registerAliases,132,NO_COVERAGE,none
TypeAliasRegistry.java,org.apache.ibatis.type.TypeAliasRegistry,org.pitest.mutationtest.engine.gregor.mutators.NonVoidMethodCallMutator,registerAliases,132,NO_COVERAGE,none
TypeAliasRegistry.java,org.apache.ibatis.type.TypeAliasRegistry,org.pitest.mutationtest.engine.gregor.mutators.NonVoidMethodCallMutator,registerAliases,132,NO_COVERAGE,none
TypeAliasRegistry.java,org.apache.ibatis.type.TypeAliasRegistry,org.pitest.mutationtest.engine.gregor.mutators.NonVoidMethodCallMutator,registerAliases,135,NO_COVERAGE,none
TypeAliasRegistry.java,org.apache.ibatis.type.TypeAliasRegistry,org.pitest.mutationtest.engine.gregor.mutators.NonVoidMethodCallMutator,registerAliases,135,NO_COVERAGE,none
TypeAliasRegistry.java,org.apache.ibatis.type.TypeAliasRegistry,org.pitest.mutationtest.engine.gregor.mutators.NonVoidMethodCallMutator,registerAliases,135,NO_COVERAGE,none
TypeAliasRegistry.java,org.apache.ibatis.type.TypeAliasRegistry,org.pitest.mutationtest.engine.gregor.mutators.RemoveConditionalMutator_EQUAL_ELSE,registerAliases,132,NO_COVERAGE,none
TypeAliasRegistry.java,org.apache.ibatis.type.TypeAliasRegistry,org.pitest.mutationtest.engine.gregor.mutators.RemoveConditionalMutator_EQUAL_ELSE,registerAliases,135,NO_COVERAGE,none
TypeAliasRegistry.java,org.apache.ibatis.type.TypeAliasRegistry,org.pitest.mutationtest.engine.gregor.mutators.RemoveConditionalMutator_EQUAL_ELSE,registerAliases,135,NO_COVERAGE,none
TypeAliasRegistry.java,org.apache.ibatis.type.TypeAliasRegistry,org.pitest.mutationtest.engine.gregor.mutators.RemoveConditionalMutator_EQUAL_ELSE,registerAliases,135,NO_COVERAGE,none
TypeAliasRegistry.java,org.apache.ibatis.type.TypeAliasRegistry,org.pitest.mutationtest.engine.gregor.mutators.RemoveConditionalMutator_EQUAL_IF,registerAliases,132,NO_COVERAGE,none
TypeAliasRegistry.java,org.apache.ibatis.type.TypeAliasRegistry,org.pitest.mutationtest.engine.gregor.mutators.RemoveConditionalMutator_EQUAL_IF,registerAliases,135,NO_COVERAGE,none
TypeAliasRegistry.java,org.apache.ibatis.type.TypeAliasRegistry,org.pitest.mutationtest.engine.gregor.mutators.RemoveConditionalMutator_EQUAL_IF,registerAliases,135,NO_COVERAGE,none
TypeAliasRegistry.java,org.apache.ibatis.type.TypeAliasRegistry,org.pitest.mutationtest.engine.gregor.mutators.RemoveConditionalMutator_EQUAL_IF,registerAliases,135,NO_COVERAGE,none
TypeAliasRegistry.java,org.apache.ibatis.type.TypeAliasRegistry,org.pitest.mutationtest.engine.gregor.mutators.VoidMethodCallMutator,registerAliases,136,NO_COVERAGE,none
TypeAliasRegistry.java,org.apache.ibatis.type.TypeAliasRegistry,org.pitest.mutationtest.engine.gregor.mutators.ConstructorCallMutator,resolveAlias,120,NO_COVERAGE,none
TypeAliasRegistry.java,org.apache.ibatis.type.TypeAliasRegistry,org.pitest.mutationtest.engine.gregor.mutators.ConstructorCallMutator,resolveAlias,120,NO_COVERAGE,none
TypeAliasRegistry.java,org.apache.ibatis.type.TypeAliasRegistry,org.pitest.mutationtest.engine.gregor.mutators.NonVoidMethodCallMutator,resolveAlias,120,NO_COVERAGE,none
TypeAliasRegistry.java,org.apache.ibatis.type.TypeAliasRegistry,org.pitest.mutationtest.engine.gregor.mutators.NonVoidMethodCallMutator,resolveAlias,120,NO_COVERAGE,none
TypeAliasRegistry.java,org.apache.ibatis.type.TypeAliasRegistry,org.pitest.mutationtest.engine.gregor.mutators.NonVoidMethodCallMutator,resolveAlias,120,NO_COVERAGE,none
TypeAliasRegistry.java,org.apache.ibatis.type.TypeAliasRegistry,org.pitest.mutationtest.engine.gregor.mutators.NonVoidMethodCallMutator,resolveAlias,120,NO_COVERAGE,none
TypeAliasRegistry.java,org.apache.ibatis.type.TypeAliasRegistry,org.pitest.mutationtest.engine.gregor.mutators.NonVoidMethodCallMutator,resolveAlias,120,NO_COVERAGE,none
TypeAliasRegistry.java,org.apache.ibatis.type.TypeAliasRegistry,org.pitest.mutationtest.engine.gregor.mutators.ReturnValsMutator,resolveAlias,108,NO_COVERAGE,none
XMLScriptBuilder.java,org.apache.ibatis.scripting.xmltags.XMLScriptBuilder,org.pitest.mutationtest.engine.gregor.mutators.experimental.MemberVariableMutator,<init>,47,KILLED,org.apache.ibatis.submitted.extend.ExtendTest.org.apache.ibatis.submitted.extend.ExtendTest
XMLScriptBuilder.java,org.apache.ibatis.scripting.xmltags.XMLScriptBuilder,org.pitest.mutationtest.engine.gregor.mutators.ArgumentPropagationMutator,nodeHandlers,92,NO_COVERAGE,none
XMLScriptBuilder.java,org.apache.ibatis.scripting.xmltags.XMLScriptBuilder,org.pitest.mutationtest.engine.gregor.mutators.ArgumentPropagationMutator,nodeHandlers,93,NO_COVERAGE,none
XMLScriptBuilder.java,org.apache.ibatis.scripting.xmltags.XMLScriptBuilder,org.pitest.mutationtest.engine.gregor.mutators.ArgumentPropagationMutator,nodeHandlers,94,NO_COVERAGE,none
XMLScriptBuilder.java,org.apache.ibatis.scripting.xmltags.XMLScriptBuilder,org.pitest.mutationtest.engine.gregor.mutators.ArgumentPropagationMutator,nodeHandlers,95,NO_COVERAGE,none
XMLScriptBuilder.java,org.apache.ibatis.scripting.xmltags.XMLScriptBuilder,org.pitest.mutationtest.engine.gregor.mutators.ArgumentPropagationMutator,nodeHandlers,96,NO_COVERAGE,none
XMLScriptBuilder.java,org.apache.ibatis.scripting.xmltags.XMLScriptBuilder,org.pitest.mutationtest.engine.gregor.mutators.ArgumentPropagationMutator,nodeHandlers,97,NO_COVERAGE,none
XMLScriptBuilder.java,org.apache.ibatis.scripting.xmltags.XMLScriptBuilder,org.pitest.mutationtest.engine.gregor.mutators.ArgumentPropagationMutator,nodeHandlers,98,NO_COVERAGE,none
XMLScriptBuilder.java,org.apache.ibatis.scripting.xmltags.XMLScriptBuilder,org.pitest.mutationtest.engine.gregor.mutators.ArgumentPropagationMutator,nodeHandlers,99,NO_COVERAGE,none
XMLScriptBuilder.java,org.apache.ibatis.scripting.xmltags.XMLScriptBuilder,org.pitest.mutationtest.engine.gregor.mutators.ArgumentPropagationMutator,nodeHandlers,100,NO_COVERAGE,none
XMLScriptBuilder.java,org.apache.ibatis.scripting.xmltags.XMLScriptBuilder,org.pitest.mutationtest.engine.gregor.mutators.ArgumentPropagationMutator,nodeHandlers,101,NO_COVERAGE,none
XMLScriptBuilder.java,org.apache.ibatis.scripting.xmltags.XMLScriptBuilder,org.pitest.mutationtest.engine.gregor.mutators.ConstructorCallMutator,nodeHandlers,91,NO_COVERAGE,none
XMLScriptBuilder.java,org.apache.ibatis.scripting.xmltags.XMLScriptBuilder,org.pitest.mutationtest.engine.gregor.mutators.ConstructorCallMutator,nodeHandlers,92,NO_COVERAGE,none
XMLScriptBuilder.java,org.apache.ibatis.scripting.xmltags.XMLScriptBuilder,org.pitest.mutationtest.engine.gregor.mutators.ConstructorCallMutator,nodeHandlers,93,NO_COVERAGE,none
XMLScriptBuilder.java,org.apache.ibatis.scripting.xmltags.XMLScriptBuilder,org.pitest.mutationtest.engine.gregor.mutators.ConstructorCallMutator,nodeHandlers,94,NO_COVERAGE,none
XMLScriptBuilder.java,org.apache.ibatis.scripting.xmltags.XMLScriptBuilder,org.pitest.mutationtest.engine.gregor.mutators.ConstructorCallMutator,nodeHandlers,95,NO_COVERAGE,none
XMLScriptBuilder.java,org.apache.ibatis.scripting.xmltags.XMLScriptBuilder,org.pitest.mutationtest.engine.gregor.mutators.ConstructorCallMutator,nodeHandlers,96,NO_COVERAGE,none
XMLScriptBuilder.java,org.apache.ibatis.scripting.xmltags.XMLScriptBuilder,org.pitest.mutationtest.engine.gregor.mutators.ConstructorCallMutator,nodeHandlers,97,NO_COVERAGE,none
XMLScriptBuilder.java,org.apache.ibatis.scripting.xmltags.XMLScriptBuilder,org.pitest.mutationtest.engine.gregor.mutators.ConstructorCallMutator,nodeHandlers,99,NO_COVERAGE,none
XMLScriptBuilder.java,org.apache.ibatis.scripting.xmltags.XMLScriptBuilder,org.pitest.mutationtest.engine.gregor.mutators.ConstructorCallMutator,nodeHandlers,100,NO_COVERAGE,none
XMLScriptBuilder.java,org.apache.ibatis.scripting.xmltags.XMLScriptBuilder,org.pitest.mutationtest.engine.gregor.mutators.NonVoidMethodCallMutator,nodeHandlers,92,NO_COVERAGE,none
XMLScriptBuilder.java,org.apache.ibatis.scripting.xmltags.XMLScriptBuilder,org.pitest.mutationtest.engine.gregor.mutators.NonVoidMethodCallMutator,nodeHandlers,93,NO_COVERAGE,none
XMLScriptBuilder.java,org.apache.ibatis.scripting.xmltags.XMLScriptBuilder,org.pitest.mutationtest.engine.gregor.mutators.NonVoidMethodCallMutator,nodeHandlers,94,NO_COVERAGE,none
XMLScriptBuilder.java,org.apache.ibatis.scripting.xmltags.XMLScriptBuilder,org.pitest.mutationtest.engine.gregor.mutators.NonVoidMethodCallMutator,nodeHandlers,95,NO_COVERAGE,none
XMLScriptBuilder.java,org.apache.ibatis.scripting.xmltags.XMLScriptBuilder,org.pitest.mutationtest.engine.gregor.mutators.NonVoidMethodCallMutator,nodeHandlers,96,NO_COVERAGE,none
XMLScriptBuilder.java,org.apache.ibatis.scripting.xmltags.XMLScriptBuilder,org.pitest.mutationtest.engine.gregor.mutators.NonVoidMethodCallMutator,nodeHandlers,97,NO_COVERAGE,none
XMLScriptBuilder.java,org.apache.ibatis.scripting.xmltags.XMLScriptBuilder,org.pitest.mutationtest.engine.gregor.mutators.NonVoidMethodCallMutator,nodeHandlers,98,NO_COVERAGE,none
XMLScriptBuilder.java,org.apache.ibatis.scripting.xmltags.XMLScriptBuilder,org.pitest.mutationtest.engine.gregor.mutators.NonVoidMethodCallMutator,nodeHandlers,99,NO_COVERAGE,none
XMLScriptBuilder.java,org.apache.ibatis.scripting.xmltags.XMLScriptBuilder,org.pitest.mutationtest.engine.gregor.mutators.NonVoidMethodCallMutator,nodeHandlers,100,NO_COVERAGE,none
XMLScriptBuilder.java,org.apache.ibatis.scripting.xmltags.XMLScriptBuilder,org.pitest.mutationtest.engine.gregor.mutators.NonVoidMethodCallMutator,nodeHandlers,101,NO_COVERAGE,none
XMLScriptBuilder.java,org.apache.ibatis.scripting.xmltags.XMLScriptBuilder,org.pitest.mutationtest.engine.gregor.mutators.ReturnValsMutator,nodeHandlers,101,NO_COVERAGE,none
XMLScriptBuilder.java,org.apache.ibatis.scripting.xmltags.XMLScriptBuilder,org.pitest.mutationtest.engine.gregor.mutators.ConstructorCallMutator,parseDynamicTags,70,KILLED,org.apache.ibatis.submitted.extend.ExtendTest.org.apache.ibatis.submitted.extend.ExtendTest
XMLScriptBuilder.java,org.apache.ibatis.scripting.xmltags.XMLScriptBuilder,org.pitest.mutationtest.engine.gregor.mutators.ConstructorCallMutator,parseDynamicTags,75,KILLED,org.apache.ibatis.submitted.extend.ExtendTest.org.apache.ibatis.submitted.extend.ExtendTest
XMLScriptBuilder.java,org.apache.ibatis.scripting.xmltags.XMLScriptBuilder,org.pitest.mutationtest.engine.gregor.mutators.ConstructorCallMutator,parseDynamicTags,81,NO_COVERAGE,none
XMLScriptBuilder.java,org.apache.ibatis.scripting.xmltags.XMLScriptBuilder,org.pitest.mutationtest.engine.gregor.mutators.ConstructorCallMutator,parseDynamicTags,81,NO_COVERAGE,none
XMLScriptBuilder.java,org.apache.ibatis.scripting.xmltags.XMLScriptBuilder,org.pitest.mutationtest.engine.gregor.mutators.InlineConstantMutator,parseDynamicTags,73,NO_COVERAGE,none
XMLScriptBuilder.java,org.apache.ibatis.scripting.xmltags.XMLScriptBuilder,org.pitest.mutationtest.engine.gregor.mutators.InlineConstantMutator,parseDynamicTags,77,KILLED,org.apache.ibatis.submitted.extend.ExtendTest.org.apache.ibatis.submitted.extend.ExtendTest
XMLScriptBuilder.java,org.apache.ibatis.scripting.xmltags.XMLScriptBuilder,org.pitest.mutationtest.engine.gregor.mutators.InlineConstantMutator,parseDynamicTags,84,NO_COVERAGE,none
XMLScriptBuilder.java,org.apache.ibatis.scripting.xmltags.XMLScriptBuilder,org.pitest.mutationtest.engine.gregor.mutators.NegateConditionalsMutator,parseDynamicTags,68,KILLED,org.apache.ibatis.submitted.extend.ExtendTest.org.apache.ibatis.submitted.extend.ExtendTest
XMLScriptBuilder.java,org.apache.ibatis.scripting.xmltags.XMLScriptBuilder,org.pitest.mutationtest.engine.gregor.mutators.NegateConditionalsMutator,parseDynamicTags,68,KILLED,org.apache.ibatis.submitted.extend.ExtendTest.org.apache.ibatis.submitted.extend.ExtendTest
XMLScriptBuilder.java,org.apache.ibatis.scripting.xmltags.XMLScriptBuilder,org.pitest.mutationtest.engine.gregor.mutators.NegateConditionalsMutator,parseDynamicTags,71,KILLED,org.apache.ibatis.submitted.extend.ExtendTest.org.apache.ibatis.submitted.extend.ExtendTest
XMLScriptBuilder.java,org.apache.ibatis.scripting.xmltags.XMLScriptBuilder,org.pitest.mutationtest.engine.gregor.mutators.NegateConditionalsMutator,parseDynamicTags,77,KILLED,org.apache.ibatis.submitted.extend.ExtendTest.org.apache.ibatis.submitted.extend.ExtendTest
XMLScriptBuilder.java,org.apache.ibatis.scripting.xmltags.XMLScriptBuilder,org.pitest.mutationtest.engine.gregor.mutators.NegateConditionalsMutator,parseDynamicTags,80,NO_COVERAGE,none
XMLScriptBuilder.java,org.apache.ibatis.scripting.xmltags.XMLScriptBuilder,org.pitest.mutationtest.engine.gregor.mutators.NonVoidMethodCallMutator,parseDynamicTags,65,KILLED,org.apache.ibatis.submitted.extend.ExtendTest.org.apache.ibatis.submitted.extend.ExtendTest
XMLScriptBuilder.java,org.apache.ibatis.scripting.xmltags.XMLScriptBuilder,org.pitest.mutationtest.engine.gregor.mutators.NonVoidMethodCallMutator,parseDynamicTags,66,KILLED,org.apache.ibatis.submitted.extend.ExtendTest.org.apache.ibatis.submitted.extend.ExtendTest
XMLScriptBuilder.java,org.apache.ibatis.scripting.xmltags.XMLScriptBuilder,org.pitest.mutationtest.engine.gregor.mutators.NonVoidMethodCallMutator,parseDynamicTags,67,KILLED,org.apache.ibatis.submitted.extend.ExtendTest.org.apache.ibatis.submitted.extend.ExtendTest
XMLScriptBuilder.java,org.apache.ibatis.scripting.xmltags.XMLScriptBuilder,org.pitest.mutationtest.engine.gregor.mutators.NonVoidMethodCallMutator,parseDynamicTags,68,KILLED,org.apache.ibatis.submitted.extend.ExtendTest.org.apache.ibatis.submitted.extend.ExtendTest
XMLScriptBuilder.java,org.apache.ibatis.scripting.xmltags.XMLScriptBuilder,org.pitest.mutationtest.engine.gregor.mutators.NonVoidMethodCallMutator,parseDynamicTags,71,KILLED,org.apache.ibatis.submitted.extend.ExtendTest.org.apache.ibatis.submitted.extend.ExtendTest
XMLScriptBuilder.java,org.apache.ibatis.scripting.xmltags.XMLScriptBuilder,org.pitest.mutationtest.engine.gregor.mutators.NonVoidMethodCallMutator,parseDynamicTags,77,KILLED,org.apache.ibatis.submitted.extend.ExtendTest.org.apache.ibatis.submitted.extend.ExtendTest
XMLScriptBuilder.java,org.apache.ibatis.scripting.xmltags.XMLScriptBuilder,org.pitest.mutationtest.engine.gregor.mutators.NonVoidMethodCallMutator,parseDynamicTags,77,KILLED,org.apache.ibatis.submitted.extend.ExtendTest.org.apache.ibatis.submitted.extend.ExtendTest
XMLScriptBuilder.java,org.apache.ibatis.scripting.xmltags.XMLScriptBuilder,org.pitest.mutationtest.engine.gregor.mutators.NonVoidMethodCallMutator,parseDynamicTags,78,NO_COVERAGE,none
XMLScriptBuilder.java,org.apache.ibatis.scripting.xmltags.XMLScriptBuilder,org.pitest.mutationtest.engine.gregor.mutators.NonVoidMethodCallMutator,parseDynamicTags,78,NO_COVERAGE,none
XMLScriptBuilder.java,org.apache.ibatis.scripting.xmltags.XMLScriptBuilder,org.pitest.mutationtest.engine.gregor.mutators.NonVoidMethodCallMutator,parseDynamicTags,79,NO_COVERAGE,none
XMLScriptBuilder.java,org.apache.ibatis.scripting.xmltags.XMLScriptBuilder,org.pitest.mutationtest.engine.gregor.mutators.NonVoidMethodCallMutator,parseDynamicTags,81,NO_COVERAGE,none
XMLScriptBuilder.java,org.apache.ibatis.scripting.xmltags.XMLScriptBuilder,org.pitest.mutationtest.engine.gregor.mutators.NonVoidMethodCallMutator,parseDynamicTags,81,NO_COVERAGE,none
XMLScriptBuilder.java,org.apache.ibatis.scripting.xmltags.XMLScriptBuilder,org.pitest.mutationtest.engine.gregor.mutators.NonVoidMethodCallMutator,parseDynamicTags,81,NO_COVERAGE,none
XMLScriptBuilder.java,org.apache.ibatis.scripting.xmltags.XMLScriptBuilder,org.pitest.mutationtest.engine.gregor.mutators.NonVoidMethodCallMutator,parseDynamicTags,81,NO_COVERAGE,none
XMLScriptBuilder.java,org.apache.ibatis.scripting.xmltags.XMLScriptBuilder,org.pitest.mutationtest.engine.gregor.mutators.RemoveConditionalMutator_EQUAL_ELSE,parseDynamicTags,68,KILLED,org.apache.ibatis.submitted.extend.ExtendTest.org.apache.ibatis.submitted.extend.ExtendTest
XMLScriptBuilder.java,org.apache.ibatis.scripting.xmltags.XMLScriptBuilder,org.pitest.mutationtest.engine.gregor.mutators.RemoveConditionalMutator_EQUAL_ELSE,parseDynamicTags,80,NO_COVERAGE,none
XMLScriptBuilder.java,org.apache.ibatis.scripting.xmltags.XMLScriptBuilder,org.pitest.mutationtest.engine.gregor.mutators.RemoveConditionalMutator_EQUAL_IF,parseDynamicTags,68,KILLED,org.apache.ibatis.submitted.extend.ExtendTest.org.apache.ibatis.submitted.extend.ExtendTest
XMLScriptBuilder.java,org.apache.ibatis.scripting.xmltags.XMLScriptBuilder,org.pitest.mutationtest.engine.gregor.mutators.RemoveConditionalMutator_EQUAL_IF,parseDynamicTags,80,NO_COVERAGE,none
XMLScriptBuilder.java,org.apache.ibatis.scripting.xmltags.XMLScriptBuilder,org.pitest.mutationtest.engine.gregor.mutators.RemoveConditionalMutator_ORDER_ELSE,parseDynamicTags,66,KILLED,org.apache.ibatis.submitted.extend.ExtendTest.org.apache.ibatis.submitted.extend.ExtendTest
XMLScriptBuilder.java,org.apache.ibatis.scripting.xmltags.XMLScriptBuilder,org.pitest.mutationtest.engine.gregor.mutators.ReturnValsMutator,parseDynamicTags,87,KILLED,org.apache.ibatis.submitted.extend.ExtendTest.org.apache.ibatis.submitted.extend.ExtendTest
XMLScriptBuilder.java,org.apache.ibatis.scripting.xmltags.XMLScriptBuilder,org.pitest.mutationtest.engine.gregor.mutators.VoidMethodCallMutator,parseDynamicTags,83,NO_COVERAGE,none
XMLScriptBuilder.java,org.apache.ibatis.scripting.xmltags.XMLScriptBuilder,org.pitest.mutationtest.engine.gregor.mutators.experimental.MemberVariableMutator,parseDynamicTags,84,NO_COVERAGE,none
XMLScriptBuilder.java,org.apache.ibatis.scripting.xmltags.XMLScriptBuilder,org.pitest.mutationtest.engine.gregor.mutators.ConstructorCallMutator,parseScriptNode,56,NO_COVERAGE,none
XMLScriptBuilder.java,org.apache.ibatis.scripting.xmltags.XMLScriptBuilder,org.pitest.mutationtest.engine.gregor.mutators.ConstructorCallMutator,parseScriptNode,58,KILLED,org.apache.ibatis.submitted.extend.ExtendTest.org.apache.ibatis.submitted.extend.ExtendTest
XMLScriptBuilder.java,org.apache.ibatis.scripting.xmltags.XMLScriptBuilder,org.pitest.mutationtest.engine.gregor.mutators.NonVoidMethodCallMutator,parseScriptNode,52,KILLED,org.apache.ibatis.submitted.extend.ExtendTest.org.apache.ibatis.submitted.extend.ExtendTest
XMLScriptBuilder.java,org.apache.ibatis.scripting.xmltags.XMLScriptBuilder,org.pitest.mutationtest.engine.gregor.mutators.RemoveConditionalMutator_EQUAL_ELSE,parseScriptNode,55,KILLED,org.apache.ibatis.submitted.extend.ExtendTest.org.apache.ibatis.submitted.extend.ExtendTest
CglibProxyFactory.java,org.apache.ibatis.executor.loader.cglib.CglibProxyFactory$EnhancedResultObjectProxyImpl,org.pitest.mutationtest.engine.gregor.mutators.NonVoidMethodCallMutator,<init>,113,NO_COVERAGE,none
CglibProxyFactory.java,org.apache.ibatis.executor.loader.cglib.CglibProxyFactory$EnhancedResultObjectProxyImpl,org.pitest.mutationtest.engine.gregor.mutators.NonVoidMethodCallMutator,<init>,114,NO_COVERAGE,none
CglibProxyFactory.java,org.apache.ibatis.executor.loader.cglib.CglibProxyFactory$EnhancedResultObjectProxyImpl,org.pitest.mutationtest.engine.gregor.mutators.experimental.MemberVariableMutator,<init>,111,NO_COVERAGE,none
CglibProxyFactory.java,org.apache.ibatis.executor.loader.cglib.CglibProxyFactory$EnhancedResultObjectProxyImpl,org.pitest.mutationtest.engine.gregor.mutators.experimental.MemberVariableMutator,<init>,112,NO_COVERAGE,none
CglibProxyFactory.java,org.apache.ibatis.executor.loader.cglib.CglibProxyFactory$EnhancedResultObjectProxyImpl,org.pitest.mutationtest.engine.gregor.mutators.experimental.MemberVariableMutator,<init>,113,NO_COVERAGE,none
CglibProxyFactory.java,org.apache.ibatis.executor.loader.cglib.CglibProxyFactory$EnhancedResultObjectProxyImpl,org.pitest.mutationtest.engine.gregor.mutators.experimental.MemberVariableMutator,<init>,114,NO_COVERAGE,none
CglibProxyFactory.java,org.apache.ibatis.executor.loader.cglib.CglibProxyFactory$EnhancedResultObjectProxyImpl,org.pitest.mutationtest.engine.gregor.mutators.experimental.MemberVariableMutator,<init>,115,NO_COVERAGE,none
CglibProxyFactory.java,org.apache.ibatis.executor.loader.cglib.CglibProxyFactory$EnhancedResultObjectProxyImpl,org.pitest.mutationtest.engine.gregor.mutators.experimental.MemberVariableMutator,<init>,116,NO_COVERAGE,none
CglibProxyFactory.java,org.apache.ibatis.executor.loader.cglib.CglibProxyFactory$EnhancedResultObjectProxyImpl,org.pitest.mutationtest.engine.gregor.mutators.experimental.MemberVariableMutator,<init>,117,NO_COVERAGE,none
CglibProxyFactory.java,org.apache.ibatis.executor.loader.cglib.CglibProxyFactory$EnhancedResultObjectProxyImpl,org.pitest.mutationtest.engine.gregor.mutators.ConstructorCallMutator,createProxy,122,NO_COVERAGE,none
CglibProxyFactory.java,org.apache.ibatis.executor.loader.cglib.CglibProxyFactory$EnhancedResultObjectProxyImpl,org.pitest.mutationtest.engine.gregor.mutators.NonVoidMethodCallMutator,createProxy,121,NO_COVERAGE,none
CglibProxyFactory.java,org.apache.ibatis.executor.loader.cglib.CglibProxyFactory$EnhancedResultObjectProxyImpl,org.pitest.mutationtest.engine.gregor.mutators.NonVoidMethodCallMutator,createProxy,123,NO_COVERAGE,none
CglibProxyFactory.java,org.apache.ibatis.executor.loader.cglib.CglibProxyFactory$EnhancedResultObjectProxyImpl,org.pitest.mutationtest.engine.gregor.mutators.ReturnValsMutator,createProxy,125,NO_COVERAGE,none
CglibProxyFactory.java,org.apache.ibatis.executor.loader.cglib.CglibProxyFactory$EnhancedResultObjectProxyImpl,org.pitest.mutationtest.engine.gregor.mutators.VoidMethodCallMutator,createProxy,124,NO_COVERAGE,none
CglibProxyFactory.java,org.apache.ibatis.executor.loader.cglib.CglibProxyFactory$EnhancedResultObjectProxyImpl,org.pitest.mutationtest.engine.gregor.mutators.ArgumentPropagationMutator,intercept,151,NO_COVERAGE,none
CglibProxyFactory.java,org.apache.ibatis.executor.loader.cglib.CglibProxyFactory$EnhancedResultObjectProxyImpl,org.pitest.mutationtest.engine.gregor.mutators.ArgumentPropagationMutator,intercept,159,NO_COVERAGE,none
CglibProxyFactory.java,org.apache.ibatis.executor.loader.cglib.CglibProxyFactory$EnhancedResultObjectProxyImpl,org.pitest.mutationtest.engine.gregor.mutators.ArgumentPropagationMutator,intercept,161,NO_COVERAGE,none
CglibProxyFactory.java,org.apache.ibatis.executor.loader.cglib.CglibProxyFactory$EnhancedResultObjectProxyImpl,org.pitest.mutationtest.engine.gregor.mutators.ConditionalsBoundaryMutator,intercept,141,NO_COVERAGE,none
CglibProxyFactory.java,org.apache.ibatis.executor.loader.cglib.CglibProxyFactory$EnhancedResultObjectProxyImpl,org.pitest.mutationtest.engine.gregor.mutators.ConditionalsBoundaryMutator,intercept,147,NO_COVERAGE,none
CglibProxyFactory.java,org.apache.ibatis.executor.loader.cglib.CglibProxyFactory$EnhancedResultObjectProxyImpl,org.pitest.mutationtest.engine.gregor.mutators.ConstructorCallMutator,intercept,142,NO_COVERAGE,none
CglibProxyFactory.java,org.apache.ibatis.executor.loader.cglib.CglibProxyFactory$EnhancedResultObjectProxyImpl,org.pitest.mutationtest.engine.gregor.mutators.NegateConditionalsMutator,intercept,133,NO_COVERAGE,none
CglibProxyFactory.java,org.apache.ibatis.executor.loader.cglib.CglibProxyFactory$EnhancedResultObjectProxyImpl,org.pitest.mutationtest.engine.gregor.mutators.NegateConditionalsMutator,intercept,135,NO_COVERAGE,none
CglibProxyFactory.java,org.apache.ibatis.executor.loader.cglib.CglibProxyFactory$EnhancedResultObjectProxyImpl,org.pitest.mutationtest.engine.gregor.mutators.NegateConditionalsMutator,intercept,141,NO_COVERAGE,none
CglibProxyFactory.java,org.apache.ibatis.executor.loader.cglib.CglibProxyFactory$EnhancedResultObjectProxyImpl,org.pitest.mutationtest.engine.gregor.mutators.NegateConditionalsMutator,intercept,147,NO_COVERAGE,none
CglibProxyFactory.java,org.apache.ibatis.executor.loader.cglib.CglibProxyFactory$EnhancedResultObjectProxyImpl,org.pitest.mutationtest.engine.gregor.mutators.NegateConditionalsMutator,intercept,147,NO_COVERAGE,none
CglibProxyFactory.java,org.apache.ibatis.executor.loader.cglib.CglibProxyFactory$EnhancedResultObjectProxyImpl,org.pitest.mutationtest.engine.gregor.mutators.NegateConditionalsMutator,intercept,148,NO_COVERAGE,none
CglibProxyFactory.java,org.apache.ibatis.executor.loader.cglib.CglibProxyFactory$EnhancedResultObjectProxyImpl,org.pitest.mutationtest.engine.gregor.mutators.NegateConditionalsMutator,intercept,148,NO_COVERAGE,none
CglibProxyFactory.java,org.apache.ibatis.executor.loader.cglib.CglibProxyFactory$EnhancedResultObjectProxyImpl,org.pitest.mutationtest.engine.gregor.mutators.NegateConditionalsMutator,intercept,150,NO_COVERAGE,none
CglibProxyFactory.java,org.apache.ibatis.executor.loader.cglib.CglibProxyFactory$EnhancedResultObjectProxyImpl,org.pitest.mutationtest.engine.gregor.mutators.NegateConditionalsMutator,intercept,152,NO_COVERAGE,none
CglibProxyFactory.java,org.apache.ibatis.executor.loader.cglib.CglibProxyFactory$EnhancedResultObjectProxyImpl,org.pitest.mutationtest.engine.gregor.mutators.NonVoidMethodCallMutator,intercept,130,NO_COVERAGE,none
CglibProxyFactory.java,org.apache.ibatis.executor.loader.cglib.CglibProxyFactory$EnhancedResultObjectProxyImpl,org.pitest.mutationtest.engine.gregor.mutators.NonVoidMethodCallMutator,intercept,133,NO_COVERAGE,none
CglibProxyFactory.java,org.apache.ibatis.executor.loader.cglib.CglibProxyFactory$EnhancedResultObjectProxyImpl,org.pitest.mutationtest.engine.gregor.mutators.NonVoidMethodCallMutator,intercept,135,NO_COVERAGE,none
CglibProxyFactory.java,org.apache.ibatis.executor.loader.cglib.CglibProxyFactory$EnhancedResultObjectProxyImpl,org.pitest.mutationtest.engine.gregor.mutators.NonVoidMethodCallMutator,intercept,136,NO_COVERAGE,none
CglibProxyFactory.java,org.apache.ibatis.executor.loader.cglib.CglibProxyFactory$EnhancedResultObjectProxyImpl,org.pitest.mutationtest.engine.gregor.mutators.NonVoidMethodCallMutator,intercept,138,NO_COVERAGE,none
CglibProxyFactory.java,org.apache.ibatis.executor.loader.cglib.CglibProxyFactory$EnhancedResultObjectProxyImpl,org.pitest.mutationtest.engine.gregor.mutators.NonVoidMethodCallMutator,intercept,141,NO_COVERAGE,none
CglibProxyFactory.java,org.apache.ibatis.executor.loader.cglib.CglibProxyFactory$EnhancedResultObjectProxyImpl,org.pitest.mutationtest.engine.gregor.mutators.NonVoidMethodCallMutator,intercept,142,NO_COVERAGE,none
CglibProxyFactory.java,org.apache.ibatis.executor.loader.cglib.CglibProxyFactory$EnhancedResultObjectProxyImpl,org.pitest.mutationtest.engine.gregor.mutators.NonVoidMethodCallMutator,intercept,147,NO_COVERAGE,none
CglibProxyFactory.java,org.apache.ibatis.executor.loader.cglib.CglibProxyFactory$EnhancedResultObjectProxyImpl,org.pitest.mutationtest.engine.gregor.mutators.NonVoidMethodCallMutator,intercept,147,NO_COVERAGE,none
CglibProxyFactory.java,org.apache.ibatis.executor.loader.cglib.CglibProxyFactory$EnhancedResultObjectProxyImpl,org.pitest.mutationtest.engine.gregor.mutators.NonVoidMethodCallMutator,intercept,148,NO_COVERAGE,none
CglibProxyFactory.java,org.apache.ibatis.executor.loader.cglib.CglibProxyFactory$EnhancedResultObjectProxyImpl,org.pitest.mutationtest.engine.gregor.mutators.NonVoidMethodCallMutator,intercept,150,NO_COVERAGE,none
CglibProxyFactory.java,org.apache.ibatis.executor.loader.cglib.CglibProxyFactory$EnhancedResultObjectProxyImpl,org.pitest.mutationtest.engine.gregor.mutators.NonVoidMethodCallMutator,intercept,151,NO_COVERAGE,none
CglibProxyFactory.java,org.apache.ibatis.executor.loader.cglib.CglibProxyFactory$EnhancedResultObjectProxyImpl,org.pitest.mutationtest.engine.gregor.mutators.NonVoidMethodCallMutator,intercept,152,NO_COVERAGE,none
CglibProxyFactory.java,org.apache.ibatis.executor.loader.cglib.CglibProxyFactory$EnhancedResultObjectProxyImpl,org.pitest.mutationtest.engine.gregor.mutators.NonVoidMethodCallMutator,intercept,153,NO_COVERAGE,none
CglibProxyFactory.java,org.apache.ibatis.executor.loader.cglib.CglibProxyFactory$EnhancedResultObjectProxyImpl,org.pitest.mutationtest.engine.gregor.mutators.NonVoidMethodCallMutator,intercept,159,NO_COVERAGE,none
CglibProxyFactory.java,org.apache.ibatis.executor.loader.cglib.CglibProxyFactory$EnhancedResultObjectProxyImpl,org.pitest.mutationtest.engine.gregor.mutators.NonVoidMethodCallMutator,intercept,161,NO_COVERAGE,none
CglibProxyFactory.java,org.apache.ibatis.executor.loader.cglib.CglibProxyFactory$EnhancedResultObjectProxyImpl,org.pitest.mutationtest.engine.gregor.mutators.RemoveConditionalMutator_EQUAL_ELSE,intercept,133,NO_COVERAGE,none
CglibProxyFactory.java,org.apache.ibatis.executor.loader.cglib.CglibProxyFactory$EnhancedResultObjectProxyImpl,org.pitest.mutationtest.engine.gregor.mutators.RemoveConditionalMutator_EQUAL_ELSE,intercept,135,NO_COVERAGE,none
CglibProxyFactory.java,org.apache.ibatis.executor.loader.cglib.CglibProxyFactory$EnhancedResultObjectProxyImpl,org.pitest.mutationtest.engine.gregor.mutators.RemoveConditionalMutator_EQUAL_ELSE,intercept,147,NO_COVERAGE,none
CglibProxyFactory.java,org.apache.ibatis.executor.loader.cglib.CglibProxyFactory$EnhancedResultObjectProxyImpl,org.pitest.mutationtest.engine.gregor.mutators.RemoveConditionalMutator_EQUAL_ELSE,intercept,148,NO_COVERAGE,none
CglibProxyFactory.java,org.apache.ibatis.executor.loader.cglib.CglibProxyFactory$EnhancedResultObjectProxyImpl,org.pitest.mutationtest.engine.gregor.mutators.RemoveConditionalMutator_EQUAL_ELSE,intercept,148,NO_COVERAGE,none
CglibProxyFactory.java,org.apache.ibatis.executor.loader.cglib.CglibProxyFactory$EnhancedResultObjectProxyImpl,org.pitest.mutationtest.engine.gregor.mutators.RemoveConditionalMutator_EQUAL_ELSE,intercept,150,NO_COVERAGE,none
CglibProxyFactory.java,org.apache.ibatis.executor.loader.cglib.CglibProxyFactory$EnhancedResultObjectProxyImpl,org.pitest.mutationtest.engine.gregor.mutators.RemoveConditionalMutator_EQUAL_ELSE,intercept,152,NO_COVERAGE,none
CglibProxyFactory.java,org.apache.ibatis.executor.loader.cglib.CglibProxyFactory$EnhancedResultObjectProxyImpl,org.pitest.mutationtest.engine.gregor.mutators.RemoveConditionalMutator_EQUAL_IF,intercept,133,NO_COVERAGE,none
CglibProxyFactory.java,org.apache.ibatis.executor.loader.cglib.CglibProxyFactory$EnhancedResultObjectProxyImpl,org.pitest.mutationtest.engine.gregor.mutators.RemoveConditionalMutator_EQUAL_IF,intercept,135,NO_COVERAGE,none
CglibProxyFactory.java,org.apache.ibatis.executor.loader.cglib.CglibProxyFactory$EnhancedResultObjectProxyImpl,org.pitest.mutationtest.engine.gregor.mutators.RemoveConditionalMutator_EQUAL_IF,intercept,147,NO_COVERAGE,none
CglibProxyFactory.java,org.apache.ibatis.executor.loader.cglib.CglibProxyFactory$EnhancedResultObjectProxyImpl,org.pitest.mutationtest.engine.gregor.mutators.RemoveConditionalMutator_EQUAL_IF,intercept,148,NO_COVERAGE,none
CglibProxyFactory.java,org.apache.ibatis.executor.loader.cglib.CglibProxyFactory$EnhancedResultObjectProxyImpl,org.pitest.mutationtest.engine.gregor.mutators.RemoveConditionalMutator_EQUAL_IF,intercept,148,NO_COVERAGE,none
CglibProxyFactory.java,org.apache.ibatis.executor.loader.cglib.CglibProxyFactory$EnhancedResultObjectProxyImpl,org.pitest.mutationtest.engine.gregor.mutators.RemoveConditionalMutator_EQUAL_IF,intercept,150,NO_COVERAGE,none
CglibProxyFactory.java,org.apache.ibatis.executor.loader.cglib.CglibProxyFactory$EnhancedResultObjectProxyImpl,org.pitest.mutationtest.engine.gregor.mutators.RemoveConditionalMutator_EQUAL_IF,intercept,152,NO_COVERAGE,none
CglibProxyFactory.java,org.apache.ibatis.executor.loader.cglib.CglibProxyFactory$EnhancedResultObjectProxyImpl,org.pitest.mutationtest.engine.gregor.mutators.RemoveConditionalMutator_ORDER_ELSE,intercept,141,NO_COVERAGE,none
CglibProxyFactory.java,org.apache.ibatis.executor.loader.cglib.CglibProxyFactory$EnhancedResultObjectProxyImpl,org.pitest.mutationtest.engine.gregor.mutators.RemoveConditionalMutator_ORDER_ELSE,intercept,147,NO_COVERAGE,none
CglibProxyFactory.java,org.apache.ibatis.executor.loader.cglib.CglibProxyFactory$EnhancedResultObjectProxyImpl,org.pitest.mutationtest.engine.gregor.mutators.RemoveConditionalMutator_ORDER_IF,intercept,141,NO_COVERAGE,none
CglibProxyFactory.java,org.apache.ibatis.executor.loader.cglib.CglibProxyFactory$EnhancedResultObjectProxyImpl,org.pitest.mutationtest.engine.gregor.mutators.RemoveConditionalMutator_ORDER_IF,intercept,147,NO_COVERAGE,none
CglibProxyFactory.java,org.apache.ibatis.executor.loader.cglib.CglibProxyFactory$EnhancedResultObjectProxyImpl,org.pitest.mutationtest.engine.gregor.mutators.ReturnValsMutator,intercept,142,NO_COVERAGE,none
CglibProxyFactory.java,org.apache.ibatis.executor.loader.cglib.CglibProxyFactory$EnhancedResultObjectProxyImpl,org.pitest.mutationtest.engine.gregor.mutators.ReturnValsMutator,intercept,144,NO_COVERAGE,none
CglibProxyFactory.java,org.apache.ibatis.executor.loader.cglib.CglibProxyFactory$EnhancedResultObjectProxyImpl,org.pitest.mutationtest.engine.gregor.mutators.ReturnValsMutator,intercept,159,NO_COVERAGE,none
CglibProxyFactory.java,org.apache.ibatis.executor.loader.cglib.CglibProxyFactory$EnhancedResultObjectProxyImpl,org.pitest.mutationtest.engine.gregor.mutators.VoidMethodCallMutator,intercept,140,NO_COVERAGE,none
CglibProxyFactory.java,org.apache.ibatis.executor.loader.cglib.CglibProxyFactory$EnhancedResultObjectProxyImpl,org.pitest.mutationtest.engine.gregor.mutators.VoidMethodCallMutator,intercept,149,NO_COVERAGE,none
DefaultObjectFactory.java,org.apache.ibatis.reflection.factory.DefaultObjectFactory,org.pitest.mutationtest.engine.gregor.mutators.ArgumentPropagationMutator,instantiateClass,68,NO_COVERAGE,none
DefaultObjectFactory.java,org.apache.ibatis.reflection.factory.DefaultObjectFactory,org.pitest.mutationtest.engine.gregor.mutators.ArgumentPropagationMutator,instantiateClass,72,NO_COVERAGE,none
DefaultObjectFactory.java,org.apache.ibatis.reflection.factory.DefaultObjectFactory,org.pitest.mutationtest.engine.gregor.mutators.ConstructorCallMutator,instantiateClass,74,NO_COVERAGE,none
DefaultObjectFactory.java,org.apache.ibatis.reflection.factory.DefaultObjectFactory,org.pitest.mutationtest.engine.gregor.mutators.ConstructorCallMutator,instantiateClass,82,NO_COVERAGE,none
DefaultObjectFactory.java,org.apache.ibatis.reflection.factory.DefaultObjectFactory,org.pitest.mutationtest.engine.gregor.mutators.ConstructorCallMutator,instantiateClass,90,NO_COVERAGE,none
DefaultObjectFactory.java,org.apache.ibatis.reflection.factory.DefaultObjectFactory,org.pitest.mutationtest.engine.gregor.mutators.ConstructorCallMutator,instantiateClass,90,NO_COVERAGE,none
DefaultObjectFactory.java,org.apache.ibatis.reflection.factory.DefaultObjectFactory,org.pitest.mutationtest.engine.gregor.mutators.InlineConstantMutator,instantiateClass,70,NO_COVERAGE,none
DefaultObjectFactory.java,org.apache.ibatis.reflection.factory.DefaultObjectFactory,org.pitest.mutationtest.engine.gregor.mutators.InlineConstantMutator,instantiateClass,80,NO_COVERAGE,none
DefaultObjectFactory.java,org.apache.ibatis.reflection.factory.DefaultObjectFactory,org.pitest.mutationtest.engine.gregor.mutators.InlineConstantMutator,instantiateClass,88,NO_COVERAGE,none
DefaultObjectFactory.java,org.apache.ibatis.reflection.factory.DefaultObjectFactory,org.pitest.mutationtest.engine.gregor.mutators.MathMutator,instantiateClass,80,NO_COVERAGE,none
DefaultObjectFactory.java,org.apache.ibatis.reflection.factory.DefaultObjectFactory,org.pitest.mutationtest.engine.gregor.mutators.MathMutator,instantiateClass,88,NO_COVERAGE,none
DefaultObjectFactory.java,org.apache.ibatis.reflection.factory.DefaultObjectFactory,org.pitest.mutationtest.engine.gregor.mutators.NegateConditionalsMutator,instantiateClass,69,NO_COVERAGE,none
DefaultObjectFactory.java,org.apache.ibatis.reflection.factory.DefaultObjectFactory,org.pitest.mutationtest.engine.gregor.mutators.NegateConditionalsMutator,instantiateClass,75,NO_COVERAGE,none
DefaultObjectFactory.java,org.apache.ibatis.reflection.factory.DefaultObjectFactory,org.pitest.mutationtest.engine.gregor.mutators.NegateConditionalsMutator,instantiateClass,75,NO_COVERAGE,none
DefaultObjectFactory.java,org.apache.ibatis.reflection.factory.DefaultObjectFactory,org.pitest.mutationtest.engine.gregor.mutators.NegateConditionalsMutator,instantiateClass,76,NO_COVERAGE,none
DefaultObjectFactory.java,org.apache.ibatis.reflection.factory.DefaultObjectFactory,org.pitest.mutationtest.engine.gregor.mutators.NegateConditionalsMutator,instantiateClass,83,NO_COVERAGE,none
DefaultObjectFactory.java,org.apache.ibatis.reflection.factory.DefaultObjectFactory,org.pitest.mutationtest.engine.gregor.mutators.NegateConditionalsMutator,instantiateClass,83,NO_COVERAGE,none
DefaultObjectFactory.java,org.apache.ibatis.reflection.factory.DefaultObjectFactory,org.pitest.mutationtest.engine.gregor.mutators.NegateConditionalsMutator,instantiateClass,84,NO_COVERAGE,none
DefaultObjectFactory.java,org.apache.ibatis.reflection.factory.DefaultObjectFactory,org.pitest.mutationtest.engine.gregor.mutators.NonVoidMethodCallMutator,instantiateClass,68,NO_COVERAGE,none
DefaultObjectFactory.java,org.apache.ibatis.reflection.factory.DefaultObjectFactory,org.pitest.mutationtest.engine.gregor.mutators.NonVoidMethodCallMutator,instantiateClass,68,NO_COVERAGE,none
DefaultObjectFactory.java,org.apache.ibatis.reflection.factory.DefaultObjectFactory,org.pitest.mutationtest.engine.gregor.mutators.NonVoidMethodCallMutator,instantiateClass,68,NO_COVERAGE,none
DefaultObjectFactory.java,org.apache.ibatis.reflection.factory.DefaultObjectFactory,org.pitest.mutationtest.engine.gregor.mutators.NonVoidMethodCallMutator,instantiateClass,69,NO_COVERAGE,none
DefaultObjectFactory.java,org.apache.ibatis.reflection.factory.DefaultObjectFactory,org.pitest.mutationtest.engine.gregor.mutators.NonVoidMethodCallMutator,instantiateClass,72,NO_COVERAGE,none
DefaultObjectFactory.java,org.apache.ibatis.reflection.factory.DefaultObjectFactory,org.pitest.mutationtest.engine.gregor.mutators.NonVoidMethodCallMutator,instantiateClass,72,NO_COVERAGE,none
DefaultObjectFactory.java,org.apache.ibatis.reflection.factory.DefaultObjectFactory,org.pitest.mutationtest.engine.gregor.mutators.NonVoidMethodCallMutator,instantiateClass,72,NO_COVERAGE,none
DefaultObjectFactory.java,org.apache.ibatis.reflection.factory.DefaultObjectFactory,org.pitest.mutationtest.engine.gregor.mutators.NonVoidMethodCallMutator,instantiateClass,75,NO_COVERAGE,none
DefaultObjectFactory.java,org.apache.ibatis.reflection.factory.DefaultObjectFactory,org.pitest.mutationtest.engine.gregor.mutators.NonVoidMethodCallMutator,instantiateClass,76,NO_COVERAGE,none
DefaultObjectFactory.java,org.apache.ibatis.reflection.factory.DefaultObjectFactory,org.pitest.mutationtest.engine.gregor.mutators.NonVoidMethodCallMutator,instantiateClass,76,NO_COVERAGE,none
DefaultObjectFactory.java,org.apache.ibatis.reflection.factory.DefaultObjectFactory,org.pitest.mutationtest.engine.gregor.mutators.NonVoidMethodCallMutator,instantiateClass,76,NO_COVERAGE,none
DefaultObjectFactory.java,org.apache.ibatis.reflection.factory.DefaultObjectFactory,org.pitest.mutationtest.engine.gregor.mutators.NonVoidMethodCallMutator,instantiateClass,77,NO_COVERAGE,none
DefaultObjectFactory.java,org.apache.ibatis.reflection.factory.DefaultObjectFactory,org.pitest.mutationtest.engine.gregor.mutators.NonVoidMethodCallMutator,instantiateClass,77,NO_COVERAGE,none
DefaultObjectFactory.java,org.apache.ibatis.reflection.factory.DefaultObjectFactory,org.pitest.mutationtest.engine.gregor.mutators.NonVoidMethodCallMutator,instantiateClass,78,NO_COVERAGE,none
DefaultObjectFactory.java,org.apache.ibatis.reflection.factory.DefaultObjectFactory,org.pitest.mutationtest.engine.gregor.mutators.NonVoidMethodCallMutator,instantiateClass,80,NO_COVERAGE,none
DefaultObjectFactory.java,org.apache.ibatis.reflection.factory.DefaultObjectFactory,org.pitest.mutationtest.engine.gregor.mutators.NonVoidMethodCallMutator,instantiateClass,80,NO_COVERAGE,none
DefaultObjectFactory.java,org.apache.ibatis.reflection.factory.DefaultObjectFactory,org.pitest.mutationtest.engine.gregor.mutators.NonVoidMethodCallMutator,instantiateClass,83,NO_COVERAGE,none
DefaultObjectFactory.java,org.apache.ibatis.reflection.factory.DefaultObjectFactory,org.pitest.mutationtest.engine.gregor.mutators.NonVoidMethodCallMutator,instantiateClass,84,NO_COVERAGE,none
DefaultObjectFactory.java,org.apache.ibatis.reflection.factory.DefaultObjectFactory,org.pitest.mutationtest.engine.gregor.mutators.NonVoidMethodCallMutator,instantiateClass,84,NO_COVERAGE,none
DefaultObjectFactory.java,org.apache.ibatis.reflection.factory.DefaultObjectFactory,org.pitest.mutationtest.engine.gregor.mutators.NonVoidMethodCallMutator,instantiateClass,85,NO_COVERAGE,none
DefaultObjectFactory.java,org.apache.ibatis.reflection.factory.DefaultObjectFactory,org.pitest.mutationtest.engine.gregor.mutators.NonVoidMethodCallMutator,instantiateClass,85,NO_COVERAGE,none
DefaultObjectFactory.java,org.apache.ibatis.reflection.factory.DefaultObjectFactory,org.pitest.mutationtest.engine.gregor.mutators.NonVoidMethodCallMutator,instantiateClass,86,NO_COVERAGE,none
DefaultObjectFactory.java,org.apache.ibatis.reflection.factory.DefaultObjectFactory,org.pitest.mutationtest.engine.gregor.mutators.NonVoidMethodCallMutator,instantiateClass,88,NO_COVERAGE,none
DefaultObjectFactory.java,org.apache.ibatis.reflection.factory.DefaultObjectFactory,org.pitest.mutationtest.engine.gregor.mutators.NonVoidMethodCallMutator,instantiateClass,88,NO_COVERAGE,none
DefaultObjectFactory.java,org.apache.ibatis.reflection.factory.DefaultObjectFactory,org.pitest.mutationtest.engine.gregor.mutators.NonVoidMethodCallMutator,instantiateClass,90,NO_COVERAGE,none
DefaultObjectFactory.java,org.apache.ibatis.reflection.factory.DefaultObjectFactory,org.pitest.mutationtest.engine.gregor.mutators.NonVoidMethodCallMutator,instantiateClass,90,NO_COVERAGE,none
DefaultObjectFactory.java,org.apache.ibatis.reflection.factory.DefaultObjectFactory,org.pitest.mutationtest.engine.gregor.mutators.NonVoidMethodCallMutator,instantiateClass,90,NO_COVERAGE,none
DefaultObjectFactory.java,org.apache.ibatis.reflection.factory.DefaultObjectFactory,org.pitest.mutationtest.engine.gregor.mutators.NonVoidMethodCallMutator,instantiateClass,90,NO_COVERAGE,none
DefaultObjectFactory.java,org.apache.ibatis.reflection.factory.DefaultObjectFactory,org.pitest.mutationtest.engine.gregor.mutators.NonVoidMethodCallMutator,instantiateClass,90,NO_COVERAGE,none
DefaultObjectFactory.java,org.apache.ibatis.reflection.factory.DefaultObjectFactory,org.pitest.mutationtest.engine.gregor.mutators.NonVoidMethodCallMutator,instantiateClass,90,NO_COVERAGE,none
DefaultObjectFactory.java,org.apache.ibatis.reflection.factory.DefaultObjectFactory,org.pitest.mutationtest.engine.gregor.mutators.NonVoidMethodCallMutator,instantiateClass,90,NO_COVERAGE,none
DefaultObjectFactory.java,org.apache.ibatis.reflection.factory.DefaultObjectFactory,org.pitest.mutationtest.engine.gregor.mutators.NonVoidMethodCallMutator,instantiateClass,90,NO_COVERAGE,none
DefaultObjectFactory.java,org.apache.ibatis.reflection.factory.DefaultObjectFactory,org.pitest.mutationtest.engine.gregor.mutators.NonVoidMethodCallMutator,instantiateClass,90,NO_COVERAGE,none
DefaultObjectFactory.java,org.apache.ibatis.reflection.factory.DefaultObjectFactory,org.pitest.mutationtest.engine.gregor.mutators.RemoveConditionalMutator_EQUAL_ELSE,instantiateClass,69,NO_COVERAGE,none
DefaultObjectFactory.java,org.apache.ibatis.reflection.factory.DefaultObjectFactory,org.pitest.mutationtest.engine.gregor.mutators.RemoveConditionalMutator_EQUAL_ELSE,instantiateClass,75,NO_COVERAGE,none
DefaultObjectFactory.java,org.apache.ibatis.reflection.factory.DefaultObjectFactory,org.pitest.mutationtest.engine.gregor.mutators.RemoveConditionalMutator_EQUAL_ELSE,instantiateClass,75,NO_COVERAGE,none
DefaultObjectFactory.java,org.apache.ibatis.reflection.factory.DefaultObjectFactory,org.pitest.mutationtest.engine.gregor.mutators.RemoveConditionalMutator_EQUAL_ELSE,instantiateClass,76,NO_COVERAGE,none
DefaultObjectFactory.java,org.apache.ibatis.reflection.factory.DefaultObjectFactory,org.pitest.mutationtest.engine.gregor.mutators.RemoveConditionalMutator_EQUAL_ELSE,instantiateClass,83,NO_COVERAGE,none
DefaultObjectFactory.java,org.apache.ibatis.reflection.factory.DefaultObjectFactory,org.pitest.mutationtest.engine.gregor.mutators.RemoveConditionalMutator_EQUAL_ELSE,instantiateClass,83,NO_COVERAGE,none
DefaultObjectFactory.java,org.apache.ibatis.reflection.factory.DefaultObjectFactory,org.pitest.mutationtest.engine.gregor.mutators.RemoveConditionalMutator_EQUAL_ELSE,instantiateClass,84,NO_COVERAGE,none
DefaultObjectFactory.java,org.apache.ibatis.reflection.factory.DefaultObjectFactory,org.pitest.mutationtest.engine.gregor.mutators.RemoveConditionalMutator_EQUAL_IF,instantiateClass,69,NO_COVERAGE,none
DefaultObjectFactory.java,org.apache.ibatis.reflection.factory.DefaultObjectFactory,org.pitest.mutationtest.engine.gregor.mutators.RemoveConditionalMutator_EQUAL_IF,instantiateClass,75,NO_COVERAGE,none
DefaultObjectFactory.java,org.apache.ibatis.reflection.factory.DefaultObjectFactory,org.pitest.mutationtest.engine.gregor.mutators.RemoveConditionalMutator_EQUAL_IF,instantiateClass,75,NO_COVERAGE,none
DefaultObjectFactory.java,org.apache.ibatis.reflection.factory.DefaultObjectFactory,org.pitest.mutationtest.engine.gregor.mutators.RemoveConditionalMutator_EQUAL_IF,instantiateClass,76,NO_COVERAGE,none
DefaultObjectFactory.java,org.apache.ibatis.reflection.factory.DefaultObjectFactory,org.pitest.mutationtest.engine.gregor.mutators.RemoveConditionalMutator_EQUAL_IF,instantiateClass,83,NO_COVERAGE,none
DefaultObjectFactory.java,org.apache.ibatis.reflection.factory.DefaultObjectFactory,org.pitest.mutationtest.engine.gregor.mutators.RemoveConditionalMutator_EQUAL_IF,instantiateClass,83,NO_COVERAGE,none
DefaultObjectFactory.java,org.apache.ibatis.reflection.factory.DefaultObjectFactory,org.pitest.mutationtest.engine.gregor.mutators.RemoveConditionalMutator_EQUAL_IF,instantiateClass,84,NO_COVERAGE,none
DefaultObjectFactory.java,org.apache.ibatis.reflection.factory.DefaultObjectFactory,org.pitest.mutationtest.engine.gregor.mutators.ReturnValsMutator,instantiateClass,72,NO_COVERAGE,none
DefaultObjectFactory.java,org.apache.ibatis.reflection.factory.DefaultObjectFactory,org.pitest.mutationtest.engine.gregor.mutators.VoidMethodCallMutator,instantiateClass,70,NO_COVERAGE,none
DefaultObjectFactory.java,org.apache.ibatis.reflection.factory.DefaultObjectFactory,org.pitest.mutationtest.engine.gregor.mutators.RemoveConditionalMutator_EQUAL_ELSE,resolveInterface,96,SURVIVED,none
StatementLogger.java,org.apache.ibatis.logging.jdbc.StatementLogger,org.pitest.mutationtest.engine.gregor.mutators.experimental.MemberVariableMutator,<init>,40,NO_COVERAGE,none
StatementLogger.java,org.apache.ibatis.logging.jdbc.StatementLogger,org.pitest.mutationtest.engine.gregor.mutators.ReturnValsMutator,getStatement,88,NO_COVERAGE,none
StatementLogger.java,org.apache.ibatis.logging.jdbc.StatementLogger,org.pitest.mutationtest.engine.gregor.mutators.ArgumentPropagationMutator,invoke,47,NO_COVERAGE,none
StatementLogger.java,org.apache.ibatis.logging.jdbc.StatementLogger,org.pitest.mutationtest.engine.gregor.mutators.ArgumentPropagationMutator,invoke,51,NO_COVERAGE,none
StatementLogger.java,org.apache.ibatis.logging.jdbc.StatementLogger,org.pitest.mutationtest.engine.gregor.mutators.ArgumentPropagationMutator,invoke,54,NO_COVERAGE,none
StatementLogger.java,org.apache.ibatis.logging.jdbc.StatementLogger,org.pitest.mutationtest.engine.gregor.mutators.ArgumentPropagationMutator,invoke,55,NO_COVERAGE,none
StatementLogger.java,org.apache.ibatis.logging.jdbc.StatementLogger,org.pitest.mutationtest.engine.gregor.mutators.ArgumentPropagationMutator,invoke,57,NO_COVERAGE,none
StatementLogger.java,org.apache.ibatis.logging.jdbc.StatementLogger,org.pitest.mutationtest.engine.gregor.mutators.ArgumentPropagationMutator,invoke,60,NO_COVERAGE,none
StatementLogger.java,org.apache.ibatis.logging.jdbc.StatementLogger,org.pitest.mutationtest.engine.gregor.mutators.ArgumentPropagationMutator,invoke,61,NO_COVERAGE,none
StatementLogger.java,org.apache.ibatis.logging.jdbc.StatementLogger,org.pitest.mutationtest.engine.gregor.mutators.ArgumentPropagationMutator,invoke,63,NO_COVERAGE,none
StatementLogger.java,org.apache.ibatis.logging.jdbc.StatementLogger,org.pitest.mutationtest.engine.gregor.mutators.ArgumentPropagationMutator,invoke,66,NO_COVERAGE,none
StatementLogger.java,org.apache.ibatis.logging.jdbc.StatementLogger,org.pitest.mutationtest.engine.gregor.mutators.ConstructorCallMutator,invoke,51,NO_COVERAGE,none
StatementLogger.java,org.apache.ibatis.logging.jdbc.StatementLogger,org.pitest.mutationtest.engine.gregor.mutators.InlineConstantMutator,invoke,51,NO_COVERAGE,none
StatementLogger.java,org.apache.ibatis.logging.jdbc.StatementLogger,org.pitest.mutationtest.engine.gregor.mutators.InlineConstantMutator,invoke,51,NO_COVERAGE,none
StatementLogger.java,org.apache.ibatis.logging.jdbc.StatementLogger,org.pitest.mutationtest.engine.gregor.mutators.NegateConditionalsMutator,invoke,46,NO_COVERAGE,none
StatementLogger.java,org.apache.ibatis.logging.jdbc.StatementLogger,org.pitest.mutationtest.engine.gregor.mutators.NegateConditionalsMutator,invoke,49,NO_COVERAGE,none
StatementLogger.java,org.apache.ibatis.logging.jdbc.StatementLogger,org.pitest.mutationtest.engine.gregor.mutators.NegateConditionalsMutator,invoke,50,NO_COVERAGE,none
StatementLogger.java,org.apache.ibatis.logging.jdbc.StatementLogger,org.pitest.mutationtest.engine.gregor.mutators.NegateConditionalsMutator,invoke,53,NO_COVERAGE,none
StatementLogger.java,org.apache.ibatis.logging.jdbc.StatementLogger,org.pitest.mutationtest.engine.gregor.mutators.NegateConditionalsMutator,invoke,55,NO_COVERAGE,none
StatementLogger.java,org.apache.ibatis.logging.jdbc.StatementLogger,org.pitest.mutationtest.engine.gregor.mutators.NegateConditionalsMutator,invoke,59,NO_COVERAGE,none
StatementLogger.java,org.apache.ibatis.logging.jdbc.StatementLogger,org.pitest.mutationtest.engine.gregor.mutators.NegateConditionalsMutator,invoke,61,NO_COVERAGE,none
StatementLogger.java,org.apache.ibatis.logging.jdbc.StatementLogger,org.pitest.mutationtest.engine.gregor.mutators.NonVoidMethodCallMutator,invoke,46,NO_COVERAGE,none
StatementLogger.java,org.apache.ibatis.logging.jdbc.StatementLogger,org.pitest.mutationtest.engine.gregor.mutators.NonVoidMethodCallMutator,invoke,46,NO_COVERAGE,none
StatementLogger.java,org.apache.ibatis.logging.jdbc.StatementLogger,org.pitest.mutationtest.engine.gregor.mutators.NonVoidMethodCallMutator,invoke,47,NO_COVERAGE,none
StatementLogger.java,org.apache.ibatis.logging.jdbc.StatementLogger,org.pitest.mutationtest.engine.gregor.mutators.NonVoidMethodCallMutator,invoke,49,NO_COVERAGE,none
StatementLogger.java,org.apache.ibatis.logging.jdbc.StatementLogger,org.pitest.mutationtest.engine.gregor.mutators.NonVoidMethodCallMutator,invoke,49,NO_COVERAGE,none
StatementLogger.java,org.apache.ibatis.logging.jdbc.StatementLogger,org.pitest.mutationtest.engine.gregor.mutators.NonVoidMethodCallMutator,invoke,50,NO_COVERAGE,none
StatementLogger.java,org.apache.ibatis.logging.jdbc.StatementLogger,org.pitest.mutationtest.engine.gregor.mutators.NonVoidMethodCallMutator,invoke,51,NO_COVERAGE,none
StatementLogger.java,org.apache.ibatis.logging.jdbc.StatementLogger,org.pitest.mutationtest.engine.gregor.mutators.NonVoidMethodCallMutator,invoke,51,NO_COVERAGE,none
StatementLogger.java,org.apache.ibatis.logging.jdbc.StatementLogger,org.pitest.mutationtest.engine.gregor.mutators.NonVoidMethodCallMutator,invoke,51,NO_COVERAGE,none
StatementLogger.java,org.apache.ibatis.logging.jdbc.StatementLogger,org.pitest.mutationtest.engine.gregor.mutators.NonVoidMethodCallMutator,invoke,51,NO_COVERAGE,none
StatementLogger.java,org.apache.ibatis.logging.jdbc.StatementLogger,org.pitest.mutationtest.engine.gregor.mutators.NonVoidMethodCallMutator,invoke,53,NO_COVERAGE,none
StatementLogger.java,org.apache.ibatis.logging.jdbc.StatementLogger,org.pitest.mutationtest.engine.gregor.mutators.NonVoidMethodCallMutator,invoke,53,NO_COVERAGE,none
StatementLogger.java,org.apache.ibatis.logging.jdbc.StatementLogger,org.pitest.mutationtest.engine.gregor.mutators.NonVoidMethodCallMutator,invoke,54,NO_COVERAGE,none
StatementLogger.java,org.apache.ibatis.logging.jdbc.StatementLogger,org.pitest.mutationtest.engine.gregor.mutators.NonVoidMethodCallMutator,invoke,55,NO_COVERAGE,none
StatementLogger.java,org.apache.ibatis.logging.jdbc.StatementLogger,org.pitest.mutationtest.engine.gregor.mutators.NonVoidMethodCallMutator,invoke,57,NO_COVERAGE,none
StatementLogger.java,org.apache.ibatis.logging.jdbc.StatementLogger,org.pitest.mutationtest.engine.gregor.mutators.NonVoidMethodCallMutator,invoke,59,NO_COVERAGE,none
StatementLogger.java,org.apache.ibatis.logging.jdbc.StatementLogger,org.pitest.mutationtest.engine.gregor.mutators.NonVoidMethodCallMutator,invoke,59,NO_COVERAGE,none
StatementLogger.java,org.apache.ibatis.logging.jdbc.StatementLogger,org.pitest.mutationtest.engine.gregor.mutators.NonVoidMethodCallMutator,invoke,60,NO_COVERAGE,none
StatementLogger.java,org.apache.ibatis.logging.jdbc.StatementLogger,org.pitest.mutationtest.engine.gregor.mutators.NonVoidMethodCallMutator,invoke,61,NO_COVERAGE,none
StatementLogger.java,org.apache.ibatis.logging.jdbc.StatementLogger,org.pitest.mutationtest.engine.gregor.mutators.NonVoidMethodCallMutator,invoke,63,NO_COVERAGE,none
StatementLogger.java,org.apache.ibatis.logging.jdbc.StatementLogger,org.pitest.mutationtest.engine.gregor.mutators.NonVoidMethodCallMutator,invoke,66,NO_COVERAGE,none
StatementLogger.java,org.apache.ibatis.logging.jdbc.StatementLogger,org.pitest.mutationtest.engine.gregor.mutators.RemoveConditionalMutator_EQUAL_ELSE,invoke,46,NO_COVERAGE,none
StatementLogger.java,org.apache.ibatis.logging.jdbc.StatementLogger,org.pitest.mutationtest.engine.gregor.mutators.RemoveConditionalMutator_EQUAL_ELSE,invoke,49,NO_COVERAGE,none
StatementLogger.java,org.apache.ibatis.logging.jdbc.StatementLogger,org.pitest.mutationtest.engine.gregor.mutators.RemoveConditionalMutator_EQUAL_ELSE,invoke,50,NO_COVERAGE,none
StatementLogger.java,org.apache.ibatis.logging.jdbc.StatementLogger,org.pitest.mutationtest.engine.gregor.mutators.RemoveConditionalMutator_EQUAL_ELSE,invoke,53,NO_COVERAGE,none
StatementLogger.java,org.apache.ibatis.logging.jdbc.StatementLogger,org.pitest.mutationtest.engine.gregor.mutators.RemoveConditionalMutator_EQUAL_ELSE,invoke,55,NO_COVERAGE,none
StatementLogger.java,org.apache.ibatis.logging.jdbc.StatementLogger,org.pitest.mutationtest.engine.gregor.mutators.RemoveConditionalMutator_EQUAL_ELSE,invoke,59,NO_COVERAGE,none
StatementLogger.java,org.apache.ibatis.logging.jdbc.StatementLogger,org.pitest.mutationtest.engine.gregor.mutators.RemoveConditionalMutator_EQUAL_ELSE,invoke,61,NO_COVERAGE,none
StatementLogger.java,org.apache.ibatis.logging.jdbc.StatementLogger,org.pitest.mutationtest.engine.gregor.mutators.RemoveConditionalMutator_EQUAL_IF,invoke,46,NO_COVERAGE,none
StatementLogger.java,org.apache.ibatis.logging.jdbc.StatementLogger,org.pitest.mutationtest.engine.gregor.mutators.RemoveConditionalMutator_EQUAL_IF,invoke,49,NO_COVERAGE,none
StatementLogger.java,org.apache.ibatis.logging.jdbc.StatementLogger,org.pitest.mutationtest.engine.gregor.mutators.RemoveConditionalMutator_EQUAL_IF,invoke,50,NO_COVERAGE,none
StatementLogger.java,org.apache.ibatis.logging.jdbc.StatementLogger,org.pitest.mutationtest.engine.gregor.mutators.RemoveConditionalMutator_EQUAL_IF,invoke,53,NO_COVERAGE,none
StatementLogger.java,org.apache.ibatis.logging.jdbc.StatementLogger,org.pitest.mutationtest.engine.gregor.mutators.RemoveConditionalMutator_EQUAL_IF,invoke,55,NO_COVERAGE,none
StatementLogger.java,org.apache.ibatis.logging.jdbc.StatementLogger,org.pitest.mutationtest.engine.gregor.mutators.RemoveConditionalMutator_EQUAL_IF,invoke,59,NO_COVERAGE,none
StatementLogger.java,org.apache.ibatis.logging.jdbc.StatementLogger,org.pitest.mutationtest.engine.gregor.mutators.RemoveConditionalMutator_EQUAL_IF,invoke,61,NO_COVERAGE,none
StatementLogger.java,org.apache.ibatis.logging.jdbc.StatementLogger,org.pitest.mutationtest.engine.gregor.mutators.ReturnValsMutator,invoke,47,NO_COVERAGE,none
StatementLogger.java,org.apache.ibatis.logging.jdbc.StatementLogger,org.pitest.mutationtest.engine.gregor.mutators.ReturnValsMutator,invoke,55,NO_COVERAGE,none
StatementLogger.java,org.apache.ibatis.logging.jdbc.StatementLogger,org.pitest.mutationtest.engine.gregor.mutators.ReturnValsMutator,invoke,57,NO_COVERAGE,none
StatementLogger.java,org.apache.ibatis.logging.jdbc.StatementLogger,org.pitest.mutationtest.engine.gregor.mutators.ReturnValsMutator,invoke,61,NO_COVERAGE,none
StatementLogger.java,org.apache.ibatis.logging.jdbc.StatementLogger,org.pitest.mutationtest.engine.gregor.mutators.ReturnValsMutator,invoke,63,NO_COVERAGE,none
StatementLogger.java,org.apache.ibatis.logging.jdbc.StatementLogger,org.pitest.mutationtest.engine.gregor.mutators.VoidMethodCallMutator,invoke,51,NO_COVERAGE,none
StatementLogger.java,org.apache.ibatis.logging.jdbc.StatementLogger,org.pitest.mutationtest.engine.gregor.mutators.ConstructorCallMutator,newInstance,77,NO_COVERAGE,none
StatementLogger.java,org.apache.ibatis.logging.jdbc.StatementLogger,org.pitest.mutationtest.engine.gregor.mutators.InlineConstantMutator,newInstance,79,NO_COVERAGE,none
StatementLogger.java,org.apache.ibatis.logging.jdbc.StatementLogger,org.pitest.mutationtest.engine.gregor.mutators.InlineConstantMutator,newInstance,79,NO_COVERAGE,none
StatementLogger.java,org.apache.ibatis.logging.jdbc.StatementLogger,org.pitest.mutationtest.engine.gregor.mutators.NonVoidMethodCallMutator,newInstance,78,NO_COVERAGE,none
StatementLogger.java,org.apache.ibatis.logging.jdbc.StatementLogger,org.pitest.mutationtest.engine.gregor.mutators.NonVoidMethodCallMutator,newInstance,79,NO_COVERAGE,none
StatementLogger.java,org.apache.ibatis.logging.jdbc.StatementLogger,org.pitest.mutationtest.engine.gregor.mutators.ReturnValsMutator,newInstance,79,NO_COVERAGE,none
EnumOrdinalTypeHandler.java,org.apache.ibatis.type.EnumOrdinalTypeHandler,org.pitest.mutationtest.engine.gregor.mutators.ConstructorCallMutator,<init>,33,NO_COVERAGE,none
EnumOrdinalTypeHandler.java,org.apache.ibatis.type.EnumOrdinalTypeHandler,org.pitest.mutationtest.engine.gregor.mutators.ConstructorCallMutator,<init>,38,NO_COVERAGE,none
EnumOrdinalTypeHandler.java,org.apache.ibatis.type.EnumOrdinalTypeHandler,org.pitest.mutationtest.engine.gregor.mutators.ConstructorCallMutator,<init>,38,NO_COVERAGE,none
EnumOrdinalTypeHandler.java,org.apache.ibatis.type.EnumOrdinalTypeHandler,org.pitest.mutationtest.engine.gregor.mutators.NegateConditionalsMutator,<init>,32,NO_COVERAGE,none
EnumOrdinalTypeHandler.java,org.apache.ibatis.type.EnumOrdinalTypeHandler,org.pitest.mutationtest.engine.gregor.mutators.NegateConditionalsMutator,<init>,37,NO_COVERAGE,none
EnumOrdinalTypeHandler.java,org.apache.ibatis.type.EnumOrdinalTypeHandler,org.pitest.mutationtest.engine.gregor.mutators.NonVoidMethodCallMutator,<init>,36,NO_COVERAGE,none
EnumOrdinalTypeHandler.java,org.apache.ibatis.type.EnumOrdinalTypeHandler,org.pitest.mutationtest.engine.gregor.mutators.NonVoidMethodCallMutator,<init>,38,NO_COVERAGE,none
EnumOrdinalTypeHandler.java,org.apache.ibatis.type.EnumOrdinalTypeHandler,org.pitest.mutationtest.engine.gregor.mutators.NonVoidMethodCallMutator,<init>,38,NO_COVERAGE,none
EnumOrdinalTypeHandler.java,org.apache.ibatis.type.EnumOrdinalTypeHandler,org.pitest.mutationtest.engine.gregor.mutators.NonVoidMethodCallMutator,<init>,38,NO_COVERAGE,none
EnumOrdinalTypeHandler.java,org.apache.ibatis.type.EnumOrdinalTypeHandler,org.pitest.mutationtest.engine.gregor.mutators.NonVoidMethodCallMutator,<init>,38,NO_COVERAGE,none
EnumOrdinalTypeHandler.java,org.apache.ibatis.type.EnumOrdinalTypeHandler,org.pitest.mutationtest.engine.gregor.mutators.RemoveConditionalMutator_EQUAL_ELSE,<init>,32,NO_COVERAGE,none
EnumOrdinalTypeHandler.java,org.apache.ibatis.type.EnumOrdinalTypeHandler,org.pitest.mutationtest.engine.gregor.mutators.RemoveConditionalMutator_EQUAL_ELSE,<init>,37,NO_COVERAGE,none
EnumOrdinalTypeHandler.java,org.apache.ibatis.type.EnumOrdinalTypeHandler,org.pitest.mutationtest.engine.gregor.mutators.RemoveConditionalMutator_EQUAL_IF,<init>,32,NO_COVERAGE,none
EnumOrdinalTypeHandler.java,org.apache.ibatis.type.EnumOrdinalTypeHandler,org.pitest.mutationtest.engine.gregor.mutators.RemoveConditionalMutator_EQUAL_IF,<init>,37,NO_COVERAGE,none
EnumOrdinalTypeHandler.java,org.apache.ibatis.type.EnumOrdinalTypeHandler,org.pitest.mutationtest.engine.gregor.mutators.experimental.MemberVariableMutator,<init>,35,NO_COVERAGE,none
EnumOrdinalTypeHandler.java,org.apache.ibatis.type.EnumOrdinalTypeHandler,org.pitest.mutationtest.engine.gregor.mutators.experimental.MemberVariableMutator,<init>,36,NO_COVERAGE,none
EnumOrdinalTypeHandler.java,org.apache.ibatis.type.EnumOrdinalTypeHandler,org.pitest.mutationtest.engine.gregor.mutators.ArgumentPropagationMutator,getNullableResult,77,NO_COVERAGE,none
EnumOrdinalTypeHandler.java,org.apache.ibatis.type.EnumOrdinalTypeHandler,org.pitest.mutationtest.engine.gregor.mutators.ConstructorCallMutator,getNullableResult,84,NO_COVERAGE,none
EnumOrdinalTypeHandler.java,org.apache.ibatis.type.EnumOrdinalTypeHandler,org.pitest.mutationtest.engine.gregor.mutators.ConstructorCallMutator,getNullableResult,84,NO_COVERAGE,none
EnumOrdinalTypeHandler.java,org.apache.ibatis.type.EnumOrdinalTypeHandler,org.pitest.mutationtest.engine.gregor.mutators.NegateConditionalsMutator,getNullableResult,78,NO_COVERAGE,none
EnumOrdinalTypeHandler.java,org.apache.ibatis.type.EnumOrdinalTypeHandler,org.pitest.mutationtest.engine.gregor.mutators.NonVoidMethodCallMutator,getNullableResult,77,NO_COVERAGE,none
EnumOrdinalTypeHandler.java,org.apache.ibatis.type.EnumOrdinalTypeHandler,org.pitest.mutationtest.engine.gregor.mutators.NonVoidMethodCallMutator,getNullableResult,78,NO_COVERAGE,none
EnumOrdinalTypeHandler.java,org.apache.ibatis.type.EnumOrdinalTypeHandler,org.pitest.mutationtest.engine.gregor.mutators.NonVoidMethodCallMutator,getNullableResult,84,NO_COVERAGE,none
EnumOrdinalTypeHandler.java,org.apache.ibatis.type.EnumOrdinalTypeHandler,org.pitest.mutationtest.engine.gregor.mutators.NonVoidMethodCallMutator,getNullableResult,84,NO_COVERAGE,none
EnumOrdinalTypeHandler.java,org.apache.ibatis.type.EnumOrdinalTypeHandler,org.pitest.mutationtest.engine.gregor.mutators.NonVoidMethodCallMutator,getNullableResult,84,NO_COVERAGE,none
EnumOrdinalTypeHandler.java,org.apache.ibatis.type.EnumOrdinalTypeHandler,org.pitest.mutationtest.engine.gregor.mutators.NonVoidMethodCallMutator,getNullableResult,84,NO_COVERAGE,none
EnumOrdinalTypeHandler.java,org.apache.ibatis.type.EnumOrdinalTypeHandler,org.pitest.mutationtest.engine.gregor.mutators.NonVoidMethodCallMutator,getNullableResult,84,NO_COVERAGE,none
EnumOrdinalTypeHandler.java,org.apache.ibatis.type.EnumOrdinalTypeHandler,org.pitest.mutationtest.engine.gregor.mutators.NonVoidMethodCallMutator,getNullableResult,84,NO_COVERAGE,none
EnumOrdinalTypeHandler.java,org.apache.ibatis.type.EnumOrdinalTypeHandler,org.pitest.mutationtest.engine.gregor.mutators.NonVoidMethodCallMutator,getNullableResult,84,NO_COVERAGE,none
EnumOrdinalTypeHandler.java,org.apache.ibatis.type.EnumOrdinalTypeHandler,org.pitest.mutationtest.engine.gregor.mutators.RemoveConditionalMutator_EQUAL_ELSE,getNullableResult,78,NO_COVERAGE,none
EnumOrdinalTypeHandler.java,org.apache.ibatis.type.EnumOrdinalTypeHandler,org.pitest.mutationtest.engine.gregor.mutators.RemoveConditionalMutator_EQUAL_IF,getNullableResult,78,NO_COVERAGE,none
EnumOrdinalTypeHandler.java,org.apache.ibatis.type.EnumOrdinalTypeHandler,org.pitest.mutationtest.engine.gregor.mutators.ReturnValsMutator,getNullableResult,79,NO_COVERAGE,none
EnumOrdinalTypeHandler.java,org.apache.ibatis.type.EnumOrdinalTypeHandler,org.pitest.mutationtest.engine.gregor.mutators.ReturnValsMutator,getNullableResult,82,NO_COVERAGE,none
EnumOrdinalTypeHandler.java,org.apache.ibatis.type.EnumOrdinalTypeHandler,org.pitest.mutationtest.engine.gregor.mutators.ArgumentPropagationMutator,getNullableResult,63,NO_COVERAGE,none
EnumOrdinalTypeHandler.java,org.apache.ibatis.type.EnumOrdinalTypeHandler,org.pitest.mutationtest.engine.gregor.mutators.ConstructorCallMutator,getNullableResult,70,NO_COVERAGE,none
EnumOrdinalTypeHandler.java,org.apache.ibatis.type.EnumOrdinalTypeHandler,org.pitest.mutationtest.engine.gregor.mutators.ConstructorCallMutator,getNullableResult,70,NO_COVERAGE,none
EnumOrdinalTypeHandler.java,org.apache.ibatis.type.EnumOrdinalTypeHandler,org.pitest.mutationtest.engine.gregor.mutators.NegateConditionalsMutator,getNullableResult,64,NO_COVERAGE,none
EnumOrdinalTypeHandler.java,org.apache.ibatis.type.EnumOrdinalTypeHandler,org.pitest.mutationtest.engine.gregor.mutators.NonVoidMethodCallMutator,getNullableResult,63,NO_COVERAGE,none
EnumOrdinalTypeHandler.java,org.apache.ibatis.type.EnumOrdinalTypeHandler,org.pitest.mutationtest.engine.gregor.mutators.NonVoidMethodCallMutator,getNullableResult,64,NO_COVERAGE,none
EnumOrdinalTypeHandler.java,org.apache.ibatis.type.EnumOrdinalTypeHandler,org.pitest.mutationtest.engine.gregor.mutators.NonVoidMethodCallMutator,getNullableResult,70,NO_COVERAGE,none
EnumOrdinalTypeHandler.java,org.apache.ibatis.type.EnumOrdinalTypeHandler,org.pitest.mutationtest.engine.gregor.mutators.NonVoidMethodCallMutator,getNullableResult,70,NO_COVERAGE,none
EnumOrdinalTypeHandler.java,org.apache.ibatis.type.EnumOrdinalTypeHandler,org.pitest.mutationtest.engine.gregor.mutators.NonVoidMethodCallMutator,getNullableResult,70,NO_COVERAGE,none
EnumOrdinalTypeHandler.java,org.apache.ibatis.type.EnumOrdinalTypeHandler,org.pitest.mutationtest.engine.gregor.mutators.NonVoidMethodCallMutator,getNullableResult,70,NO_COVERAGE,none
EnumOrdinalTypeHandler.java,org.apache.ibatis.type.EnumOrdinalTypeHandler,org.pitest.mutationtest.engine.gregor.mutators.NonVoidMethodCallMutator,getNullableResult,70,NO_COVERAGE,none
EnumOrdinalTypeHandler.java,org.apache.ibatis.type.EnumOrdinalTypeHandler,org.pitest.mutationtest.engine.gregor.mutators.NonVoidMethodCallMutator,getNullableResult,70,NO_COVERAGE,none
EnumOrdinalTypeHandler.java,org.apache.ibatis.type.EnumOrdinalTypeHandler,org.pitest.mutationtest.engine.gregor.mutators.NonVoidMethodCallMutator,getNullableResult,70,NO_COVERAGE,none
EnumOrdinalTypeHandler.java,org.apache.ibatis.type.EnumOrdinalTypeHandler,org.pitest.mutationtest.engine.gregor.mutators.RemoveConditionalMutator_EQUAL_ELSE,getNullableResult,64,NO_COVERAGE,none
EnumOrdinalTypeHandler.java,org.apache.ibatis.type.EnumOrdinalTypeHandler,org.pitest.mutationtest.engine.gregor.mutators.RemoveConditionalMutator_EQUAL_IF,getNullableResult,64,NO_COVERAGE,none
EnumOrdinalTypeHandler.java,org.apache.ibatis.type.EnumOrdinalTypeHandler,org.pitest.mutationtest.engine.gregor.mutators.ReturnValsMutator,getNullableResult,65,NO_COVERAGE,none
EnumOrdinalTypeHandler.java,org.apache.ibatis.type.EnumOrdinalTypeHandler,org.pitest.mutationtest.engine.gregor.mutators.ReturnValsMutator,getNullableResult,68,NO_COVERAGE,none
EnumOrdinalTypeHandler.java,org.apache.ibatis.type.EnumOrdinalTypeHandler,org.pitest.mutationtest.engine.gregor.mutators.ConstructorCallMutator,getNullableResult,56,NO_COVERAGE,none
EnumOrdinalTypeHandler.java,org.apache.ibatis.type.EnumOrdinalTypeHandler,org.pitest.mutationtest.engine.gregor.mutators.ConstructorCallMutator,getNullableResult,56,NO_COVERAGE,none
EnumOrdinalTypeHandler.java,org.apache.ibatis.type.EnumOrdinalTypeHandler,org.pitest.mutationtest.engine.gregor.mutators.NegateConditionalsMutator,getNullableResult,50,NO_COVERAGE,none
EnumOrdinalTypeHandler.java,org.apache.ibatis.type.EnumOrdinalTypeHandler,org.pitest.mutationtest.engine.gregor.mutators.NonVoidMethodCallMutator,getNullableResult,49,NO_COVERAGE,none
EnumOrdinalTypeHandler.java,org.apache.ibatis.type.EnumOrdinalTypeHandler,org.pitest.mutationtest.engine.gregor.mutators.NonVoidMethodCallMutator,getNullableResult,50,NO_COVERAGE,none
EnumOrdinalTypeHandler.java,org.apache.ibatis.type.EnumOrdinalTypeHandler,org.pitest.mutationtest.engine.gregor.mutators.NonVoidMethodCallMutator,getNullableResult,56,NO_COVERAGE,none
EnumOrdinalTypeHandler.java,org.apache.ibatis.type.EnumOrdinalTypeHandler,org.pitest.mutationtest.engine.gregor.mutators.NonVoidMethodCallMutator,getNullableResult,56,NO_COVERAGE,none
EnumOrdinalTypeHandler.java,org.apache.ibatis.type.EnumOrdinalTypeHandler,org.pitest.mutationtest.engine.gregor.mutators.NonVoidMethodCallMutator,getNullableResult,56,NO_COVERAGE,none
EnumOrdinalTypeHandler.java,org.apache.ibatis.type.EnumOrdinalTypeHandler,org.pitest.mutationtest.engine.gregor.mutators.NonVoidMethodCallMutator,getNullableResult,56,NO_COVERAGE,none
EnumOrdinalTypeHandler.java,org.apache.ibatis.type.EnumOrdinalTypeHandler,org.pitest.mutationtest.engine.gregor.mutators.NonVoidMethodCallMutator,getNullableResult,56,NO_COVERAGE,none
EnumOrdinalTypeHandler.java,org.apache.ibatis.type.EnumOrdinalTypeHandler,org.pitest.mutationtest.engine.gregor.mutators.NonVoidMethodCallMutator,getNullableResult,56,NO_COVERAGE,none
EnumOrdinalTypeHandler.java,org.apache.ibatis.type.EnumOrdinalTypeHandler,org.pitest.mutationtest.engine.gregor.mutators.NonVoidMethodCallMutator,getNullableResult,56,NO_COVERAGE,none
EnumOrdinalTypeHandler.java,org.apache.ibatis.type.EnumOrdinalTypeHandler,org.pitest.mutationtest.engine.gregor.mutators.RemoveConditionalMutator_EQUAL_ELSE,getNullableResult,50,NO_COVERAGE,none
EnumOrdinalTypeHandler.java,org.apache.ibatis.type.EnumOrdinalTypeHandler,org.pitest.mutationtest.engine.gregor.mutators.RemoveConditionalMutator_EQUAL_IF,getNullableResult,50,NO_COVERAGE,none
EnumOrdinalTypeHandler.java,org.apache.ibatis.type.EnumOrdinalTypeHandler,org.pitest.mutationtest.engine.gregor.mutators.ReturnValsMutator,getNullableResult,51,NO_COVERAGE,none
EnumOrdinalTypeHandler.java,org.apache.ibatis.type.EnumOrdinalTypeHandler,org.pitest.mutationtest.engine.gregor.mutators.ReturnValsMutator,getNullableResult,54,NO_COVERAGE,none
EnumOrdinalTypeHandler.java,org.apache.ibatis.type.EnumOrdinalTypeHandler,org.pitest.mutationtest.engine.gregor.mutators.NonVoidMethodCallMutator,setNonNullParameter,44,NO_COVERAGE,none
EnumOrdinalTypeHandler.java,org.apache.ibatis.type.EnumOrdinalTypeHandler,org.pitest.mutationtest.engine.gregor.mutators.VoidMethodCallMutator,setNonNullParameter,44,NO_COVERAGE,none
CachingExecutor.java,org.apache.ibatis.executor.CachingExecutor,org.pitest.mutationtest.engine.gregor.mutators.experimental.MemberVariableMutator,<init>,42,KILLED,org.apache.ibatis.submitted.extend.ExtendTest.org.apache.ibatis.submitted.extend.ExtendTest
CachingExecutor.java,org.apache.ibatis.executor.CachingExecutor,org.pitest.mutationtest.engine.gregor.mutators.VoidMethodCallMutator,clearLocalCache,161,NO_COVERAGE,none
CachingExecutor.java,org.apache.ibatis.executor.CachingExecutor,org.pitest.mutationtest.engine.gregor.mutators.VoidMethodCallMutator,commit,119,NO_COVERAGE,none
CachingExecutor.java,org.apache.ibatis.executor.CachingExecutor,org.pitest.mutationtest.engine.gregor.mutators.VoidMethodCallMutator,commit,120,NO_COVERAGE,none
CachingExecutor.java,org.apache.ibatis.executor.CachingExecutor,org.pitest.mutationtest.engine.gregor.mutators.ConstructorCallMutator,ensureNoOutParams,138,NO_COVERAGE,none
CachingExecutor.java,org.apache.ibatis.executor.CachingExecutor,org.pitest.mutationtest.engine.gregor.mutators.ConstructorCallMutator,ensureNoOutParams,138,NO_COVERAGE,none
CachingExecutor.java,org.apache.ibatis.executor.CachingExecutor,org.pitest.mutationtest.engine.gregor.mutators.NegateConditionalsMutator,ensureNoOutParams,135,NO_COVERAGE,none
CachingExecutor.java,org.apache.ibatis.executor.CachingExecutor,org.pitest.mutationtest.engine.gregor.mutators.NegateConditionalsMutator,ensureNoOutParams,136,NO_COVERAGE,none
CachingExecutor.java,org.apache.ibatis.executor.CachingExecutor,org.pitest.mutationtest.engine.gregor.mutators.NegateConditionalsMutator,ensureNoOutParams,137,NO_COVERAGE,none
CachingExecutor.java,org.apache.ibatis.executor.CachingExecutor,org.pitest.mutationtest.engine.gregor.mutators.NonVoidMethodCallMutator,ensureNoOutParams,135,NO_COVERAGE,none
CachingExecutor.java,org.apache.ibatis.executor.CachingExecutor,org.pitest.mutationtest.engine.gregor.mutators.NonVoidMethodCallMutator,ensureNoOutParams,136,NO_COVERAGE,none
CachingExecutor.java,org.apache.ibatis.executor.CachingExecutor,org.pitest.mutationtest.engine.gregor.mutators.NonVoidMethodCallMutator,ensureNoOutParams,136,NO_COVERAGE,none
CachingExecutor.java,org.apache.ibatis.executor.CachingExecutor,org.pitest.mutationtest.engine.gregor.mutators.NonVoidMethodCallMutator,ensureNoOutParams,136,NO_COVERAGE,none
CachingExecutor.java,org.apache.ibatis.executor.CachingExecutor,org.pitest.mutationtest.engine.gregor.mutators.NonVoidMethodCallMutator,ensureNoOutParams,136,NO_COVERAGE,none
CachingExecutor.java,org.apache.ibatis.executor.CachingExecutor,org.pitest.mutationtest.engine.gregor.mutators.NonVoidMethodCallMutator,ensureNoOutParams,137,NO_COVERAGE,none
CachingExecutor.java,org.apache.ibatis.executor.CachingExecutor,org.pitest.mutationtest.engine.gregor.mutators.NonVoidMethodCallMutator,ensureNoOutParams,138,NO_COVERAGE,none
CachingExecutor.java,org.apache.ibatis.executor.CachingExecutor,org.pitest.mutationtest.engine.gregor.mutators.NonVoidMethodCallMutator,ensureNoOutParams,138,NO_COVERAGE,none
CachingExecutor.java,org.apache.ibatis.executor.CachingExecutor,org.pitest.mutationtest.engine.gregor.mutators.NonVoidMethodCallMutator,ensureNoOutParams,138,NO_COVERAGE,none
CachingExecutor.java,org.apache.ibatis.executor.CachingExecutor,org.pitest.mutationtest.engine.gregor.mutators.NonVoidMethodCallMutator,ensureNoOutParams,138,NO_COVERAGE,none
CachingExecutor.java,org.apache.ibatis.executor.CachingExecutor,org.pitest.mutationtest.engine.gregor.mutators.NonVoidMethodCallMutator,ensureNoOutParams,138,NO_COVERAGE,none
CachingExecutor.java,org.apache.ibatis.executor.CachingExecutor,org.pitest.mutationtest.engine.gregor.mutators.RemoveConditionalMutator_EQUAL_ELSE,ensureNoOutParams,135,NO_COVERAGE,none
CachingExecutor.java,org.apache.ibatis.executor.CachingExecutor,org.pitest.mutationtest.engine.gregor.mutators.RemoveConditionalMutator_EQUAL_ELSE,ensureNoOutParams,136,NO_COVERAGE,none
CachingExecutor.java,org.apache.ibatis.executor.CachingExecutor,org.pitest.mutationtest.engine.gregor.mutators.RemoveConditionalMutator_EQUAL_ELSE,ensureNoOutParams,137,NO_COVERAGE,none
CachingExecutor.java,org.apache.ibatis.executor.CachingExecutor,org.pitest.mutationtest.engine.gregor.mutators.RemoveConditionalMutator_EQUAL_IF,ensureNoOutParams,135,NO_COVERAGE,none
CachingExecutor.java,org.apache.ibatis.executor.CachingExecutor,org.pitest.mutationtest.engine.gregor.mutators.RemoveConditionalMutator_EQUAL_IF,ensureNoOutParams,136,NO_COVERAGE,none
CachingExecutor.java,org.apache.ibatis.executor.CachingExecutor,org.pitest.mutationtest.engine.gregor.mutators.RemoveConditionalMutator_EQUAL_IF,ensureNoOutParams,137,NO_COVERAGE,none
CachingExecutor.java,org.apache.ibatis.executor.CachingExecutor,org.pitest.mutationtest.engine.gregor.mutators.NegateConditionalsMutator,flushCacheIfRequired,166,NO_COVERAGE,none
CachingExecutor.java,org.apache.ibatis.executor.CachingExecutor,org.pitest.mutationtest.engine.gregor.mutators.RemoveConditionalMutator_EQUAL_IF,flushCacheIfRequired,166,NO_COVERAGE,none
CachingExecutor.java,org.apache.ibatis.executor.CachingExecutor,org.pitest.mutationtest.engine.gregor.mutators.RemoveConditionalMutator_EQUAL_IF,flushCacheIfRequired,166,NO_COVERAGE,none
CachingExecutor.java,org.apache.ibatis.executor.CachingExecutor,org.pitest.mutationtest.engine.gregor.mutators.VoidMethodCallMutator,flushCacheIfRequired,167,NO_COVERAGE,none
CachingExecutor.java,org.apache.ibatis.executor.CachingExecutor,org.pitest.mutationtest.engine.gregor.mutators.NonVoidMethodCallMutator,flushStatements,114,NO_COVERAGE,none
CachingExecutor.java,org.apache.ibatis.executor.CachingExecutor,org.pitest.mutationtest.engine.gregor.mutators.ReturnValsMutator,flushStatements,114,NO_COVERAGE,none
CachingExecutor.java,org.apache.ibatis.executor.CachingExecutor,org.pitest.mutationtest.engine.gregor.mutators.NonVoidMethodCallMutator,getTransaction,51,NO_COVERAGE,none
CachingExecutor.java,org.apache.ibatis.executor.CachingExecutor,org.pitest.mutationtest.engine.gregor.mutators.ReturnValsMutator,getTransaction,51,NO_COVERAGE,none
CachingExecutor.java,org.apache.ibatis.executor.CachingExecutor,org.pitest.mutationtest.engine.gregor.mutators.NonVoidMethodCallMutator,isCached,151,NO_COVERAGE,none
CachingExecutor.java,org.apache.ibatis.executor.CachingExecutor,org.pitest.mutationtest.engine.gregor.mutators.NonVoidMethodCallMutator,isClosed,70,NO_COVERAGE,none
CachingExecutor.java,org.apache.ibatis.executor.CachingExecutor,org.pitest.mutationtest.engine.gregor.mutators.ReturnValsMutator,isClosed,70,NO_COVERAGE,none
CachingExecutor.java,org.apache.ibatis.executor.CachingExecutor,org.pitest.mutationtest.engine.gregor.mutators.NonVoidMethodCallMutator,query,81,KILLED,org.apache.ibatis.submitted.extend.ExtendTest.org.apache.ibatis.submitted.extend.ExtendTest
CachingExecutor.java,org.apache.ibatis.executor.CachingExecutor,org.pitest.mutationtest.engine.gregor.mutators.NonVoidMethodCallMutator,query,82,SURVIVED,none
CachingExecutor.java,org.apache.ibatis.executor.CachingExecutor,org.pitest.mutationtest.engine.gregor.mutators.NegateConditionalsMutator,query,96,KILLED,org.apache.ibatis.submitted.extend.ExtendTest.org.apache.ibatis.submitted.extend.ExtendTest
CachingExecutor.java,org.apache.ibatis.executor.CachingExecutor,org.pitest.mutationtest.engine.gregor.mutators.NegateConditionalsMutator,query,98,NO_COVERAGE,none
CachingExecutor.java,org.apache.ibatis.executor.CachingExecutor,org.pitest.mutationtest.engine.gregor.mutators.NegateConditionalsMutator,query,98,NO_COVERAGE,none
CachingExecutor.java,org.apache.ibatis.executor.CachingExecutor,org.pitest.mutationtest.engine.gregor.mutators.NegateConditionalsMutator,query,102,NO_COVERAGE,none
CachingExecutor.java,org.apache.ibatis.executor.CachingExecutor,org.pitest.mutationtest.engine.gregor.mutators.NonVoidMethodCallMutator,query,98,NO_COVERAGE,none
CachingExecutor.java,org.apache.ibatis.executor.CachingExecutor,org.pitest.mutationtest.engine.gregor.mutators.NonVoidMethodCallMutator,query,101,NO_COVERAGE,none
CachingExecutor.java,org.apache.ibatis.executor.CachingExecutor,org.pitest.mutationtest.engine.gregor.mutators.NonVoidMethodCallMutator,query,103,NO_COVERAGE,none
CachingExecutor.java,org.apache.ibatis.executor.CachingExecutor,org.pitest.mutationtest.engine.gregor.mutators.RemoveConditionalMutator_EQUAL_ELSE,query,98,NO_COVERAGE,none
CachingExecutor.java,org.apache.ibatis.executor.CachingExecutor,org.pitest.mutationtest.engine.gregor.mutators.RemoveConditionalMutator_EQUAL_ELSE,query,98,NO_COVERAGE,none
CachingExecutor.java,org.apache.ibatis.executor.CachingExecutor,org.pitest.mutationtest.engine.gregor.mutators.RemoveConditionalMutator_EQUAL_ELSE,query,102,NO_COVERAGE,none
CachingExecutor.java,org.apache.ibatis.executor.CachingExecutor,org.pitest.mutationtest.engine.gregor.mutators.RemoveConditionalMutator_EQUAL_IF,query,98,NO_COVERAGE,none
CachingExecutor.java,org.apache.ibatis.executor.CachingExecutor,org.pitest.mutationtest.engine.gregor.mutators.RemoveConditionalMutator_EQUAL_IF,query,98,NO_COVERAGE,none
CachingExecutor.java,org.apache.ibatis.executor.CachingExecutor,org.pitest.mutationtest.engine.gregor.mutators.RemoveConditionalMutator_EQUAL_IF,query,102,NO_COVERAGE,none
CachingExecutor.java,org.apache.ibatis.executor.CachingExecutor,org.pitest.mutationtest.engine.gregor.mutators.ReturnValsMutator,query,106,NO_COVERAGE,none
CachingExecutor.java,org.apache.ibatis.executor.CachingExecutor,org.pitest.mutationtest.engine.gregor.mutators.VoidMethodCallMutator,query,97,NO_COVERAGE,none
CachingExecutor.java,org.apache.ibatis.executor.CachingExecutor,org.pitest.mutationtest.engine.gregor.mutators.VoidMethodCallMutator,query,99,NO_COVERAGE,none
CachingExecutor.java,org.apache.ibatis.executor.CachingExecutor,org.pitest.mutationtest.engine.gregor.mutators.VoidMethodCallMutator,query,104,NO_COVERAGE,none
CachingExecutor.java,org.apache.ibatis.executor.CachingExecutor,org.pitest.mutationtest.engine.gregor.mutators.NonVoidMethodCallMutator,queryCursor,89,NO_COVERAGE,none
CachingExecutor.java,org.apache.ibatis.executor.CachingExecutor,org.pitest.mutationtest.engine.gregor.mutators.ReturnValsMutator,queryCursor,89,NO_COVERAGE,none
CachingExecutor.java,org.apache.ibatis.executor.CachingExecutor,org.pitest.mutationtest.engine.gregor.mutators.VoidMethodCallMutator,queryCursor,88,NO_COVERAGE,none
CachingExecutor.java,org.apache.ibatis.executor.CachingExecutor,org.pitest.mutationtest.engine.gregor.mutators.NegateConditionalsMutator,rollback,128,NO_COVERAGE,none
CachingExecutor.java,org.apache.ibatis.executor.CachingExecutor,org.pitest.mutationtest.engine.gregor.mutators.RemoveConditionalMutator_EQUAL_ELSE,rollback,128,NO_COVERAGE,none
CachingExecutor.java,org.apache.ibatis.executor.CachingExecutor,org.pitest.mutationtest.engine.gregor.mutators.RemoveConditionalMutator_EQUAL_IF,rollback,128,NO_COVERAGE,none
CachingExecutor.java,org.apache.ibatis.executor.CachingExecutor,org.pitest.mutationtest.engine.gregor.mutators.VoidMethodCallMutator,rollback,126,NO_COVERAGE,none
CachingExecutor.java,org.apache.ibatis.executor.CachingExecutor,org.pitest.mutationtest.engine.gregor.mutators.VoidMethodCallMutator,rollback,129,NO_COVERAGE,none
CachingExecutor.java,org.apache.ibatis.executor.CachingExecutor,org.pitest.mutationtest.engine.gregor.mutators.ConstructorCallMutator,setExecutorWrapper,173,NO_COVERAGE,none
CachingExecutor.java,org.apache.ibatis.executor.CachingExecutor,org.pitest.mutationtest.engine.gregor.mutators.NonVoidMethodCallMutator,update,76,NO_COVERAGE,none
CachingExecutor.java,org.apache.ibatis.executor.CachingExecutor,org.pitest.mutationtest.engine.gregor.mutators.ReturnValsMutator,update,76,NO_COVERAGE,none
ReuseExecutor.java,org.apache.ibatis.executor.ReuseExecutor,org.pitest.mutationtest.engine.gregor.mutators.ConstructorCallMutator,<init>,41,NO_COVERAGE,none
ReuseExecutor.java,org.apache.ibatis.executor.ReuseExecutor,org.pitest.mutationtest.engine.gregor.mutators.experimental.MemberVariableMutator,<init>,41,NO_COVERAGE,none
ReuseExecutor.java,org.apache.ibatis.executor.ReuseExecutor,org.pitest.mutationtest.engine.gregor.mutators.NegateConditionalsMutator,doFlushStatements,73,NO_COVERAGE,none
ReuseExecutor.java,org.apache.ibatis.executor.ReuseExecutor,org.pitest.mutationtest.engine.gregor.mutators.NonVoidMethodCallMutator,doFlushStatements,73,NO_COVERAGE,none
ReuseExecutor.java,org.apache.ibatis.executor.ReuseExecutor,org.pitest.mutationtest.engine.gregor.mutators.NonVoidMethodCallMutator,doFlushStatements,73,NO_COVERAGE,none
ReuseExecutor.java,org.apache.ibatis.executor.ReuseExecutor,org.pitest.mutationtest.engine.gregor.mutators.NonVoidMethodCallMutator,doFlushStatements,73,NO_COVERAGE,none
ReuseExecutor.java,org.apache.ibatis.executor.ReuseExecutor,org.pitest.mutationtest.engine.gregor.mutators.NonVoidMethodCallMutator,doFlushStatements,77,NO_COVERAGE,none
ReuseExecutor.java,org.apache.ibatis.executor.ReuseExecutor,org.pitest.mutationtest.engine.gregor.mutators.RemoveConditionalMutator_EQUAL_ELSE,doFlushStatements,73,NO_COVERAGE,none
ReuseExecutor.java,org.apache.ibatis.executor.ReuseExecutor,org.pitest.mutationtest.engine.gregor.mutators.RemoveConditionalMutator_EQUAL_IF,doFlushStatements,73,NO_COVERAGE,none
ReuseExecutor.java,org.apache.ibatis.executor.ReuseExecutor,org.pitest.mutationtest.engine.gregor.mutators.ReturnValsMutator,doFlushStatements,77,NO_COVERAGE,none
ReuseExecutor.java,org.apache.ibatis.executor.ReuseExecutor,org.pitest.mutationtest.engine.gregor.mutators.VoidMethodCallMutator,doFlushStatements,74,NO_COVERAGE,none
ReuseExecutor.java,org.apache.ibatis.executor.ReuseExecutor,org.pitest.mutationtest.engine.gregor.mutators.VoidMethodCallMutator,doFlushStatements,76,NO_COVERAGE,none
ReuseExecutor.java,org.apache.ibatis.executor.ReuseExecutor,org.pitest.mutationtest.engine.gregor.mutators.NonVoidMethodCallMutator,doQuery,57,NO_COVERAGE,none
ReuseExecutor.java,org.apache.ibatis.executor.ReuseExecutor,org.pitest.mutationtest.engine.gregor.mutators.NonVoidMethodCallMutator,doQuery,58,NO_COVERAGE,none
ReuseExecutor.java,org.apache.ibatis.executor.ReuseExecutor,org.pitest.mutationtest.engine.gregor.mutators.NonVoidMethodCallMutator,doQuery,59,NO_COVERAGE,none
ReuseExecutor.java,org.apache.ibatis.executor.ReuseExecutor,org.pitest.mutationtest.engine.gregor.mutators.NonVoidMethodCallMutator,doQuery,59,NO_COVERAGE,none
ReuseExecutor.java,org.apache.ibatis.executor.ReuseExecutor,org.pitest.mutationtest.engine.gregor.mutators.NonVoidMethodCallMutator,doQuery,60,NO_COVERAGE,none
ReuseExecutor.java,org.apache.ibatis.executor.ReuseExecutor,org.pitest.mutationtest.engine.gregor.mutators.ReturnValsMutator,doQuery,60,NO_COVERAGE,none
ReuseExecutor.java,org.apache.ibatis.executor.ReuseExecutor,org.pitest.mutationtest.engine.gregor.mutators.NonVoidMethodCallMutator,doQueryCursor,65,NO_COVERAGE,none
ReuseExecutor.java,org.apache.ibatis.executor.ReuseExecutor,org.pitest.mutationtest.engine.gregor.mutators.NonVoidMethodCallMutator,doQueryCursor,66,NO_COVERAGE,none
ReuseExecutor.java,org.apache.ibatis.executor.ReuseExecutor,org.pitest.mutationtest.engine.gregor.mutators.NonVoidMethodCallMutator,doQueryCursor,67,NO_COVERAGE,none
ReuseExecutor.java,org.apache.ibatis.executor.ReuseExecutor,org.pitest.mutationtest.engine.gregor.mutators.NonVoidMethodCallMutator,doQueryCursor,67,NO_COVERAGE,none
ReuseExecutor.java,org.apache.ibatis.executor.ReuseExecutor,org.pitest.mutationtest.engine.gregor.mutators.NonVoidMethodCallMutator,doQueryCursor,68,NO_COVERAGE,none
ReuseExecutor.java,org.apache.ibatis.executor.ReuseExecutor,org.pitest.mutationtest.engine.gregor.mutators.ReturnValsMutator,doQueryCursor,68,NO_COVERAGE,none
ReuseExecutor.java,org.apache.ibatis.executor.ReuseExecutor,org.pitest.mutationtest.engine.gregor.mutators.NonVoidMethodCallMutator,doUpdate,49,NO_COVERAGE,none
ReuseExecutor.java,org.apache.ibatis.executor.ReuseExecutor,org.pitest.mutationtest.engine.gregor.mutators.NonVoidMethodCallMutator,doUpdate,50,NO_COVERAGE,none
ReuseExecutor.java,org.apache.ibatis.executor.ReuseExecutor,org.pitest.mutationtest.engine.gregor.mutators.NonVoidMethodCallMutator,doUpdate,51,NO_COVERAGE,none
ReuseExecutor.java,org.apache.ibatis.executor.ReuseExecutor,org.pitest.mutationtest.engine.gregor.mutators.NonVoidMethodCallMutator,doUpdate,51,NO_COVERAGE,none
ReuseExecutor.java,org.apache.ibatis.executor.ReuseExecutor,org.pitest.mutationtest.engine.gregor.mutators.NonVoidMethodCallMutator,doUpdate,52,NO_COVERAGE,none
ReuseExecutor.java,org.apache.ibatis.executor.ReuseExecutor,org.pitest.mutationtest.engine.gregor.mutators.ReturnValsMutator,doUpdate,52,NO_COVERAGE,none
ReuseExecutor.java,org.apache.ibatis.executor.ReuseExecutor,org.pitest.mutationtest.engine.gregor.mutators.ArgumentPropagationMutator,getStatement,105,NO_COVERAGE,none
ReuseExecutor.java,org.apache.ibatis.executor.ReuseExecutor,org.pitest.mutationtest.engine.gregor.mutators.NonVoidMethodCallMutator,getStatement,105,NO_COVERAGE,none
ReuseExecutor.java,org.apache.ibatis.executor.ReuseExecutor,org.pitest.mutationtest.engine.gregor.mutators.ReturnValsMutator,getStatement,105,NO_COVERAGE,none
ReuseExecutor.java,org.apache.ibatis.executor.ReuseExecutor,org.pitest.mutationtest.engine.gregor.mutators.ArgumentPropagationMutator,hasStatementFor,98,NO_COVERAGE,none
ReuseExecutor.java,org.apache.ibatis.executor.ReuseExecutor,org.pitest.mutationtest.engine.gregor.mutators.InlineConstantMutator,hasStatementFor,98,NO_COVERAGE,none
ReuseExecutor.java,org.apache.ibatis.executor.ReuseExecutor,org.pitest.mutationtest.engine.gregor.mutators.InlineConstantMutator,hasStatementFor,98,NO_COVERAGE,none
ReuseExecutor.java,org.apache.ibatis.executor.ReuseExecutor,org.pitest.mutationtest.engine.gregor.mutators.InlineConstantMutator,hasStatementFor,100,NO_COVERAGE,none
ReuseExecutor.java,org.apache.ibatis.executor.ReuseExecutor,org.pitest.mutationtest.engine.gregor.mutators.NegateConditionalsMutator,hasStatementFor,98,NO_COVERAGE,none
ReuseExecutor.java,org.apache.ibatis.executor.ReuseExecutor,org.pitest.mutationtest.engine.gregor.mutators.NegateConditionalsMutator,hasStatementFor,98,NO_COVERAGE,none
ReuseExecutor.java,org.apache.ibatis.executor.ReuseExecutor,org.pitest.mutationtest.engine.gregor.mutators.NonVoidMethodCallMutator,hasStatementFor,98,NO_COVERAGE,none
ReuseExecutor.java,org.apache.ibatis.executor.ReuseExecutor,org.pitest.mutationtest.engine.gregor.mutators.NonVoidMethodCallMutator,hasStatementFor,98,NO_COVERAGE,none
ReuseExecutor.java,org.apache.ibatis.executor.ReuseExecutor,org.pitest.mutationtest.engine.gregor.mutators.NonVoidMethodCallMutator,hasStatementFor,98,NO_COVERAGE,none
ReuseExecutor.java,org.apache.ibatis.executor.ReuseExecutor,org.pitest.mutationtest.engine.gregor.mutators.NonVoidMethodCallMutator,hasStatementFor,98,NO_COVERAGE,none
ReuseExecutor.java,org.apache.ibatis.executor.ReuseExecutor,org.pitest.mutationtest.engine.gregor.mutators.NonVoidMethodCallMutator,hasStatementFor,98,NO_COVERAGE,none
ReuseExecutor.java,org.apache.ibatis.executor.ReuseExecutor,org.pitest.mutationtest.engine.gregor.mutators.RemoveConditionalMutator_EQUAL_ELSE,hasStatementFor,98,NO_COVERAGE,none
ReuseExecutor.java,org.apache.ibatis.executor.ReuseExecutor,org.pitest.mutationtest.engine.gregor.mutators.RemoveConditionalMutator_EQUAL_ELSE,hasStatementFor,98,NO_COVERAGE,none
ReuseExecutor.java,org.apache.ibatis.executor.ReuseExecutor,org.pitest.mutationtest.engine.gregor.mutators.RemoveConditionalMutator_EQUAL_IF,hasStatementFor,98,NO_COVERAGE,none
ReuseExecutor.java,org.apache.ibatis.executor.ReuseExecutor,org.pitest.mutationtest.engine.gregor.mutators.RemoveConditionalMutator_EQUAL_IF,hasStatementFor,98,NO_COVERAGE,none
ReuseExecutor.java,org.apache.ibatis.executor.ReuseExecutor,org.pitest.mutationtest.engine.gregor.mutators.ReturnValsMutator,hasStatementFor,98,NO_COVERAGE,none
ReuseExecutor.java,org.apache.ibatis.executor.ReuseExecutor,org.pitest.mutationtest.engine.gregor.mutators.ReturnValsMutator,hasStatementFor,100,NO_COVERAGE,none
ReuseExecutor.java,org.apache.ibatis.executor.ReuseExecutor,org.pitest.mutationtest.engine.gregor.mutators.NegateConditionalsMutator,prepareStatement,84,NO_COVERAGE,none
ReuseExecutor.java,org.apache.ibatis.executor.ReuseExecutor,org.pitest.mutationtest.engine.gregor.mutators.NonVoidMethodCallMutator,prepareStatement,82,NO_COVERAGE,none
ReuseExecutor.java,org.apache.ibatis.executor.ReuseExecutor,org.pitest.mutationtest.engine.gregor.mutators.NonVoidMethodCallMutator,prepareStatement,83,NO_COVERAGE,none
ReuseExecutor.java,org.apache.ibatis.executor.ReuseExecutor,org.pitest.mutationtest.engine.gregor.mutators.NonVoidMethodCallMutator,prepareStatement,84,NO_COVERAGE,none
ReuseExecutor.java,org.apache.ibatis.executor.ReuseExecutor,org.pitest.mutationtest.engine.gregor.mutators.NonVoidMethodCallMutator,prepareStatement,85,NO_COVERAGE,none
ReuseExecutor.java,org.apache.ibatis.executor.ReuseExecutor,org.pitest.mutationtest.engine.gregor.mutators.NonVoidMethodCallMutator,prepareStatement,88,NO_COVERAGE,none
ReuseExecutor.java,org.apache.ibatis.executor.ReuseExecutor,org.pitest.mutationtest.engine.gregor.mutators.NonVoidMethodCallMutator,prepareStatement,89,NO_COVERAGE,none
ReuseExecutor.java,org.apache.ibatis.executor.ReuseExecutor,org.pitest.mutationtest.engine.gregor.mutators.NonVoidMethodCallMutator,prepareStatement,89,NO_COVERAGE,none
ReuseExecutor.java,org.apache.ibatis.executor.ReuseExecutor,org.pitest.mutationtest.engine.gregor.mutators.RemoveConditionalMutator_EQUAL_ELSE,prepareStatement,84,NO_COVERAGE,none
ReuseExecutor.java,org.apache.ibatis.executor.ReuseExecutor,org.pitest.mutationtest.engine.gregor.mutators.RemoveConditionalMutator_EQUAL_IF,prepareStatement,84,NO_COVERAGE,none
ReuseExecutor.java,org.apache.ibatis.executor.ReuseExecutor,org.pitest.mutationtest.engine.gregor.mutators.ReturnValsMutator,prepareStatement,93,NO_COVERAGE,none
ReuseExecutor.java,org.apache.ibatis.executor.ReuseExecutor,org.pitest.mutationtest.engine.gregor.mutators.VoidMethodCallMutator,prepareStatement,86,NO_COVERAGE,none
ReuseExecutor.java,org.apache.ibatis.executor.ReuseExecutor,org.pitest.mutationtest.engine.gregor.mutators.VoidMethodCallMutator,prepareStatement,90,NO_COVERAGE,none
ReuseExecutor.java,org.apache.ibatis.executor.ReuseExecutor,org.pitest.mutationtest.engine.gregor.mutators.VoidMethodCallMutator,prepareStatement,92,NO_COVERAGE,none
ReuseExecutor.java,org.apache.ibatis.executor.ReuseExecutor,org.pitest.mutationtest.engine.gregor.mutators.ArgumentPropagationMutator,putStatement,109,NO_COVERAGE,none
ReuseExecutor.java,org.apache.ibatis.executor.ReuseExecutor,org.pitest.mutationtest.engine.gregor.mutators.NonVoidMethodCallMutator,putStatement,109,NO_COVERAGE,none
MapWrapper.java,org.apache.ibatis.reflection.wrapper.MapWrapper,org.pitest.mutationtest.engine.gregor.mutators.experimental.MemberVariableMutator,<init>,36,SURVIVED,none
MapWrapper.java,org.apache.ibatis.reflection.wrapper.MapWrapper,org.pitest.mutationtest.engine.gregor.mutators.ConstructorCallMutator,add,150,NO_COVERAGE,none
MapWrapper.java,org.apache.ibatis.reflection.wrapper.MapWrapper,org.pitest.mutationtest.engine.gregor.mutators.ConstructorCallMutator,addAll,155,NO_COVERAGE,none
MapWrapper.java,org.apache.ibatis.reflection.wrapper.MapWrapper,org.pitest.mutationtest.engine.gregor.mutators.ReturnValsMutator,findProperty,61,NO_COVERAGE,none
MapWrapper.java,org.apache.ibatis.reflection.wrapper.MapWrapper,org.pitest.mutationtest.engine.gregor.mutators.ArgumentPropagationMutator,get,42,NO_COVERAGE,none
MapWrapper.java,org.apache.ibatis.reflection.wrapper.MapWrapper,org.pitest.mutationtest.engine.gregor.mutators.ArgumentPropagationMutator,get,43,NO_COVERAGE,none
MapWrapper.java,org.apache.ibatis.reflection.wrapper.MapWrapper,org.pitest.mutationtest.engine.gregor.mutators.NonVoidMethodCallMutator,get,42,NO_COVERAGE,none
MapWrapper.java,org.apache.ibatis.reflection.wrapper.MapWrapper,org.pitest.mutationtest.engine.gregor.mutators.NonVoidMethodCallMutator,get,43,NO_COVERAGE,none
MapWrapper.java,org.apache.ibatis.reflection.wrapper.MapWrapper,org.pitest.mutationtest.engine.gregor.mutators.ReturnValsMutator,get,43,NO_COVERAGE,none
MapWrapper.java,org.apache.ibatis.reflection.wrapper.MapWrapper,org.pitest.mutationtest.engine.gregor.mutators.ArgumentPropagationMutator,getGetterNames,66,NO_COVERAGE,none
MapWrapper.java,org.apache.ibatis.reflection.wrapper.MapWrapper,org.pitest.mutationtest.engine.gregor.mutators.NonVoidMethodCallMutator,getGetterNames,66,NO_COVERAGE,none
MapWrapper.java,org.apache.ibatis.reflection.wrapper.MapWrapper,org.pitest.mutationtest.engine.gregor.mutators.NonVoidMethodCallMutator,getGetterNames,66,NO_COVERAGE,none
MapWrapper.java,org.apache.ibatis.reflection.wrapper.MapWrapper,org.pitest.mutationtest.engine.gregor.mutators.NonVoidMethodCallMutator,getGetterNames,66,NO_COVERAGE,none
MapWrapper.java,org.apache.ibatis.reflection.wrapper.MapWrapper,org.pitest.mutationtest.engine.gregor.mutators.NonVoidMethodCallMutator,getGetterNames,66,NO_COVERAGE,none
MapWrapper.java,org.apache.ibatis.reflection.wrapper.MapWrapper,org.pitest.mutationtest.engine.gregor.mutators.ReturnValsMutator,getGetterNames,66,NO_COVERAGE,none
MapWrapper.java,org.apache.ibatis.reflection.wrapper.MapWrapper,org.pitest.mutationtest.engine.gregor.mutators.ReturnValsMutator,getGetterType,99,NO_COVERAGE,none
MapWrapper.java,org.apache.ibatis.reflection.wrapper.MapWrapper,org.pitest.mutationtest.engine.gregor.mutators.ReturnValsMutator,getGetterType,107,NO_COVERAGE,none
MapWrapper.java,org.apache.ibatis.reflection.wrapper.MapWrapper,org.pitest.mutationtest.engine.gregor.mutators.ArgumentPropagationMutator,getSetterNames,71,NO_COVERAGE,none
MapWrapper.java,org.apache.ibatis.reflection.wrapper.MapWrapper,org.pitest.mutationtest.engine.gregor.mutators.NonVoidMethodCallMutator,getSetterNames,71,NO_COVERAGE,none
MapWrapper.java,org.apache.ibatis.reflection.wrapper.MapWrapper,org.pitest.mutationtest.engine.gregor.mutators.NonVoidMethodCallMutator,getSetterNames,71,NO_COVERAGE,none
MapWrapper.java,org.apache.ibatis.reflection.wrapper.MapWrapper,org.pitest.mutationtest.engine.gregor.mutators.NonVoidMethodCallMutator,getSetterNames,71,NO_COVERAGE,none
MapWrapper.java,org.apache.ibatis.reflection.wrapper.MapWrapper,org.pitest.mutationtest.engine.gregor.mutators.NonVoidMethodCallMutator,getSetterNames,71,NO_COVERAGE,none
MapWrapper.java,org.apache.ibatis.reflection.wrapper.MapWrapper,org.pitest.mutationtest.engine.gregor.mutators.ReturnValsMutator,getSetterNames,71,NO_COVERAGE,none
MapWrapper.java,org.apache.ibatis.reflection.wrapper.MapWrapper,org.pitest.mutationtest.engine.gregor.mutators.ArgumentPropagationMutator,getSetterType,85,NO_COVERAGE,none
MapWrapper.java,org.apache.ibatis.reflection.wrapper.MapWrapper,org.pitest.mutationtest.engine.gregor.mutators.ArgumentPropagationMutator,getSetterType,86,NO_COVERAGE,none
MapWrapper.java,org.apache.ibatis.reflection.wrapper.MapWrapper,org.pitest.mutationtest.engine.gregor.mutators.ConstructorCallMutator,getSetterType,76,NO_COVERAGE,none
MapWrapper.java,org.apache.ibatis.reflection.wrapper.MapWrapper,org.pitest.mutationtest.engine.gregor.mutators.NegateConditionalsMutator,getSetterType,77,NO_COVERAGE,none
MapWrapper.java,org.apache.ibatis.reflection.wrapper.MapWrapper,org.pitest.mutationtest.engine.gregor.mutators.NegateConditionalsMutator,getSetterType,79,NO_COVERAGE,none
MapWrapper.java,org.apache.ibatis.reflection.wrapper.MapWrapper,org.pitest.mutationtest.engine.gregor.mutators.NegateConditionalsMutator,getSetterType,85,NO_COVERAGE,none
MapWrapper.java,org.apache.ibatis.reflection.wrapper.MapWrapper,org.pitest.mutationtest.engine.gregor.mutators.NonVoidMethodCallMutator,getSetterType,77,NO_COVERAGE,none
MapWrapper.java,org.apache.ibatis.reflection.wrapper.MapWrapper,org.pitest.mutationtest.engine.gregor.mutators.NonVoidMethodCallMutator,getSetterType,78,NO_COVERAGE,none
MapWrapper.java,org.apache.ibatis.reflection.wrapper.MapWrapper,org.pitest.mutationtest.engine.gregor.mutators.NonVoidMethodCallMutator,getSetterType,78,NO_COVERAGE,none
MapWrapper.java,org.apache.ibatis.reflection.wrapper.MapWrapper,org.pitest.mutationtest.engine.gregor.mutators.NonVoidMethodCallMutator,getSetterType,82,NO_COVERAGE,none
MapWrapper.java,org.apache.ibatis.reflection.wrapper.MapWrapper,org.pitest.mutationtest.engine.gregor.mutators.NonVoidMethodCallMutator,getSetterType,82,NO_COVERAGE,none
MapWrapper.java,org.apache.ibatis.reflection.wrapper.MapWrapper,org.pitest.mutationtest.engine.gregor.mutators.NonVoidMethodCallMutator,getSetterType,85,NO_COVERAGE,none
MapWrapper.java,org.apache.ibatis.reflection.wrapper.MapWrapper,org.pitest.mutationtest.engine.gregor.mutators.NonVoidMethodCallMutator,getSetterType,86,NO_COVERAGE,none
MapWrapper.java,org.apache.ibatis.reflection.wrapper.MapWrapper,org.pitest.mutationtest.engine.gregor.mutators.NonVoidMethodCallMutator,getSetterType,86,NO_COVERAGE,none
MapWrapper.java,org.apache.ibatis.reflection.wrapper.MapWrapper,org.pitest.mutationtest.engine.gregor.mutators.RemoveConditionalMutator_EQUAL_ELSE,getSetterType,77,NO_COVERAGE,none
MapWrapper.java,org.apache.ibatis.reflection.wrapper.MapWrapper,org.pitest.mutationtest.engine.gregor.mutators.RemoveConditionalMutator_EQUAL_ELSE,getSetterType,79,NO_COVERAGE,none
MapWrapper.java,org.apache.ibatis.reflection.wrapper.MapWrapper,org.pitest.mutationtest.engine.gregor.mutators.RemoveConditionalMutator_EQUAL_ELSE,getSetterType,85,NO_COVERAGE,none
MapWrapper.java,org.apache.ibatis.reflection.wrapper.MapWrapper,org.pitest.mutationtest.engine.gregor.mutators.RemoveConditionalMutator_EQUAL_IF,getSetterType,77,NO_COVERAGE,none
MapWrapper.java,org.apache.ibatis.reflection.wrapper.MapWrapper,org.pitest.mutationtest.engine.gregor.mutators.RemoveConditionalMutator_EQUAL_IF,getSetterType,79,NO_COVERAGE,none
MapWrapper.java,org.apache.ibatis.reflection.wrapper.MapWrapper,org.pitest.mutationtest.engine.gregor.mutators.RemoveConditionalMutator_EQUAL_IF,getSetterType,85,NO_COVERAGE,none
MapWrapper.java,org.apache.ibatis.reflection.wrapper.MapWrapper,org.pitest.mutationtest.engine.gregor.mutators.ReturnValsMutator,getSetterType,80,NO_COVERAGE,none
MapWrapper.java,org.apache.ibatis.reflection.wrapper.MapWrapper,org.pitest.mutationtest.engine.gregor.mutators.ReturnValsMutator,getSetterType,82,NO_COVERAGE,none
MapWrapper.java,org.apache.ibatis.reflection.wrapper.MapWrapper,org.pitest.mutationtest.engine.gregor.mutators.ReturnValsMutator,getSetterType,86,NO_COVERAGE,none
MapWrapper.java,org.apache.ibatis.reflection.wrapper.MapWrapper,org.pitest.mutationtest.engine.gregor.mutators.ReturnValsMutator,getSetterType,88,NO_COVERAGE,none
MapWrapper.java,org.apache.ibatis.reflection.wrapper.MapWrapper,org.pitest.mutationtest.engine.gregor.mutators.InlineConstantMutator,hasGetter,124,NO_COVERAGE,none
MapWrapper.java,org.apache.ibatis.reflection.wrapper.MapWrapper,org.pitest.mutationtest.engine.gregor.mutators.ReturnValsMutator,hasGetter,124,NO_COVERAGE,none
MapWrapper.java,org.apache.ibatis.reflection.wrapper.MapWrapper,org.pitest.mutationtest.engine.gregor.mutators.InlineConstantMutator,hasSetter,114,NO_COVERAGE,none
MapWrapper.java,org.apache.ibatis.reflection.wrapper.MapWrapper,org.pitest.mutationtest.engine.gregor.mutators.ReturnValsMutator,hasSetter,114,NO_COVERAGE,none
MapWrapper.java,org.apache.ibatis.reflection.wrapper.MapWrapper,org.pitest.mutationtest.engine.gregor.mutators.ConstructorCallMutator,instantiatePropertyValue,138,NO_COVERAGE,none
MapWrapper.java,org.apache.ibatis.reflection.wrapper.MapWrapper,org.pitest.mutationtest.engine.gregor.mutators.NonVoidMethodCallMutator,instantiatePropertyValue,140,NO_COVERAGE,none
MapWrapper.java,org.apache.ibatis.reflection.wrapper.MapWrapper,org.pitest.mutationtest.engine.gregor.mutators.NonVoidMethodCallMutator,instantiatePropertyValue,140,NO_COVERAGE,none
MapWrapper.java,org.apache.ibatis.reflection.wrapper.MapWrapper,org.pitest.mutationtest.engine.gregor.mutators.NonVoidMethodCallMutator,instantiatePropertyValue,140,NO_COVERAGE,none
MapWrapper.java,org.apache.ibatis.reflection.wrapper.MapWrapper,org.pitest.mutationtest.engine.gregor.mutators.NonVoidMethodCallMutator,instantiatePropertyValue,140,NO_COVERAGE,none
MapWrapper.java,org.apache.ibatis.reflection.wrapper.MapWrapper,org.pitest.mutationtest.engine.gregor.mutators.ReturnValsMutator,instantiatePropertyValue,140,NO_COVERAGE,none
MapWrapper.java,org.apache.ibatis.reflection.wrapper.MapWrapper,org.pitest.mutationtest.engine.gregor.mutators.VoidMethodCallMutator,instantiatePropertyValue,139,NO_COVERAGE,none
MapWrapper.java,org.apache.ibatis.reflection.wrapper.MapWrapper,org.pitest.mutationtest.engine.gregor.mutators.InlineConstantMutator,isCollection,145,NO_COVERAGE,none
MapWrapper.java,org.apache.ibatis.reflection.wrapper.MapWrapper,org.pitest.mutationtest.engine.gregor.mutators.ReturnValsMutator,isCollection,145,NO_COVERAGE,none
MapWrapper.java,org.apache.ibatis.reflection.wrapper.MapWrapper,org.pitest.mutationtest.engine.gregor.mutators.ArgumentPropagationMutator,set,52,NO_COVERAGE,none
MapWrapper.java,org.apache.ibatis.reflection.wrapper.MapWrapper,org.pitest.mutationtest.engine.gregor.mutators.NegateConditionalsMutator,set,51,NO_COVERAGE,none
MapWrapper.java,org.apache.ibatis.reflection.wrapper.MapWrapper,org.pitest.mutationtest.engine.gregor.mutators.NonVoidMethodCallMutator,set,52,NO_COVERAGE,none
MapWrapper.java,org.apache.ibatis.reflection.wrapper.MapWrapper,org.pitest.mutationtest.engine.gregor.mutators.RemoveConditionalMutator_EQUAL_IF,set,51,NO_COVERAGE,none
MapWrapper.java,org.apache.ibatis.reflection.wrapper.MapWrapper,org.pitest.mutationtest.engine.gregor.mutators.VoidMethodCallMutator,set,53,NO_COVERAGE,none
ErrorContext.java,org.apache.ibatis.executor.ErrorContext,org.pitest.mutationtest.engine.gregor.mutators.ReturnValsMutator,cause,87,NO_COVERAGE,none
ErrorContext.java,org.apache.ibatis.executor.ErrorContext,org.pitest.mutationtest.engine.gregor.mutators.experimental.MemberVariableMutator,cause,86,NO_COVERAGE,none
ErrorContext.java,org.apache.ibatis.executor.ErrorContext,org.pitest.mutationtest.engine.gregor.mutators.ReturnValsMutator,message,77,NO_COVERAGE,none
ErrorContext.java,org.apache.ibatis.executor.ErrorContext,org.pitest.mutationtest.engine.gregor.mutators.experimental.MemberVariableMutator,message,76,NO_COVERAGE,none
ErrorContext.java,org.apache.ibatis.executor.ErrorContext,org.pitest.mutationtest.engine.gregor.mutators.ReturnValsMutator,object,72,KILLED,org.apache.ibatis.submitted.extend.ExtendTest.org.apache.ibatis.submitted.extend.ExtendTest
ErrorContext.java,org.apache.ibatis.executor.ErrorContext,org.pitest.mutationtest.engine.gregor.mutators.NegateConditionalsMutator,recall,53,NO_COVERAGE,none
ErrorContext.java,org.apache.ibatis.executor.ErrorContext,org.pitest.mutationtest.engine.gregor.mutators.NonVoidMethodCallMutator,recall,57,NO_COVERAGE,none
ErrorContext.java,org.apache.ibatis.executor.ErrorContext,org.pitest.mutationtest.engine.gregor.mutators.RemoveConditionalMutator_EQUAL_ELSE,recall,53,NO_COVERAGE,none
ErrorContext.java,org.apache.ibatis.executor.ErrorContext,org.pitest.mutationtest.engine.gregor.mutators.RemoveConditionalMutator_EQUAL_IF,recall,53,NO_COVERAGE,none
ErrorContext.java,org.apache.ibatis.executor.ErrorContext,org.pitest.mutationtest.engine.gregor.mutators.VoidMethodCallMutator,recall,54,NO_COVERAGE,none
ErrorContext.java,org.apache.ibatis.executor.ErrorContext,org.pitest.mutationtest.engine.gregor.mutators.experimental.MemberVariableMutator,recall,55,NO_COVERAGE,none
ErrorContext.java,org.apache.ibatis.executor.ErrorContext,org.pitest.mutationtest.engine.gregor.mutators.experimental.MemberVariableMutator,sql,81,SURVIVED,none
ErrorContext.java,org.apache.ibatis.executor.ErrorContext,org.pitest.mutationtest.engine.gregor.mutators.NonVoidMethodCallMutator,store,49,NO_COVERAGE,none
ErrorContext.java,org.apache.ibatis.executor.ErrorContext,org.pitest.mutationtest.engine.gregor.mutators.VoidMethodCallMutator,store,48,NO_COVERAGE,none
ErrorContext.java,org.apache.ibatis.executor.ErrorContext,org.pitest.mutationtest.engine.gregor.mutators.experimental.MemberVariableMutator,store,47,NO_COVERAGE,none
ErrorContext.java,org.apache.ibatis.executor.ErrorContext,org.pitest.mutationtest.engine.gregor.mutators.ConstructorCallMutator,toString,103,NO_COVERAGE,none
ErrorContext.java,org.apache.ibatis.executor.ErrorContext,org.pitest.mutationtest.engine.gregor.mutators.InlineConstantMutator,toString,137,NO_COVERAGE,none
ErrorContext.java,org.apache.ibatis.executor.ErrorContext,org.pitest.mutationtest.engine.gregor.mutators.InlineConstantMutator,toString,137,NO_COVERAGE,none
ErrorContext.java,org.apache.ibatis.executor.ErrorContext,org.pitest.mutationtest.engine.gregor.mutators.InlineConstantMutator,toString,137,NO_COVERAGE,none
ErrorContext.java,org.apache.ibatis.executor.ErrorContext,org.pitest.mutationtest.engine.gregor.mutators.InlineConstantMutator,toString,137,NO_COVERAGE,none
ErrorContext.java,org.apache.ibatis.executor.ErrorContext,org.pitest.mutationtest.engine.gregor.mutators.InlineConstantMutator,toString,137,NO_COVERAGE,none
ErrorContext.java,org.apache.ibatis.executor.ErrorContext,org.pitest.mutationtest.engine.gregor.mutators.InlineConstantMutator,toString,137,NO_COVERAGE,none
ErrorContext.java,org.apache.ibatis.executor.ErrorContext,org.pitest.mutationtest.engine.gregor.mutators.NegateConditionalsMutator,toString,106,NO_COVERAGE,none
ErrorContext.java,org.apache.ibatis.executor.ErrorContext,org.pitest.mutationtest.engine.gregor.mutators.NegateConditionalsMutator,toString,113,NO_COVERAGE,none
ErrorContext.java,org.apache.ibatis.executor.ErrorContext,org.pitest.mutationtest.engine.gregor.mutators.NegateConditionalsMutator,toString,120,NO_COVERAGE,none
ErrorContext.java,org.apache.ibatis.executor.ErrorContext,org.pitest.mutationtest.engine.gregor.mutators.NegateConditionalsMutator,toString,127,NO_COVERAGE,none
ErrorContext.java,org.apache.ibatis.executor.ErrorContext,org.pitest.mutationtest.engine.gregor.mutators.NegateConditionalsMutator,toString,134,NO_COVERAGE,none
ErrorContext.java,org.apache.ibatis.executor.ErrorContext,org.pitest.mutationtest.engine.gregor.mutators.NegateConditionalsMutator,toString,141,NO_COVERAGE,none
ErrorContext.java,org.apache.ibatis.executor.ErrorContext,org.pitest.mutationtest.engine.gregor.mutators.NonVoidMethodCallMutator,toString,107,NO_COVERAGE,none
ErrorContext.java,org.apache.ibatis.executor.ErrorContext,org.pitest.mutationtest.engine.gregor.mutators.NonVoidMethodCallMutator,toString,108,NO_COVERAGE,none
ErrorContext.java,org.apache.ibatis.executor.ErrorContext,org.pitest.mutationtest.engine.gregor.mutators.NonVoidMethodCallMutator,toString,109,NO_COVERAGE,none
ErrorContext.java,org.apache.ibatis.executor.ErrorContext,org.pitest.mutationtest.engine.gregor.mutators.NonVoidMethodCallMutator,toString,114,NO_COVERAGE,none
ErrorContext.java,org.apache.ibatis.executor.ErrorContext,org.pitest.mutationtest.engine.gregor.mutators.NonVoidMethodCallMutator,toString,115,NO_COVERAGE,none
ErrorContext.java,org.apache.ibatis.executor.ErrorContext,org.pitest.mutationtest.engine.gregor.mutators.NonVoidMethodCallMutator,toString,116,NO_COVERAGE,none
ErrorContext.java,org.apache.ibatis.executor.ErrorContext,org.pitest.mutationtest.engine.gregor.mutators.NonVoidMethodCallMutator,toString,121,NO_COVERAGE,none
ErrorContext.java,org.apache.ibatis.executor.ErrorContext,org.pitest.mutationtest.engine.gregor.mutators.NonVoidMethodCallMutator,toString,122,NO_COVERAGE,none
ErrorContext.java,org.apache.ibatis.executor.ErrorContext,org.pitest.mutationtest.engine.gregor.mutators.NonVoidMethodCallMutator,toString,123,NO_COVERAGE,none
ErrorContext.java,org.apache.ibatis.executor.ErrorContext,org.pitest.mutationtest.engine.gregor.mutators.NonVoidMethodCallMutator,toString,128,NO_COVERAGE,none
ErrorContext.java,org.apache.ibatis.executor.ErrorContext,org.pitest.mutationtest.engine.gregor.mutators.NonVoidMethodCallMutator,toString,129,NO_COVERAGE,none
ErrorContext.java,org.apache.ibatis.executor.ErrorContext,org.pitest.mutationtest.engine.gregor.mutators.NonVoidMethodCallMutator,toString,130,NO_COVERAGE,none
ErrorContext.java,org.apache.ibatis.executor.ErrorContext,org.pitest.mutationtest.engine.gregor.mutators.NonVoidMethodCallMutator,toString,135,NO_COVERAGE,none
ErrorContext.java,org.apache.ibatis.executor.ErrorContext,org.pitest.mutationtest.engine.gregor.mutators.NonVoidMethodCallMutator,toString,136,NO_COVERAGE,none
ErrorContext.java,org.apache.ibatis.executor.ErrorContext,org.pitest.mutationtest.engine.gregor.mutators.NonVoidMethodCallMutator,toString,137,NO_COVERAGE,none
ErrorContext.java,org.apache.ibatis.executor.ErrorContext,org.pitest.mutationtest.engine.gregor.mutators.NonVoidMethodCallMutator,toString,137,NO_COVERAGE,none
ErrorContext.java,org.apache.ibatis.executor.ErrorContext,org.pitest.mutationtest.engine.gregor.mutators.NonVoidMethodCallMutator,toString,137,NO_COVERAGE,none
ErrorContext.java,org.apache.ibatis.executor.ErrorContext,org.pitest.mutationtest.engine.gregor.mutators.NonVoidMethodCallMutator,toString,137,NO_COVERAGE,none
ErrorContext.java,org.apache.ibatis.executor.ErrorContext,org.pitest.mutationtest.engine.gregor.mutators.NonVoidMethodCallMutator,toString,137,NO_COVERAGE,none
ErrorContext.java,org.apache.ibatis.executor.ErrorContext,org.pitest.mutationtest.engine.gregor.mutators.NonVoidMethodCallMutator,toString,142,NO_COVERAGE,none
ErrorContext.java,org.apache.ibatis.executor.ErrorContext,org.pitest.mutationtest.engine.gregor.mutators.NonVoidMethodCallMutator,toString,143,NO_COVERAGE,none
ErrorContext.java,org.apache.ibatis.executor.ErrorContext,org.pitest.mutationtest.engine.gregor.mutators.NonVoidMethodCallMutator,toString,144,NO_COVERAGE,none
ErrorContext.java,org.apache.ibatis.executor.ErrorContext,org.pitest.mutationtest.engine.gregor.mutators.NonVoidMethodCallMutator,toString,144,NO_COVERAGE,none
ErrorContext.java,org.apache.ibatis.executor.ErrorContext,org.pitest.mutationtest.engine.gregor.mutators.NonVoidMethodCallMutator,toString,147,NO_COVERAGE,none
ErrorContext.java,org.apache.ibatis.executor.ErrorContext,org.pitest.mutationtest.engine.gregor.mutators.RemoveConditionalMutator_EQUAL_ELSE,toString,106,NO_COVERAGE,none
ErrorContext.java,org.apache.ibatis.executor.ErrorContext,org.pitest.mutationtest.engine.gregor.mutators.RemoveConditionalMutator_EQUAL_ELSE,toString,113,NO_COVERAGE,none
ErrorContext.java,org.apache.ibatis.executor.ErrorContext,org.pitest.mutationtest.engine.gregor.mutators.RemoveConditionalMutator_EQUAL_ELSE,toString,120,NO_COVERAGE,none
ErrorContext.java,org.apache.ibatis.executor.ErrorContext,org.pitest.mutationtest.engine.gregor.mutators.RemoveConditionalMutator_EQUAL_ELSE,toString,127,NO_COVERAGE,none
ErrorContext.java,org.apache.ibatis.executor.ErrorContext,org.pitest.mutationtest.engine.gregor.mutators.RemoveConditionalMutator_EQUAL_ELSE,toString,134,NO_COVERAGE,none
ErrorContext.java,org.apache.ibatis.executor.ErrorContext,org.pitest.mutationtest.engine.gregor.mutators.RemoveConditionalMutator_EQUAL_ELSE,toString,141,NO_COVERAGE,none
ErrorContext.java,org.apache.ibatis.executor.ErrorContext,org.pitest.mutationtest.engine.gregor.mutators.RemoveConditionalMutator_EQUAL_IF,toString,106,NO_COVERAGE,none
ErrorContext.java,org.apache.ibatis.executor.ErrorContext,org.pitest.mutationtest.engine.gregor.mutators.RemoveConditionalMutator_EQUAL_IF,toString,113,NO_COVERAGE,none
ErrorContext.java,org.apache.ibatis.executor.ErrorContext,org.pitest.mutationtest.engine.gregor.mutators.RemoveConditionalMutator_EQUAL_IF,toString,120,NO_COVERAGE,none
ErrorContext.java,org.apache.ibatis.executor.ErrorContext,org.pitest.mutationtest.engine.gregor.mutators.RemoveConditionalMutator_EQUAL_IF,toString,127,NO_COVERAGE,none
ErrorContext.java,org.apache.ibatis.executor.ErrorContext,org.pitest.mutationtest.engine.gregor.mutators.RemoveConditionalMutator_EQUAL_IF,toString,134,NO_COVERAGE,none
ErrorContext.java,org.apache.ibatis.executor.ErrorContext,org.pitest.mutationtest.engine.gregor.mutators.RemoveConditionalMutator_EQUAL_IF,toString,141,NO_COVERAGE,none
ErrorContext.java,org.apache.ibatis.executor.ErrorContext,org.pitest.mutationtest.engine.gregor.mutators.ReturnValsMutator,toString,147,NO_COVERAGE,none
DefaultSqlSessionFactory.java,org.apache.ibatis.session.defaults.DefaultSqlSessionFactory,org.pitest.mutationtest.engine.gregor.mutators.NegateConditionalsMutator,closeTransaction,136,NO_COVERAGE,none
DefaultSqlSessionFactory.java,org.apache.ibatis.session.defaults.DefaultSqlSessionFactory,org.pitest.mutationtest.engine.gregor.mutators.RemoveConditionalMutator_EQUAL_ELSE,closeTransaction,136,NO_COVERAGE,none
DefaultSqlSessionFactory.java,org.apache.ibatis.session.defaults.DefaultSqlSessionFactory,org.pitest.mutationtest.engine.gregor.mutators.RemoveConditionalMutator_EQUAL_IF,closeTransaction,136,NO_COVERAGE,none
DefaultSqlSessionFactory.java,org.apache.ibatis.session.defaults.DefaultSqlSessionFactory,org.pitest.mutationtest.engine.gregor.mutators.VoidMethodCallMutator,closeTransaction,138,NO_COVERAGE,none
DefaultSqlSessionFactory.java,org.apache.ibatis.session.defaults.DefaultSqlSessionFactory,org.pitest.mutationtest.engine.gregor.mutators.ConstructorCallMutator,getTransactionFactoryFromEnvironment,130,NO_COVERAGE,none
DefaultSqlSessionFactory.java,org.apache.ibatis.session.defaults.DefaultSqlSessionFactory,org.pitest.mutationtest.engine.gregor.mutators.NegateConditionalsMutator,getTransactionFactoryFromEnvironment,129,KILLED,org.apache.ibatis.submitted.extend.ExtendTest.org.apache.ibatis.submitted.extend.ExtendTest
DefaultSqlSessionFactory.java,org.apache.ibatis.session.defaults.DefaultSqlSessionFactory,org.pitest.mutationtest.engine.gregor.mutators.RemoveConditionalMutator_EQUAL_ELSE,getTransactionFactoryFromEnvironment,129,KILLED,org.apache.ibatis.submitted.extend.ExtendTest.org.apache.ibatis.submitted.extend.ExtendTest
DefaultSqlSessionFactory.java,org.apache.ibatis.session.defaults.DefaultSqlSessionFactory,org.pitest.mutationtest.engine.gregor.mutators.RemoveConditionalMutator_EQUAL_IF,getTransactionFactoryFromEnvironment,129,KILLED,org.apache.ibatis.submitted.extend.ExtendTest.org.apache.ibatis.submitted.extend.ExtendTest
DefaultSqlSessionFactory.java,org.apache.ibatis.session.defaults.DefaultSqlSessionFactory,org.pitest.mutationtest.engine.gregor.mutators.RemoveConditionalMutator_EQUAL_IF,getTransactionFactoryFromEnvironment,129,KILLED,org.apache.ibatis.submitted.extend.ExtendTest.org.apache.ibatis.submitted.extend.ExtendTest
DefaultSqlSessionFactory.java,org.apache.ibatis.session.defaults.DefaultSqlSessionFactory,org.pitest.mutationtest.engine.gregor.mutators.ReturnValsMutator,getTransactionFactoryFromEnvironment,130,NO_COVERAGE,none
DefaultSqlSessionFactory.java,org.apache.ibatis.session.defaults.DefaultSqlSessionFactory,org.pitest.mutationtest.engine.gregor.mutators.NonVoidMethodCallMutator,openSession,47,KILLED,org.apache.ibatis.submitted.extend.ExtendTest.org.apache.ibatis.submitted.extend.ExtendTest
DefaultSqlSessionFactory.java,org.apache.ibatis.session.defaults.DefaultSqlSessionFactory,org.pitest.mutationtest.engine.gregor.mutators.ReturnValsMutator,openSession,47,KILLED,org.apache.ibatis.submitted.extend.ExtendTest.org.apache.ibatis.submitted.extend.ExtendTest
DefaultSqlSessionFactory.java,org.apache.ibatis.session.defaults.DefaultSqlSessionFactory,org.pitest.mutationtest.engine.gregor.mutators.NonVoidMethodCallMutator,openSession,77,NO_COVERAGE,none
DefaultSqlSessionFactory.java,org.apache.ibatis.session.defaults.DefaultSqlSessionFactory,org.pitest.mutationtest.engine.gregor.mutators.NonVoidMethodCallMutator,openSession,77,NO_COVERAGE,none
DefaultSqlSessionFactory.java,org.apache.ibatis.session.defaults.DefaultSqlSessionFactory,org.pitest.mutationtest.engine.gregor.mutators.ReturnValsMutator,openSession,77,NO_COVERAGE,none
DefaultSqlSessionFactory.java,org.apache.ibatis.session.defaults.DefaultSqlSessionFactory,org.pitest.mutationtest.engine.gregor.mutators.InlineConstantMutator,openSession,57,NO_COVERAGE,none
DefaultSqlSessionFactory.java,org.apache.ibatis.session.defaults.DefaultSqlSessionFactory,org.pitest.mutationtest.engine.gregor.mutators.NonVoidMethodCallMutator,openSession,57,NO_COVERAGE,none
DefaultSqlSessionFactory.java,org.apache.ibatis.session.defaults.DefaultSqlSessionFactory,org.pitest.mutationtest.engine.gregor.mutators.ReturnValsMutator,openSession,57,NO_COVERAGE,none
DefaultSqlSessionFactory.java,org.apache.ibatis.session.defaults.DefaultSqlSessionFactory,org.pitest.mutationtest.engine.gregor.mutators.NonVoidMethodCallMutator,openSession,82,NO_COVERAGE,none
DefaultSqlSessionFactory.java,org.apache.ibatis.session.defaults.DefaultSqlSessionFactory,org.pitest.mutationtest.engine.gregor.mutators.ReturnValsMutator,openSession,82,NO_COVERAGE,none
DefaultSqlSessionFactory.java,org.apache.ibatis.session.defaults.DefaultSqlSessionFactory,org.pitest.mutationtest.engine.gregor.mutators.InlineConstantMutator,openSession,67,NO_COVERAGE,none
DefaultSqlSessionFactory.java,org.apache.ibatis.session.defaults.DefaultSqlSessionFactory,org.pitest.mutationtest.engine.gregor.mutators.NonVoidMethodCallMutator,openSession,67,NO_COVERAGE,none
DefaultSqlSessionFactory.java,org.apache.ibatis.session.defaults.DefaultSqlSessionFactory,org.pitest.mutationtest.engine.gregor.mutators.ReturnValsMutator,openSession,67,NO_COVERAGE,none
DefaultSqlSessionFactory.java,org.apache.ibatis.session.defaults.DefaultSqlSessionFactory,org.pitest.mutationtest.engine.gregor.mutators.NonVoidMethodCallMutator,openSession,72,NO_COVERAGE,none
DefaultSqlSessionFactory.java,org.apache.ibatis.session.defaults.DefaultSqlSessionFactory,org.pitest.mutationtest.engine.gregor.mutators.ReturnValsMutator,openSession,72,NO_COVERAGE,none
DefaultSqlSessionFactory.java,org.apache.ibatis.session.defaults.DefaultSqlSessionFactory,org.pitest.mutationtest.engine.gregor.mutators.InlineConstantMutator,openSession,62,NO_COVERAGE,none
DefaultSqlSessionFactory.java,org.apache.ibatis.session.defaults.DefaultSqlSessionFactory,org.pitest.mutationtest.engine.gregor.mutators.NonVoidMethodCallMutator,openSession,62,NO_COVERAGE,none
DefaultSqlSessionFactory.java,org.apache.ibatis.session.defaults.DefaultSqlSessionFactory,org.pitest.mutationtest.engine.gregor.mutators.NonVoidMethodCallMutator,openSession,62,NO_COVERAGE,none
DefaultSqlSessionFactory.java,org.apache.ibatis.session.defaults.DefaultSqlSessionFactory,org.pitest.mutationtest.engine.gregor.mutators.ReturnValsMutator,openSession,62,NO_COVERAGE,none
DefaultSqlSessionFactory.java,org.apache.ibatis.session.defaults.DefaultSqlSessionFactory,org.pitest.mutationtest.engine.gregor.mutators.NonVoidMethodCallMutator,openSession,52,NO_COVERAGE,none
DefaultSqlSessionFactory.java,org.apache.ibatis.session.defaults.DefaultSqlSessionFactory,org.pitest.mutationtest.engine.gregor.mutators.NonVoidMethodCallMutator,openSession,52,NO_COVERAGE,none
DefaultSqlSessionFactory.java,org.apache.ibatis.session.defaults.DefaultSqlSessionFactory,org.pitest.mutationtest.engine.gregor.mutators.ReturnValsMutator,openSession,52,NO_COVERAGE,none
DefaultSqlSessionFactory.java,org.apache.ibatis.session.defaults.DefaultSqlSessionFactory,org.pitest.mutationtest.engine.gregor.mutators.ConstructorCallMutator,openSessionFromConnection,120,NO_COVERAGE,none
DefaultSqlSessionFactory.java,org.apache.ibatis.session.defaults.DefaultSqlSessionFactory,org.pitest.mutationtest.engine.gregor.mutators.ConstructorCallMutator,openSessionFromConnection,122,NO_COVERAGE,none
DefaultSqlSessionFactory.java,org.apache.ibatis.session.defaults.DefaultSqlSessionFactory,org.pitest.mutationtest.engine.gregor.mutators.InlineConstantMutator,openSessionFromConnection,114,NO_COVERAGE,none
DefaultSqlSessionFactory.java,org.apache.ibatis.session.defaults.DefaultSqlSessionFactory,org.pitest.mutationtest.engine.gregor.mutators.NonVoidMethodCallMutator,openSessionFromConnection,110,NO_COVERAGE,none
DefaultSqlSessionFactory.java,org.apache.ibatis.session.defaults.DefaultSqlSessionFactory,org.pitest.mutationtest.engine.gregor.mutators.NonVoidMethodCallMutator,openSessionFromConnection,116,NO_COVERAGE,none
DefaultSqlSessionFactory.java,org.apache.ibatis.session.defaults.DefaultSqlSessionFactory,org.pitest.mutationtest.engine.gregor.mutators.NonVoidMethodCallMutator,openSessionFromConnection,117,NO_COVERAGE,none
DefaultSqlSessionFactory.java,org.apache.ibatis.session.defaults.DefaultSqlSessionFactory,org.pitest.mutationtest.engine.gregor.mutators.NonVoidMethodCallMutator,openSessionFromConnection,118,NO_COVERAGE,none
DefaultSqlSessionFactory.java,org.apache.ibatis.session.defaults.DefaultSqlSessionFactory,org.pitest.mutationtest.engine.gregor.mutators.NonVoidMethodCallMutator,openSessionFromConnection,119,NO_COVERAGE,none
DefaultSqlSessionFactory.java,org.apache.ibatis.session.defaults.DefaultSqlSessionFactory,org.pitest.mutationtest.engine.gregor.mutators.NonVoidMethodCallMutator,openSessionFromConnection,124,NO_COVERAGE,none
DefaultSqlSessionFactory.java,org.apache.ibatis.session.defaults.DefaultSqlSessionFactory,org.pitest.mutationtest.engine.gregor.mutators.NonVoidMethodCallMutator,openSessionFromConnection,124,NO_COVERAGE,none
DefaultSqlSessionFactory.java,org.apache.ibatis.session.defaults.DefaultSqlSessionFactory,org.pitest.mutationtest.engine.gregor.mutators.NonVoidMethodCallMutator,openSessionFromConnection,122,NO_COVERAGE,none
DefaultSqlSessionFactory.java,org.apache.ibatis.session.defaults.DefaultSqlSessionFactory,org.pitest.mutationtest.engine.gregor.mutators.NonVoidMethodCallMutator,openSessionFromConnection,122,NO_COVERAGE,none
DefaultSqlSessionFactory.java,org.apache.ibatis.session.defaults.DefaultSqlSessionFactory,org.pitest.mutationtest.engine.gregor.mutators.NonVoidMethodCallMutator,openSessionFromConnection,122,NO_COVERAGE,none
DefaultSqlSessionFactory.java,org.apache.ibatis.session.defaults.DefaultSqlSessionFactory,org.pitest.mutationtest.engine.gregor.mutators.NonVoidMethodCallMutator,openSessionFromConnection,122,NO_COVERAGE,none
DefaultSqlSessionFactory.java,org.apache.ibatis.session.defaults.DefaultSqlSessionFactory,org.pitest.mutationtest.engine.gregor.mutators.NonVoidMethodCallMutator,openSessionFromConnection,124,NO_COVERAGE,none
DefaultSqlSessionFactory.java,org.apache.ibatis.session.defaults.DefaultSqlSessionFactory,org.pitest.mutationtest.engine.gregor.mutators.NonVoidMethodCallMutator,openSessionFromConnection,124,NO_COVERAGE,none
DefaultSqlSessionFactory.java,org.apache.ibatis.session.defaults.DefaultSqlSessionFactory,org.pitest.mutationtest.engine.gregor.mutators.ReturnValsMutator,openSessionFromConnection,120,NO_COVERAGE,none
DefaultSqlSessionFactory.java,org.apache.ibatis.session.defaults.DefaultSqlSessionFactory,org.pitest.mutationtest.engine.gregor.mutators.ConstructorCallMutator,openSessionFromDataSource,100,NO_COVERAGE,none
DefaultSqlSessionFactory.java,org.apache.ibatis.session.defaults.DefaultSqlSessionFactory,org.pitest.mutationtest.engine.gregor.mutators.NonVoidMethodCallMutator,openSessionFromDataSource,93,KILLED,org.apache.ibatis.submitted.extend.ExtendTest.org.apache.ibatis.submitted.extend.ExtendTest
DefaultSqlSessionFactory.java,org.apache.ibatis.session.defaults.DefaultSqlSessionFactory,org.pitest.mutationtest.engine.gregor.mutators.NonVoidMethodCallMutator,openSessionFromDataSource,94,KILLED,org.apache.ibatis.submitted.extend.ExtendTest.org.apache.ibatis.submitted.extend.ExtendTest
DefaultSqlSessionFactory.java,org.apache.ibatis.session.defaults.DefaultSqlSessionFactory,org.pitest.mutationtest.engine.gregor.mutators.NonVoidMethodCallMutator,openSessionFromDataSource,102,KILLED,org.apache.ibatis.submitted.extend.ExtendTest.org.apache.ibatis.submitted.extend.ExtendTest
DefaultSqlSessionFactory.java,org.apache.ibatis.session.defaults.DefaultSqlSessionFactory,org.pitest.mutationtest.engine.gregor.mutators.NonVoidMethodCallMutator,openSessionFromDataSource,100,NO_COVERAGE,none
DefaultSqlSessionFactory.java,org.apache.ibatis.session.defaults.DefaultSqlSessionFactory,org.pitest.mutationtest.engine.gregor.mutators.NonVoidMethodCallMutator,openSessionFromDataSource,100,NO_COVERAGE,none
DefaultSqlSessionFactory.java,org.apache.ibatis.session.defaults.DefaultSqlSessionFactory,org.pitest.mutationtest.engine.gregor.mutators.NonVoidMethodCallMutator,openSessionFromDataSource,100,NO_COVERAGE,none
DefaultSqlSessionFactory.java,org.apache.ibatis.session.defaults.DefaultSqlSessionFactory,org.pitest.mutationtest.engine.gregor.mutators.NonVoidMethodCallMutator,openSessionFromDataSource,100,NO_COVERAGE,none
DefaultSqlSessionFactory.java,org.apache.ibatis.session.defaults.DefaultSqlSessionFactory,org.pitest.mutationtest.engine.gregor.mutators.NonVoidMethodCallMutator,openSessionFromDataSource,102,KILLED,org.apache.ibatis.submitted.extend.ExtendTest.org.apache.ibatis.submitted.extend.ExtendTest
DefaultSqlSessionFactory.java,org.apache.ibatis.session.defaults.DefaultSqlSessionFactory,org.pitest.mutationtest.engine.gregor.mutators.NonVoidMethodCallMutator,openSessionFromDataSource,102,KILLED,org.apache.ibatis.submitted.extend.ExtendTest.org.apache.ibatis.submitted.extend.ExtendTest
DefaultSqlSessionFactory.java,org.apache.ibatis.session.defaults.DefaultSqlSessionFactory,org.pitest.mutationtest.engine.gregor.mutators.ReturnValsMutator,openSessionFromDataSource,97,KILLED,org.apache.ibatis.submitted.extend.ExtendTest.org.apache.ibatis.submitted.extend.ExtendTest
DefaultSqlSessionFactory.java,org.apache.ibatis.session.defaults.DefaultSqlSessionFactory,org.pitest.mutationtest.engine.gregor.mutators.VoidMethodCallMutator,openSessionFromDataSource,99,NO_COVERAGE,none
BaseTypeHandler.java,org.apache.ibatis.type.BaseTypeHandler,org.pitest.mutationtest.engine.gregor.mutators.ConstructorCallMutator,getResult,98,NO_COVERAGE,none
BaseTypeHandler.java,org.apache.ibatis.type.BaseTypeHandler,org.pitest.mutationtest.engine.gregor.mutators.ConstructorCallMutator,getResult,98,NO_COVERAGE,none
BaseTypeHandler.java,org.apache.ibatis.type.BaseTypeHandler,org.pitest.mutationtest.engine.gregor.mutators.NegateConditionalsMutator,getResult,100,NO_COVERAGE,none
BaseTypeHandler.java,org.apache.ibatis.type.BaseTypeHandler,org.pitest.mutationtest.engine.gregor.mutators.NonVoidMethodCallMutator,getResult,96,NO_COVERAGE,none
BaseTypeHandler.java,org.apache.ibatis.type.BaseTypeHandler,org.pitest.mutationtest.engine.gregor.mutators.NonVoidMethodCallMutator,getResult,98,NO_COVERAGE,none
BaseTypeHandler.java,org.apache.ibatis.type.BaseTypeHandler,org.pitest.mutationtest.engine.gregor.mutators.NonVoidMethodCallMutator,getResult,98,NO_COVERAGE,none
BaseTypeHandler.java,org.apache.ibatis.type.BaseTypeHandler,org.pitest.mutationtest.engine.gregor.mutators.NonVoidMethodCallMutator,getResult,98,NO_COVERAGE,none
BaseTypeHandler.java,org.apache.ibatis.type.BaseTypeHandler,org.pitest.mutationtest.engine.gregor.mutators.NonVoidMethodCallMutator,getResult,98,NO_COVERAGE,none
BaseTypeHandler.java,org.apache.ibatis.type.BaseTypeHandler,org.pitest.mutationtest.engine.gregor.mutators.NonVoidMethodCallMutator,getResult,98,NO_COVERAGE,none
BaseTypeHandler.java,org.apache.ibatis.type.BaseTypeHandler,org.pitest.mutationtest.engine.gregor.mutators.NonVoidMethodCallMutator,getResult,100,NO_COVERAGE,none
BaseTypeHandler.java,org.apache.ibatis.type.BaseTypeHandler,org.pitest.mutationtest.engine.gregor.mutators.RemoveConditionalMutator_EQUAL_ELSE,getResult,100,NO_COVERAGE,none
BaseTypeHandler.java,org.apache.ibatis.type.BaseTypeHandler,org.pitest.mutationtest.engine.gregor.mutators.RemoveConditionalMutator_EQUAL_IF,getResult,100,NO_COVERAGE,none
BaseTypeHandler.java,org.apache.ibatis.type.BaseTypeHandler,org.pitest.mutationtest.engine.gregor.mutators.ReturnValsMutator,getResult,101,NO_COVERAGE,none
BaseTypeHandler.java,org.apache.ibatis.type.BaseTypeHandler,org.pitest.mutationtest.engine.gregor.mutators.ReturnValsMutator,getResult,103,NO_COVERAGE,none
BaseTypeHandler.java,org.apache.ibatis.type.BaseTypeHandler,org.pitest.mutationtest.engine.gregor.mutators.ConstructorCallMutator,getResult,83,NO_COVERAGE,none
BaseTypeHandler.java,org.apache.ibatis.type.BaseTypeHandler,org.pitest.mutationtest.engine.gregor.mutators.ConstructorCallMutator,getResult,83,NO_COVERAGE,none
BaseTypeHandler.java,org.apache.ibatis.type.BaseTypeHandler,org.pitest.mutationtest.engine.gregor.mutators.NegateConditionalsMutator,getResult,85,NO_COVERAGE,none
BaseTypeHandler.java,org.apache.ibatis.type.BaseTypeHandler,org.pitest.mutationtest.engine.gregor.mutators.NonVoidMethodCallMutator,getResult,81,NO_COVERAGE,none
BaseTypeHandler.java,org.apache.ibatis.type.BaseTypeHandler,org.pitest.mutationtest.engine.gregor.mutators.NonVoidMethodCallMutator,getResult,83,NO_COVERAGE,none
BaseTypeHandler.java,org.apache.ibatis.type.BaseTypeHandler,org.pitest.mutationtest.engine.gregor.mutators.NonVoidMethodCallMutator,getResult,83,NO_COVERAGE,none
BaseTypeHandler.java,org.apache.ibatis.type.BaseTypeHandler,org.pitest.mutationtest.engine.gregor.mutators.NonVoidMethodCallMutator,getResult,83,NO_COVERAGE,none
BaseTypeHandler.java,org.apache.ibatis.type.BaseTypeHandler,org.pitest.mutationtest.engine.gregor.mutators.NonVoidMethodCallMutator,getResult,83,NO_COVERAGE,none
BaseTypeHandler.java,org.apache.ibatis.type.BaseTypeHandler,org.pitest.mutationtest.engine.gregor.mutators.NonVoidMethodCallMutator,getResult,83,NO_COVERAGE,none
BaseTypeHandler.java,org.apache.ibatis.type.BaseTypeHandler,org.pitest.mutationtest.engine.gregor.mutators.NonVoidMethodCallMutator,getResult,85,NO_COVERAGE,none
BaseTypeHandler.java,org.apache.ibatis.type.BaseTypeHandler,org.pitest.mutationtest.engine.gregor.mutators.RemoveConditionalMutator_EQUAL_ELSE,getResult,85,NO_COVERAGE,none
BaseTypeHandler.java,org.apache.ibatis.type.BaseTypeHandler,org.pitest.mutationtest.engine.gregor.mutators.RemoveConditionalMutator_EQUAL_IF,getResult,85,NO_COVERAGE,none
BaseTypeHandler.java,org.apache.ibatis.type.BaseTypeHandler,org.pitest.mutationtest.engine.gregor.mutators.ReturnValsMutator,getResult,86,NO_COVERAGE,none
BaseTypeHandler.java,org.apache.ibatis.type.BaseTypeHandler,org.pitest.mutationtest.engine.gregor.mutators.ReturnValsMutator,getResult,88,NO_COVERAGE,none
BaseTypeHandler.java,org.apache.ibatis.type.BaseTypeHandler,org.pitest.mutationtest.engine.gregor.mutators.ConstructorCallMutator,getResult,68,NO_COVERAGE,none
BaseTypeHandler.java,org.apache.ibatis.type.BaseTypeHandler,org.pitest.mutationtest.engine.gregor.mutators.ConstructorCallMutator,getResult,68,NO_COVERAGE,none
BaseTypeHandler.java,org.apache.ibatis.type.BaseTypeHandler,org.pitest.mutationtest.engine.gregor.mutators.NonVoidMethodCallMutator,getResult,68,NO_COVERAGE,none
BaseTypeHandler.java,org.apache.ibatis.type.BaseTypeHandler,org.pitest.mutationtest.engine.gregor.mutators.NonVoidMethodCallMutator,getResult,68,NO_COVERAGE,none
BaseTypeHandler.java,org.apache.ibatis.type.BaseTypeHandler,org.pitest.mutationtest.engine.gregor.mutators.NonVoidMethodCallMutator,getResult,68,NO_COVERAGE,none
BaseTypeHandler.java,org.apache.ibatis.type.BaseTypeHandler,org.pitest.mutationtest.engine.gregor.mutators.NonVoidMethodCallMutator,getResult,68,NO_COVERAGE,none
BaseTypeHandler.java,org.apache.ibatis.type.BaseTypeHandler,org.pitest.mutationtest.engine.gregor.mutators.NonVoidMethodCallMutator,getResult,68,NO_COVERAGE,none
BaseTypeHandler.java,org.apache.ibatis.type.BaseTypeHandler,org.pitest.mutationtest.engine.gregor.mutators.experimental.MemberVariableMutator,setConfiguration,35,NO_COVERAGE,none
BaseTypeHandler.java,org.apache.ibatis.type.BaseTypeHandler,org.pitest.mutationtest.engine.gregor.mutators.ConstructorCallMutator,setParameter,42,NO_COVERAGE,none
BaseTypeHandler.java,org.apache.ibatis.type.BaseTypeHandler,org.pitest.mutationtest.engine.gregor.mutators.ConstructorCallMutator,setParameter,47,NO_COVERAGE,none
BaseTypeHandler.java,org.apache.ibatis.type.BaseTypeHandler,org.pitest.mutationtest.engine.gregor.mutators.ConstructorCallMutator,setParameter,47,NO_COVERAGE,none
BaseTypeHandler.java,org.apache.ibatis.type.BaseTypeHandler,org.pitest.mutationtest.engine.gregor.mutators.ConstructorCallMutator,setParameter,55,NO_COVERAGE,none
BaseTypeHandler.java,org.apache.ibatis.type.BaseTypeHandler,org.pitest.mutationtest.engine.gregor.mutators.ConstructorCallMutator,setParameter,55,NO_COVERAGE,none
BaseTypeHandler.java,org.apache.ibatis.type.BaseTypeHandler,org.pitest.mutationtest.engine.gregor.mutators.NegateConditionalsMutator,setParameter,40,NO_COVERAGE,none
BaseTypeHandler.java,org.apache.ibatis.type.BaseTypeHandler,org.pitest.mutationtest.engine.gregor.mutators.NegateConditionalsMutator,setParameter,41,NO_COVERAGE,none
BaseTypeHandler.java,org.apache.ibatis.type.BaseTypeHandler,org.pitest.mutationtest.engine.gregor.mutators.NonVoidMethodCallMutator,setParameter,47,NO_COVERAGE,none
BaseTypeHandler.java,org.apache.ibatis.type.BaseTypeHandler,org.pitest.mutationtest.engine.gregor.mutators.NonVoidMethodCallMutator,setParameter,47,NO_COVERAGE,none
BaseTypeHandler.java,org.apache.ibatis.type.BaseTypeHandler,org.pitest.mutationtest.engine.gregor.mutators.NonVoidMethodCallMutator,setParameter,47,NO_COVERAGE,none
BaseTypeHandler.java,org.apache.ibatis.type.BaseTypeHandler,org.pitest.mutationtest.engine.gregor.mutators.NonVoidMethodCallMutator,setParameter,47,NO_COVERAGE,none
BaseTypeHandler.java,org.apache.ibatis.type.BaseTypeHandler,org.pitest.mutationtest.engine.gregor.mutators.NonVoidMethodCallMutator,setParameter,47,NO_COVERAGE,none
BaseTypeHandler.java,org.apache.ibatis.type.BaseTypeHandler,org.pitest.mutationtest.engine.gregor.mutators.NonVoidMethodCallMutator,setParameter,47,NO_COVERAGE,none
BaseTypeHandler.java,org.apache.ibatis.type.BaseTypeHandler,org.pitest.mutationtest.engine.gregor.mutators.NonVoidMethodCallMutator,setParameter,47,NO_COVERAGE,none
BaseTypeHandler.java,org.apache.ibatis.type.BaseTypeHandler,org.pitest.mutationtest.engine.gregor.mutators.NonVoidMethodCallMutator,setParameter,55,NO_COVERAGE,none
BaseTypeHandler.java,org.apache.ibatis.type.BaseTypeHandler,org.pitest.mutationtest.engine.gregor.mutators.NonVoidMethodCallMutator,setParameter,55,NO_COVERAGE,none
BaseTypeHandler.java,org.apache.ibatis.type.BaseTypeHandler,org.pitest.mutationtest.engine.gregor.mutators.NonVoidMethodCallMutator,setParameter,55,NO_COVERAGE,none
BaseTypeHandler.java,org.apache.ibatis.type.BaseTypeHandler,org.pitest.mutationtest.engine.gregor.mutators.NonVoidMethodCallMutator,setParameter,55,NO_COVERAGE,none
BaseTypeHandler.java,org.apache.ibatis.type.BaseTypeHandler,org.pitest.mutationtest.engine.gregor.mutators.NonVoidMethodCallMutator,setParameter,55,NO_COVERAGE,none
BaseTypeHandler.java,org.apache.ibatis.type.BaseTypeHandler,org.pitest.mutationtest.engine.gregor.mutators.NonVoidMethodCallMutator,setParameter,55,NO_COVERAGE,none
BaseTypeHandler.java,org.apache.ibatis.type.BaseTypeHandler,org.pitest.mutationtest.engine.gregor.mutators.NonVoidMethodCallMutator,setParameter,55,NO_COVERAGE,none
BaseTypeHandler.java,org.apache.ibatis.type.BaseTypeHandler,org.pitest.mutationtest.engine.gregor.mutators.RemoveConditionalMutator_EQUAL_ELSE,setParameter,41,NO_COVERAGE,none
BaseTypeHandler.java,org.apache.ibatis.type.BaseTypeHandler,org.pitest.mutationtest.engine.gregor.mutators.RemoveConditionalMutator_EQUAL_IF,setParameter,41,NO_COVERAGE,none
BaseTypeHandler.java,org.apache.ibatis.type.BaseTypeHandler,org.pitest.mutationtest.engine.gregor.mutators.VoidMethodCallMutator,setParameter,45,NO_COVERAGE,none
AbstractEnhancedDeserializationProxy.java,org.apache.ibatis.executor.loader.AbstractEnhancedDeserializationProxy,org.pitest.mutationtest.engine.gregor.mutators.InlineConstantMutator,<init>,52,NO_COVERAGE,none
AbstractEnhancedDeserializationProxy.java,org.apache.ibatis.executor.loader.AbstractEnhancedDeserializationProxy,org.pitest.mutationtest.engine.gregor.mutators.experimental.MemberVariableMutator,<init>,46,NO_COVERAGE,none
AbstractEnhancedDeserializationProxy.java,org.apache.ibatis.executor.loader.AbstractEnhancedDeserializationProxy,org.pitest.mutationtest.engine.gregor.mutators.experimental.MemberVariableMutator,<init>,47,NO_COVERAGE,none
AbstractEnhancedDeserializationProxy.java,org.apache.ibatis.executor.loader.AbstractEnhancedDeserializationProxy,org.pitest.mutationtest.engine.gregor.mutators.experimental.MemberVariableMutator,<init>,48,NO_COVERAGE,none
AbstractEnhancedDeserializationProxy.java,org.apache.ibatis.executor.loader.AbstractEnhancedDeserializationProxy,org.pitest.mutationtest.engine.gregor.mutators.experimental.MemberVariableMutator,<init>,49,NO_COVERAGE,none
AbstractEnhancedDeserializationProxy.java,org.apache.ibatis.executor.loader.AbstractEnhancedDeserializationProxy,org.pitest.mutationtest.engine.gregor.mutators.experimental.MemberVariableMutator,<init>,50,NO_COVERAGE,none
AbstractEnhancedDeserializationProxy.java,org.apache.ibatis.executor.loader.AbstractEnhancedDeserializationProxy,org.pitest.mutationtest.engine.gregor.mutators.experimental.MemberVariableMutator,<init>,51,NO_COVERAGE,none
AbstractEnhancedDeserializationProxy.java,org.apache.ibatis.executor.loader.AbstractEnhancedDeserializationProxy,org.pitest.mutationtest.engine.gregor.mutators.experimental.MemberVariableMutator,<init>,52,NO_COVERAGE,none
AbstractEnhancedDeserializationProxy.java,org.apache.ibatis.executor.loader.AbstractEnhancedDeserializationProxy,org.pitest.mutationtest.engine.gregor.mutators.ArgumentPropagationMutator,invoke,71,NO_COVERAGE,none
AbstractEnhancedDeserializationProxy.java,org.apache.ibatis.executor.loader.AbstractEnhancedDeserializationProxy,org.pitest.mutationtest.engine.gregor.mutators.ArgumentPropagationMutator,invoke,74,NO_COVERAGE,none
AbstractEnhancedDeserializationProxy.java,org.apache.ibatis.executor.loader.AbstractEnhancedDeserializationProxy,org.pitest.mutationtest.engine.gregor.mutators.ArgumentPropagationMutator,invoke,95,NO_COVERAGE,none
AbstractEnhancedDeserializationProxy.java,org.apache.ibatis.executor.loader.AbstractEnhancedDeserializationProxy,org.pitest.mutationtest.engine.gregor.mutators.ConstructorCallMutator,invoke,85,NO_COVERAGE,none
AbstractEnhancedDeserializationProxy.java,org.apache.ibatis.executor.loader.AbstractEnhancedDeserializationProxy,org.pitest.mutationtest.engine.gregor.mutators.ConstructorCallMutator,invoke,85,NO_COVERAGE,none
AbstractEnhancedDeserializationProxy.java,org.apache.ibatis.executor.loader.AbstractEnhancedDeserializationProxy,org.pitest.mutationtest.engine.gregor.mutators.InlineConstantMutator,invoke,77,NO_COVERAGE,none
AbstractEnhancedDeserializationProxy.java,org.apache.ibatis.executor.loader.AbstractEnhancedDeserializationProxy,org.pitest.mutationtest.engine.gregor.mutators.InlineConstantMutator,invoke,80,NO_COVERAGE,none
AbstractEnhancedDeserializationProxy.java,org.apache.ibatis.executor.loader.AbstractEnhancedDeserializationProxy,org.pitest.mutationtest.engine.gregor.mutators.NegateConditionalsMutator,invoke,58,NO_COVERAGE,none
AbstractEnhancedDeserializationProxy.java,org.apache.ibatis.executor.loader.AbstractEnhancedDeserializationProxy,org.pitest.mutationtest.engine.gregor.mutators.NegateConditionalsMutator,invoke,60,NO_COVERAGE,none
AbstractEnhancedDeserializationProxy.java,org.apache.ibatis.executor.loader.AbstractEnhancedDeserializationProxy,org.pitest.mutationtest.engine.gregor.mutators.NegateConditionalsMutator,invoke,70,NO_COVERAGE,none
AbstractEnhancedDeserializationProxy.java,org.apache.ibatis.executor.loader.AbstractEnhancedDeserializationProxy,org.pitest.mutationtest.engine.gregor.mutators.NegateConditionalsMutator,invoke,70,NO_COVERAGE,none
AbstractEnhancedDeserializationProxy.java,org.apache.ibatis.executor.loader.AbstractEnhancedDeserializationProxy,org.pitest.mutationtest.engine.gregor.mutators.NegateConditionalsMutator,invoke,70,NO_COVERAGE,none
AbstractEnhancedDeserializationProxy.java,org.apache.ibatis.executor.loader.AbstractEnhancedDeserializationProxy,org.pitest.mutationtest.engine.gregor.mutators.NegateConditionalsMutator,invoke,73,NO_COVERAGE,none
AbstractEnhancedDeserializationProxy.java,org.apache.ibatis.executor.loader.AbstractEnhancedDeserializationProxy,org.pitest.mutationtest.engine.gregor.mutators.NegateConditionalsMutator,invoke,75,NO_COVERAGE,none
AbstractEnhancedDeserializationProxy.java,org.apache.ibatis.executor.loader.AbstractEnhancedDeserializationProxy,org.pitest.mutationtest.engine.gregor.mutators.NonVoidMethodCallMutator,invoke,56,NO_COVERAGE,none
AbstractEnhancedDeserializationProxy.java,org.apache.ibatis.executor.loader.AbstractEnhancedDeserializationProxy,org.pitest.mutationtest.engine.gregor.mutators.NonVoidMethodCallMutator,invoke,58,NO_COVERAGE,none
AbstractEnhancedDeserializationProxy.java,org.apache.ibatis.executor.loader.AbstractEnhancedDeserializationProxy,org.pitest.mutationtest.engine.gregor.mutators.NonVoidMethodCallMutator,invoke,60,NO_COVERAGE,none
AbstractEnhancedDeserializationProxy.java,org.apache.ibatis.executor.loader.AbstractEnhancedDeserializationProxy,org.pitest.mutationtest.engine.gregor.mutators.NonVoidMethodCallMutator,invoke,61,NO_COVERAGE,none
AbstractEnhancedDeserializationProxy.java,org.apache.ibatis.executor.loader.AbstractEnhancedDeserializationProxy,org.pitest.mutationtest.engine.gregor.mutators.NonVoidMethodCallMutator,invoke,63,NO_COVERAGE,none
AbstractEnhancedDeserializationProxy.java,org.apache.ibatis.executor.loader.AbstractEnhancedDeserializationProxy,org.pitest.mutationtest.engine.gregor.mutators.NonVoidMethodCallMutator,invoke,67,NO_COVERAGE,none
AbstractEnhancedDeserializationProxy.java,org.apache.ibatis.executor.loader.AbstractEnhancedDeserializationProxy,org.pitest.mutationtest.engine.gregor.mutators.NonVoidMethodCallMutator,invoke,70,NO_COVERAGE,none
AbstractEnhancedDeserializationProxy.java,org.apache.ibatis.executor.loader.AbstractEnhancedDeserializationProxy,org.pitest.mutationtest.engine.gregor.mutators.NonVoidMethodCallMutator,invoke,70,NO_COVERAGE,none
AbstractEnhancedDeserializationProxy.java,org.apache.ibatis.executor.loader.AbstractEnhancedDeserializationProxy,org.pitest.mutationtest.engine.gregor.mutators.NonVoidMethodCallMutator,invoke,71,NO_COVERAGE,none
AbstractEnhancedDeserializationProxy.java,org.apache.ibatis.executor.loader.AbstractEnhancedDeserializationProxy,org.pitest.mutationtest.engine.gregor.mutators.NonVoidMethodCallMutator,invoke,72,NO_COVERAGE,none
AbstractEnhancedDeserializationProxy.java,org.apache.ibatis.executor.loader.AbstractEnhancedDeserializationProxy,org.pitest.mutationtest.engine.gregor.mutators.NonVoidMethodCallMutator,invoke,73,NO_COVERAGE,none
AbstractEnhancedDeserializationProxy.java,org.apache.ibatis.executor.loader.AbstractEnhancedDeserializationProxy,org.pitest.mutationtest.engine.gregor.mutators.NonVoidMethodCallMutator,invoke,74,NO_COVERAGE,none
AbstractEnhancedDeserializationProxy.java,org.apache.ibatis.executor.loader.AbstractEnhancedDeserializationProxy,org.pitest.mutationtest.engine.gregor.mutators.NonVoidMethodCallMutator,invoke,85,NO_COVERAGE,none
AbstractEnhancedDeserializationProxy.java,org.apache.ibatis.executor.loader.AbstractEnhancedDeserializationProxy,org.pitest.mutationtest.engine.gregor.mutators.NonVoidMethodCallMutator,invoke,85,NO_COVERAGE,none
AbstractEnhancedDeserializationProxy.java,org.apache.ibatis.executor.loader.AbstractEnhancedDeserializationProxy,org.pitest.mutationtest.engine.gregor.mutators.NonVoidMethodCallMutator,invoke,85,NO_COVERAGE,none
AbstractEnhancedDeserializationProxy.java,org.apache.ibatis.executor.loader.AbstractEnhancedDeserializationProxy,org.pitest.mutationtest.engine.gregor.mutators.NonVoidMethodCallMutator,invoke,85,NO_COVERAGE,none
AbstractEnhancedDeserializationProxy.java,org.apache.ibatis.executor.loader.AbstractEnhancedDeserializationProxy,org.pitest.mutationtest.engine.gregor.mutators.NonVoidMethodCallMutator,invoke,95,NO_COVERAGE,none
AbstractEnhancedDeserializationProxy.java,org.apache.ibatis.executor.loader.AbstractEnhancedDeserializationProxy,org.pitest.mutationtest.engine.gregor.mutators.RemoveConditionalMutator_EQUAL_ELSE,invoke,58,NO_COVERAGE,none
AbstractEnhancedDeserializationProxy.java,org.apache.ibatis.executor.loader.AbstractEnhancedDeserializationProxy,org.pitest.mutationtest.engine.gregor.mutators.RemoveConditionalMutator_EQUAL_ELSE,invoke,60,NO_COVERAGE,none
AbstractEnhancedDeserializationProxy.java,org.apache.ibatis.executor.loader.AbstractEnhancedDeserializationProxy,org.pitest.mutationtest.engine.gregor.mutators.RemoveConditionalMutator_EQUAL_ELSE,invoke,70,NO_COVERAGE,none
AbstractEnhancedDeserializationProxy.java,org.apache.ibatis.executor.loader.AbstractEnhancedDeserializationProxy,org.pitest.mutationtest.engine.gregor.mutators.RemoveConditionalMutator_EQUAL_ELSE,invoke,70,NO_COVERAGE,none
AbstractEnhancedDeserializationProxy.java,org.apache.ibatis.executor.loader.AbstractEnhancedDeserializationProxy,org.pitest.mutationtest.engine.gregor.mutators.RemoveConditionalMutator_EQUAL_ELSE,invoke,70,NO_COVERAGE,none
AbstractEnhancedDeserializationProxy.java,org.apache.ibatis.executor.loader.AbstractEnhancedDeserializationProxy,org.pitest.mutationtest.engine.gregor.mutators.RemoveConditionalMutator_EQUAL_ELSE,invoke,73,NO_COVERAGE,none
AbstractEnhancedDeserializationProxy.java,org.apache.ibatis.executor.loader.AbstractEnhancedDeserializationProxy,org.pitest.mutationtest.engine.gregor.mutators.RemoveConditionalMutator_EQUAL_ELSE,invoke,75,NO_COVERAGE,none
AbstractEnhancedDeserializationProxy.java,org.apache.ibatis.executor.loader.AbstractEnhancedDeserializationProxy,org.pitest.mutationtest.engine.gregor.mutators.RemoveConditionalMutator_EQUAL_IF,invoke,58,NO_COVERAGE,none
AbstractEnhancedDeserializationProxy.java,org.apache.ibatis.executor.loader.AbstractEnhancedDeserializationProxy,org.pitest.mutationtest.engine.gregor.mutators.RemoveConditionalMutator_EQUAL_IF,invoke,60,NO_COVERAGE,none
AbstractEnhancedDeserializationProxy.java,org.apache.ibatis.executor.loader.AbstractEnhancedDeserializationProxy,org.pitest.mutationtest.engine.gregor.mutators.RemoveConditionalMutator_EQUAL_IF,invoke,70,NO_COVERAGE,none
AbstractEnhancedDeserializationProxy.java,org.apache.ibatis.executor.loader.AbstractEnhancedDeserializationProxy,org.pitest.mutationtest.engine.gregor.mutators.RemoveConditionalMutator_EQUAL_IF,invoke,70,NO_COVERAGE,none
AbstractEnhancedDeserializationProxy.java,org.apache.ibatis.executor.loader.AbstractEnhancedDeserializationProxy,org.pitest.mutationtest.engine.gregor.mutators.RemoveConditionalMutator_EQUAL_IF,invoke,70,NO_COVERAGE,none
AbstractEnhancedDeserializationProxy.java,org.apache.ibatis.executor.loader.AbstractEnhancedDeserializationProxy,org.pitest.mutationtest.engine.gregor.mutators.RemoveConditionalMutator_EQUAL_IF,invoke,73,NO_COVERAGE,none
AbstractEnhancedDeserializationProxy.java,org.apache.ibatis.executor.loader.AbstractEnhancedDeserializationProxy,org.pitest.mutationtest.engine.gregor.mutators.RemoveConditionalMutator_EQUAL_IF,invoke,75,NO_COVERAGE,none
AbstractEnhancedDeserializationProxy.java,org.apache.ibatis.executor.loader.AbstractEnhancedDeserializationProxy,org.pitest.mutationtest.engine.gregor.mutators.ReturnValsMutator,invoke,67,NO_COVERAGE,none
AbstractEnhancedDeserializationProxy.java,org.apache.ibatis.executor.loader.AbstractEnhancedDeserializationProxy,org.pitest.mutationtest.engine.gregor.mutators.ReturnValsMutator,invoke,91,NO_COVERAGE,none
AbstractEnhancedDeserializationProxy.java,org.apache.ibatis.executor.loader.AbstractEnhancedDeserializationProxy,org.pitest.mutationtest.engine.gregor.mutators.VoidMethodCallMutator,invoke,66,NO_COVERAGE,none
AbstractEnhancedDeserializationProxy.java,org.apache.ibatis.executor.loader.AbstractEnhancedDeserializationProxy,org.pitest.mutationtest.engine.gregor.mutators.VoidMethodCallMutator,invoke,78,NO_COVERAGE,none
AbstractEnhancedDeserializationProxy.java,org.apache.ibatis.executor.loader.AbstractEnhancedDeserializationProxy,org.pitest.mutationtest.engine.gregor.mutators.experimental.MemberVariableMutator,invoke,77,NO_COVERAGE,none
AbstractEnhancedDeserializationProxy.java,org.apache.ibatis.executor.loader.AbstractEnhancedDeserializationProxy,org.pitest.mutationtest.engine.gregor.mutators.experimental.MemberVariableMutator,invoke,80,NO_COVERAGE,none
JndiDataSourceFactory.java,org.apache.ibatis.datasource.jndi.JndiDataSourceFactory,org.pitest.mutationtest.engine.gregor.mutators.ReturnValsMutator,getDataSource,66,NO_COVERAGE,none
JndiDataSourceFactory.java,org.apache.ibatis.datasource.jndi.JndiDataSourceFactory,org.pitest.mutationtest.engine.gregor.mutators.ArgumentPropagationMutator,getEnvProperties,79,NO_COVERAGE,none
JndiDataSourceFactory.java,org.apache.ibatis.datasource.jndi.JndiDataSourceFactory,org.pitest.mutationtest.engine.gregor.mutators.ConstructorCallMutator,getEnvProperties,77,NO_COVERAGE,none
JndiDataSourceFactory.java,org.apache.ibatis.datasource.jndi.JndiDataSourceFactory,org.pitest.mutationtest.engine.gregor.mutators.NegateConditionalsMutator,getEnvProperties,72,NO_COVERAGE,none
JndiDataSourceFactory.java,org.apache.ibatis.datasource.jndi.JndiDataSourceFactory,org.pitest.mutationtest.engine.gregor.mutators.NegateConditionalsMutator,getEnvProperties,75,NO_COVERAGE,none
JndiDataSourceFactory.java,org.apache.ibatis.datasource.jndi.JndiDataSourceFactory,org.pitest.mutationtest.engine.gregor.mutators.NegateConditionalsMutator,getEnvProperties,76,NO_COVERAGE,none
JndiDataSourceFactory.java,org.apache.ibatis.datasource.jndi.JndiDataSourceFactory,org.pitest.mutationtest.engine.gregor.mutators.NonVoidMethodCallMutator,getEnvProperties,72,NO_COVERAGE,none
JndiDataSourceFactory.java,org.apache.ibatis.datasource.jndi.JndiDataSourceFactory,org.pitest.mutationtest.engine.gregor.mutators.NonVoidMethodCallMutator,getEnvProperties,72,NO_COVERAGE,none
JndiDataSourceFactory.java,org.apache.ibatis.datasource.jndi.JndiDataSourceFactory,org.pitest.mutationtest.engine.gregor.mutators.NonVoidMethodCallMutator,getEnvProperties,72,NO_COVERAGE,none
JndiDataSourceFactory.java,org.apache.ibatis.datasource.jndi.JndiDataSourceFactory,org.pitest.mutationtest.engine.gregor.mutators.NonVoidMethodCallMutator,getEnvProperties,72,NO_COVERAGE,none
JndiDataSourceFactory.java,org.apache.ibatis.datasource.jndi.JndiDataSourceFactory,org.pitest.mutationtest.engine.gregor.mutators.NonVoidMethodCallMutator,getEnvProperties,73,NO_COVERAGE,none
JndiDataSourceFactory.java,org.apache.ibatis.datasource.jndi.JndiDataSourceFactory,org.pitest.mutationtest.engine.gregor.mutators.NonVoidMethodCallMutator,getEnvProperties,74,NO_COVERAGE,none
JndiDataSourceFactory.java,org.apache.ibatis.datasource.jndi.JndiDataSourceFactory,org.pitest.mutationtest.engine.gregor.mutators.NonVoidMethodCallMutator,getEnvProperties,75,NO_COVERAGE,none
JndiDataSourceFactory.java,org.apache.ibatis.datasource.jndi.JndiDataSourceFactory,org.pitest.mutationtest.engine.gregor.mutators.NonVoidMethodCallMutator,getEnvProperties,79,NO_COVERAGE,none
JndiDataSourceFactory.java,org.apache.ibatis.datasource.jndi.JndiDataSourceFactory,org.pitest.mutationtest.engine.gregor.mutators.NonVoidMethodCallMutator,getEnvProperties,79,NO_COVERAGE,none
JndiDataSourceFactory.java,org.apache.ibatis.datasource.jndi.JndiDataSourceFactory,org.pitest.mutationtest.engine.gregor.mutators.NonVoidMethodCallMutator,getEnvProperties,79,NO_COVERAGE,none
JndiDataSourceFactory.java,org.apache.ibatis.datasource.jndi.JndiDataSourceFactory,org.pitest.mutationtest.engine.gregor.mutators.RemoveConditionalMutator_EQUAL_ELSE,getEnvProperties,72,NO_COVERAGE,none
JndiDataSourceFactory.java,org.apache.ibatis.datasource.jndi.JndiDataSourceFactory,org.pitest.mutationtest.engine.gregor.mutators.RemoveConditionalMutator_EQUAL_ELSE,getEnvProperties,75,NO_COVERAGE,none
JndiDataSourceFactory.java,org.apache.ibatis.datasource.jndi.JndiDataSourceFactory,org.pitest.mutationtest.engine.gregor.mutators.RemoveConditionalMutator_EQUAL_ELSE,getEnvProperties,76,NO_COVERAGE,none
JndiDataSourceFactory.java,org.apache.ibatis.datasource.jndi.JndiDataSourceFactory,org.pitest.mutationtest.engine.gregor.mutators.RemoveConditionalMutator_EQUAL_IF,getEnvProperties,72,NO_COVERAGE,none
JndiDataSourceFactory.java,org.apache.ibatis.datasource.jndi.JndiDataSourceFactory,org.pitest.mutationtest.engine.gregor.mutators.RemoveConditionalMutator_EQUAL_IF,getEnvProperties,75,NO_COVERAGE,none
JndiDataSourceFactory.java,org.apache.ibatis.datasource.jndi.JndiDataSourceFactory,org.pitest.mutationtest.engine.gregor.mutators.RemoveConditionalMutator_EQUAL_IF,getEnvProperties,76,NO_COVERAGE,none
JndiDataSourceFactory.java,org.apache.ibatis.datasource.jndi.JndiDataSourceFactory,org.pitest.mutationtest.engine.gregor.mutators.ReturnValsMutator,getEnvProperties,82,NO_COVERAGE,none
JndiDataSourceFactory.java,org.apache.ibatis.datasource.jndi.JndiDataSourceFactory,org.pitest.mutationtest.engine.gregor.mutators.ArgumentPropagationMutator,setProperties,44,NO_COVERAGE,none
JndiDataSourceFactory.java,org.apache.ibatis.datasource.jndi.JndiDataSourceFactory,org.pitest.mutationtest.engine.gregor.mutators.ArgumentPropagationMutator,setProperties,53,NO_COVERAGE,none
JndiDataSourceFactory.java,org.apache.ibatis.datasource.jndi.JndiDataSourceFactory,org.pitest.mutationtest.engine.gregor.mutators.ArgumentPropagationMutator,setProperties,54,NO_COVERAGE,none
JndiDataSourceFactory.java,org.apache.ibatis.datasource.jndi.JndiDataSourceFactory,org.pitest.mutationtest.engine.gregor.mutators.ArgumentPropagationMutator,setProperties,56,NO_COVERAGE,none
JndiDataSourceFactory.java,org.apache.ibatis.datasource.jndi.JndiDataSourceFactory,org.pitest.mutationtest.engine.gregor.mutators.ConstructorCallMutator,setProperties,46,NO_COVERAGE,none
JndiDataSourceFactory.java,org.apache.ibatis.datasource.jndi.JndiDataSourceFactory,org.pitest.mutationtest.engine.gregor.mutators.ConstructorCallMutator,setProperties,48,NO_COVERAGE,none
JndiDataSourceFactory.java,org.apache.ibatis.datasource.jndi.JndiDataSourceFactory,org.pitest.mutationtest.engine.gregor.mutators.ConstructorCallMutator,setProperties,60,NO_COVERAGE,none
JndiDataSourceFactory.java,org.apache.ibatis.datasource.jndi.JndiDataSourceFactory,org.pitest.mutationtest.engine.gregor.mutators.ConstructorCallMutator,setProperties,60,NO_COVERAGE,none
JndiDataSourceFactory.java,org.apache.ibatis.datasource.jndi.JndiDataSourceFactory,org.pitest.mutationtest.engine.gregor.mutators.NegateConditionalsMutator,setProperties,45,NO_COVERAGE,none
JndiDataSourceFactory.java,org.apache.ibatis.datasource.jndi.JndiDataSourceFactory,org.pitest.mutationtest.engine.gregor.mutators.NegateConditionalsMutator,setProperties,51,NO_COVERAGE,none
JndiDataSourceFactory.java,org.apache.ibatis.datasource.jndi.JndiDataSourceFactory,org.pitest.mutationtest.engine.gregor.mutators.NegateConditionalsMutator,setProperties,52,NO_COVERAGE,none
JndiDataSourceFactory.java,org.apache.ibatis.datasource.jndi.JndiDataSourceFactory,org.pitest.mutationtest.engine.gregor.mutators.NegateConditionalsMutator,setProperties,55,NO_COVERAGE,none
JndiDataSourceFactory.java,org.apache.ibatis.datasource.jndi.JndiDataSourceFactory,org.pitest.mutationtest.engine.gregor.mutators.NonVoidMethodCallMutator,setProperties,44,NO_COVERAGE,none
JndiDataSourceFactory.java,org.apache.ibatis.datasource.jndi.JndiDataSourceFactory,org.pitest.mutationtest.engine.gregor.mutators.NonVoidMethodCallMutator,setProperties,51,NO_COVERAGE,none
JndiDataSourceFactory.java,org.apache.ibatis.datasource.jndi.JndiDataSourceFactory,org.pitest.mutationtest.engine.gregor.mutators.NonVoidMethodCallMutator,setProperties,52,NO_COVERAGE,none
JndiDataSourceFactory.java,org.apache.ibatis.datasource.jndi.JndiDataSourceFactory,org.pitest.mutationtest.engine.gregor.mutators.NonVoidMethodCallMutator,setProperties,53,NO_COVERAGE,none
JndiDataSourceFactory.java,org.apache.ibatis.datasource.jndi.JndiDataSourceFactory,org.pitest.mutationtest.engine.gregor.mutators.NonVoidMethodCallMutator,setProperties,53,NO_COVERAGE,none
JndiDataSourceFactory.java,org.apache.ibatis.datasource.jndi.JndiDataSourceFactory,org.pitest.mutationtest.engine.gregor.mutators.NonVoidMethodCallMutator,setProperties,54,NO_COVERAGE,none
JndiDataSourceFactory.java,org.apache.ibatis.datasource.jndi.JndiDataSourceFactory,org.pitest.mutationtest.engine.gregor.mutators.NonVoidMethodCallMutator,setProperties,54,NO_COVERAGE,none
JndiDataSourceFactory.java,org.apache.ibatis.datasource.jndi.JndiDataSourceFactory,org.pitest.mutationtest.engine.gregor.mutators.NonVoidMethodCallMutator,setProperties,55,NO_COVERAGE,none
JndiDataSourceFactory.java,org.apache.ibatis.datasource.jndi.JndiDataSourceFactory,org.pitest.mutationtest.engine.gregor.mutators.NonVoidMethodCallMutator,setProperties,56,NO_COVERAGE,none
JndiDataSourceFactory.java,org.apache.ibatis.datasource.jndi.JndiDataSourceFactory,org.pitest.mutationtest.engine.gregor.mutators.NonVoidMethodCallMutator,setProperties,56,NO_COVERAGE,none
JndiDataSourceFactory.java,org.apache.ibatis.datasource.jndi.JndiDataSourceFactory,org.pitest.mutationtest.engine.gregor.mutators.NonVoidMethodCallMutator,setProperties,60,NO_COVERAGE,none
JndiDataSourceFactory.java,org.apache.ibatis.datasource.jndi.JndiDataSourceFactory,org.pitest.mutationtest.engine.gregor.mutators.NonVoidMethodCallMutator,setProperties,60,NO_COVERAGE,none
JndiDataSourceFactory.java,org.apache.ibatis.datasource.jndi.JndiDataSourceFactory,org.pitest.mutationtest.engine.gregor.mutators.NonVoidMethodCallMutator,setProperties,60,NO_COVERAGE,none
JndiDataSourceFactory.java,org.apache.ibatis.datasource.jndi.JndiDataSourceFactory,org.pitest.mutationtest.engine.gregor.mutators.RemoveConditionalMutator_EQUAL_ELSE,setProperties,45,NO_COVERAGE,none
JndiDataSourceFactory.java,org.apache.ibatis.datasource.jndi.JndiDataSourceFactory,org.pitest.mutationtest.engine.gregor.mutators.RemoveConditionalMutator_EQUAL_ELSE,setProperties,51,NO_COVERAGE,none
JndiDataSourceFactory.java,org.apache.ibatis.datasource.jndi.JndiDataSourceFactory,org.pitest.mutationtest.engine.gregor.mutators.RemoveConditionalMutator_EQUAL_ELSE,setProperties,52,NO_COVERAGE,none
JndiDataSourceFactory.java,org.apache.ibatis.datasource.jndi.JndiDataSourceFactory,org.pitest.mutationtest.engine.gregor.mutators.RemoveConditionalMutator_EQUAL_ELSE,setProperties,55,NO_COVERAGE,none
JndiDataSourceFactory.java,org.apache.ibatis.datasource.jndi.JndiDataSourceFactory,org.pitest.mutationtest.engine.gregor.mutators.RemoveConditionalMutator_EQUAL_IF,setProperties,45,NO_COVERAGE,none
JndiDataSourceFactory.java,org.apache.ibatis.datasource.jndi.JndiDataSourceFactory,org.pitest.mutationtest.engine.gregor.mutators.RemoveConditionalMutator_EQUAL_IF,setProperties,51,NO_COVERAGE,none
JndiDataSourceFactory.java,org.apache.ibatis.datasource.jndi.JndiDataSourceFactory,org.pitest.mutationtest.engine.gregor.mutators.RemoveConditionalMutator_EQUAL_IF,setProperties,52,NO_COVERAGE,none
JndiDataSourceFactory.java,org.apache.ibatis.datasource.jndi.JndiDataSourceFactory,org.pitest.mutationtest.engine.gregor.mutators.RemoveConditionalMutator_EQUAL_IF,setProperties,55,NO_COVERAGE,none
JndiDataSourceFactory.java,org.apache.ibatis.datasource.jndi.JndiDataSourceFactory,org.pitest.mutationtest.engine.gregor.mutators.experimental.MemberVariableMutator,setProperties,54,NO_COVERAGE,none
JndiDataSourceFactory.java,org.apache.ibatis.datasource.jndi.JndiDataSourceFactory,org.pitest.mutationtest.engine.gregor.mutators.experimental.MemberVariableMutator,setProperties,56,NO_COVERAGE,none
TransactionalCache.java,org.apache.ibatis.cache.decorators.TransactionalCache,org.pitest.mutationtest.engine.gregor.mutators.InlineConstantMutator,<init>,50,NO_COVERAGE,none
TransactionalCache.java,org.apache.ibatis.cache.decorators.TransactionalCache,org.pitest.mutationtest.engine.gregor.mutators.experimental.MemberVariableMutator,<init>,49,NO_COVERAGE,none
TransactionalCache.java,org.apache.ibatis.cache.decorators.TransactionalCache,org.pitest.mutationtest.engine.gregor.mutators.experimental.MemberVariableMutator,<init>,50,NO_COVERAGE,none
TransactionalCache.java,org.apache.ibatis.cache.decorators.TransactionalCache,org.pitest.mutationtest.engine.gregor.mutators.InlineConstantMutator,clear,97,NO_COVERAGE,none
TransactionalCache.java,org.apache.ibatis.cache.decorators.TransactionalCache,org.pitest.mutationtest.engine.gregor.mutators.VoidMethodCallMutator,clear,98,NO_COVERAGE,none
TransactionalCache.java,org.apache.ibatis.cache.decorators.TransactionalCache,org.pitest.mutationtest.engine.gregor.mutators.experimental.MemberVariableMutator,clear,97,NO_COVERAGE,none
TransactionalCache.java,org.apache.ibatis.cache.decorators.TransactionalCache,org.pitest.mutationtest.engine.gregor.mutators.NegateConditionalsMutator,commit,102,NO_COVERAGE,none
TransactionalCache.java,org.apache.ibatis.cache.decorators.TransactionalCache,org.pitest.mutationtest.engine.gregor.mutators.RemoveConditionalMutator_EQUAL_ELSE,commit,102,NO_COVERAGE,none
TransactionalCache.java,org.apache.ibatis.cache.decorators.TransactionalCache,org.pitest.mutationtest.engine.gregor.mutators.RemoveConditionalMutator_EQUAL_IF,commit,102,NO_COVERAGE,none
TransactionalCache.java,org.apache.ibatis.cache.decorators.TransactionalCache,org.pitest.mutationtest.engine.gregor.mutators.VoidMethodCallMutator,commit,103,NO_COVERAGE,none
TransactionalCache.java,org.apache.ibatis.cache.decorators.TransactionalCache,org.pitest.mutationtest.engine.gregor.mutators.NegateConditionalsMutator,flushPendingEntries,124,NO_COVERAGE,none
TransactionalCache.java,org.apache.ibatis.cache.decorators.TransactionalCache,org.pitest.mutationtest.engine.gregor.mutators.NegateConditionalsMutator,flushPendingEntries,125,NO_COVERAGE,none
TransactionalCache.java,org.apache.ibatis.cache.decorators.TransactionalCache,org.pitest.mutationtest.engine.gregor.mutators.NonVoidMethodCallMutator,flushPendingEntries,122,NO_COVERAGE,none
TransactionalCache.java,org.apache.ibatis.cache.decorators.TransactionalCache,org.pitest.mutationtest.engine.gregor.mutators.NonVoidMethodCallMutator,flushPendingEntries,124,NO_COVERAGE,none
TransactionalCache.java,org.apache.ibatis.cache.decorators.TransactionalCache,org.pitest.mutationtest.engine.gregor.mutators.NonVoidMethodCallMutator,flushPendingEntries,124,NO_COVERAGE,none
TransactionalCache.java,org.apache.ibatis.cache.decorators.TransactionalCache,org.pitest.mutationtest.engine.gregor.mutators.NonVoidMethodCallMutator,flushPendingEntries,125,NO_COVERAGE,none
TransactionalCache.java,org.apache.ibatis.cache.decorators.TransactionalCache,org.pitest.mutationtest.engine.gregor.mutators.RemoveConditionalMutator_EQUAL_ELSE,flushPendingEntries,124,NO_COVERAGE,none
TransactionalCache.java,org.apache.ibatis.cache.decorators.TransactionalCache,org.pitest.mutationtest.engine.gregor.mutators.RemoveConditionalMutator_EQUAL_ELSE,flushPendingEntries,125,NO_COVERAGE,none
TransactionalCache.java,org.apache.ibatis.cache.decorators.TransactionalCache,org.pitest.mutationtest.engine.gregor.mutators.RemoveConditionalMutator_EQUAL_IF,flushPendingEntries,121,NO_COVERAGE,none
TransactionalCache.java,org.apache.ibatis.cache.decorators.TransactionalCache,org.pitest.mutationtest.engine.gregor.mutators.RemoveConditionalMutator_EQUAL_IF,flushPendingEntries,124,NO_COVERAGE,none
TransactionalCache.java,org.apache.ibatis.cache.decorators.TransactionalCache,org.pitest.mutationtest.engine.gregor.mutators.RemoveConditionalMutator_EQUAL_IF,flushPendingEntries,125,NO_COVERAGE,none
TransactionalCache.java,org.apache.ibatis.cache.decorators.TransactionalCache,org.pitest.mutationtest.engine.gregor.mutators.VoidMethodCallMutator,flushPendingEntries,126,NO_COVERAGE,none
TransactionalCache.java,org.apache.ibatis.cache.decorators.TransactionalCache,org.pitest.mutationtest.engine.gregor.mutators.NonVoidMethodCallMutator,getId,57,NO_COVERAGE,none
TransactionalCache.java,org.apache.ibatis.cache.decorators.TransactionalCache,org.pitest.mutationtest.engine.gregor.mutators.ReturnValsMutator,getId,57,NO_COVERAGE,none
TransactionalCache.java,org.apache.ibatis.cache.decorators.TransactionalCache,org.pitest.mutationtest.engine.gregor.mutators.ArgumentPropagationMutator,getObject,68,NO_COVERAGE,none
TransactionalCache.java,org.apache.ibatis.cache.decorators.TransactionalCache,org.pitest.mutationtest.engine.gregor.mutators.NegateConditionalsMutator,getObject,69,NO_COVERAGE,none
TransactionalCache.java,org.apache.ibatis.cache.decorators.TransactionalCache,org.pitest.mutationtest.engine.gregor.mutators.NegateConditionalsMutator,getObject,73,NO_COVERAGE,none
TransactionalCache.java,org.apache.ibatis.cache.decorators.TransactionalCache,org.pitest.mutationtest.engine.gregor.mutators.NonVoidMethodCallMutator,getObject,68,NO_COVERAGE,none
TransactionalCache.java,org.apache.ibatis.cache.decorators.TransactionalCache,org.pitest.mutationtest.engine.gregor.mutators.NonVoidMethodCallMutator,getObject,70,NO_COVERAGE,none
TransactionalCache.java,org.apache.ibatis.cache.decorators.TransactionalCache,org.pitest.mutationtest.engine.gregor.mutators.RemoveConditionalMutator_EQUAL_ELSE,getObject,69,NO_COVERAGE,none
TransactionalCache.java,org.apache.ibatis.cache.decorators.TransactionalCache,org.pitest.mutationtest.engine.gregor.mutators.RemoveConditionalMutator_EQUAL_ELSE,getObject,73,NO_COVERAGE,none
TransactionalCache.java,org.apache.ibatis.cache.decorators.TransactionalCache,org.pitest.mutationtest.engine.gregor.mutators.RemoveConditionalMutator_EQUAL_IF,getObject,69,NO_COVERAGE,none
TransactionalCache.java,org.apache.ibatis.cache.decorators.TransactionalCache,org.pitest.mutationtest.engine.gregor.mutators.RemoveConditionalMutator_EQUAL_IF,getObject,73,NO_COVERAGE,none
TransactionalCache.java,org.apache.ibatis.cache.decorators.TransactionalCache,org.pitest.mutationtest.engine.gregor.mutators.ReturnValsMutator,getObject,74,NO_COVERAGE,none
TransactionalCache.java,org.apache.ibatis.cache.decorators.TransactionalCache,org.pitest.mutationtest.engine.gregor.mutators.ReturnValsMutator,getObject,76,NO_COVERAGE,none
TransactionalCache.java,org.apache.ibatis.cache.decorators.TransactionalCache,org.pitest.mutationtest.engine.gregor.mutators.ReturnValsMutator,getReadWriteLock,82,NO_COVERAGE,none
TransactionalCache.java,org.apache.ibatis.cache.decorators.TransactionalCache,org.pitest.mutationtest.engine.gregor.mutators.NonVoidMethodCallMutator,getSize,62,NO_COVERAGE,none
TransactionalCache.java,org.apache.ibatis.cache.decorators.TransactionalCache,org.pitest.mutationtest.engine.gregor.mutators.ReturnValsMutator,getSize,62,NO_COVERAGE,none
TransactionalCache.java,org.apache.ibatis.cache.decorators.TransactionalCache,org.pitest.mutationtest.engine.gregor.mutators.ArgumentPropagationMutator,putObject,87,NO_COVERAGE,none
TransactionalCache.java,org.apache.ibatis.cache.decorators.TransactionalCache,org.pitest.mutationtest.engine.gregor.mutators.NonVoidMethodCallMutator,putObject,87,NO_COVERAGE,none
TransactionalCache.java,org.apache.ibatis.cache.decorators.TransactionalCache,org.pitest.mutationtest.engine.gregor.mutators.ReturnValsMutator,removeObject,92,NO_COVERAGE,none
TransactionalCache.java,org.apache.ibatis.cache.decorators.TransactionalCache,org.pitest.mutationtest.engine.gregor.mutators.InlineConstantMutator,reset,115,NO_COVERAGE,none
TransactionalCache.java,org.apache.ibatis.cache.decorators.TransactionalCache,org.pitest.mutationtest.engine.gregor.mutators.VoidMethodCallMutator,reset,117,NO_COVERAGE,none
TransactionalCache.java,org.apache.ibatis.cache.decorators.TransactionalCache,org.pitest.mutationtest.engine.gregor.mutators.experimental.MemberVariableMutator,reset,115,NO_COVERAGE,none
TransactionalCache.java,org.apache.ibatis.cache.decorators.TransactionalCache,org.pitest.mutationtest.engine.gregor.mutators.VoidMethodCallMutator,rollback,110,NO_COVERAGE,none
TransactionalCache.java,org.apache.ibatis.cache.decorators.TransactionalCache,org.pitest.mutationtest.engine.gregor.mutators.VoidMethodCallMutator,rollback,111,NO_COVERAGE,none
TransactionalCache.java,org.apache.ibatis.cache.decorators.TransactionalCache,org.pitest.mutationtest.engine.gregor.mutators.ArgumentPropagationMutator,unlockMissedEntries,134,NO_COVERAGE,none
TransactionalCache.java,org.apache.ibatis.cache.decorators.TransactionalCache,org.pitest.mutationtest.engine.gregor.mutators.ConstructorCallMutator,unlockMissedEntries,136,NO_COVERAGE,none
TransactionalCache.java,org.apache.ibatis.cache.decorators.TransactionalCache,org.pitest.mutationtest.engine.gregor.mutators.NegateConditionalsMutator,unlockMissedEntries,132,NO_COVERAGE,none
TransactionalCache.java,org.apache.ibatis.cache.decorators.TransactionalCache,org.pitest.mutationtest.engine.gregor.mutators.NonVoidMethodCallMutator,unlockMissedEntries,132,NO_COVERAGE,none
TransactionalCache.java,org.apache.ibatis.cache.decorators.TransactionalCache,org.pitest.mutationtest.engine.gregor.mutators.NonVoidMethodCallMutator,unlockMissedEntries,132,NO_COVERAGE,none
TransactionalCache.java,org.apache.ibatis.cache.decorators.TransactionalCache,org.pitest.mutationtest.engine.gregor.mutators.NonVoidMethodCallMutator,unlockMissedEntries,134,NO_COVERAGE,none
TransactionalCache.java,org.apache.ibatis.cache.decorators.TransactionalCache,org.pitest.mutationtest.engine.gregor.mutators.NonVoidMethodCallMutator,unlockMissedEntries,136,NO_COVERAGE,none
TransactionalCache.java,org.apache.ibatis.cache.decorators.TransactionalCache,org.pitest.mutationtest.engine.gregor.mutators.NonVoidMethodCallMutator,unlockMissedEntries,136,NO_COVERAGE,none
TransactionalCache.java,org.apache.ibatis.cache.decorators.TransactionalCache,org.pitest.mutationtest.engine.gregor.mutators.NonVoidMethodCallMutator,unlockMissedEntries,136,NO_COVERAGE,none
TransactionalCache.java,org.apache.ibatis.cache.decorators.TransactionalCache,org.pitest.mutationtest.engine.gregor.mutators.RemoveConditionalMutator_EQUAL_ELSE,unlockMissedEntries,132,NO_COVERAGE,none
TransactionalCache.java,org.apache.ibatis.cache.decorators.TransactionalCache,org.pitest.mutationtest.engine.gregor.mutators.RemoveConditionalMutator_EQUAL_IF,unlockMissedEntries,132,NO_COVERAGE,none
TransactionalCache.java,org.apache.ibatis.cache.decorators.TransactionalCache,org.pitest.mutationtest.engine.gregor.mutators.VoidMethodCallMutator,unlockMissedEntries,136,NO_COVERAGE,none
MapperMethod.java,org.apache.ibatis.binding.MapperMethod$MethodSignature,org.pitest.mutationtest.engine.gregor.mutators.ConstructorCallMutator,<init>,278,KILLED,org.apache.ibatis.submitted.extend.ExtendTest.org.apache.ibatis.submitted.extend.ExtendTest
MapperMethod.java,org.apache.ibatis.binding.MapperMethod$MethodSignature,org.pitest.mutationtest.engine.gregor.mutators.NegateConditionalsMutator,<init>,264,KILLED,org.apache.ibatis.submitted.extend.ExtendTest.org.apache.ibatis.submitted.extend.ExtendTest
MapperMethod.java,org.apache.ibatis.binding.MapperMethod$MethodSignature,org.pitest.mutationtest.engine.gregor.mutators.NegateConditionalsMutator,<init>,266,NO_COVERAGE,none
MapperMethod.java,org.apache.ibatis.binding.MapperMethod$MethodSignature,org.pitest.mutationtest.engine.gregor.mutators.NonVoidMethodCallMutator,<init>,263,KILLED,org.apache.ibatis.submitted.extend.ExtendTest.org.apache.ibatis.submitted.extend.ExtendTest
MapperMethod.java,org.apache.ibatis.binding.MapperMethod$MethodSignature,org.pitest.mutationtest.engine.gregor.mutators.NonVoidMethodCallMutator,<init>,269,NO_COVERAGE,none
MapperMethod.java,org.apache.ibatis.binding.MapperMethod$MethodSignature,org.pitest.mutationtest.engine.gregor.mutators.RemoveConditionalMutator_EQUAL_IF,<init>,266,NO_COVERAGE,none
MapperMethod.java,org.apache.ibatis.binding.MapperMethod$MethodSignature,org.pitest.mutationtest.engine.gregor.mutators.experimental.MemberVariableMutator,<init>,267,NO_COVERAGE,none
MapperMethod.java,org.apache.ibatis.binding.MapperMethod$MethodSignature,org.pitest.mutationtest.engine.gregor.mutators.experimental.MemberVariableMutator,<init>,269,NO_COVERAGE,none
MapperMethod.java,org.apache.ibatis.binding.MapperMethod$MethodSignature,org.pitest.mutationtest.engine.gregor.mutators.NegateConditionalsMutator,extractResultHandler,298,NO_COVERAGE,none
MapperMethod.java,org.apache.ibatis.binding.MapperMethod$MethodSignature,org.pitest.mutationtest.engine.gregor.mutators.NonVoidMethodCallMutator,extractResultHandler,298,NO_COVERAGE,none
MapperMethod.java,org.apache.ibatis.binding.MapperMethod$MethodSignature,org.pitest.mutationtest.engine.gregor.mutators.NonVoidMethodCallMutator,extractResultHandler,298,NO_COVERAGE,none
MapperMethod.java,org.apache.ibatis.binding.MapperMethod$MethodSignature,org.pitest.mutationtest.engine.gregor.mutators.RemoveConditionalMutator_EQUAL_ELSE,extractResultHandler,298,NO_COVERAGE,none
MapperMethod.java,org.apache.ibatis.binding.MapperMethod$MethodSignature,org.pitest.mutationtest.engine.gregor.mutators.RemoveConditionalMutator_EQUAL_IF,extractResultHandler,298,NO_COVERAGE,none
MapperMethod.java,org.apache.ibatis.binding.MapperMethod$MethodSignature,org.pitest.mutationtest.engine.gregor.mutators.ReturnValsMutator,extractResultHandler,298,NO_COVERAGE,none
MapperMethod.java,org.apache.ibatis.binding.MapperMethod$MethodSignature,org.pitest.mutationtest.engine.gregor.mutators.NegateConditionalsMutator,extractRowBounds,290,NO_COVERAGE,none
MapperMethod.java,org.apache.ibatis.binding.MapperMethod$MethodSignature,org.pitest.mutationtest.engine.gregor.mutators.NonVoidMethodCallMutator,extractRowBounds,290,NO_COVERAGE,none
MapperMethod.java,org.apache.ibatis.binding.MapperMethod$MethodSignature,org.pitest.mutationtest.engine.gregor.mutators.NonVoidMethodCallMutator,extractRowBounds,290,NO_COVERAGE,none
MapperMethod.java,org.apache.ibatis.binding.MapperMethod$MethodSignature,org.pitest.mutationtest.engine.gregor.mutators.RemoveConditionalMutator_EQUAL_ELSE,extractRowBounds,290,NO_COVERAGE,none
MapperMethod.java,org.apache.ibatis.binding.MapperMethod$MethodSignature,org.pitest.mutationtest.engine.gregor.mutators.RemoveConditionalMutator_EQUAL_IF,extractRowBounds,290,NO_COVERAGE,none
MapperMethod.java,org.apache.ibatis.binding.MapperMethod$MethodSignature,org.pitest.mutationtest.engine.gregor.mutators.ReturnValsMutator,extractRowBounds,290,NO_COVERAGE,none
MapperMethod.java,org.apache.ibatis.binding.MapperMethod$MethodSignature,org.pitest.mutationtest.engine.gregor.mutators.ReturnValsMutator,getMapKey,302,NO_COVERAGE,none
MapperMethod.java,org.apache.ibatis.binding.MapperMethod$MethodSignature,org.pitest.mutationtest.engine.gregor.mutators.NegateConditionalsMutator,getMapKey,344,NO_COVERAGE,none
MapperMethod.java,org.apache.ibatis.binding.MapperMethod$MethodSignature,org.pitest.mutationtest.engine.gregor.mutators.NonVoidMethodCallMutator,getMapKey,342,KILLED,org.apache.ibatis.submitted.extend.ExtendTest.org.apache.ibatis.submitted.extend.ExtendTest
MapperMethod.java,org.apache.ibatis.binding.MapperMethod$MethodSignature,org.pitest.mutationtest.engine.gregor.mutators.NonVoidMethodCallMutator,getMapKey,343,NO_COVERAGE,none
MapperMethod.java,org.apache.ibatis.binding.MapperMethod$MethodSignature,org.pitest.mutationtest.engine.gregor.mutators.NonVoidMethodCallMutator,getMapKey,345,NO_COVERAGE,none
MapperMethod.java,org.apache.ibatis.binding.MapperMethod$MethodSignature,org.pitest.mutationtest.engine.gregor.mutators.RemoveConditionalMutator_EQUAL_ELSE,getMapKey,344,NO_COVERAGE,none
MapperMethod.java,org.apache.ibatis.binding.MapperMethod$MethodSignature,org.pitest.mutationtest.engine.gregor.mutators.RemoveConditionalMutator_EQUAL_IF,getMapKey,344,NO_COVERAGE,none
MapperMethod.java,org.apache.ibatis.binding.MapperMethod$MethodSignature,org.pitest.mutationtest.engine.gregor.mutators.ReturnValsMutator,getReturnType,306,NO_COVERAGE,none
MapperMethod.java,org.apache.ibatis.binding.MapperMethod$MethodSignature,org.pitest.mutationtest.engine.gregor.mutators.ConstructorCallMutator,getUniqueParamIndex,333,NO_COVERAGE,none
MapperMethod.java,org.apache.ibatis.binding.MapperMethod$MethodSignature,org.pitest.mutationtest.engine.gregor.mutators.ConstructorCallMutator,getUniqueParamIndex,333,NO_COVERAGE,none
MapperMethod.java,org.apache.ibatis.binding.MapperMethod$MethodSignature,org.pitest.mutationtest.engine.gregor.mutators.IncrementsMutator,getUniqueParamIndex,328,KILLED,org.apache.ibatis.submitted.extend.ExtendTest.org.apache.ibatis.submitted.extend.ExtendTest
MapperMethod.java,org.apache.ibatis.binding.MapperMethod$MethodSignature,org.pitest.mutationtest.engine.gregor.mutators.InlineConstantMutator,getUniqueParamIndex,328,KILLED,org.apache.ibatis.submitted.extend.ExtendTest.org.apache.ibatis.submitted.extend.ExtendTest
MapperMethod.java,org.apache.ibatis.binding.MapperMethod$MethodSignature,org.pitest.mutationtest.engine.gregor.mutators.NegateConditionalsMutator,getUniqueParamIndex,329,NO_COVERAGE,none
MapperMethod.java,org.apache.ibatis.binding.MapperMethod$MethodSignature,org.pitest.mutationtest.engine.gregor.mutators.NegateConditionalsMutator,getUniqueParamIndex,330,NO_COVERAGE,none
MapperMethod.java,org.apache.ibatis.binding.MapperMethod$MethodSignature,org.pitest.mutationtest.engine.gregor.mutators.NonVoidMethodCallMutator,getUniqueParamIndex,327,KILLED,org.apache.ibatis.submitted.extend.ExtendTest.org.apache.ibatis.submitted.extend.ExtendTest
MapperMethod.java,org.apache.ibatis.binding.MapperMethod$MethodSignature,org.pitest.mutationtest.engine.gregor.mutators.NonVoidMethodCallMutator,getUniqueParamIndex,331,NO_COVERAGE,none
MapperMethod.java,org.apache.ibatis.binding.MapperMethod$MethodSignature,org.pitest.mutationtest.engine.gregor.mutators.NonVoidMethodCallMutator,getUniqueParamIndex,333,NO_COVERAGE,none
MapperMethod.java,org.apache.ibatis.binding.MapperMethod$MethodSignature,org.pitest.mutationtest.engine.gregor.mutators.NonVoidMethodCallMutator,getUniqueParamIndex,333,NO_COVERAGE,none
MapperMethod.java,org.apache.ibatis.binding.MapperMethod$MethodSignature,org.pitest.mutationtest.engine.gregor.mutators.NonVoidMethodCallMutator,getUniqueParamIndex,333,NO_COVERAGE,none
MapperMethod.java,org.apache.ibatis.binding.MapperMethod$MethodSignature,org.pitest.mutationtest.engine.gregor.mutators.NonVoidMethodCallMutator,getUniqueParamIndex,333,NO_COVERAGE,none
MapperMethod.java,org.apache.ibatis.binding.MapperMethod$MethodSignature,org.pitest.mutationtest.engine.gregor.mutators.NonVoidMethodCallMutator,getUniqueParamIndex,333,NO_COVERAGE,none
MapperMethod.java,org.apache.ibatis.binding.MapperMethod$MethodSignature,org.pitest.mutationtest.engine.gregor.mutators.NonVoidMethodCallMutator,getUniqueParamIndex,333,NO_COVERAGE,none
MapperMethod.java,org.apache.ibatis.binding.MapperMethod$MethodSignature,org.pitest.mutationtest.engine.gregor.mutators.NonVoidMethodCallMutator,getUniqueParamIndex,333,NO_COVERAGE,none
MapperMethod.java,org.apache.ibatis.binding.MapperMethod$MethodSignature,org.pitest.mutationtest.engine.gregor.mutators.RemoveConditionalMutator_EQUAL_ELSE,getUniqueParamIndex,330,NO_COVERAGE,none
MapperMethod.java,org.apache.ibatis.binding.MapperMethod$MethodSignature,org.pitest.mutationtest.engine.gregor.mutators.RemoveConditionalMutator_EQUAL_IF,getUniqueParamIndex,330,NO_COVERAGE,none
MapperMethod.java,org.apache.ibatis.binding.MapperMethod$MethodSignature,org.pitest.mutationtest.engine.gregor.mutators.RemoveConditionalMutator_ORDER_IF,getUniqueParamIndex,328,KILLED,org.apache.ibatis.submitted.extend.ExtendTest.org.apache.ibatis.submitted.extend.ExtendTest
MapperMethod.java,org.apache.ibatis.binding.MapperMethod$MethodSignature,org.pitest.mutationtest.engine.gregor.mutators.InlineConstantMutator,hasResultHandler,294,NO_COVERAGE,none
MapperMethod.java,org.apache.ibatis.binding.MapperMethod$MethodSignature,org.pitest.mutationtest.engine.gregor.mutators.InlineConstantMutator,hasResultHandler,294,NO_COVERAGE,none
MapperMethod.java,org.apache.ibatis.binding.MapperMethod$MethodSignature,org.pitest.mutationtest.engine.gregor.mutators.NegateConditionalsMutator,hasResultHandler,294,NO_COVERAGE,none
MapperMethod.java,org.apache.ibatis.binding.MapperMethod$MethodSignature,org.pitest.mutationtest.engine.gregor.mutators.RemoveConditionalMutator_EQUAL_ELSE,hasResultHandler,294,NO_COVERAGE,none
MapperMethod.java,org.apache.ibatis.binding.MapperMethod$MethodSignature,org.pitest.mutationtest.engine.gregor.mutators.RemoveConditionalMutator_EQUAL_IF,hasResultHandler,294,NO_COVERAGE,none
MapperMethod.java,org.apache.ibatis.binding.MapperMethod$MethodSignature,org.pitest.mutationtest.engine.gregor.mutators.ReturnValsMutator,hasResultHandler,294,NO_COVERAGE,none
MapperMethod.java,org.apache.ibatis.binding.MapperMethod$MethodSignature,org.pitest.mutationtest.engine.gregor.mutators.InlineConstantMutator,hasRowBounds,286,NO_COVERAGE,none
MapperMethod.java,org.apache.ibatis.binding.MapperMethod$MethodSignature,org.pitest.mutationtest.engine.gregor.mutators.NegateConditionalsMutator,hasRowBounds,286,NO_COVERAGE,none
MapperMethod.java,org.apache.ibatis.binding.MapperMethod$MethodSignature,org.pitest.mutationtest.engine.gregor.mutators.RemoveConditionalMutator_EQUAL_IF,hasRowBounds,286,NO_COVERAGE,none
MapperMethod.java,org.apache.ibatis.binding.MapperMethod$MethodSignature,org.pitest.mutationtest.engine.gregor.mutators.ReturnValsMutator,hasRowBounds,286,NO_COVERAGE,none
BlockingCache.java,org.apache.ibatis.cache.decorators.BlockingCache,org.pitest.mutationtest.engine.gregor.mutators.ConstructorCallMutator,<init>,45,NO_COVERAGE,none
BlockingCache.java,org.apache.ibatis.cache.decorators.BlockingCache,org.pitest.mutationtest.engine.gregor.mutators.experimental.MemberVariableMutator,<init>,44,NO_COVERAGE,none
BlockingCache.java,org.apache.ibatis.cache.decorators.BlockingCache,org.pitest.mutationtest.engine.gregor.mutators.experimental.MemberVariableMutator,<init>,45,NO_COVERAGE,none
BlockingCache.java,org.apache.ibatis.cache.decorators.BlockingCache,org.pitest.mutationtest.engine.gregor.mutators.ConditionalsBoundaryMutator,acquireLock,102,NO_COVERAGE,none
BlockingCache.java,org.apache.ibatis.cache.decorators.BlockingCache,org.pitest.mutationtest.engine.gregor.mutators.ConstructorCallMutator,acquireLock,106,NO_COVERAGE,none
BlockingCache.java,org.apache.ibatis.cache.decorators.BlockingCache,org.pitest.mutationtest.engine.gregor.mutators.ConstructorCallMutator,acquireLock,106,NO_COVERAGE,none
BlockingCache.java,org.apache.ibatis.cache.decorators.BlockingCache,org.pitest.mutationtest.engine.gregor.mutators.ConstructorCallMutator,acquireLock,109,NO_COVERAGE,none
BlockingCache.java,org.apache.ibatis.cache.decorators.BlockingCache,org.pitest.mutationtest.engine.gregor.mutators.ConstructorCallMutator,acquireLock,109,NO_COVERAGE,none
BlockingCache.java,org.apache.ibatis.cache.decorators.BlockingCache,org.pitest.mutationtest.engine.gregor.mutators.InlineConstantMutator,acquireLock,102,NO_COVERAGE,none
BlockingCache.java,org.apache.ibatis.cache.decorators.BlockingCache,org.pitest.mutationtest.engine.gregor.mutators.NegateConditionalsMutator,acquireLock,102,NO_COVERAGE,none
BlockingCache.java,org.apache.ibatis.cache.decorators.BlockingCache,org.pitest.mutationtest.engine.gregor.mutators.NegateConditionalsMutator,acquireLock,105,NO_COVERAGE,none
BlockingCache.java,org.apache.ibatis.cache.decorators.BlockingCache,org.pitest.mutationtest.engine.gregor.mutators.NonVoidMethodCallMutator,acquireLock,101,NO_COVERAGE,none
BlockingCache.java,org.apache.ibatis.cache.decorators.BlockingCache,org.pitest.mutationtest.engine.gregor.mutators.NonVoidMethodCallMutator,acquireLock,104,NO_COVERAGE,none
BlockingCache.java,org.apache.ibatis.cache.decorators.BlockingCache,org.pitest.mutationtest.engine.gregor.mutators.NonVoidMethodCallMutator,acquireLock,106,NO_COVERAGE,none
BlockingCache.java,org.apache.ibatis.cache.decorators.BlockingCache,org.pitest.mutationtest.engine.gregor.mutators.NonVoidMethodCallMutator,acquireLock,106,NO_COVERAGE,none
BlockingCache.java,org.apache.ibatis.cache.decorators.BlockingCache,org.pitest.mutationtest.engine.gregor.mutators.NonVoidMethodCallMutator,acquireLock,106,NO_COVERAGE,none
BlockingCache.java,org.apache.ibatis.cache.decorators.BlockingCache,org.pitest.mutationtest.engine.gregor.mutators.NonVoidMethodCallMutator,acquireLock,106,NO_COVERAGE,none
BlockingCache.java,org.apache.ibatis.cache.decorators.BlockingCache,org.pitest.mutationtest.engine.gregor.mutators.NonVoidMethodCallMutator,acquireLock,106,NO_COVERAGE,none
BlockingCache.java,org.apache.ibatis.cache.decorators.BlockingCache,org.pitest.mutationtest.engine.gregor.mutators.NonVoidMethodCallMutator,acquireLock,106,NO_COVERAGE,none
BlockingCache.java,org.apache.ibatis.cache.decorators.BlockingCache,org.pitest.mutationtest.engine.gregor.mutators.NonVoidMethodCallMutator,acquireLock,106,NO_COVERAGE,none
BlockingCache.java,org.apache.ibatis.cache.decorators.BlockingCache,org.pitest.mutationtest.engine.gregor.mutators.NonVoidMethodCallMutator,acquireLock,106,NO_COVERAGE,none
BlockingCache.java,org.apache.ibatis.cache.decorators.BlockingCache,org.pitest.mutationtest.engine.gregor.mutators.NonVoidMethodCallMutator,acquireLock,109,NO_COVERAGE,none
BlockingCache.java,org.apache.ibatis.cache.decorators.BlockingCache,org.pitest.mutationtest.engine.gregor.mutators.NonVoidMethodCallMutator,acquireLock,109,NO_COVERAGE,none
BlockingCache.java,org.apache.ibatis.cache.decorators.BlockingCache,org.pitest.mutationtest.engine.gregor.mutators.NonVoidMethodCallMutator,acquireLock,109,NO_COVERAGE,none
BlockingCache.java,org.apache.ibatis.cache.decorators.BlockingCache,org.pitest.mutationtest.engine.gregor.mutators.RemoveConditionalMutator_EQUAL_ELSE,acquireLock,105,NO_COVERAGE,none
BlockingCache.java,org.apache.ibatis.cache.decorators.BlockingCache,org.pitest.mutationtest.engine.gregor.mutators.RemoveConditionalMutator_EQUAL_IF,acquireLock,105,NO_COVERAGE,none
BlockingCache.java,org.apache.ibatis.cache.decorators.BlockingCache,org.pitest.mutationtest.engine.gregor.mutators.RemoveConditionalMutator_ORDER_ELSE,acquireLock,102,NO_COVERAGE,none
BlockingCache.java,org.apache.ibatis.cache.decorators.BlockingCache,org.pitest.mutationtest.engine.gregor.mutators.RemoveConditionalMutator_ORDER_IF,acquireLock,102,NO_COVERAGE,none
BlockingCache.java,org.apache.ibatis.cache.decorators.BlockingCache,org.pitest.mutationtest.engine.gregor.mutators.VoidMethodCallMutator,acquireLock,112,NO_COVERAGE,none
BlockingCache.java,org.apache.ibatis.cache.decorators.BlockingCache,org.pitest.mutationtest.engine.gregor.mutators.VoidMethodCallMutator,clear,86,NO_COVERAGE,none
BlockingCache.java,org.apache.ibatis.cache.decorators.BlockingCache,org.pitest.mutationtest.engine.gregor.mutators.NonVoidMethodCallMutator,getId,50,NO_COVERAGE,none
BlockingCache.java,org.apache.ibatis.cache.decorators.BlockingCache,org.pitest.mutationtest.engine.gregor.mutators.ReturnValsMutator,getId,50,NO_COVERAGE,none
BlockingCache.java,org.apache.ibatis.cache.decorators.BlockingCache,org.pitest.mutationtest.engine.gregor.mutators.ArgumentPropagationMutator,getLockForKey,96,NO_COVERAGE,none
BlockingCache.java,org.apache.ibatis.cache.decorators.BlockingCache,org.pitest.mutationtest.engine.gregor.mutators.ConstructorCallMutator,getLockForKey,95,NO_COVERAGE,none
BlockingCache.java,org.apache.ibatis.cache.decorators.BlockingCache,org.pitest.mutationtest.engine.gregor.mutators.NegateConditionalsMutator,getLockForKey,97,NO_COVERAGE,none
BlockingCache.java,org.apache.ibatis.cache.decorators.BlockingCache,org.pitest.mutationtest.engine.gregor.mutators.NonVoidMethodCallMutator,getLockForKey,96,NO_COVERAGE,none
BlockingCache.java,org.apache.ibatis.cache.decorators.BlockingCache,org.pitest.mutationtest.engine.gregor.mutators.RemoveConditionalMutator_EQUAL_ELSE,getLockForKey,97,NO_COVERAGE,none
BlockingCache.java,org.apache.ibatis.cache.decorators.BlockingCache,org.pitest.mutationtest.engine.gregor.mutators.RemoveConditionalMutator_EQUAL_IF,getLockForKey,97,NO_COVERAGE,none
BlockingCache.java,org.apache.ibatis.cache.decorators.BlockingCache,org.pitest.mutationtest.engine.gregor.mutators.ReturnValsMutator,getLockForKey,97,NO_COVERAGE,none
BlockingCache.java,org.apache.ibatis.cache.decorators.BlockingCache,org.pitest.mutationtest.engine.gregor.mutators.ArgumentPropagationMutator,getObject,70,NO_COVERAGE,none
BlockingCache.java,org.apache.ibatis.cache.decorators.BlockingCache,org.pitest.mutationtest.engine.gregor.mutators.NegateConditionalsMutator,getObject,71,NO_COVERAGE,none
BlockingCache.java,org.apache.ibatis.cache.decorators.BlockingCache,org.pitest.mutationtest.engine.gregor.mutators.NonVoidMethodCallMutator,getObject,70,NO_COVERAGE,none
BlockingCache.java,org.apache.ibatis.cache.decorators.BlockingCache,org.pitest.mutationtest.engine.gregor.mutators.RemoveConditionalMutator_EQUAL_ELSE,getObject,71,NO_COVERAGE,none
BlockingCache.java,org.apache.ibatis.cache.decorators.BlockingCache,org.pitest.mutationtest.engine.gregor.mutators.RemoveConditionalMutator_EQUAL_IF,getObject,71,NO_COVERAGE,none
BlockingCache.java,org.apache.ibatis.cache.decorators.BlockingCache,org.pitest.mutationtest.engine.gregor.mutators.VoidMethodCallMutator,getObject,69,NO_COVERAGE,none
BlockingCache.java,org.apache.ibatis.cache.decorators.BlockingCache,org.pitest.mutationtest.engine.gregor.mutators.VoidMethodCallMutator,getObject,72,NO_COVERAGE,none
BlockingCache.java,org.apache.ibatis.cache.decorators.BlockingCache,org.pitest.mutationtest.engine.gregor.mutators.ReturnValsMutator,getReadWriteLock,91,NO_COVERAGE,none
BlockingCache.java,org.apache.ibatis.cache.decorators.BlockingCache,org.pitest.mutationtest.engine.gregor.mutators.NonVoidMethodCallMutator,getSize,55,NO_COVERAGE,none
BlockingCache.java,org.apache.ibatis.cache.decorators.BlockingCache,org.pitest.mutationtest.engine.gregor.mutators.ReturnValsMutator,getSize,55,NO_COVERAGE,none
BlockingCache.java,org.apache.ibatis.cache.decorators.BlockingCache,org.pitest.mutationtest.engine.gregor.mutators.ReturnValsMutator,getTimeout,124,NO_COVERAGE,none
BlockingCache.java,org.apache.ibatis.cache.decorators.BlockingCache,org.pitest.mutationtest.engine.gregor.mutators.VoidMethodCallMutator,putObject,61,NO_COVERAGE,none
BlockingCache.java,org.apache.ibatis.cache.decorators.BlockingCache,org.pitest.mutationtest.engine.gregor.mutators.RemoveConditionalMutator_EQUAL_IF,releaseLock,118,NO_COVERAGE,none
BlockingCache.java,org.apache.ibatis.cache.decorators.BlockingCache,org.pitest.mutationtest.engine.gregor.mutators.ReturnValsMutator,removeObject,81,NO_COVERAGE,none
BlockingCache.java,org.apache.ibatis.cache.decorators.BlockingCache,org.pitest.mutationtest.engine.gregor.mutators.VoidMethodCallMutator,removeObject,80,NO_COVERAGE,none
BlockingCache.java,org.apache.ibatis.cache.decorators.BlockingCache,org.pitest.mutationtest.engine.gregor.mutators.experimental.MemberVariableMutator,setTimeout,128,NO_COVERAGE,none
GenericTokenParser.java,org.apache.ibatis.parsing.GenericTokenParser,org.pitest.mutationtest.engine.gregor.mutators.experimental.MemberVariableMutator,<init>,28,KILLED,org.apache.ibatis.submitted.extend.ExtendTest.org.apache.ibatis.submitted.extend.ExtendTest
GenericTokenParser.java,org.apache.ibatis.parsing.GenericTokenParser,org.pitest.mutationtest.engine.gregor.mutators.experimental.MemberVariableMutator,<init>,30,KILLED,org.apache.ibatis.submitted.extend.ExtendTest.org.apache.ibatis.submitted.extend.ExtendTest
GenericTokenParser.java,org.apache.ibatis.parsing.GenericTokenParser,org.pitest.mutationtest.engine.gregor.mutators.ArgumentPropagationMutator,parse,40,SURVIVED,none
GenericTokenParser.java,org.apache.ibatis.parsing.GenericTokenParser,org.pitest.mutationtest.engine.gregor.mutators.ArgumentPropagationMutator,parse,60,NO_COVERAGE,none
GenericTokenParser.java,org.apache.ibatis.parsing.GenericTokenParser,org.pitest.mutationtest.engine.gregor.mutators.ArgumentPropagationMutator,parse,66,NO_COVERAGE,none
GenericTokenParser.java,org.apache.ibatis.parsing.GenericTokenParser,org.pitest.mutationtest.engine.gregor.mutators.ConditionalsBoundaryMutator,parse,46,NO_COVERAGE,none
GenericTokenParser.java,org.apache.ibatis.parsing.GenericTokenParser,org.pitest.mutationtest.engine.gregor.mutators.ConditionalsBoundaryMutator,parse,47,NO_COVERAGE,none
GenericTokenParser.java,org.apache.ibatis.parsing.GenericTokenParser,org.pitest.mutationtest.engine.gregor.mutators.ConditionalsBoundaryMutator,parse,62,NO_COVERAGE,none
GenericTokenParser.java,org.apache.ibatis.parsing.GenericTokenParser,org.pitest.mutationtest.engine.gregor.mutators.ConstructorCallMutator,parse,44,NO_COVERAGE,none
GenericTokenParser.java,org.apache.ibatis.parsing.GenericTokenParser,org.pitest.mutationtest.engine.gregor.mutators.ConstructorCallMutator,parse,54,NO_COVERAGE,none
GenericTokenParser.java,org.apache.ibatis.parsing.GenericTokenParser,org.pitest.mutationtest.engine.gregor.mutators.InlineConstantMutator,parse,41,KILLED,org.apache.ibatis.submitted.extend.ExtendTest.org.apache.ibatis.submitted.extend.ExtendTest
GenericTokenParser.java,org.apache.ibatis.parsing.GenericTokenParser,org.pitest.mutationtest.engine.gregor.mutators.InlineConstantMutator,parse,49,NO_COVERAGE,none
GenericTokenParser.java,org.apache.ibatis.parsing.GenericTokenParser,org.pitest.mutationtest.engine.gregor.mutators.InlineConstantMutator,parse,56,NO_COVERAGE,none
GenericTokenParser.java,org.apache.ibatis.parsing.GenericTokenParser,org.pitest.mutationtest.engine.gregor.mutators.InlineConstantMutator,parse,61,NO_COVERAGE,none
GenericTokenParser.java,org.apache.ibatis.parsing.GenericTokenParser,org.pitest.mutationtest.engine.gregor.mutators.InlineConstantMutator,parse,64,NO_COVERAGE,none
GenericTokenParser.java,org.apache.ibatis.parsing.GenericTokenParser,org.pitest.mutationtest.engine.gregor.mutators.MathMutator,parse,49,NO_COVERAGE,none
GenericTokenParser.java,org.apache.ibatis.parsing.GenericTokenParser,org.pitest.mutationtest.engine.gregor.mutators.MathMutator,parse,49,NO_COVERAGE,none
GenericTokenParser.java,org.apache.ibatis.parsing.GenericTokenParser,org.pitest.mutationtest.engine.gregor.mutators.MathMutator,parse,50,NO_COVERAGE,none
GenericTokenParser.java,org.apache.ibatis.parsing.GenericTokenParser,org.pitest.mutationtest.engine.gregor.mutators.MathMutator,parse,58,NO_COVERAGE,none
GenericTokenParser.java,org.apache.ibatis.parsing.GenericTokenParser,org.pitest.mutationtest.engine.gregor.mutators.MathMutator,parse,59,NO_COVERAGE,none
GenericTokenParser.java,org.apache.ibatis.parsing.GenericTokenParser,org.pitest.mutationtest.engine.gregor.mutators.MathMutator,parse,64,NO_COVERAGE,none
GenericTokenParser.java,org.apache.ibatis.parsing.GenericTokenParser,org.pitest.mutationtest.engine.gregor.mutators.MathMutator,parse,64,NO_COVERAGE,none
GenericTokenParser.java,org.apache.ibatis.parsing.GenericTokenParser,org.pitest.mutationtest.engine.gregor.mutators.MathMutator,parse,75,NO_COVERAGE,none
GenericTokenParser.java,org.apache.ibatis.parsing.GenericTokenParser,org.pitest.mutationtest.engine.gregor.mutators.MathMutator,parse,79,NO_COVERAGE,none
GenericTokenParser.java,org.apache.ibatis.parsing.GenericTokenParser,org.pitest.mutationtest.engine.gregor.mutators.NegateConditionalsMutator,parse,34,KILLED,org.apache.ibatis.submitted.extend.ExtendTest.org.apache.ibatis.submitted.extend.ExtendTest
GenericTokenParser.java,org.apache.ibatis.parsing.GenericTokenParser,org.pitest.mutationtest.engine.gregor.mutators.NegateConditionalsMutator,parse,53,NO_COVERAGE,none
GenericTokenParser.java,org.apache.ibatis.parsing.GenericTokenParser,org.pitest.mutationtest.engine.gregor.mutators.NegateConditionalsMutator,parse,61,NO_COVERAGE,none
GenericTokenParser.java,org.apache.ibatis.parsing.GenericTokenParser,org.pitest.mutationtest.engine.gregor.mutators.NegateConditionalsMutator,parse,62,NO_COVERAGE,none
GenericTokenParser.java,org.apache.ibatis.parsing.GenericTokenParser,org.pitest.mutationtest.engine.gregor.mutators.NonVoidMethodCallMutator,parse,40,KILLED,org.apache.ibatis.submitted.extend.ExtendTest.org.apache.ibatis.submitted.extend.ExtendTest
GenericTokenParser.java,org.apache.ibatis.parsing.GenericTokenParser,org.pitest.mutationtest.engine.gregor.mutators.NonVoidMethodCallMutator,parse,49,NO_COVERAGE,none
GenericTokenParser.java,org.apache.ibatis.parsing.GenericTokenParser,org.pitest.mutationtest.engine.gregor.mutators.NonVoidMethodCallMutator,parse,49,NO_COVERAGE,none
GenericTokenParser.java,org.apache.ibatis.parsing.GenericTokenParser,org.pitest.mutationtest.engine.gregor.mutators.NonVoidMethodCallMutator,parse,50,NO_COVERAGE,none
GenericTokenParser.java,org.apache.ibatis.parsing.GenericTokenParser,org.pitest.mutationtest.engine.gregor.mutators.NonVoidMethodCallMutator,parse,60,NO_COVERAGE,none
GenericTokenParser.java,org.apache.ibatis.parsing.GenericTokenParser,org.pitest.mutationtest.engine.gregor.mutators.NonVoidMethodCallMutator,parse,64,NO_COVERAGE,none
GenericTokenParser.java,org.apache.ibatis.parsing.GenericTokenParser,org.pitest.mutationtest.engine.gregor.mutators.NonVoidMethodCallMutator,parse,64,NO_COVERAGE,none
GenericTokenParser.java,org.apache.ibatis.parsing.GenericTokenParser,org.pitest.mutationtest.engine.gregor.mutators.NonVoidMethodCallMutator,parse,65,NO_COVERAGE,none
GenericTokenParser.java,org.apache.ibatis.parsing.GenericTokenParser,org.pitest.mutationtest.engine.gregor.mutators.NonVoidMethodCallMutator,parse,66,NO_COVERAGE,none
GenericTokenParser.java,org.apache.ibatis.parsing.GenericTokenParser,org.pitest.mutationtest.engine.gregor.mutators.NonVoidMethodCallMutator,parse,68,NO_COVERAGE,none
GenericTokenParser.java,org.apache.ibatis.parsing.GenericTokenParser,org.pitest.mutationtest.engine.gregor.mutators.NonVoidMethodCallMutator,parse,75,NO_COVERAGE,none
GenericTokenParser.java,org.apache.ibatis.parsing.GenericTokenParser,org.pitest.mutationtest.engine.gregor.mutators.NonVoidMethodCallMutator,parse,79,NO_COVERAGE,none
GenericTokenParser.java,org.apache.ibatis.parsing.GenericTokenParser,org.pitest.mutationtest.engine.gregor.mutators.NonVoidMethodCallMutator,parse,82,NO_COVERAGE,none
GenericTokenParser.java,org.apache.ibatis.parsing.GenericTokenParser,org.pitest.mutationtest.engine.gregor.mutators.RemoveConditionalMutator_EQUAL_ELSE,parse,34,KILLED,org.apache.ibatis.submitted.extend.ExtendTest.org.apache.ibatis.submitted.extend.ExtendTest
GenericTokenParser.java,org.apache.ibatis.parsing.GenericTokenParser,org.pitest.mutationtest.engine.gregor.mutators.RemoveConditionalMutator_EQUAL_ELSE,parse,47,NO_COVERAGE,none
GenericTokenParser.java,org.apache.ibatis.parsing.GenericTokenParser,org.pitest.mutationtest.engine.gregor.mutators.RemoveConditionalMutator_EQUAL_IF,parse,41,KILLED,org.apache.ibatis.submitted.extend.ExtendTest.org.apache.ibatis.submitted.extend.ExtendTest
GenericTokenParser.java,org.apache.ibatis.parsing.GenericTokenParser,org.pitest.mutationtest.engine.gregor.mutators.RemoveConditionalMutator_EQUAL_IF,parse,62,NO_COVERAGE,none
GenericTokenParser.java,org.apache.ibatis.parsing.GenericTokenParser,org.pitest.mutationtest.engine.gregor.mutators.RemoveConditionalMutator_ORDER_ELSE,parse,46,NO_COVERAGE,none
GenericTokenParser.java,org.apache.ibatis.parsing.GenericTokenParser,org.pitest.mutationtest.engine.gregor.mutators.RemoveConditionalMutator_ORDER_ELSE,parse,47,NO_COVERAGE,none
GenericTokenParser.java,org.apache.ibatis.parsing.GenericTokenParser,org.pitest.mutationtest.engine.gregor.mutators.RemoveConditionalMutator_ORDER_IF,parse,46,NO_COVERAGE,none
GenericTokenParser.java,org.apache.ibatis.parsing.GenericTokenParser,org.pitest.mutationtest.engine.gregor.mutators.RemoveConditionalMutator_ORDER_IF,parse,47,NO_COVERAGE,none
GenericTokenParser.java,org.apache.ibatis.parsing.GenericTokenParser,org.pitest.mutationtest.engine.gregor.mutators.RemoveConditionalMutator_ORDER_IF,parse,62,NO_COVERAGE,none
GenericTokenParser.java,org.apache.ibatis.parsing.GenericTokenParser,org.pitest.mutationtest.engine.gregor.mutators.RemoveConditionalMutator_ORDER_IF,parse,84,NO_COVERAGE,none
GenericTokenParser.java,org.apache.ibatis.parsing.GenericTokenParser,org.pitest.mutationtest.engine.gregor.mutators.ReturnValsMutator,parse,35,KILLED,org.apache.ibatis.submitted.extend.ExtendTest.org.apache.ibatis.submitted.extend.ExtendTest
SerializedCache.java,org.apache.ibatis.cache.decorators.SerializedCache,org.pitest.mutationtest.engine.gregor.mutators.experimental.MemberVariableMutator,<init>,40,NO_COVERAGE,none
SerializedCache.java,org.apache.ibatis.cache.decorators.SerializedCache,org.pitest.mutationtest.engine.gregor.mutators.VoidMethodCallMutator,clear,75,NO_COVERAGE,none
SerializedCache.java,org.apache.ibatis.cache.decorators.SerializedCache,org.pitest.mutationtest.engine.gregor.mutators.ConstructorCallMutator,deserialize,109,NO_COVERAGE,none
SerializedCache.java,org.apache.ibatis.cache.decorators.SerializedCache,org.pitest.mutationtest.engine.gregor.mutators.ConstructorCallMutator,deserialize,110,NO_COVERAGE,none
SerializedCache.java,org.apache.ibatis.cache.decorators.SerializedCache,org.pitest.mutationtest.engine.gregor.mutators.ConstructorCallMutator,deserialize,114,NO_COVERAGE,none
SerializedCache.java,org.apache.ibatis.cache.decorators.SerializedCache,org.pitest.mutationtest.engine.gregor.mutators.ConstructorCallMutator,deserialize,114,NO_COVERAGE,none
SerializedCache.java,org.apache.ibatis.cache.decorators.SerializedCache,org.pitest.mutationtest.engine.gregor.mutators.NonVoidMethodCallMutator,deserialize,111,NO_COVERAGE,none
SerializedCache.java,org.apache.ibatis.cache.decorators.SerializedCache,org.pitest.mutationtest.engine.gregor.mutators.NonVoidMethodCallMutator,deserialize,114,NO_COVERAGE,none
SerializedCache.java,org.apache.ibatis.cache.decorators.SerializedCache,org.pitest.mutationtest.engine.gregor.mutators.NonVoidMethodCallMutator,deserialize,114,NO_COVERAGE,none
SerializedCache.java,org.apache.ibatis.cache.decorators.SerializedCache,org.pitest.mutationtest.engine.gregor.mutators.NonVoidMethodCallMutator,deserialize,114,NO_COVERAGE,none
SerializedCache.java,org.apache.ibatis.cache.decorators.SerializedCache,org.pitest.mutationtest.engine.gregor.mutators.ReturnValsMutator,deserialize,116,NO_COVERAGE,none
SerializedCache.java,org.apache.ibatis.cache.decorators.SerializedCache,org.pitest.mutationtest.engine.gregor.mutators.VoidMethodCallMutator,deserialize,112,NO_COVERAGE,none
SerializedCache.java,org.apache.ibatis.cache.decorators.SerializedCache,org.pitest.mutationtest.engine.gregor.mutators.NonVoidMethodCallMutator,equals,90,NO_COVERAGE,none
SerializedCache.java,org.apache.ibatis.cache.decorators.SerializedCache,org.pitest.mutationtest.engine.gregor.mutators.ReturnValsMutator,equals,90,NO_COVERAGE,none
SerializedCache.java,org.apache.ibatis.cache.decorators.SerializedCache,org.pitest.mutationtest.engine.gregor.mutators.NonVoidMethodCallMutator,getId,45,NO_COVERAGE,none
SerializedCache.java,org.apache.ibatis.cache.decorators.SerializedCache,org.pitest.mutationtest.engine.gregor.mutators.ReturnValsMutator,getId,45,NO_COVERAGE,none
SerializedCache.java,org.apache.ibatis.cache.decorators.SerializedCache,org.pitest.mutationtest.engine.gregor.mutators.NonVoidMethodCallMutator,getObject,64,NO_COVERAGE,none
SerializedCache.java,org.apache.ibatis.cache.decorators.SerializedCache,org.pitest.mutationtest.engine.gregor.mutators.NonVoidMethodCallMutator,getObject,65,NO_COVERAGE,none
SerializedCache.java,org.apache.ibatis.cache.decorators.SerializedCache,org.pitest.mutationtest.engine.gregor.mutators.RemoveConditionalMutator_EQUAL_IF,getObject,65,NO_COVERAGE,none
SerializedCache.java,org.apache.ibatis.cache.decorators.SerializedCache,org.pitest.mutationtest.engine.gregor.mutators.ReturnValsMutator,getReadWriteLock,80,NO_COVERAGE,none
SerializedCache.java,org.apache.ibatis.cache.decorators.SerializedCache,org.pitest.mutationtest.engine.gregor.mutators.NonVoidMethodCallMutator,getSize,50,NO_COVERAGE,none
SerializedCache.java,org.apache.ibatis.cache.decorators.SerializedCache,org.pitest.mutationtest.engine.gregor.mutators.ReturnValsMutator,getSize,50,NO_COVERAGE,none
SerializedCache.java,org.apache.ibatis.cache.decorators.SerializedCache,org.pitest.mutationtest.engine.gregor.mutators.NonVoidMethodCallMutator,hashCode,85,NO_COVERAGE,none
SerializedCache.java,org.apache.ibatis.cache.decorators.SerializedCache,org.pitest.mutationtest.engine.gregor.mutators.ReturnValsMutator,hashCode,85,NO_COVERAGE,none
SerializedCache.java,org.apache.ibatis.cache.decorators.SerializedCache,org.pitest.mutationtest.engine.gregor.mutators.ConstructorCallMutator,putObject,58,NO_COVERAGE,none
SerializedCache.java,org.apache.ibatis.cache.decorators.SerializedCache,org.pitest.mutationtest.engine.gregor.mutators.ConstructorCallMutator,putObject,58,NO_COVERAGE,none
SerializedCache.java,org.apache.ibatis.cache.decorators.SerializedCache,org.pitest.mutationtest.engine.gregor.mutators.NegateConditionalsMutator,putObject,55,NO_COVERAGE,none
SerializedCache.java,org.apache.ibatis.cache.decorators.SerializedCache,org.pitest.mutationtest.engine.gregor.mutators.NegateConditionalsMutator,putObject,55,NO_COVERAGE,none
SerializedCache.java,org.apache.ibatis.cache.decorators.SerializedCache,org.pitest.mutationtest.engine.gregor.mutators.NonVoidMethodCallMutator,putObject,56,NO_COVERAGE,none
SerializedCache.java,org.apache.ibatis.cache.decorators.SerializedCache,org.pitest.mutationtest.engine.gregor.mutators.NonVoidMethodCallMutator,putObject,58,NO_COVERAGE,none
SerializedCache.java,org.apache.ibatis.cache.decorators.SerializedCache,org.pitest.mutationtest.engine.gregor.mutators.NonVoidMethodCallMutator,putObject,58,NO_COVERAGE,none
SerializedCache.java,org.apache.ibatis.cache.decorators.SerializedCache,org.pitest.mutationtest.engine.gregor.mutators.NonVoidMethodCallMutator,putObject,58,NO_COVERAGE,none
SerializedCache.java,org.apache.ibatis.cache.decorators.SerializedCache,org.pitest.mutationtest.engine.gregor.mutators.RemoveConditionalMutator_EQUAL_ELSE,putObject,55,NO_COVERAGE,none
SerializedCache.java,org.apache.ibatis.cache.decorators.SerializedCache,org.pitest.mutationtest.engine.gregor.mutators.RemoveConditionalMutator_EQUAL_ELSE,putObject,55,NO_COVERAGE,none
SerializedCache.java,org.apache.ibatis.cache.decorators.SerializedCache,org.pitest.mutationtest.engine.gregor.mutators.RemoveConditionalMutator_EQUAL_IF,putObject,55,NO_COVERAGE,none
SerializedCache.java,org.apache.ibatis.cache.decorators.SerializedCache,org.pitest.mutationtest.engine.gregor.mutators.RemoveConditionalMutator_EQUAL_IF,putObject,55,NO_COVERAGE,none
SerializedCache.java,org.apache.ibatis.cache.decorators.SerializedCache,org.pitest.mutationtest.engine.gregor.mutators.VoidMethodCallMutator,putObject,56,NO_COVERAGE,none
SerializedCache.java,org.apache.ibatis.cache.decorators.SerializedCache,org.pitest.mutationtest.engine.gregor.mutators.ArgumentPropagationMutator,removeObject,70,NO_COVERAGE,none
SerializedCache.java,org.apache.ibatis.cache.decorators.SerializedCache,org.pitest.mutationtest.engine.gregor.mutators.NonVoidMethodCallMutator,removeObject,70,NO_COVERAGE,none
SerializedCache.java,org.apache.ibatis.cache.decorators.SerializedCache,org.pitest.mutationtest.engine.gregor.mutators.ReturnValsMutator,removeObject,70,NO_COVERAGE,none
SerializedCache.java,org.apache.ibatis.cache.decorators.SerializedCache,org.pitest.mutationtest.engine.gregor.mutators.ConstructorCallMutator,serialize,95,NO_COVERAGE,none
SerializedCache.java,org.apache.ibatis.cache.decorators.SerializedCache,org.pitest.mutationtest.engine.gregor.mutators.ConstructorCallMutator,serialize,96,NO_COVERAGE,none
SerializedCache.java,org.apache.ibatis.cache.decorators.SerializedCache,org.pitest.mutationtest.engine.gregor.mutators.ConstructorCallMutator,serialize,102,NO_COVERAGE,none
SerializedCache.java,org.apache.ibatis.cache.decorators.SerializedCache,org.pitest.mutationtest.engine.gregor.mutators.ConstructorCallMutator,serialize,102,NO_COVERAGE,none
SerializedCache.java,org.apache.ibatis.cache.decorators.SerializedCache,org.pitest.mutationtest.engine.gregor.mutators.NonVoidMethodCallMutator,serialize,100,NO_COVERAGE,none
SerializedCache.java,org.apache.ibatis.cache.decorators.SerializedCache,org.pitest.mutationtest.engine.gregor.mutators.NonVoidMethodCallMutator,serialize,102,NO_COVERAGE,none
SerializedCache.java,org.apache.ibatis.cache.decorators.SerializedCache,org.pitest.mutationtest.engine.gregor.mutators.NonVoidMethodCallMutator,serialize,102,NO_COVERAGE,none
SerializedCache.java,org.apache.ibatis.cache.decorators.SerializedCache,org.pitest.mutationtest.engine.gregor.mutators.NonVoidMethodCallMutator,serialize,102,NO_COVERAGE,none
SerializedCache.java,org.apache.ibatis.cache.decorators.SerializedCache,org.pitest.mutationtest.engine.gregor.mutators.ReturnValsMutator,serialize,100,NO_COVERAGE,none
SerializedCache.java,org.apache.ibatis.cache.decorators.SerializedCache,org.pitest.mutationtest.engine.gregor.mutators.VoidMethodCallMutator,serialize,97,NO_COVERAGE,none
SerializedCache.java,org.apache.ibatis.cache.decorators.SerializedCache,org.pitest.mutationtest.engine.gregor.mutators.VoidMethodCallMutator,serialize,98,NO_COVERAGE,none
SerializedCache.java,org.apache.ibatis.cache.decorators.SerializedCache,org.pitest.mutationtest.engine.gregor.mutators.VoidMethodCallMutator,serialize,99,NO_COVERAGE,none
SoftCache.java,org.apache.ibatis.cache.decorators.SoftCache,org.pitest.mutationtest.engine.gregor.mutators.ConstructorCallMutator,<init>,41,NO_COVERAGE,none
SoftCache.java,org.apache.ibatis.cache.decorators.SoftCache,org.pitest.mutationtest.engine.gregor.mutators.ConstructorCallMutator,<init>,42,NO_COVERAGE,none
SoftCache.java,org.apache.ibatis.cache.decorators.SoftCache,org.pitest.mutationtest.engine.gregor.mutators.InlineConstantMutator,<init>,40,NO_COVERAGE,none
SoftCache.java,org.apache.ibatis.cache.decorators.SoftCache,org.pitest.mutationtest.engine.gregor.mutators.experimental.MemberVariableMutator,<init>,39,NO_COVERAGE,none
SoftCache.java,org.apache.ibatis.cache.decorators.SoftCache,org.pitest.mutationtest.engine.gregor.mutators.experimental.MemberVariableMutator,<init>,40,NO_COVERAGE,none
SoftCache.java,org.apache.ibatis.cache.decorators.SoftCache,org.pitest.mutationtest.engine.gregor.mutators.experimental.MemberVariableMutator,<init>,41,NO_COVERAGE,none
SoftCache.java,org.apache.ibatis.cache.decorators.SoftCache,org.pitest.mutationtest.engine.gregor.mutators.experimental.MemberVariableMutator,<init>,42,NO_COVERAGE,none
SoftCache.java,org.apache.ibatis.cache.decorators.SoftCache,org.pitest.mutationtest.engine.gregor.mutators.VoidMethodCallMutator,clear,98,NO_COVERAGE,none
SoftCache.java,org.apache.ibatis.cache.decorators.SoftCache,org.pitest.mutationtest.engine.gregor.mutators.VoidMethodCallMutator,clear,100,NO_COVERAGE,none
SoftCache.java,org.apache.ibatis.cache.decorators.SoftCache,org.pitest.mutationtest.engine.gregor.mutators.VoidMethodCallMutator,clear,101,NO_COVERAGE,none
SoftCache.java,org.apache.ibatis.cache.decorators.SoftCache,org.pitest.mutationtest.engine.gregor.mutators.NonVoidMethodCallMutator,getId,47,NO_COVERAGE,none
SoftCache.java,org.apache.ibatis.cache.decorators.SoftCache,org.pitest.mutationtest.engine.gregor.mutators.ReturnValsMutator,getId,47,NO_COVERAGE,none
SoftCache.java,org.apache.ibatis.cache.decorators.SoftCache,org.pitest.mutationtest.engine.gregor.mutators.ArgumentPropagationMutator,getObject,71,NO_COVERAGE,none
SoftCache.java,org.apache.ibatis.cache.decorators.SoftCache,org.pitest.mutationtest.engine.gregor.mutators.ArgumentPropagationMutator,getObject,75,NO_COVERAGE,none
SoftCache.java,org.apache.ibatis.cache.decorators.SoftCache,org.pitest.mutationtest.engine.gregor.mutators.ConditionalsBoundaryMutator,getObject,80,NO_COVERAGE,none
SoftCache.java,org.apache.ibatis.cache.decorators.SoftCache,org.pitest.mutationtest.engine.gregor.mutators.NegateConditionalsMutator,getObject,72,NO_COVERAGE,none
SoftCache.java,org.apache.ibatis.cache.decorators.SoftCache,org.pitest.mutationtest.engine.gregor.mutators.NegateConditionalsMutator,getObject,74,NO_COVERAGE,none
SoftCache.java,org.apache.ibatis.cache.decorators.SoftCache,org.pitest.mutationtest.engine.gregor.mutators.NegateConditionalsMutator,getObject,80,NO_COVERAGE,none
SoftCache.java,org.apache.ibatis.cache.decorators.SoftCache,org.pitest.mutationtest.engine.gregor.mutators.NonVoidMethodCallMutator,getObject,71,NO_COVERAGE,none
SoftCache.java,org.apache.ibatis.cache.decorators.SoftCache,org.pitest.mutationtest.engine.gregor.mutators.NonVoidMethodCallMutator,getObject,73,NO_COVERAGE,none
SoftCache.java,org.apache.ibatis.cache.decorators.SoftCache,org.pitest.mutationtest.engine.gregor.mutators.NonVoidMethodCallMutator,getObject,75,NO_COVERAGE,none
SoftCache.java,org.apache.ibatis.cache.decorators.SoftCache,org.pitest.mutationtest.engine.gregor.mutators.NonVoidMethodCallMutator,getObject,80,NO_COVERAGE,none
SoftCache.java,org.apache.ibatis.cache.decorators.SoftCache,org.pitest.mutationtest.engine.gregor.mutators.NonVoidMethodCallMutator,getObject,81,NO_COVERAGE,none
SoftCache.java,org.apache.ibatis.cache.decorators.SoftCache,org.pitest.mutationtest.engine.gregor.mutators.RemoveConditionalMutator_EQUAL_ELSE,getObject,72,NO_COVERAGE,none
SoftCache.java,org.apache.ibatis.cache.decorators.SoftCache,org.pitest.mutationtest.engine.gregor.mutators.RemoveConditionalMutator_EQUAL_ELSE,getObject,74,NO_COVERAGE,none
SoftCache.java,org.apache.ibatis.cache.decorators.SoftCache,org.pitest.mutationtest.engine.gregor.mutators.RemoveConditionalMutator_EQUAL_IF,getObject,72,NO_COVERAGE,none
SoftCache.java,org.apache.ibatis.cache.decorators.SoftCache,org.pitest.mutationtest.engine.gregor.mutators.RemoveConditionalMutator_EQUAL_IF,getObject,74,NO_COVERAGE,none
SoftCache.java,org.apache.ibatis.cache.decorators.SoftCache,org.pitest.mutationtest.engine.gregor.mutators.RemoveConditionalMutator_ORDER_ELSE,getObject,80,NO_COVERAGE,none
SoftCache.java,org.apache.ibatis.cache.decorators.SoftCache,org.pitest.mutationtest.engine.gregor.mutators.RemoveConditionalMutator_ORDER_IF,getObject,80,NO_COVERAGE,none
SoftCache.java,org.apache.ibatis.cache.decorators.SoftCache,org.pitest.mutationtest.engine.gregor.mutators.ReturnValsMutator,getObject,86,NO_COVERAGE,none
SoftCache.java,org.apache.ibatis.cache.decorators.SoftCache,org.pitest.mutationtest.engine.gregor.mutators.VoidMethodCallMutator,getObject,79,NO_COVERAGE,none
SoftCache.java,org.apache.ibatis.cache.decorators.SoftCache,org.pitest.mutationtest.engine.gregor.mutators.ReturnValsMutator,getReadWriteLock,106,NO_COVERAGE,none
SoftCache.java,org.apache.ibatis.cache.decorators.SoftCache,org.pitest.mutationtest.engine.gregor.mutators.NonVoidMethodCallMutator,getSize,53,NO_COVERAGE,none
SoftCache.java,org.apache.ibatis.cache.decorators.SoftCache,org.pitest.mutationtest.engine.gregor.mutators.ReturnValsMutator,getSize,53,NO_COVERAGE,none
SoftCache.java,org.apache.ibatis.cache.decorators.SoftCache,org.pitest.mutationtest.engine.gregor.mutators.VoidMethodCallMutator,getSize,52,NO_COVERAGE,none
SoftCache.java,org.apache.ibatis.cache.decorators.SoftCache,org.pitest.mutationtest.engine.gregor.mutators.ConstructorCallMutator,putObject,64,NO_COVERAGE,none
SoftCache.java,org.apache.ibatis.cache.decorators.SoftCache,org.pitest.mutationtest.engine.gregor.mutators.VoidMethodCallMutator,putObject,63,NO_COVERAGE,none
SoftCache.java,org.apache.ibatis.cache.decorators.SoftCache,org.pitest.mutationtest.engine.gregor.mutators.VoidMethodCallMutator,putObject,64,NO_COVERAGE,none
SoftCache.java,org.apache.ibatis.cache.decorators.SoftCache,org.pitest.mutationtest.engine.gregor.mutators.ArgumentPropagationMutator,removeGarbageCollectedItems,112,NO_COVERAGE,none
SoftCache.java,org.apache.ibatis.cache.decorators.SoftCache,org.pitest.mutationtest.engine.gregor.mutators.NegateConditionalsMutator,removeGarbageCollectedItems,111,NO_COVERAGE,none
SoftCache.java,org.apache.ibatis.cache.decorators.SoftCache,org.pitest.mutationtest.engine.gregor.mutators.NonVoidMethodCallMutator,removeGarbageCollectedItems,111,NO_COVERAGE,none
SoftCache.java,org.apache.ibatis.cache.decorators.SoftCache,org.pitest.mutationtest.engine.gregor.mutators.NonVoidMethodCallMutator,removeGarbageCollectedItems,112,NO_COVERAGE,none
SoftCache.java,org.apache.ibatis.cache.decorators.SoftCache,org.pitest.mutationtest.engine.gregor.mutators.NonVoidMethodCallMutator,removeGarbageCollectedItems,112,NO_COVERAGE,none
SoftCache.java,org.apache.ibatis.cache.decorators.SoftCache,org.pitest.mutationtest.engine.gregor.mutators.RemoveConditionalMutator_EQUAL_ELSE,removeGarbageCollectedItems,111,NO_COVERAGE,none
SoftCache.java,org.apache.ibatis.cache.decorators.SoftCache,org.pitest.mutationtest.engine.gregor.mutators.RemoveConditionalMutator_EQUAL_IF,removeGarbageCollectedItems,111,NO_COVERAGE,none
SoftCache.java,org.apache.ibatis.cache.decorators.SoftCache,org.pitest.mutationtest.engine.gregor.mutators.ArgumentPropagationMutator,removeObject,92,NO_COVERAGE,none
SoftCache.java,org.apache.ibatis.cache.decorators.SoftCache,org.pitest.mutationtest.engine.gregor.mutators.NonVoidMethodCallMutator,removeObject,92,NO_COVERAGE,none
SoftCache.java,org.apache.ibatis.cache.decorators.SoftCache,org.pitest.mutationtest.engine.gregor.mutators.ReturnValsMutator,removeObject,92,NO_COVERAGE,none
SoftCache.java,org.apache.ibatis.cache.decorators.SoftCache,org.pitest.mutationtest.engine.gregor.mutators.VoidMethodCallMutator,removeObject,91,NO_COVERAGE,none
SoftCache.java,org.apache.ibatis.cache.decorators.SoftCache,org.pitest.mutationtest.engine.gregor.mutators.experimental.MemberVariableMutator,setSize,58,NO_COVERAGE,none
MapperMethod.java,org.apache.ibatis.binding.MapperMethod$SqlCommand,org.pitest.mutationtest.engine.gregor.mutators.ConstructorCallMutator,<init>,215,KILLED,org.apache.ibatis.submitted.extend.ExtendTest.org.apache.ibatis.submitted.extend.ExtendTest
MapperMethod.java,org.apache.ibatis.binding.MapperMethod$SqlCommand,org.pitest.mutationtest.engine.gregor.mutators.ConstructorCallMutator,<init>,220,NO_COVERAGE,none
MapperMethod.java,org.apache.ibatis.binding.MapperMethod$SqlCommand,org.pitest.mutationtest.engine.gregor.mutators.ConstructorCallMutator,<init>,230,NO_COVERAGE,none
MapperMethod.java,org.apache.ibatis.binding.MapperMethod$SqlCommand,org.pitest.mutationtest.engine.gregor.mutators.ConstructorCallMutator,<init>,230,NO_COVERAGE,none
MapperMethod.java,org.apache.ibatis.binding.MapperMethod$SqlCommand,org.pitest.mutationtest.engine.gregor.mutators.ConstructorCallMutator,<init>,236,NO_COVERAGE,none
MapperMethod.java,org.apache.ibatis.binding.MapperMethod$SqlCommand,org.pitest.mutationtest.engine.gregor.mutators.ConstructorCallMutator,<init>,236,NO_COVERAGE,none
MapperMethod.java,org.apache.ibatis.binding.MapperMethod$SqlCommand,org.pitest.mutationtest.engine.gregor.mutators.NegateConditionalsMutator,<init>,217,KILLED,org.apache.ibatis.submitted.extend.ExtendTest.org.apache.ibatis.submitted.extend.ExtendTest
MapperMethod.java,org.apache.ibatis.binding.MapperMethod$SqlCommand,org.pitest.mutationtest.engine.gregor.mutators.NegateConditionalsMutator,<init>,219,NO_COVERAGE,none
MapperMethod.java,org.apache.ibatis.binding.MapperMethod$SqlCommand,org.pitest.mutationtest.engine.gregor.mutators.NegateConditionalsMutator,<init>,221,NO_COVERAGE,none
MapperMethod.java,org.apache.ibatis.binding.MapperMethod$SqlCommand,org.pitest.mutationtest.engine.gregor.mutators.NegateConditionalsMutator,<init>,226,NO_COVERAGE,none
MapperMethod.java,org.apache.ibatis.binding.MapperMethod$SqlCommand,org.pitest.mutationtest.engine.gregor.mutators.NonVoidMethodCallMutator,<init>,215,KILLED,org.apache.ibatis.submitted.extend.ExtendTest.org.apache.ibatis.submitted.extend.ExtendTest
MapperMethod.java,org.apache.ibatis.binding.MapperMethod$SqlCommand,org.pitest.mutationtest.engine.gregor.mutators.NonVoidMethodCallMutator,<init>,215,KILLED,org.apache.ibatis.submitted.extend.ExtendTest.org.apache.ibatis.submitted.extend.ExtendTest
MapperMethod.java,org.apache.ibatis.binding.MapperMethod$SqlCommand,org.pitest.mutationtest.engine.gregor.mutators.NonVoidMethodCallMutator,<init>,215,KILLED,org.apache.ibatis.submitted.extend.ExtendTest.org.apache.ibatis.submitted.extend.ExtendTest
MapperMethod.java,org.apache.ibatis.binding.MapperMethod$SqlCommand,org.pitest.mutationtest.engine.gregor.mutators.NonVoidMethodCallMutator,<init>,215,KILLED,org.apache.ibatis.submitted.extend.ExtendTest.org.apache.ibatis.submitted.extend.ExtendTest
MapperMethod.java,org.apache.ibatis.binding.MapperMethod$SqlCommand,org.pitest.mutationtest.engine.gregor.mutators.NonVoidMethodCallMutator,<init>,215,KILLED,org.apache.ibatis.submitted.extend.ExtendTest.org.apache.ibatis.submitted.extend.ExtendTest
MapperMethod.java,org.apache.ibatis.binding.MapperMethod$SqlCommand,org.pitest.mutationtest.engine.gregor.mutators.NonVoidMethodCallMutator,<init>,217,KILLED,org.apache.ibatis.submitted.extend.ExtendTest.org.apache.ibatis.submitted.extend.ExtendTest
MapperMethod.java,org.apache.ibatis.binding.MapperMethod$SqlCommand,org.pitest.mutationtest.engine.gregor.mutators.NonVoidMethodCallMutator,<init>,218,KILLED,org.apache.ibatis.submitted.extend.ExtendTest.org.apache.ibatis.submitted.extend.ExtendTest
MapperMethod.java,org.apache.ibatis.binding.MapperMethod$SqlCommand,org.pitest.mutationtest.engine.gregor.mutators.NonVoidMethodCallMutator,<init>,219,NO_COVERAGE,none
MapperMethod.java,org.apache.ibatis.binding.MapperMethod$SqlCommand,org.pitest.mutationtest.engine.gregor.mutators.NonVoidMethodCallMutator,<init>,219,NO_COVERAGE,none
MapperMethod.java,org.apache.ibatis.binding.MapperMethod$SqlCommand,org.pitest.mutationtest.engine.gregor.mutators.NonVoidMethodCallMutator,<init>,220,NO_COVERAGE,none
MapperMethod.java,org.apache.ibatis.binding.MapperMethod$SqlCommand,org.pitest.mutationtest.engine.gregor.mutators.NonVoidMethodCallMutator,<init>,220,NO_COVERAGE,none
MapperMethod.java,org.apache.ibatis.binding.MapperMethod$SqlCommand,org.pitest.mutationtest.engine.gregor.mutators.NonVoidMethodCallMutator,<init>,220,NO_COVERAGE,none
MapperMethod.java,org.apache.ibatis.binding.MapperMethod$SqlCommand,org.pitest.mutationtest.engine.gregor.mutators.NonVoidMethodCallMutator,<init>,220,NO_COVERAGE,none
MapperMethod.java,org.apache.ibatis.binding.MapperMethod$SqlCommand,org.pitest.mutationtest.engine.gregor.mutators.NonVoidMethodCallMutator,<init>,220,NO_COVERAGE,none
MapperMethod.java,org.apache.ibatis.binding.MapperMethod$SqlCommand,org.pitest.mutationtest.engine.gregor.mutators.NonVoidMethodCallMutator,<init>,220,NO_COVERAGE,none
MapperMethod.java,org.apache.ibatis.binding.MapperMethod$SqlCommand,org.pitest.mutationtest.engine.gregor.mutators.NonVoidMethodCallMutator,<init>,220,NO_COVERAGE,none
MapperMethod.java,org.apache.ibatis.binding.MapperMethod$SqlCommand,org.pitest.mutationtest.engine.gregor.mutators.NonVoidMethodCallMutator,<init>,221,NO_COVERAGE,none
MapperMethod.java,org.apache.ibatis.binding.MapperMethod$SqlCommand,org.pitest.mutationtest.engine.gregor.mutators.NonVoidMethodCallMutator,<init>,222,NO_COVERAGE,none
MapperMethod.java,org.apache.ibatis.binding.MapperMethod$SqlCommand,org.pitest.mutationtest.engine.gregor.mutators.NonVoidMethodCallMutator,<init>,226,NO_COVERAGE,none
MapperMethod.java,org.apache.ibatis.binding.MapperMethod$SqlCommand,org.pitest.mutationtest.engine.gregor.mutators.NonVoidMethodCallMutator,<init>,230,NO_COVERAGE,none
MapperMethod.java,org.apache.ibatis.binding.MapperMethod$SqlCommand,org.pitest.mutationtest.engine.gregor.mutators.NonVoidMethodCallMutator,<init>,230,NO_COVERAGE,none
MapperMethod.java,org.apache.ibatis.binding.MapperMethod$SqlCommand,org.pitest.mutationtest.engine.gregor.mutators.NonVoidMethodCallMutator,<init>,230,NO_COVERAGE,none
MapperMethod.java,org.apache.ibatis.binding.MapperMethod$SqlCommand,org.pitest.mutationtest.engine.gregor.mutators.NonVoidMethodCallMutator,<init>,233,KILLED,org.apache.ibatis.submitted.extend.ExtendTest.org.apache.ibatis.submitted.extend.ExtendTest
MapperMethod.java,org.apache.ibatis.binding.MapperMethod$SqlCommand,org.pitest.mutationtest.engine.gregor.mutators.NonVoidMethodCallMutator,<init>,236,NO_COVERAGE,none
MapperMethod.java,org.apache.ibatis.binding.MapperMethod$SqlCommand,org.pitest.mutationtest.engine.gregor.mutators.NonVoidMethodCallMutator,<init>,236,NO_COVERAGE,none
MapperMethod.java,org.apache.ibatis.binding.MapperMethod$SqlCommand,org.pitest.mutationtest.engine.gregor.mutators.NonVoidMethodCallMutator,<init>,236,NO_COVERAGE,none
MapperMethod.java,org.apache.ibatis.binding.MapperMethod$SqlCommand,org.pitest.mutationtest.engine.gregor.mutators.RemoveConditionalMutator_EQUAL_ELSE,<init>,219,NO_COVERAGE,none
MapperMethod.java,org.apache.ibatis.binding.MapperMethod$SqlCommand,org.pitest.mutationtest.engine.gregor.mutators.RemoveConditionalMutator_EQUAL_ELSE,<init>,221,NO_COVERAGE,none
MapperMethod.java,org.apache.ibatis.binding.MapperMethod$SqlCommand,org.pitest.mutationtest.engine.gregor.mutators.RemoveConditionalMutator_EQUAL_ELSE,<init>,225,KILLED,org.apache.ibatis.submitted.extend.ExtendTest.org.apache.ibatis.submitted.extend.ExtendTest
MapperMethod.java,org.apache.ibatis.binding.MapperMethod$SqlCommand,org.pitest.mutationtest.engine.gregor.mutators.RemoveConditionalMutator_EQUAL_ELSE,<init>,226,NO_COVERAGE,none
MapperMethod.java,org.apache.ibatis.binding.MapperMethod$SqlCommand,org.pitest.mutationtest.engine.gregor.mutators.RemoveConditionalMutator_EQUAL_ELSE,<init>,235,KILLED,org.apache.ibatis.submitted.extend.ExtendTest.org.apache.ibatis.submitted.extend.ExtendTest
MapperMethod.java,org.apache.ibatis.binding.MapperMethod$SqlCommand,org.pitest.mutationtest.engine.gregor.mutators.RemoveConditionalMutator_EQUAL_IF,<init>,217,KILLED,org.apache.ibatis.submitted.extend.ExtendTest.org.apache.ibatis.submitted.extend.ExtendTest
MapperMethod.java,org.apache.ibatis.binding.MapperMethod$SqlCommand,org.pitest.mutationtest.engine.gregor.mutators.RemoveConditionalMutator_EQUAL_IF,<init>,219,NO_COVERAGE,none
MapperMethod.java,org.apache.ibatis.binding.MapperMethod$SqlCommand,org.pitest.mutationtest.engine.gregor.mutators.RemoveConditionalMutator_EQUAL_IF,<init>,221,NO_COVERAGE,none
MapperMethod.java,org.apache.ibatis.binding.MapperMethod$SqlCommand,org.pitest.mutationtest.engine.gregor.mutators.RemoveConditionalMutator_EQUAL_IF,<init>,226,NO_COVERAGE,none
MapperMethod.java,org.apache.ibatis.binding.MapperMethod$SqlCommand,org.pitest.mutationtest.engine.gregor.mutators.RemoveConditionalMutator_EQUAL_IF,<init>,235,KILLED,org.apache.ibatis.submitted.extend.ExtendTest.org.apache.ibatis.submitted.extend.ExtendTest
MapperMethod.java,org.apache.ibatis.binding.MapperMethod$SqlCommand,org.pitest.mutationtest.engine.gregor.mutators.experimental.MemberVariableMutator,<init>,227,NO_COVERAGE,none
MapperMethod.java,org.apache.ibatis.binding.MapperMethod$SqlCommand,org.pitest.mutationtest.engine.gregor.mutators.experimental.MemberVariableMutator,<init>,228,NO_COVERAGE,none
MapperMethod.java,org.apache.ibatis.binding.MapperMethod$SqlCommand,org.pitest.mutationtest.engine.gregor.mutators.experimental.MemberVariableMutator,<init>,234,KILLED,org.apache.ibatis.submitted.extend.ExtendTest.org.apache.ibatis.submitted.extend.ExtendTest
SqlBuilder.java,org.apache.ibatis.jdbc.SqlBuilder,org.pitest.mutationtest.engine.gregor.mutators.NonVoidMethodCallMutator,AND,112,NO_COVERAGE,none
SqlBuilder.java,org.apache.ibatis.jdbc.SqlBuilder,org.pitest.mutationtest.engine.gregor.mutators.NonVoidMethodCallMutator,AND,112,NO_COVERAGE,none
SqlBuilder.java,org.apache.ibatis.jdbc.SqlBuilder,org.pitest.mutationtest.engine.gregor.mutators.VoidMethodCallMutator,BEGIN,36,NO_COVERAGE,none
SqlBuilder.java,org.apache.ibatis.jdbc.SqlBuilder,org.pitest.mutationtest.engine.gregor.mutators.NonVoidMethodCallMutator,DELETE_FROM,76,NO_COVERAGE,none
SqlBuilder.java,org.apache.ibatis.jdbc.SqlBuilder,org.pitest.mutationtest.engine.gregor.mutators.NonVoidMethodCallMutator,DELETE_FROM,76,NO_COVERAGE,none
SqlBuilder.java,org.apache.ibatis.jdbc.SqlBuilder,org.pitest.mutationtest.engine.gregor.mutators.NonVoidMethodCallMutator,FROM,80,NO_COVERAGE,none
SqlBuilder.java,org.apache.ibatis.jdbc.SqlBuilder,org.pitest.mutationtest.engine.gregor.mutators.NonVoidMethodCallMutator,FROM,80,NO_COVERAGE,none
SqlBuilder.java,org.apache.ibatis.jdbc.SqlBuilder,org.pitest.mutationtest.engine.gregor.mutators.NonVoidMethodCallMutator,GROUP_BY,116,NO_COVERAGE,none
SqlBuilder.java,org.apache.ibatis.jdbc.SqlBuilder,org.pitest.mutationtest.engine.gregor.mutators.NonVoidMethodCallMutator,GROUP_BY,116,NO_COVERAGE,none
SqlBuilder.java,org.apache.ibatis.jdbc.SqlBuilder,org.pitest.mutationtest.engine.gregor.mutators.NonVoidMethodCallMutator,HAVING,120,NO_COVERAGE,none
SqlBuilder.java,org.apache.ibatis.jdbc.SqlBuilder,org.pitest.mutationtest.engine.gregor.mutators.NonVoidMethodCallMutator,HAVING,120,NO_COVERAGE,none
SqlBuilder.java,org.apache.ibatis.jdbc.SqlBuilder,org.pitest.mutationtest.engine.gregor.mutators.NonVoidMethodCallMutator,INNER_JOIN,88,NO_COVERAGE,none
SqlBuilder.java,org.apache.ibatis.jdbc.SqlBuilder,org.pitest.mutationtest.engine.gregor.mutators.NonVoidMethodCallMutator,INNER_JOIN,88,NO_COVERAGE,none
SqlBuilder.java,org.apache.ibatis.jdbc.SqlBuilder,org.pitest.mutationtest.engine.gregor.mutators.NonVoidMethodCallMutator,INSERT_INTO,60,NO_COVERAGE,none
SqlBuilder.java,org.apache.ibatis.jdbc.SqlBuilder,org.pitest.mutationtest.engine.gregor.mutators.NonVoidMethodCallMutator,INSERT_INTO,60,NO_COVERAGE,none
SqlBuilder.java,org.apache.ibatis.jdbc.SqlBuilder,org.pitest.mutationtest.engine.gregor.mutators.NonVoidMethodCallMutator,JOIN,84,NO_COVERAGE,none
SqlBuilder.java,org.apache.ibatis.jdbc.SqlBuilder,org.pitest.mutationtest.engine.gregor.mutators.NonVoidMethodCallMutator,JOIN,84,NO_COVERAGE,none
SqlBuilder.java,org.apache.ibatis.jdbc.SqlBuilder,org.pitest.mutationtest.engine.gregor.mutators.NonVoidMethodCallMutator,LEFT_OUTER_JOIN,92,NO_COVERAGE,none
SqlBuilder.java,org.apache.ibatis.jdbc.SqlBuilder,org.pitest.mutationtest.engine.gregor.mutators.NonVoidMethodCallMutator,LEFT_OUTER_JOIN,92,NO_COVERAGE,none
SqlBuilder.java,org.apache.ibatis.jdbc.SqlBuilder,org.pitest.mutationtest.engine.gregor.mutators.NonVoidMethodCallMutator,OR,108,NO_COVERAGE,none
SqlBuilder.java,org.apache.ibatis.jdbc.SqlBuilder,org.pitest.mutationtest.engine.gregor.mutators.NonVoidMethodCallMutator,OR,108,NO_COVERAGE,none
SqlBuilder.java,org.apache.ibatis.jdbc.SqlBuilder,org.pitest.mutationtest.engine.gregor.mutators.NonVoidMethodCallMutator,ORDER_BY,124,NO_COVERAGE,none
SqlBuilder.java,org.apache.ibatis.jdbc.SqlBuilder,org.pitest.mutationtest.engine.gregor.mutators.NonVoidMethodCallMutator,ORDER_BY,124,NO_COVERAGE,none
SqlBuilder.java,org.apache.ibatis.jdbc.SqlBuilder,org.pitest.mutationtest.engine.gregor.mutators.NonVoidMethodCallMutator,OUTER_JOIN,100,NO_COVERAGE,none
SqlBuilder.java,org.apache.ibatis.jdbc.SqlBuilder,org.pitest.mutationtest.engine.gregor.mutators.NonVoidMethodCallMutator,OUTER_JOIN,100,NO_COVERAGE,none
SqlBuilder.java,org.apache.ibatis.jdbc.SqlBuilder,org.pitest.mutationtest.engine.gregor.mutators.ConstructorCallMutator,RESET,40,NO_COVERAGE,none
SqlBuilder.java,org.apache.ibatis.jdbc.SqlBuilder,org.pitest.mutationtest.engine.gregor.mutators.VoidMethodCallMutator,RESET,40,NO_COVERAGE,none
SqlBuilder.java,org.apache.ibatis.jdbc.SqlBuilder,org.pitest.mutationtest.engine.gregor.mutators.NonVoidMethodCallMutator,RIGHT_OUTER_JOIN,96,NO_COVERAGE,none
SqlBuilder.java,org.apache.ibatis.jdbc.SqlBuilder,org.pitest.mutationtest.engine.gregor.mutators.NonVoidMethodCallMutator,RIGHT_OUTER_JOIN,96,NO_COVERAGE,none
SqlBuilder.java,org.apache.ibatis.jdbc.SqlBuilder,org.pitest.mutationtest.engine.gregor.mutators.NonVoidMethodCallMutator,SELECT,68,NO_COVERAGE,none
SqlBuilder.java,org.apache.ibatis.jdbc.SqlBuilder,org.pitest.mutationtest.engine.gregor.mutators.NonVoidMethodCallMutator,SELECT,68,NO_COVERAGE,none
SqlBuilder.java,org.apache.ibatis.jdbc.SqlBuilder,org.pitest.mutationtest.engine.gregor.mutators.NonVoidMethodCallMutator,SELECT_DISTINCT,72,NO_COVERAGE,none
SqlBuilder.java,org.apache.ibatis.jdbc.SqlBuilder,org.pitest.mutationtest.engine.gregor.mutators.NonVoidMethodCallMutator,SELECT_DISTINCT,72,NO_COVERAGE,none
SqlBuilder.java,org.apache.ibatis.jdbc.SqlBuilder,org.pitest.mutationtest.engine.gregor.mutators.NonVoidMethodCallMutator,SET,48,NO_COVERAGE,none
SqlBuilder.java,org.apache.ibatis.jdbc.SqlBuilder,org.pitest.mutationtest.engine.gregor.mutators.NonVoidMethodCallMutator,SET,48,NO_COVERAGE,none
SqlBuilder.java,org.apache.ibatis.jdbc.SqlBuilder,org.pitest.mutationtest.engine.gregor.mutators.NonVoidMethodCallMutator,SQL,53,NO_COVERAGE,none
SqlBuilder.java,org.apache.ibatis.jdbc.SqlBuilder,org.pitest.mutationtest.engine.gregor.mutators.NonVoidMethodCallMutator,SQL,53,NO_COVERAGE,none
SqlBuilder.java,org.apache.ibatis.jdbc.SqlBuilder,org.pitest.mutationtest.engine.gregor.mutators.ReturnValsMutator,SQL,53,NO_COVERAGE,none
SqlBuilder.java,org.apache.ibatis.jdbc.SqlBuilder,org.pitest.mutationtest.engine.gregor.mutators.VoidMethodCallMutator,SQL,55,NO_COVERAGE,none
SqlBuilder.java,org.apache.ibatis.jdbc.SqlBuilder,org.pitest.mutationtest.engine.gregor.mutators.NonVoidMethodCallMutator,UPDATE,44,NO_COVERAGE,none
SqlBuilder.java,org.apache.ibatis.jdbc.SqlBuilder,org.pitest.mutationtest.engine.gregor.mutators.NonVoidMethodCallMutator,UPDATE,44,NO_COVERAGE,none
SqlBuilder.java,org.apache.ibatis.jdbc.SqlBuilder,org.pitest.mutationtest.engine.gregor.mutators.NonVoidMethodCallMutator,VALUES,64,NO_COVERAGE,none
SqlBuilder.java,org.apache.ibatis.jdbc.SqlBuilder,org.pitest.mutationtest.engine.gregor.mutators.NonVoidMethodCallMutator,VALUES,64,NO_COVERAGE,none
SqlBuilder.java,org.apache.ibatis.jdbc.SqlBuilder,org.pitest.mutationtest.engine.gregor.mutators.NonVoidMethodCallMutator,WHERE,104,NO_COVERAGE,none
SqlBuilder.java,org.apache.ibatis.jdbc.SqlBuilder,org.pitest.mutationtest.engine.gregor.mutators.NonVoidMethodCallMutator,WHERE,104,NO_COVERAGE,none
SqlBuilder.java,org.apache.ibatis.jdbc.SqlBuilder,org.pitest.mutationtest.engine.gregor.mutators.NonVoidMethodCallMutator,sql,128,NO_COVERAGE,none
SqlBuilder.java,org.apache.ibatis.jdbc.SqlBuilder,org.pitest.mutationtest.engine.gregor.mutators.ReturnValsMutator,sql,128,NO_COVERAGE,none
ParamNameResolver.java,org.apache.ibatis.reflection.ParamNameResolver,org.pitest.mutationtest.engine.gregor.mutators.InlineConstantMutator,<init>,67,NO_COVERAGE,none
ParamNameResolver.java,org.apache.ibatis.reflection.ParamNameResolver,org.pitest.mutationtest.engine.gregor.mutators.NegateConditionalsMutator,<init>,65,NO_COVERAGE,none
ParamNameResolver.java,org.apache.ibatis.reflection.ParamNameResolver,org.pitest.mutationtest.engine.gregor.mutators.NegateConditionalsMutator,<init>,66,NO_COVERAGE,none
ParamNameResolver.java,org.apache.ibatis.reflection.ParamNameResolver,org.pitest.mutationtest.engine.gregor.mutators.NegateConditionalsMutator,<init>,74,NO_COVERAGE,none
ParamNameResolver.java,org.apache.ibatis.reflection.ParamNameResolver,org.pitest.mutationtest.engine.gregor.mutators.NonVoidMethodCallMutator,<init>,68,NO_COVERAGE,none
ParamNameResolver.java,org.apache.ibatis.reflection.ParamNameResolver,org.pitest.mutationtest.engine.gregor.mutators.NonVoidMethodCallMutator,<init>,75,NO_COVERAGE,none
ParamNameResolver.java,org.apache.ibatis.reflection.ParamNameResolver,org.pitest.mutationtest.engine.gregor.mutators.NonVoidMethodCallMutator,<init>,80,NO_COVERAGE,none
ParamNameResolver.java,org.apache.ibatis.reflection.ParamNameResolver,org.pitest.mutationtest.engine.gregor.mutators.NonVoidMethodCallMutator,<init>,80,NO_COVERAGE,none
ParamNameResolver.java,org.apache.ibatis.reflection.ParamNameResolver,org.pitest.mutationtest.engine.gregor.mutators.NonVoidMethodCallMutator,<init>,85,KILLED,org.apache.ibatis.submitted.extend.ExtendTest.org.apache.ibatis.submitted.extend.ExtendTest
ParamNameResolver.java,org.apache.ibatis.reflection.ParamNameResolver,org.pitest.mutationtest.engine.gregor.mutators.RemoveConditionalMutator_EQUAL_ELSE,<init>,72,NO_COVERAGE,none
ParamNameResolver.java,org.apache.ibatis.reflection.ParamNameResolver,org.pitest.mutationtest.engine.gregor.mutators.RemoveConditionalMutator_EQUAL_ELSE,<init>,74,NO_COVERAGE,none
ParamNameResolver.java,org.apache.ibatis.reflection.ParamNameResolver,org.pitest.mutationtest.engine.gregor.mutators.RemoveConditionalMutator_EQUAL_ELSE,<init>,77,NO_COVERAGE,none
ParamNameResolver.java,org.apache.ibatis.reflection.ParamNameResolver,org.pitest.mutationtest.engine.gregor.mutators.RemoveConditionalMutator_EQUAL_IF,<init>,66,NO_COVERAGE,none
ParamNameResolver.java,org.apache.ibatis.reflection.ParamNameResolver,org.pitest.mutationtest.engine.gregor.mutators.RemoveConditionalMutator_EQUAL_IF,<init>,72,NO_COVERAGE,none
ParamNameResolver.java,org.apache.ibatis.reflection.ParamNameResolver,org.pitest.mutationtest.engine.gregor.mutators.RemoveConditionalMutator_ORDER_IF,<init>,59,KILLED,org.apache.ibatis.submitted.extend.ExtendTest.org.apache.ibatis.submitted.extend.ExtendTest
ParamNameResolver.java,org.apache.ibatis.reflection.ParamNameResolver,org.pitest.mutationtest.engine.gregor.mutators.experimental.MemberVariableMutator,<init>,67,NO_COVERAGE,none
ParamNameResolver.java,org.apache.ibatis.reflection.ParamNameResolver,org.pitest.mutationtest.engine.gregor.mutators.ReturnValsMutator,getActualParamName,92,NO_COVERAGE,none
ParamNameResolver.java,org.apache.ibatis.reflection.ParamNameResolver,org.pitest.mutationtest.engine.gregor.mutators.ArgumentPropagationMutator,getNamedParams,124,NO_COVERAGE,none
ParamNameResolver.java,org.apache.ibatis.reflection.ParamNameResolver,org.pitest.mutationtest.engine.gregor.mutators.ArgumentPropagationMutator,getNamedParams,129,NO_COVERAGE,none
ParamNameResolver.java,org.apache.ibatis.reflection.ParamNameResolver,org.pitest.mutationtest.engine.gregor.mutators.ConstructorCallMutator,getNamedParams,121,NO_COVERAGE,none
ParamNameResolver.java,org.apache.ibatis.reflection.ParamNameResolver,org.pitest.mutationtest.engine.gregor.mutators.ConstructorCallMutator,getNamedParams,126,NO_COVERAGE,none
ParamNameResolver.java,org.apache.ibatis.reflection.ParamNameResolver,org.pitest.mutationtest.engine.gregor.mutators.IncrementsMutator,getNamedParams,131,NO_COVERAGE,none
ParamNameResolver.java,org.apache.ibatis.reflection.ParamNameResolver,org.pitest.mutationtest.engine.gregor.mutators.InlineConstantMutator,getNamedParams,122,NO_COVERAGE,none
ParamNameResolver.java,org.apache.ibatis.reflection.ParamNameResolver,org.pitest.mutationtest.engine.gregor.mutators.MathMutator,getNamedParams,126,NO_COVERAGE,none
ParamNameResolver.java,org.apache.ibatis.reflection.ParamNameResolver,org.pitest.mutationtest.engine.gregor.mutators.NegateConditionalsMutator,getNamedParams,123,NO_COVERAGE,none
ParamNameResolver.java,org.apache.ibatis.reflection.ParamNameResolver,org.pitest.mutationtest.engine.gregor.mutators.NonVoidMethodCallMutator,getNamedParams,123,NO_COVERAGE,none
ParamNameResolver.java,org.apache.ibatis.reflection.ParamNameResolver,org.pitest.mutationtest.engine.gregor.mutators.NonVoidMethodCallMutator,getNamedParams,123,NO_COVERAGE,none
ParamNameResolver.java,org.apache.ibatis.reflection.ParamNameResolver,org.pitest.mutationtest.engine.gregor.mutators.NonVoidMethodCallMutator,getNamedParams,124,NO_COVERAGE,none
ParamNameResolver.java,org.apache.ibatis.reflection.ParamNameResolver,org.pitest.mutationtest.engine.gregor.mutators.NonVoidMethodCallMutator,getNamedParams,124,NO_COVERAGE,none
ParamNameResolver.java,org.apache.ibatis.reflection.ParamNameResolver,org.pitest.mutationtest.engine.gregor.mutators.NonVoidMethodCallMutator,getNamedParams,126,NO_COVERAGE,none
ParamNameResolver.java,org.apache.ibatis.reflection.ParamNameResolver,org.pitest.mutationtest.engine.gregor.mutators.NonVoidMethodCallMutator,getNamedParams,126,NO_COVERAGE,none
ParamNameResolver.java,org.apache.ibatis.reflection.ParamNameResolver,org.pitest.mutationtest.engine.gregor.mutators.NonVoidMethodCallMutator,getNamedParams,128,NO_COVERAGE,none
ParamNameResolver.java,org.apache.ibatis.reflection.ParamNameResolver,org.pitest.mutationtest.engine.gregor.mutators.NonVoidMethodCallMutator,getNamedParams,129,NO_COVERAGE,none
ParamNameResolver.java,org.apache.ibatis.reflection.ParamNameResolver,org.pitest.mutationtest.engine.gregor.mutators.NonVoidMethodCallMutator,getNamedParams,129,NO_COVERAGE,none
ParamNameResolver.java,org.apache.ibatis.reflection.ParamNameResolver,org.pitest.mutationtest.engine.gregor.mutators.RemoveConditionalMutator_EQUAL_ELSE,getNamedParams,128,NO_COVERAGE,none
ParamNameResolver.java,org.apache.ibatis.reflection.ParamNameResolver,org.pitest.mutationtest.engine.gregor.mutators.RemoveConditionalMutator_EQUAL_IF,getNamedParams,116,KILLED,org.apache.ibatis.submitted.extend.ExtendTest.org.apache.ibatis.submitted.extend.ExtendTest
ParamNameResolver.java,org.apache.ibatis.reflection.ParamNameResolver,org.pitest.mutationtest.engine.gregor.mutators.RemoveConditionalMutator_EQUAL_IF,getNamedParams,118,NO_COVERAGE,none
ParamNameResolver.java,org.apache.ibatis.reflection.ParamNameResolver,org.pitest.mutationtest.engine.gregor.mutators.RemoveConditionalMutator_EQUAL_IF,getNamedParams,123,NO_COVERAGE,none
ParamNameResolver.java,org.apache.ibatis.reflection.ParamNameResolver,org.pitest.mutationtest.engine.gregor.mutators.ReturnValsMutator,getNamedParams,117,KILLED,org.apache.ibatis.submitted.extend.ExtendTest.org.apache.ibatis.submitted.extend.ExtendTest
ParamNameResolver.java,org.apache.ibatis.reflection.ParamNameResolver,org.pitest.mutationtest.engine.gregor.mutators.ReturnValsMutator,getNamedParams,133,NO_COVERAGE,none
ParamNameResolver.java,org.apache.ibatis.reflection.ParamNameResolver,org.pitest.mutationtest.engine.gregor.mutators.experimental.RemoveIncrementsMutator,getNamedParams,131,NO_COVERAGE,none
ParamNameResolver.java,org.apache.ibatis.reflection.ParamNameResolver,org.pitest.mutationtest.engine.gregor.mutators.ArgumentPropagationMutator,getNames,103,NO_COVERAGE,none
ParamNameResolver.java,org.apache.ibatis.reflection.ParamNameResolver,org.pitest.mutationtest.engine.gregor.mutators.InlineConstantMutator,getNames,103,NO_COVERAGE,none
ParamNameResolver.java,org.apache.ibatis.reflection.ParamNameResolver,org.pitest.mutationtest.engine.gregor.mutators.NonVoidMethodCallMutator,getNames,103,NO_COVERAGE,none
ParamNameResolver.java,org.apache.ibatis.reflection.ParamNameResolver,org.pitest.mutationtest.engine.gregor.mutators.NonVoidMethodCallMutator,getNames,103,NO_COVERAGE,none
ParamNameResolver.java,org.apache.ibatis.reflection.ParamNameResolver,org.pitest.mutationtest.engine.gregor.mutators.ReturnValsMutator,getNames,103,NO_COVERAGE,none
ParamNameResolver.java,org.apache.ibatis.reflection.ParamNameResolver,org.pitest.mutationtest.engine.gregor.mutators.NonVoidMethodCallMutator,isSpecialParameter,96,NO_COVERAGE,none
ParameterExpression.java,org.apache.ibatis.builder.ParameterExpression,org.pitest.mutationtest.engine.gregor.mutators.ArgumentPropagationMutator,expression,62,NO_COVERAGE,none
ParameterExpression.java,org.apache.ibatis.builder.ParameterExpression,org.pitest.mutationtest.engine.gregor.mutators.ConditionalsBoundaryMutator,expression,54,NO_COVERAGE,none
ParameterExpression.java,org.apache.ibatis.builder.ParameterExpression,org.pitest.mutationtest.engine.gregor.mutators.IncrementsMutator,expression,56,NO_COVERAGE,none
ParameterExpression.java,org.apache.ibatis.builder.ParameterExpression,org.pitest.mutationtest.engine.gregor.mutators.IncrementsMutator,expression,58,NO_COVERAGE,none
ParameterExpression.java,org.apache.ibatis.builder.ParameterExpression,org.pitest.mutationtest.engine.gregor.mutators.IncrementsMutator,expression,60,NO_COVERAGE,none
ParameterExpression.java,org.apache.ibatis.builder.ParameterExpression,org.pitest.mutationtest.engine.gregor.mutators.InlineConstantMutator,expression,52,NO_COVERAGE,none
ParameterExpression.java,org.apache.ibatis.builder.ParameterExpression,org.pitest.mutationtest.engine.gregor.mutators.InlineConstantMutator,expression,53,NO_COVERAGE,none
ParameterExpression.java,org.apache.ibatis.builder.ParameterExpression,org.pitest.mutationtest.engine.gregor.mutators.InlineConstantMutator,expression,55,NO_COVERAGE,none
ParameterExpression.java,org.apache.ibatis.builder.ParameterExpression,org.pitest.mutationtest.engine.gregor.mutators.InlineConstantMutator,expression,57,NO_COVERAGE,none
ParameterExpression.java,org.apache.ibatis.builder.ParameterExpression,org.pitest.mutationtest.engine.gregor.mutators.InlineConstantMutator,expression,62,NO_COVERAGE,none
ParameterExpression.java,org.apache.ibatis.builder.ParameterExpression,org.pitest.mutationtest.engine.gregor.mutators.MathMutator,expression,53,NO_COVERAGE,none
ParameterExpression.java,org.apache.ibatis.builder.ParameterExpression,org.pitest.mutationtest.engine.gregor.mutators.MathMutator,expression,62,NO_COVERAGE,none
ParameterExpression.java,org.apache.ibatis.builder.ParameterExpression,org.pitest.mutationtest.engine.gregor.mutators.NegateConditionalsMutator,expression,54,NO_COVERAGE,none
ParameterExpression.java,org.apache.ibatis.builder.ParameterExpression,org.pitest.mutationtest.engine.gregor.mutators.NegateConditionalsMutator,expression,55,NO_COVERAGE,none
ParameterExpression.java,org.apache.ibatis.builder.ParameterExpression,org.pitest.mutationtest.engine.gregor.mutators.NegateConditionalsMutator,expression,57,NO_COVERAGE,none
ParameterExpression.java,org.apache.ibatis.builder.ParameterExpression,org.pitest.mutationtest.engine.gregor.mutators.NonVoidMethodCallMutator,expression,55,NO_COVERAGE,none
ParameterExpression.java,org.apache.ibatis.builder.ParameterExpression,org.pitest.mutationtest.engine.gregor.mutators.NonVoidMethodCallMutator,expression,57,NO_COVERAGE,none
ParameterExpression.java,org.apache.ibatis.builder.ParameterExpression,org.pitest.mutationtest.engine.gregor.mutators.NonVoidMethodCallMutator,expression,62,NO_COVERAGE,none
ParameterExpression.java,org.apache.ibatis.builder.ParameterExpression,org.pitest.mutationtest.engine.gregor.mutators.NonVoidMethodCallMutator,expression,62,NO_COVERAGE,none
ParameterExpression.java,org.apache.ibatis.builder.ParameterExpression,org.pitest.mutationtest.engine.gregor.mutators.RemoveConditionalMutator_EQUAL_ELSE,expression,55,NO_COVERAGE,none
ParameterExpression.java,org.apache.ibatis.builder.ParameterExpression,org.pitest.mutationtest.engine.gregor.mutators.RemoveConditionalMutator_EQUAL_ELSE,expression,57,NO_COVERAGE,none
ParameterExpression.java,org.apache.ibatis.builder.ParameterExpression,org.pitest.mutationtest.engine.gregor.mutators.RemoveConditionalMutator_EQUAL_IF,expression,55,NO_COVERAGE,none
ParameterExpression.java,org.apache.ibatis.builder.ParameterExpression,org.pitest.mutationtest.engine.gregor.mutators.RemoveConditionalMutator_EQUAL_IF,expression,57,NO_COVERAGE,none
ParameterExpression.java,org.apache.ibatis.builder.ParameterExpression,org.pitest.mutationtest.engine.gregor.mutators.RemoveConditionalMutator_ORDER_ELSE,expression,54,NO_COVERAGE,none
ParameterExpression.java,org.apache.ibatis.builder.ParameterExpression,org.pitest.mutationtest.engine.gregor.mutators.RemoveConditionalMutator_ORDER_IF,expression,54,NO_COVERAGE,none
ParameterExpression.java,org.apache.ibatis.builder.ParameterExpression,org.pitest.mutationtest.engine.gregor.mutators.VoidMethodCallMutator,expression,63,NO_COVERAGE,none
ParameterExpression.java,org.apache.ibatis.builder.ParameterExpression,org.pitest.mutationtest.engine.gregor.mutators.experimental.RemoveIncrementsMutator,expression,56,NO_COVERAGE,none
ParameterExpression.java,org.apache.ibatis.builder.ParameterExpression,org.pitest.mutationtest.engine.gregor.mutators.experimental.RemoveIncrementsMutator,expression,58,NO_COVERAGE,none
ParameterExpression.java,org.apache.ibatis.builder.ParameterExpression,org.pitest.mutationtest.engine.gregor.mutators.ConstructorCallMutator,jdbcType,112,NO_COVERAGE,none
ParameterExpression.java,org.apache.ibatis.builder.ParameterExpression,org.pitest.mutationtest.engine.gregor.mutators.ConstructorCallMutator,jdbcType,112,NO_COVERAGE,none
ParameterExpression.java,org.apache.ibatis.builder.ParameterExpression,org.pitest.mutationtest.engine.gregor.mutators.NonVoidMethodCallMutator,jdbcType,112,NO_COVERAGE,none
ParameterExpression.java,org.apache.ibatis.builder.ParameterExpression,org.pitest.mutationtest.engine.gregor.mutators.NonVoidMethodCallMutator,jdbcType,112,NO_COVERAGE,none
ParameterExpression.java,org.apache.ibatis.builder.ParameterExpression,org.pitest.mutationtest.engine.gregor.mutators.NonVoidMethodCallMutator,jdbcType,112,NO_COVERAGE,none
ParameterExpression.java,org.apache.ibatis.builder.ParameterExpression,org.pitest.mutationtest.engine.gregor.mutators.NonVoidMethodCallMutator,jdbcType,112,NO_COVERAGE,none
ParameterExpression.java,org.apache.ibatis.builder.ParameterExpression,org.pitest.mutationtest.engine.gregor.mutators.NonVoidMethodCallMutator,jdbcType,112,NO_COVERAGE,none
ParameterExpression.java,org.apache.ibatis.builder.ParameterExpression,org.pitest.mutationtest.engine.gregor.mutators.ConstructorCallMutator,jdbcTypeOpt,101,NO_COVERAGE,none
ParameterExpression.java,org.apache.ibatis.builder.ParameterExpression,org.pitest.mutationtest.engine.gregor.mutators.ConstructorCallMutator,jdbcTypeOpt,101,NO_COVERAGE,none
ParameterExpression.java,org.apache.ibatis.builder.ParameterExpression,org.pitest.mutationtest.engine.gregor.mutators.NonVoidMethodCallMutator,jdbcTypeOpt,101,NO_COVERAGE,none
ParameterExpression.java,org.apache.ibatis.builder.ParameterExpression,org.pitest.mutationtest.engine.gregor.mutators.NonVoidMethodCallMutator,jdbcTypeOpt,101,NO_COVERAGE,none
ParameterExpression.java,org.apache.ibatis.builder.ParameterExpression,org.pitest.mutationtest.engine.gregor.mutators.NonVoidMethodCallMutator,jdbcTypeOpt,101,NO_COVERAGE,none
ParameterExpression.java,org.apache.ibatis.builder.ParameterExpression,org.pitest.mutationtest.engine.gregor.mutators.NonVoidMethodCallMutator,jdbcTypeOpt,101,NO_COVERAGE,none
ParameterExpression.java,org.apache.ibatis.builder.ParameterExpression,org.pitest.mutationtest.engine.gregor.mutators.NonVoidMethodCallMutator,jdbcTypeOpt,101,NO_COVERAGE,none
ParameterExpression.java,org.apache.ibatis.builder.ParameterExpression,org.pitest.mutationtest.engine.gregor.mutators.InlineConstantMutator,parse,45,NO_COVERAGE,none
ParameterExpression.java,org.apache.ibatis.builder.ParameterExpression,org.pitest.mutationtest.engine.gregor.mutators.MathMutator,parse,45,NO_COVERAGE,none
ParameterExpression.java,org.apache.ibatis.builder.ParameterExpression,org.pitest.mutationtest.engine.gregor.mutators.VoidMethodCallMutator,parse,45,NO_COVERAGE,none
ParameterExpression.java,org.apache.ibatis.builder.ParameterExpression,org.pitest.mutationtest.engine.gregor.mutators.IncrementsMutator,trimmedStr,132,NO_COVERAGE,none
ParameterExpression.java,org.apache.ibatis.builder.ParameterExpression,org.pitest.mutationtest.engine.gregor.mutators.IncrementsMutator,trimmedStr,135,NO_COVERAGE,none
ResultMapping.java,org.apache.ibatis.mapping.ResultMapping$Builder,org.pitest.mutationtest.engine.gregor.mutators.ArgumentPropagationMutator,column,181,NO_COVERAGE,none
ResultMapping.java,org.apache.ibatis.mapping.ResultMapping$Builder,org.pitest.mutationtest.engine.gregor.mutators.NonVoidMethodCallMutator,column,181,NO_COVERAGE,none
ResultMapping.java,org.apache.ibatis.mapping.ResultMapping$Builder,org.pitest.mutationtest.engine.gregor.mutators.ReturnValsMutator,column,182,NO_COVERAGE,none
ResultMapping.java,org.apache.ibatis.mapping.ResultMapping$Builder,org.pitest.mutationtest.engine.gregor.mutators.ArgumentPropagationMutator,javaType,76,NO_COVERAGE,none
ResultMapping.java,org.apache.ibatis.mapping.ResultMapping$Builder,org.pitest.mutationtest.engine.gregor.mutators.NonVoidMethodCallMutator,javaType,76,NO_COVERAGE,none
ResultMapping.java,org.apache.ibatis.mapping.ResultMapping$Builder,org.pitest.mutationtest.engine.gregor.mutators.ReturnValsMutator,javaType,77,NO_COVERAGE,none
ResultMapping.java,org.apache.ibatis.mapping.ResultMapping$Builder,org.pitest.mutationtest.engine.gregor.mutators.ConstructorCallMutator,validate,147,NO_COVERAGE,none
ResultMapping.java,org.apache.ibatis.mapping.ResultMapping$Builder,org.pitest.mutationtest.engine.gregor.mutators.ConstructorCallMutator,validate,147,NO_COVERAGE,none
ResultMapping.java,org.apache.ibatis.mapping.ResultMapping$Builder,org.pitest.mutationtest.engine.gregor.mutators.ConstructorCallMutator,validate,151,NO_COVERAGE,none
ResultMapping.java,org.apache.ibatis.mapping.ResultMapping$Builder,org.pitest.mutationtest.engine.gregor.mutators.ConstructorCallMutator,validate,151,NO_COVERAGE,none
ResultMapping.java,org.apache.ibatis.mapping.ResultMapping$Builder,org.pitest.mutationtest.engine.gregor.mutators.ConstructorCallMutator,validate,155,NO_COVERAGE,none
ResultMapping.java,org.apache.ibatis.mapping.ResultMapping$Builder,org.pitest.mutationtest.engine.gregor.mutators.ConstructorCallMutator,validate,155,NO_COVERAGE,none
ResultMapping.java,org.apache.ibatis.mapping.ResultMapping$Builder,org.pitest.mutationtest.engine.gregor.mutators.ConstructorCallMutator,validate,167,NO_COVERAGE,none
ResultMapping.java,org.apache.ibatis.mapping.ResultMapping$Builder,org.pitest.mutationtest.engine.gregor.mutators.ConstructorCallMutator,validate,167,NO_COVERAGE,none
ResultMapping.java,org.apache.ibatis.mapping.ResultMapping$Builder,org.pitest.mutationtest.engine.gregor.mutators.InlineConstantMutator,validate,158,NO_COVERAGE,none
ResultMapping.java,org.apache.ibatis.mapping.ResultMapping$Builder,org.pitest.mutationtest.engine.gregor.mutators.InlineConstantMutator,validate,162,NO_COVERAGE,none
ResultMapping.java,org.apache.ibatis.mapping.ResultMapping$Builder,org.pitest.mutationtest.engine.gregor.mutators.NegateConditionalsMutator,validate,159,NO_COVERAGE,none
ResultMapping.java,org.apache.ibatis.mapping.ResultMapping$Builder,org.pitest.mutationtest.engine.gregor.mutators.NegateConditionalsMutator,validate,163,NO_COVERAGE,none
ResultMapping.java,org.apache.ibatis.mapping.ResultMapping$Builder,org.pitest.mutationtest.engine.gregor.mutators.NegateConditionalsMutator,validate,166,NO_COVERAGE,none
ResultMapping.java,org.apache.ibatis.mapping.ResultMapping$Builder,org.pitest.mutationtest.engine.gregor.mutators.NonVoidMethodCallMutator,validate,147,NO_COVERAGE,none
ResultMapping.java,org.apache.ibatis.mapping.ResultMapping$Builder,org.pitest.mutationtest.engine.gregor.mutators.NonVoidMethodCallMutator,validate,147,NO_COVERAGE,none
ResultMapping.java,org.apache.ibatis.mapping.ResultMapping$Builder,org.pitest.mutationtest.engine.gregor.mutators.NonVoidMethodCallMutator,validate,147,NO_COVERAGE,none
ResultMapping.java,org.apache.ibatis.mapping.ResultMapping$Builder,org.pitest.mutationtest.engine.gregor.mutators.NonVoidMethodCallMutator,validate,147,NO_COVERAGE,none
ResultMapping.java,org.apache.ibatis.mapping.ResultMapping$Builder,org.pitest.mutationtest.engine.gregor.mutators.NonVoidMethodCallMutator,validate,151,NO_COVERAGE,none
ResultMapping.java,org.apache.ibatis.mapping.ResultMapping$Builder,org.pitest.mutationtest.engine.gregor.mutators.NonVoidMethodCallMutator,validate,151,NO_COVERAGE,none
ResultMapping.java,org.apache.ibatis.mapping.ResultMapping$Builder,org.pitest.mutationtest.engine.gregor.mutators.NonVoidMethodCallMutator,validate,151,NO_COVERAGE,none
ResultMapping.java,org.apache.ibatis.mapping.ResultMapping$Builder,org.pitest.mutationtest.engine.gregor.mutators.NonVoidMethodCallMutator,validate,151,NO_COVERAGE,none
ResultMapping.java,org.apache.ibatis.mapping.ResultMapping$Builder,org.pitest.mutationtest.engine.gregor.mutators.NonVoidMethodCallMutator,validate,155,NO_COVERAGE,none
ResultMapping.java,org.apache.ibatis.mapping.ResultMapping$Builder,org.pitest.mutationtest.engine.gregor.mutators.NonVoidMethodCallMutator,validate,155,NO_COVERAGE,none
ResultMapping.java,org.apache.ibatis.mapping.ResultMapping$Builder,org.pitest.mutationtest.engine.gregor.mutators.NonVoidMethodCallMutator,validate,155,NO_COVERAGE,none
ResultMapping.java,org.apache.ibatis.mapping.ResultMapping$Builder,org.pitest.mutationtest.engine.gregor.mutators.NonVoidMethodCallMutator,validate,155,NO_COVERAGE,none
ResultMapping.java,org.apache.ibatis.mapping.ResultMapping$Builder,org.pitest.mutationtest.engine.gregor.mutators.NonVoidMethodCallMutator,validate,159,NO_COVERAGE,none
ResultMapping.java,org.apache.ibatis.mapping.ResultMapping$Builder,org.pitest.mutationtest.engine.gregor.mutators.NonVoidMethodCallMutator,validate,160,NO_COVERAGE,none
ResultMapping.java,org.apache.ibatis.mapping.ResultMapping$Builder,org.pitest.mutationtest.engine.gregor.mutators.NonVoidMethodCallMutator,validate,160,NO_COVERAGE,none
ResultMapping.java,org.apache.ibatis.mapping.ResultMapping$Builder,org.pitest.mutationtest.engine.gregor.mutators.NonVoidMethodCallMutator,validate,163,NO_COVERAGE,none
ResultMapping.java,org.apache.ibatis.mapping.ResultMapping$Builder,org.pitest.mutationtest.engine.gregor.mutators.NonVoidMethodCallMutator,validate,164,NO_COVERAGE,none
ResultMapping.java,org.apache.ibatis.mapping.ResultMapping$Builder,org.pitest.mutationtest.engine.gregor.mutators.NonVoidMethodCallMutator,validate,164,NO_COVERAGE,none
ResultMapping.java,org.apache.ibatis.mapping.ResultMapping$Builder,org.pitest.mutationtest.engine.gregor.mutators.NonVoidMethodCallMutator,validate,167,NO_COVERAGE,none
ResultMapping.java,org.apache.ibatis.mapping.ResultMapping$Builder,org.pitest.mutationtest.engine.gregor.mutators.NonVoidMethodCallMutator,validate,167,NO_COVERAGE,none
ResultMapping.java,org.apache.ibatis.mapping.ResultMapping$Builder,org.pitest.mutationtest.engine.gregor.mutators.NonVoidMethodCallMutator,validate,167,NO_COVERAGE,none
ResultMapping.java,org.apache.ibatis.mapping.ResultMapping$Builder,org.pitest.mutationtest.engine.gregor.mutators.NonVoidMethodCallMutator,validate,167,NO_COVERAGE,none
ResultMapping.java,org.apache.ibatis.mapping.ResultMapping$Builder,org.pitest.mutationtest.engine.gregor.mutators.RemoveConditionalMutator_EQUAL_ELSE,validate,159,NO_COVERAGE,none
ResultMapping.java,org.apache.ibatis.mapping.ResultMapping$Builder,org.pitest.mutationtest.engine.gregor.mutators.RemoveConditionalMutator_EQUAL_ELSE,validate,163,NO_COVERAGE,none
ResultMapping.java,org.apache.ibatis.mapping.ResultMapping$Builder,org.pitest.mutationtest.engine.gregor.mutators.RemoveConditionalMutator_EQUAL_ELSE,validate,166,NO_COVERAGE,none
ResultMapping.java,org.apache.ibatis.mapping.ResultMapping$Builder,org.pitest.mutationtest.engine.gregor.mutators.RemoveConditionalMutator_EQUAL_IF,validate,159,NO_COVERAGE,none
ResultMapping.java,org.apache.ibatis.mapping.ResultMapping$Builder,org.pitest.mutationtest.engine.gregor.mutators.RemoveConditionalMutator_EQUAL_IF,validate,163,NO_COVERAGE,none
ResultMapping.java,org.apache.ibatis.mapping.ResultMapping$Builder,org.pitest.mutationtest.engine.gregor.mutators.RemoveConditionalMutator_EQUAL_IF,validate,166,NO_COVERAGE,none
BaseBuilder.java,org.apache.ibatis.builder.BaseBuilder,org.pitest.mutationtest.engine.gregor.mutators.experimental.MemberVariableMutator,<init>,40,KILLED,org.apache.ibatis.submitted.extend.ExtendTest.org.apache.ibatis.submitted.extend.ExtendTest
BaseBuilder.java,org.apache.ibatis.builder.BaseBuilder,org.pitest.mutationtest.engine.gregor.mutators.ConstructorCallMutator,createInstance,107,NO_COVERAGE,none
BaseBuilder.java,org.apache.ibatis.builder.BaseBuilder,org.pitest.mutationtest.engine.gregor.mutators.ConstructorCallMutator,createInstance,107,NO_COVERAGE,none
BaseBuilder.java,org.apache.ibatis.builder.BaseBuilder,org.pitest.mutationtest.engine.gregor.mutators.NonVoidMethodCallMutator,createInstance,105,NO_COVERAGE,none
BaseBuilder.java,org.apache.ibatis.builder.BaseBuilder,org.pitest.mutationtest.engine.gregor.mutators.NonVoidMethodCallMutator,createInstance,105,NO_COVERAGE,none
BaseBuilder.java,org.apache.ibatis.builder.BaseBuilder,org.pitest.mutationtest.engine.gregor.mutators.NonVoidMethodCallMutator,createInstance,107,NO_COVERAGE,none
BaseBuilder.java,org.apache.ibatis.builder.BaseBuilder,org.pitest.mutationtest.engine.gregor.mutators.NonVoidMethodCallMutator,createInstance,107,NO_COVERAGE,none
BaseBuilder.java,org.apache.ibatis.builder.BaseBuilder,org.pitest.mutationtest.engine.gregor.mutators.NonVoidMethodCallMutator,createInstance,107,NO_COVERAGE,none
BaseBuilder.java,org.apache.ibatis.builder.BaseBuilder,org.pitest.mutationtest.engine.gregor.mutators.ReturnValsMutator,createInstance,105,NO_COVERAGE,none
BaseBuilder.java,org.apache.ibatis.builder.BaseBuilder,org.pitest.mutationtest.engine.gregor.mutators.ReturnValsMutator,getConfiguration,46,NO_COVERAGE,none
BaseBuilder.java,org.apache.ibatis.builder.BaseBuilder,org.pitest.mutationtest.engine.gregor.mutators.NegateConditionalsMutator,parseExpression,50,NO_COVERAGE,none
BaseBuilder.java,org.apache.ibatis.builder.BaseBuilder,org.pitest.mutationtest.engine.gregor.mutators.NonVoidMethodCallMutator,parseExpression,50,NO_COVERAGE,none
BaseBuilder.java,org.apache.ibatis.builder.BaseBuilder,org.pitest.mutationtest.engine.gregor.mutators.RemoveConditionalMutator_EQUAL_ELSE,parseExpression,50,NO_COVERAGE,none
BaseBuilder.java,org.apache.ibatis.builder.BaseBuilder,org.pitest.mutationtest.engine.gregor.mutators.RemoveConditionalMutator_EQUAL_IF,parseExpression,50,NO_COVERAGE,none
BaseBuilder.java,org.apache.ibatis.builder.BaseBuilder,org.pitest.mutationtest.engine.gregor.mutators.ReturnValsMutator,parseExpression,50,NO_COVERAGE,none
BaseBuilder.java,org.apache.ibatis.builder.BaseBuilder,org.pitest.mutationtest.engine.gregor.mutators.ConstructorCallMutator,resolveClass,118,NO_COVERAGE,none
BaseBuilder.java,org.apache.ibatis.builder.BaseBuilder,org.pitest.mutationtest.engine.gregor.mutators.ConstructorCallMutator,resolveClass,118,NO_COVERAGE,none
BaseBuilder.java,org.apache.ibatis.builder.BaseBuilder,org.pitest.mutationtest.engine.gregor.mutators.NonVoidMethodCallMutator,resolveClass,118,NO_COVERAGE,none
BaseBuilder.java,org.apache.ibatis.builder.BaseBuilder,org.pitest.mutationtest.engine.gregor.mutators.NonVoidMethodCallMutator,resolveClass,118,NO_COVERAGE,none
BaseBuilder.java,org.apache.ibatis.builder.BaseBuilder,org.pitest.mutationtest.engine.gregor.mutators.NonVoidMethodCallMutator,resolveClass,118,NO_COVERAGE,none
BaseBuilder.java,org.apache.ibatis.builder.BaseBuilder,org.pitest.mutationtest.engine.gregor.mutators.ConstructorCallMutator,resolveJdbcType,73,NO_COVERAGE,none
BaseBuilder.java,org.apache.ibatis.builder.BaseBuilder,org.pitest.mutationtest.engine.gregor.mutators.ConstructorCallMutator,resolveJdbcType,73,NO_COVERAGE,none
BaseBuilder.java,org.apache.ibatis.builder.BaseBuilder,org.pitest.mutationtest.engine.gregor.mutators.NonVoidMethodCallMutator,resolveJdbcType,73,NO_COVERAGE,none
BaseBuilder.java,org.apache.ibatis.builder.BaseBuilder,org.pitest.mutationtest.engine.gregor.mutators.NonVoidMethodCallMutator,resolveJdbcType,73,NO_COVERAGE,none
BaseBuilder.java,org.apache.ibatis.builder.BaseBuilder,org.pitest.mutationtest.engine.gregor.mutators.NonVoidMethodCallMutator,resolveJdbcType,73,NO_COVERAGE,none
BaseBuilder.java,org.apache.ibatis.builder.BaseBuilder,org.pitest.mutationtest.engine.gregor.mutators.ConstructorCallMutator,resolveParameterMode,95,NO_COVERAGE,none
BaseBuilder.java,org.apache.ibatis.builder.BaseBuilder,org.pitest.mutationtest.engine.gregor.mutators.ConstructorCallMutator,resolveParameterMode,95,NO_COVERAGE,none
BaseBuilder.java,org.apache.ibatis.builder.BaseBuilder,org.pitest.mutationtest.engine.gregor.mutators.NonVoidMethodCallMutator,resolveParameterMode,93,NO_COVERAGE,none
BaseBuilder.java,org.apache.ibatis.builder.BaseBuilder,org.pitest.mutationtest.engine.gregor.mutators.NonVoidMethodCallMutator,resolveParameterMode,95,NO_COVERAGE,none
BaseBuilder.java,org.apache.ibatis.builder.BaseBuilder,org.pitest.mutationtest.engine.gregor.mutators.NonVoidMethodCallMutator,resolveParameterMode,95,NO_COVERAGE,none
BaseBuilder.java,org.apache.ibatis.builder.BaseBuilder,org.pitest.mutationtest.engine.gregor.mutators.NonVoidMethodCallMutator,resolveParameterMode,95,NO_COVERAGE,none
BaseBuilder.java,org.apache.ibatis.builder.BaseBuilder,org.pitest.mutationtest.engine.gregor.mutators.ReturnValsMutator,resolveParameterMode,93,NO_COVERAGE,none
BaseBuilder.java,org.apache.ibatis.builder.BaseBuilder,org.pitest.mutationtest.engine.gregor.mutators.ConstructorCallMutator,resolveResultSetType,84,NO_COVERAGE,none
BaseBuilder.java,org.apache.ibatis.builder.BaseBuilder,org.pitest.mutationtest.engine.gregor.mutators.ConstructorCallMutator,resolveResultSetType,84,NO_COVERAGE,none
BaseBuilder.java,org.apache.ibatis.builder.BaseBuilder,org.pitest.mutationtest.engine.gregor.mutators.NonVoidMethodCallMutator,resolveResultSetType,84,NO_COVERAGE,none
BaseBuilder.java,org.apache.ibatis.builder.BaseBuilder,org.pitest.mutationtest.engine.gregor.mutators.NonVoidMethodCallMutator,resolveResultSetType,84,NO_COVERAGE,none
BaseBuilder.java,org.apache.ibatis.builder.BaseBuilder,org.pitest.mutationtest.engine.gregor.mutators.NonVoidMethodCallMutator,resolveResultSetType,84,NO_COVERAGE,none
BaseBuilder.java,org.apache.ibatis.builder.BaseBuilder,org.pitest.mutationtest.engine.gregor.mutators.NonVoidMethodCallMutator,resolveTypeHandler,143,NO_COVERAGE,none
BaseBuilder.java,org.apache.ibatis.builder.BaseBuilder,org.pitest.mutationtest.engine.gregor.mutators.ConstructorCallMutator,resolveTypeHandler,128,NO_COVERAGE,none
BaseBuilder.java,org.apache.ibatis.builder.BaseBuilder,org.pitest.mutationtest.engine.gregor.mutators.ConstructorCallMutator,resolveTypeHandler,128,NO_COVERAGE,none
BaseBuilder.java,org.apache.ibatis.builder.BaseBuilder,org.pitest.mutationtest.engine.gregor.mutators.NonVoidMethodCallMutator,resolveTypeHandler,128,NO_COVERAGE,none
BaseBuilder.java,org.apache.ibatis.builder.BaseBuilder,org.pitest.mutationtest.engine.gregor.mutators.NonVoidMethodCallMutator,resolveTypeHandler,128,NO_COVERAGE,none
BaseBuilder.java,org.apache.ibatis.builder.BaseBuilder,org.pitest.mutationtest.engine.gregor.mutators.NonVoidMethodCallMutator,resolveTypeHandler,128,NO_COVERAGE,none
BaseBuilder.java,org.apache.ibatis.builder.BaseBuilder,org.pitest.mutationtest.engine.gregor.mutators.NonVoidMethodCallMutator,resolveTypeHandler,128,NO_COVERAGE,none
BaseBuilder.java,org.apache.ibatis.builder.BaseBuilder,org.pitest.mutationtest.engine.gregor.mutators.NonVoidMethodCallMutator,resolveTypeHandler,128,NO_COVERAGE,none
BaseBuilder.java,org.apache.ibatis.builder.BaseBuilder,org.pitest.mutationtest.engine.gregor.mutators.ReturnValsMutator,resolveTypeHandler,124,NO_COVERAGE,none
MapperProxy.java,org.apache.ibatis.binding.MapperProxy,org.pitest.mutationtest.engine.gregor.mutators.ArgumentPropagationMutator,cachedMapperMethod,66,KILLED,org.apache.ibatis.submitted.extend.ExtendTest.org.apache.ibatis.submitted.extend.ExtendTest
MapperProxy.java,org.apache.ibatis.binding.MapperProxy,org.pitest.mutationtest.engine.gregor.mutators.ConstructorCallMutator,cachedMapperMethod,65,KILLED,org.apache.ibatis.submitted.extend.ExtendTest.org.apache.ibatis.submitted.extend.ExtendTest
MapperProxy.java,org.apache.ibatis.binding.MapperProxy,org.pitest.mutationtest.engine.gregor.mutators.NegateConditionalsMutator,cachedMapperMethod,64,KILLED,org.apache.ibatis.submitted.extend.ExtendTest.org.apache.ibatis.submitted.extend.ExtendTest
MapperProxy.java,org.apache.ibatis.binding.MapperProxy,org.pitest.mutationtest.engine.gregor.mutators.NonVoidMethodCallMutator,cachedMapperMethod,65,KILLED,org.apache.ibatis.submitted.extend.ExtendTest.org.apache.ibatis.submitted.extend.ExtendTest
MapperProxy.java,org.apache.ibatis.binding.MapperProxy,org.pitest.mutationtest.engine.gregor.mutators.RemoveConditionalMutator_EQUAL_IF,cachedMapperMethod,64,KILLED,org.apache.ibatis.submitted.extend.ExtendTest.org.apache.ibatis.submitted.extend.ExtendTest
MapperProxy.java,org.apache.ibatis.binding.MapperProxy,org.pitest.mutationtest.engine.gregor.mutators.ArgumentPropagationMutator,invoke,51,NO_COVERAGE,none
MapperProxy.java,org.apache.ibatis.binding.MapperProxy,org.pitest.mutationtest.engine.gregor.mutators.ArgumentPropagationMutator,invoke,53,NO_COVERAGE,none
MapperProxy.java,org.apache.ibatis.binding.MapperProxy,org.pitest.mutationtest.engine.gregor.mutators.ArgumentPropagationMutator,invoke,56,NO_COVERAGE,none
MapperProxy.java,org.apache.ibatis.binding.MapperProxy,org.pitest.mutationtest.engine.gregor.mutators.NegateConditionalsMutator,invoke,50,KILLED,org.apache.ibatis.submitted.extend.ExtendTest.org.apache.ibatis.submitted.extend.ExtendTest
MapperProxy.java,org.apache.ibatis.binding.MapperProxy,org.pitest.mutationtest.engine.gregor.mutators.NegateConditionalsMutator,invoke,52,KILLED,org.apache.ibatis.submitted.extend.ExtendTest.org.apache.ibatis.submitted.extend.ExtendTest
MapperProxy.java,org.apache.ibatis.binding.MapperProxy,org.pitest.mutationtest.engine.gregor.mutators.NonVoidMethodCallMutator,invoke,50,KILLED,org.apache.ibatis.submitted.extend.ExtendTest.org.apache.ibatis.submitted.extend.ExtendTest
MapperProxy.java,org.apache.ibatis.binding.MapperProxy,org.pitest.mutationtest.engine.gregor.mutators.NonVoidMethodCallMutator,invoke,51,NO_COVERAGE,none
MapperProxy.java,org.apache.ibatis.binding.MapperProxy,org.pitest.mutationtest.engine.gregor.mutators.NonVoidMethodCallMutator,invoke,52,KILLED,org.apache.ibatis.submitted.extend.ExtendTest.org.apache.ibatis.submitted.extend.ExtendTest
MapperProxy.java,org.apache.ibatis.binding.MapperProxy,org.pitest.mutationtest.engine.gregor.mutators.NonVoidMethodCallMutator,invoke,53,NO_COVERAGE,none
MapperProxy.java,org.apache.ibatis.binding.MapperProxy,org.pitest.mutationtest.engine.gregor.mutators.NonVoidMethodCallMutator,invoke,56,NO_COVERAGE,none
MapperProxy.java,org.apache.ibatis.binding.MapperProxy,org.pitest.mutationtest.engine.gregor.mutators.NonVoidMethodCallMutator,invoke,59,KILLED,org.apache.ibatis.submitted.extend.ExtendTest.org.apache.ibatis.submitted.extend.ExtendTest
MapperProxy.java,org.apache.ibatis.binding.MapperProxy,org.pitest.mutationtest.engine.gregor.mutators.RemoveConditionalMutator_EQUAL_IF,invoke,52,KILLED,org.apache.ibatis.submitted.extend.ExtendTest.org.apache.ibatis.submitted.extend.ExtendTest
MapperProxy.java,org.apache.ibatis.binding.MapperProxy,org.pitest.mutationtest.engine.gregor.mutators.ReturnValsMutator,invoke,51,NO_COVERAGE,none
MapperProxy.java,org.apache.ibatis.binding.MapperProxy,org.pitest.mutationtest.engine.gregor.mutators.ReturnValsMutator,invoke,53,NO_COVERAGE,none
MapperProxy.java,org.apache.ibatis.binding.MapperProxy,org.pitest.mutationtest.engine.gregor.mutators.InlineConstantMutator,invokeDefaultMethod,74,NO_COVERAGE,none
MapperProxy.java,org.apache.ibatis.binding.MapperProxy,org.pitest.mutationtest.engine.gregor.mutators.InlineConstantMutator,invokeDefaultMethod,74,NO_COVERAGE,none
MapperProxy.java,org.apache.ibatis.binding.MapperProxy,org.pitest.mutationtest.engine.gregor.mutators.InlineConstantMutator,invokeDefaultMethod,74,NO_COVERAGE,none
MapperProxy.java,org.apache.ibatis.binding.MapperProxy,org.pitest.mutationtest.engine.gregor.mutators.InlineConstantMutator,invokeDefaultMethod,77,NO_COVERAGE,none
MapperProxy.java,org.apache.ibatis.binding.MapperProxy,org.pitest.mutationtest.engine.gregor.mutators.InlineConstantMutator,invokeDefaultMethod,80,NO_COVERAGE,none
MapperProxy.java,org.apache.ibatis.binding.MapperProxy,org.pitest.mutationtest.engine.gregor.mutators.InlineConstantMutator,invokeDefaultMethod,80,NO_COVERAGE,none
MapperProxy.java,org.apache.ibatis.binding.MapperProxy,org.pitest.mutationtest.engine.gregor.mutators.InlineConstantMutator,invokeDefaultMethod,80,NO_COVERAGE,none
MapperProxy.java,org.apache.ibatis.binding.MapperProxy,org.pitest.mutationtest.engine.gregor.mutators.InlineConstantMutator,invokeDefaultMethod,80,NO_COVERAGE,none
MapperProxy.java,org.apache.ibatis.binding.MapperProxy,org.pitest.mutationtest.engine.gregor.mutators.NegateConditionalsMutator,invokeDefaultMethod,76,NO_COVERAGE,none
MapperProxy.java,org.apache.ibatis.binding.MapperProxy,org.pitest.mutationtest.engine.gregor.mutators.NonVoidMethodCallMutator,invokeDefaultMethod,75,NO_COVERAGE,none
MapperProxy.java,org.apache.ibatis.binding.MapperProxy,org.pitest.mutationtest.engine.gregor.mutators.NonVoidMethodCallMutator,invokeDefaultMethod,76,NO_COVERAGE,none
MapperProxy.java,org.apache.ibatis.binding.MapperProxy,org.pitest.mutationtest.engine.gregor.mutators.NonVoidMethodCallMutator,invokeDefaultMethod,79,NO_COVERAGE,none
MapperProxy.java,org.apache.ibatis.binding.MapperProxy,org.pitest.mutationtest.engine.gregor.mutators.NonVoidMethodCallMutator,invokeDefaultMethod,82,NO_COVERAGE,none
MapperProxy.java,org.apache.ibatis.binding.MapperProxy,org.pitest.mutationtest.engine.gregor.mutators.NonVoidMethodCallMutator,invokeDefaultMethod,81,NO_COVERAGE,none
MapperProxy.java,org.apache.ibatis.binding.MapperProxy,org.pitest.mutationtest.engine.gregor.mutators.NonVoidMethodCallMutator,invokeDefaultMethod,84,NO_COVERAGE,none
MapperProxy.java,org.apache.ibatis.binding.MapperProxy,org.pitest.mutationtest.engine.gregor.mutators.NonVoidMethodCallMutator,invokeDefaultMethod,84,NO_COVERAGE,none
MapperProxy.java,org.apache.ibatis.binding.MapperProxy,org.pitest.mutationtest.engine.gregor.mutators.NonVoidMethodCallMutator,invokeDefaultMethod,84,NO_COVERAGE,none
MapperProxy.java,org.apache.ibatis.binding.MapperProxy,org.pitest.mutationtest.engine.gregor.mutators.RemoveConditionalMutator_EQUAL_ELSE,invokeDefaultMethod,76,NO_COVERAGE,none
MapperProxy.java,org.apache.ibatis.binding.MapperProxy,org.pitest.mutationtest.engine.gregor.mutators.RemoveConditionalMutator_EQUAL_IF,invokeDefaultMethod,76,NO_COVERAGE,none
MapperProxy.java,org.apache.ibatis.binding.MapperProxy,org.pitest.mutationtest.engine.gregor.mutators.ReturnValsMutator,invokeDefaultMethod,80,NO_COVERAGE,none
MapperProxy.java,org.apache.ibatis.binding.MapperProxy,org.pitest.mutationtest.engine.gregor.mutators.VoidMethodCallMutator,invokeDefaultMethod,77,NO_COVERAGE,none
MapperProxy.java,org.apache.ibatis.binding.MapperProxy,org.pitest.mutationtest.engine.gregor.mutators.InlineConstantMutator,isDefaultMethod,93,KILLED,org.apache.ibatis.submitted.extend.ExtendTest.org.apache.ibatis.submitted.extend.ExtendTest
MapperProxy.java,org.apache.ibatis.binding.MapperProxy,org.pitest.mutationtest.engine.gregor.mutators.MathMutator,isDefaultMethod,91,KILLED,org.apache.ibatis.submitted.extend.ExtendTest.org.apache.ibatis.submitted.extend.ExtendTest
MapperProxy.java,org.apache.ibatis.binding.MapperProxy,org.pitest.mutationtest.engine.gregor.mutators.NegateConditionalsMutator,isDefaultMethod,91,KILLED,org.apache.ibatis.submitted.extend.ExtendTest.org.apache.ibatis.submitted.extend.ExtendTest
MapperProxy.java,org.apache.ibatis.binding.MapperProxy,org.pitest.mutationtest.engine.gregor.mutators.NonVoidMethodCallMutator,isDefaultMethod,93,KILLED,org.apache.ibatis.submitted.extend.ExtendTest.org.apache.ibatis.submitted.extend.ExtendTest
MapperProxy.java,org.apache.ibatis.binding.MapperProxy,org.pitest.mutationtest.engine.gregor.mutators.RemoveConditionalMutator_EQUAL_ELSE,isDefaultMethod,93,KILLED,org.apache.ibatis.submitted.extend.ExtendTest.org.apache.ibatis.submitted.extend.ExtendTest
MapperProxy.java,org.apache.ibatis.binding.MapperProxy,org.pitest.mutationtest.engine.gregor.mutators.RemoveConditionalMutator_EQUAL_IF,isDefaultMethod,93,KILLED,org.apache.ibatis.submitted.extend.ExtendTest.org.apache.ibatis.submitted.extend.ExtendTest
WeakCache.java,org.apache.ibatis.cache.decorators.WeakCache,org.pitest.mutationtest.engine.gregor.mutators.ConstructorCallMutator,<init>,41,NO_COVERAGE,none
WeakCache.java,org.apache.ibatis.cache.decorators.WeakCache,org.pitest.mutationtest.engine.gregor.mutators.ConstructorCallMutator,<init>,42,NO_COVERAGE,none
WeakCache.java,org.apache.ibatis.cache.decorators.WeakCache,org.pitest.mutationtest.engine.gregor.mutators.InlineConstantMutator,<init>,40,NO_COVERAGE,none
WeakCache.java,org.apache.ibatis.cache.decorators.WeakCache,org.pitest.mutationtest.engine.gregor.mutators.experimental.MemberVariableMutator,<init>,39,NO_COVERAGE,none
WeakCache.java,org.apache.ibatis.cache.decorators.WeakCache,org.pitest.mutationtest.engine.gregor.mutators.experimental.MemberVariableMutator,<init>,40,NO_COVERAGE,none
WeakCache.java,org.apache.ibatis.cache.decorators.WeakCache,org.pitest.mutationtest.engine.gregor.mutators.experimental.MemberVariableMutator,<init>,41,NO_COVERAGE,none
WeakCache.java,org.apache.ibatis.cache.decorators.WeakCache,org.pitest.mutationtest.engine.gregor.mutators.experimental.MemberVariableMutator,<init>,42,NO_COVERAGE,none
WeakCache.java,org.apache.ibatis.cache.decorators.WeakCache,org.pitest.mutationtest.engine.gregor.mutators.VoidMethodCallMutator,clear,93,NO_COVERAGE,none
WeakCache.java,org.apache.ibatis.cache.decorators.WeakCache,org.pitest.mutationtest.engine.gregor.mutators.VoidMethodCallMutator,clear,94,NO_COVERAGE,none
WeakCache.java,org.apache.ibatis.cache.decorators.WeakCache,org.pitest.mutationtest.engine.gregor.mutators.VoidMethodCallMutator,clear,95,NO_COVERAGE,none
WeakCache.java,org.apache.ibatis.cache.decorators.WeakCache,org.pitest.mutationtest.engine.gregor.mutators.NonVoidMethodCallMutator,getId,47,NO_COVERAGE,none
WeakCache.java,org.apache.ibatis.cache.decorators.WeakCache,org.pitest.mutationtest.engine.gregor.mutators.ReturnValsMutator,getId,47,NO_COVERAGE,none
WeakCache.java,org.apache.ibatis.cache.decorators.WeakCache,org.pitest.mutationtest.engine.gregor.mutators.ArgumentPropagationMutator,getObject,70,NO_COVERAGE,none
WeakCache.java,org.apache.ibatis.cache.decorators.WeakCache,org.pitest.mutationtest.engine.gregor.mutators.ArgumentPropagationMutator,getObject,74,NO_COVERAGE,none
WeakCache.java,org.apache.ibatis.cache.decorators.WeakCache,org.pitest.mutationtest.engine.gregor.mutators.ConditionalsBoundaryMutator,getObject,77,NO_COVERAGE,none
WeakCache.java,org.apache.ibatis.cache.decorators.WeakCache,org.pitest.mutationtest.engine.gregor.mutators.NegateConditionalsMutator,getObject,71,NO_COVERAGE,none
WeakCache.java,org.apache.ibatis.cache.decorators.WeakCache,org.pitest.mutationtest.engine.gregor.mutators.NegateConditionalsMutator,getObject,73,NO_COVERAGE,none
WeakCache.java,org.apache.ibatis.cache.decorators.WeakCache,org.pitest.mutationtest.engine.gregor.mutators.NegateConditionalsMutator,getObject,77,NO_COVERAGE,none
WeakCache.java,org.apache.ibatis.cache.decorators.WeakCache,org.pitest.mutationtest.engine.gregor.mutators.NonVoidMethodCallMutator,getObject,70,NO_COVERAGE,none
WeakCache.java,org.apache.ibatis.cache.decorators.WeakCache,org.pitest.mutationtest.engine.gregor.mutators.NonVoidMethodCallMutator,getObject,72,NO_COVERAGE,none
WeakCache.java,org.apache.ibatis.cache.decorators.WeakCache,org.pitest.mutationtest.engine.gregor.mutators.NonVoidMethodCallMutator,getObject,74,NO_COVERAGE,none
WeakCache.java,org.apache.ibatis.cache.decorators.WeakCache,org.pitest.mutationtest.engine.gregor.mutators.NonVoidMethodCallMutator,getObject,77,NO_COVERAGE,none
WeakCache.java,org.apache.ibatis.cache.decorators.WeakCache,org.pitest.mutationtest.engine.gregor.mutators.NonVoidMethodCallMutator,getObject,78,NO_COVERAGE,none
WeakCache.java,org.apache.ibatis.cache.decorators.WeakCache,org.pitest.mutationtest.engine.gregor.mutators.RemoveConditionalMutator_EQUAL_ELSE,getObject,71,NO_COVERAGE,none
WeakCache.java,org.apache.ibatis.cache.decorators.WeakCache,org.pitest.mutationtest.engine.gregor.mutators.RemoveConditionalMutator_EQUAL_ELSE,getObject,73,NO_COVERAGE,none
WeakCache.java,org.apache.ibatis.cache.decorators.WeakCache,org.pitest.mutationtest.engine.gregor.mutators.RemoveConditionalMutator_EQUAL_IF,getObject,71,NO_COVERAGE,none
WeakCache.java,org.apache.ibatis.cache.decorators.WeakCache,org.pitest.mutationtest.engine.gregor.mutators.RemoveConditionalMutator_EQUAL_IF,getObject,73,NO_COVERAGE,none
WeakCache.java,org.apache.ibatis.cache.decorators.WeakCache,org.pitest.mutationtest.engine.gregor.mutators.RemoveConditionalMutator_ORDER_ELSE,getObject,77,NO_COVERAGE,none
WeakCache.java,org.apache.ibatis.cache.decorators.WeakCache,org.pitest.mutationtest.engine.gregor.mutators.RemoveConditionalMutator_ORDER_IF,getObject,77,NO_COVERAGE,none
WeakCache.java,org.apache.ibatis.cache.decorators.WeakCache,org.pitest.mutationtest.engine.gregor.mutators.ReturnValsMutator,getObject,82,NO_COVERAGE,none
WeakCache.java,org.apache.ibatis.cache.decorators.WeakCache,org.pitest.mutationtest.engine.gregor.mutators.VoidMethodCallMutator,getObject,76,NO_COVERAGE,none
WeakCache.java,org.apache.ibatis.cache.decorators.WeakCache,org.pitest.mutationtest.engine.gregor.mutators.ReturnValsMutator,getReadWriteLock,100,NO_COVERAGE,none
WeakCache.java,org.apache.ibatis.cache.decorators.WeakCache,org.pitest.mutationtest.engine.gregor.mutators.NonVoidMethodCallMutator,getSize,53,NO_COVERAGE,none
WeakCache.java,org.apache.ibatis.cache.decorators.WeakCache,org.pitest.mutationtest.engine.gregor.mutators.ReturnValsMutator,getSize,53,NO_COVERAGE,none
WeakCache.java,org.apache.ibatis.cache.decorators.WeakCache,org.pitest.mutationtest.engine.gregor.mutators.VoidMethodCallMutator,getSize,52,NO_COVERAGE,none
WeakCache.java,org.apache.ibatis.cache.decorators.WeakCache,org.pitest.mutationtest.engine.gregor.mutators.ConstructorCallMutator,putObject,63,NO_COVERAGE,none
WeakCache.java,org.apache.ibatis.cache.decorators.WeakCache,org.pitest.mutationtest.engine.gregor.mutators.VoidMethodCallMutator,putObject,62,NO_COVERAGE,none
WeakCache.java,org.apache.ibatis.cache.decorators.WeakCache,org.pitest.mutationtest.engine.gregor.mutators.VoidMethodCallMutator,putObject,63,NO_COVERAGE,none
WeakCache.java,org.apache.ibatis.cache.decorators.WeakCache,org.pitest.mutationtest.engine.gregor.mutators.NegateConditionalsMutator,removeGarbageCollectedItems,105,NO_COVERAGE,none
WeakCache.java,org.apache.ibatis.cache.decorators.WeakCache,org.pitest.mutationtest.engine.gregor.mutators.RemoveConditionalMutator_EQUAL_IF,removeGarbageCollectedItems,105,NO_COVERAGE,none
WeakCache.java,org.apache.ibatis.cache.decorators.WeakCache,org.pitest.mutationtest.engine.gregor.mutators.ArgumentPropagationMutator,removeObject,88,NO_COVERAGE,none
WeakCache.java,org.apache.ibatis.cache.decorators.WeakCache,org.pitest.mutationtest.engine.gregor.mutators.NonVoidMethodCallMutator,removeObject,88,NO_COVERAGE,none
WeakCache.java,org.apache.ibatis.cache.decorators.WeakCache,org.pitest.mutationtest.engine.gregor.mutators.ReturnValsMutator,removeObject,88,NO_COVERAGE,none
WeakCache.java,org.apache.ibatis.cache.decorators.WeakCache,org.pitest.mutationtest.engine.gregor.mutators.VoidMethodCallMutator,removeObject,87,NO_COVERAGE,none
WeakCache.java,org.apache.ibatis.cache.decorators.WeakCache,org.pitest.mutationtest.engine.gregor.mutators.experimental.MemberVariableMutator,setSize,57,NO_COVERAGE,none
ScheduledCache.java,org.apache.ibatis.cache.decorators.ScheduledCache,org.pitest.mutationtest.engine.gregor.mutators.InlineConstantMutator,<init>,33,NO_COVERAGE,none
ScheduledCache.java,org.apache.ibatis.cache.decorators.ScheduledCache,org.pitest.mutationtest.engine.gregor.mutators.NonVoidMethodCallMutator,<init>,34,NO_COVERAGE,none
ScheduledCache.java,org.apache.ibatis.cache.decorators.ScheduledCache,org.pitest.mutationtest.engine.gregor.mutators.experimental.MemberVariableMutator,<init>,32,NO_COVERAGE,none
ScheduledCache.java,org.apache.ibatis.cache.decorators.ScheduledCache,org.pitest.mutationtest.engine.gregor.mutators.experimental.MemberVariableMutator,<init>,33,NO_COVERAGE,none
ScheduledCache.java,org.apache.ibatis.cache.decorators.ScheduledCache,org.pitest.mutationtest.engine.gregor.mutators.experimental.MemberVariableMutator,<init>,34,NO_COVERAGE,none
ScheduledCache.java,org.apache.ibatis.cache.decorators.ScheduledCache,org.pitest.mutationtest.engine.gregor.mutators.NonVoidMethodCallMutator,clear,71,NO_COVERAGE,none
ScheduledCache.java,org.apache.ibatis.cache.decorators.ScheduledCache,org.pitest.mutationtest.engine.gregor.mutators.VoidMethodCallMutator,clear,72,NO_COVERAGE,none
ScheduledCache.java,org.apache.ibatis.cache.decorators.ScheduledCache,org.pitest.mutationtest.engine.gregor.mutators.experimental.MemberVariableMutator,clear,71,NO_COVERAGE,none
ScheduledCache.java,org.apache.ibatis.cache.decorators.ScheduledCache,org.pitest.mutationtest.engine.gregor.mutators.ConditionalsBoundaryMutator,clearWhenStale,91,NO_COVERAGE,none
ScheduledCache.java,org.apache.ibatis.cache.decorators.ScheduledCache,org.pitest.mutationtest.engine.gregor.mutators.InlineConstantMutator,clearWhenStale,93,NO_COVERAGE,none
ScheduledCache.java,org.apache.ibatis.cache.decorators.ScheduledCache,org.pitest.mutationtest.engine.gregor.mutators.InlineConstantMutator,clearWhenStale,95,NO_COVERAGE,none
ScheduledCache.java,org.apache.ibatis.cache.decorators.ScheduledCache,org.pitest.mutationtest.engine.gregor.mutators.MathMutator,clearWhenStale,91,NO_COVERAGE,none
ScheduledCache.java,org.apache.ibatis.cache.decorators.ScheduledCache,org.pitest.mutationtest.engine.gregor.mutators.NegateConditionalsMutator,clearWhenStale,91,NO_COVERAGE,none
ScheduledCache.java,org.apache.ibatis.cache.decorators.ScheduledCache,org.pitest.mutationtest.engine.gregor.mutators.NonVoidMethodCallMutator,clearWhenStale,91,NO_COVERAGE,none
ScheduledCache.java,org.apache.ibatis.cache.decorators.ScheduledCache,org.pitest.mutationtest.engine.gregor.mutators.RemoveConditionalMutator_ORDER_ELSE,clearWhenStale,91,NO_COVERAGE,none
ScheduledCache.java,org.apache.ibatis.cache.decorators.ScheduledCache,org.pitest.mutationtest.engine.gregor.mutators.RemoveConditionalMutator_ORDER_IF,clearWhenStale,91,NO_COVERAGE,none
ScheduledCache.java,org.apache.ibatis.cache.decorators.ScheduledCache,org.pitest.mutationtest.engine.gregor.mutators.ReturnValsMutator,clearWhenStale,93,NO_COVERAGE,none
ScheduledCache.java,org.apache.ibatis.cache.decorators.ScheduledCache,org.pitest.mutationtest.engine.gregor.mutators.ReturnValsMutator,clearWhenStale,95,NO_COVERAGE,none
ScheduledCache.java,org.apache.ibatis.cache.decorators.ScheduledCache,org.pitest.mutationtest.engine.gregor.mutators.VoidMethodCallMutator,clearWhenStale,92,NO_COVERAGE,none
ScheduledCache.java,org.apache.ibatis.cache.decorators.ScheduledCache,org.pitest.mutationtest.engine.gregor.mutators.NonVoidMethodCallMutator,equals,87,NO_COVERAGE,none
ScheduledCache.java,org.apache.ibatis.cache.decorators.ScheduledCache,org.pitest.mutationtest.engine.gregor.mutators.ReturnValsMutator,equals,87,NO_COVERAGE,none
ScheduledCache.java,org.apache.ibatis.cache.decorators.ScheduledCache,org.pitest.mutationtest.engine.gregor.mutators.NonVoidMethodCallMutator,getId,43,NO_COVERAGE,none
ScheduledCache.java,org.apache.ibatis.cache.decorators.ScheduledCache,org.pitest.mutationtest.engine.gregor.mutators.ReturnValsMutator,getId,43,NO_COVERAGE,none
ScheduledCache.java,org.apache.ibatis.cache.decorators.ScheduledCache,org.pitest.mutationtest.engine.gregor.mutators.ArgumentPropagationMutator,getObject,60,NO_COVERAGE,none
ScheduledCache.java,org.apache.ibatis.cache.decorators.ScheduledCache,org.pitest.mutationtest.engine.gregor.mutators.NegateConditionalsMutator,getObject,60,NO_COVERAGE,none
ScheduledCache.java,org.apache.ibatis.cache.decorators.ScheduledCache,org.pitest.mutationtest.engine.gregor.mutators.NonVoidMethodCallMutator,getObject,60,NO_COVERAGE,none
ScheduledCache.java,org.apache.ibatis.cache.decorators.ScheduledCache,org.pitest.mutationtest.engine.gregor.mutators.NonVoidMethodCallMutator,getObject,60,NO_COVERAGE,none
ScheduledCache.java,org.apache.ibatis.cache.decorators.ScheduledCache,org.pitest.mutationtest.engine.gregor.mutators.RemoveConditionalMutator_EQUAL_ELSE,getObject,60,NO_COVERAGE,none
ScheduledCache.java,org.apache.ibatis.cache.decorators.ScheduledCache,org.pitest.mutationtest.engine.gregor.mutators.RemoveConditionalMutator_EQUAL_IF,getObject,60,NO_COVERAGE,none
ScheduledCache.java,org.apache.ibatis.cache.decorators.ScheduledCache,org.pitest.mutationtest.engine.gregor.mutators.ReturnValsMutator,getObject,60,NO_COVERAGE,none
ScheduledCache.java,org.apache.ibatis.cache.decorators.ScheduledCache,org.pitest.mutationtest.engine.gregor.mutators.ReturnValsMutator,getReadWriteLock,77,NO_COVERAGE,none
ScheduledCache.java,org.apache.ibatis.cache.decorators.ScheduledCache,org.pitest.mutationtest.engine.gregor.mutators.NonVoidMethodCallMutator,getSize,48,NO_COVERAGE,none
ScheduledCache.java,org.apache.ibatis.cache.decorators.ScheduledCache,org.pitest.mutationtest.engine.gregor.mutators.NonVoidMethodCallMutator,getSize,49,NO_COVERAGE,none
ScheduledCache.java,org.apache.ibatis.cache.decorators.ScheduledCache,org.pitest.mutationtest.engine.gregor.mutators.ReturnValsMutator,getSize,49,NO_COVERAGE,none
ScheduledCache.java,org.apache.ibatis.cache.decorators.ScheduledCache,org.pitest.mutationtest.engine.gregor.mutators.NonVoidMethodCallMutator,hashCode,82,NO_COVERAGE,none
ScheduledCache.java,org.apache.ibatis.cache.decorators.ScheduledCache,org.pitest.mutationtest.engine.gregor.mutators.ReturnValsMutator,hashCode,82,NO_COVERAGE,none
ScheduledCache.java,org.apache.ibatis.cache.decorators.ScheduledCache,org.pitest.mutationtest.engine.gregor.mutators.NonVoidMethodCallMutator,putObject,54,NO_COVERAGE,none
ScheduledCache.java,org.apache.ibatis.cache.decorators.ScheduledCache,org.pitest.mutationtest.engine.gregor.mutators.VoidMethodCallMutator,putObject,55,NO_COVERAGE,none
ScheduledCache.java,org.apache.ibatis.cache.decorators.ScheduledCache,org.pitest.mutationtest.engine.gregor.mutators.ArgumentPropagationMutator,removeObject,66,NO_COVERAGE,none
ScheduledCache.java,org.apache.ibatis.cache.decorators.ScheduledCache,org.pitest.mutationtest.engine.gregor.mutators.NonVoidMethodCallMutator,removeObject,65,NO_COVERAGE,none
ScheduledCache.java,org.apache.ibatis.cache.decorators.ScheduledCache,org.pitest.mutationtest.engine.gregor.mutators.NonVoidMethodCallMutator,removeObject,66,NO_COVERAGE,none
ScheduledCache.java,org.apache.ibatis.cache.decorators.ScheduledCache,org.pitest.mutationtest.engine.gregor.mutators.ReturnValsMutator,removeObject,66,NO_COVERAGE,none
ScheduledCache.java,org.apache.ibatis.cache.decorators.ScheduledCache,org.pitest.mutationtest.engine.gregor.mutators.experimental.MemberVariableMutator,setClearInterval,38,NO_COVERAGE,none
MapperRegistry.java,org.apache.ibatis.binding.MapperRegistry,org.pitest.mutationtest.engine.gregor.mutators.ArgumentPropagationMutator,addMapper,76,NO_COVERAGE,none
MapperRegistry.java,org.apache.ibatis.binding.MapperRegistry,org.pitest.mutationtest.engine.gregor.mutators.ConstructorCallMutator,addMapper,63,NO_COVERAGE,none
MapperRegistry.java,org.apache.ibatis.binding.MapperRegistry,org.pitest.mutationtest.engine.gregor.mutators.ConstructorCallMutator,addMapper,63,NO_COVERAGE,none
MapperRegistry.java,org.apache.ibatis.binding.MapperRegistry,org.pitest.mutationtest.engine.gregor.mutators.NonVoidMethodCallMutator,addMapper,63,NO_COVERAGE,none
MapperRegistry.java,org.apache.ibatis.binding.MapperRegistry,org.pitest.mutationtest.engine.gregor.mutators.NonVoidMethodCallMutator,addMapper,63,NO_COVERAGE,none
MapperRegistry.java,org.apache.ibatis.binding.MapperRegistry,org.pitest.mutationtest.engine.gregor.mutators.NonVoidMethodCallMutator,addMapper,63,NO_COVERAGE,none
MapperRegistry.java,org.apache.ibatis.binding.MapperRegistry,org.pitest.mutationtest.engine.gregor.mutators.NonVoidMethodCallMutator,addMapper,63,NO_COVERAGE,none
MapperRegistry.java,org.apache.ibatis.binding.MapperRegistry,org.pitest.mutationtest.engine.gregor.mutators.NonVoidMethodCallMutator,addMapper,76,NO_COVERAGE,none
MapperRegistry.java,org.apache.ibatis.binding.MapperRegistry,org.pitest.mutationtest.engine.gregor.mutators.VoidMethodCallMutator,addMappers,105,NO_COVERAGE,none
MapperRegistry.java,org.apache.ibatis.binding.MapperRegistry,org.pitest.mutationtest.engine.gregor.mutators.ConstructorCallMutator,addMappers,93,NO_COVERAGE,none
MapperRegistry.java,org.apache.ibatis.binding.MapperRegistry,org.pitest.mutationtest.engine.gregor.mutators.ConstructorCallMutator,addMappers,94,NO_COVERAGE,none
MapperRegistry.java,org.apache.ibatis.binding.MapperRegistry,org.pitest.mutationtest.engine.gregor.mutators.NegateConditionalsMutator,addMappers,96,NO_COVERAGE,none
MapperRegistry.java,org.apache.ibatis.binding.MapperRegistry,org.pitest.mutationtest.engine.gregor.mutators.NonVoidMethodCallMutator,addMappers,94,NO_COVERAGE,none
MapperRegistry.java,org.apache.ibatis.binding.MapperRegistry,org.pitest.mutationtest.engine.gregor.mutators.NonVoidMethodCallMutator,addMappers,95,NO_COVERAGE,none
MapperRegistry.java,org.apache.ibatis.binding.MapperRegistry,org.pitest.mutationtest.engine.gregor.mutators.NonVoidMethodCallMutator,addMappers,96,NO_COVERAGE,none
MapperRegistry.java,org.apache.ibatis.binding.MapperRegistry,org.pitest.mutationtest.engine.gregor.mutators.NonVoidMethodCallMutator,addMappers,96,NO_COVERAGE,none
MapperRegistry.java,org.apache.ibatis.binding.MapperRegistry,org.pitest.mutationtest.engine.gregor.mutators.NonVoidMethodCallMutator,addMappers,96,NO_COVERAGE,none
MapperRegistry.java,org.apache.ibatis.binding.MapperRegistry,org.pitest.mutationtest.engine.gregor.mutators.RemoveConditionalMutator_EQUAL_ELSE,addMappers,96,NO_COVERAGE,none
MapperRegistry.java,org.apache.ibatis.binding.MapperRegistry,org.pitest.mutationtest.engine.gregor.mutators.RemoveConditionalMutator_EQUAL_IF,addMappers,96,NO_COVERAGE,none
MapperRegistry.java,org.apache.ibatis.binding.MapperRegistry,org.pitest.mutationtest.engine.gregor.mutators.VoidMethodCallMutator,addMappers,97,NO_COVERAGE,none
MapperRegistry.java,org.apache.ibatis.binding.MapperRegistry,org.pitest.mutationtest.engine.gregor.mutators.ArgumentPropagationMutator,getMapper,45,KILLED,org.apache.ibatis.submitted.extend.ExtendTest.org.apache.ibatis.submitted.extend.ExtendTest
MapperRegistry.java,org.apache.ibatis.binding.MapperRegistry,org.pitest.mutationtest.engine.gregor.mutators.ConstructorCallMutator,getMapper,47,NO_COVERAGE,none
MapperRegistry.java,org.apache.ibatis.binding.MapperRegistry,org.pitest.mutationtest.engine.gregor.mutators.ConstructorCallMutator,getMapper,47,NO_COVERAGE,none
MapperRegistry.java,org.apache.ibatis.binding.MapperRegistry,org.pitest.mutationtest.engine.gregor.mutators.ConstructorCallMutator,getMapper,52,NO_COVERAGE,none
MapperRegistry.java,org.apache.ibatis.binding.MapperRegistry,org.pitest.mutationtest.engine.gregor.mutators.ConstructorCallMutator,getMapper,52,NO_COVERAGE,none
MapperRegistry.java,org.apache.ibatis.binding.MapperRegistry,org.pitest.mutationtest.engine.gregor.mutators.NegateConditionalsMutator,getMapper,46,KILLED,org.apache.ibatis.submitted.extend.ExtendTest.org.apache.ibatis.submitted.extend.ExtendTest
MapperRegistry.java,org.apache.ibatis.binding.MapperRegistry,org.pitest.mutationtest.engine.gregor.mutators.NonVoidMethodCallMutator,getMapper,47,NO_COVERAGE,none
MapperRegistry.java,org.apache.ibatis.binding.MapperRegistry,org.pitest.mutationtest.engine.gregor.mutators.NonVoidMethodCallMutator,getMapper,47,NO_COVERAGE,none
MapperRegistry.java,org.apache.ibatis.binding.MapperRegistry,org.pitest.mutationtest.engine.gregor.mutators.NonVoidMethodCallMutator,getMapper,47,NO_COVERAGE,none
MapperRegistry.java,org.apache.ibatis.binding.MapperRegistry,org.pitest.mutationtest.engine.gregor.mutators.NonVoidMethodCallMutator,getMapper,47,NO_COVERAGE,none
MapperRegistry.java,org.apache.ibatis.binding.MapperRegistry,org.pitest.mutationtest.engine.gregor.mutators.NonVoidMethodCallMutator,getMapper,50,KILLED,org.apache.ibatis.submitted.extend.ExtendTest.org.apache.ibatis.submitted.extend.ExtendTest
MapperRegistry.java,org.apache.ibatis.binding.MapperRegistry,org.pitest.mutationtest.engine.gregor.mutators.NonVoidMethodCallMutator,getMapper,52,NO_COVERAGE,none
MapperRegistry.java,org.apache.ibatis.binding.MapperRegistry,org.pitest.mutationtest.engine.gregor.mutators.NonVoidMethodCallMutator,getMapper,52,NO_COVERAGE,none
MapperRegistry.java,org.apache.ibatis.binding.MapperRegistry,org.pitest.mutationtest.engine.gregor.mutators.NonVoidMethodCallMutator,getMapper,52,NO_COVERAGE,none
MapperRegistry.java,org.apache.ibatis.binding.MapperRegistry,org.pitest.mutationtest.engine.gregor.mutators.RemoveConditionalMutator_EQUAL_ELSE,getMapper,46,KILLED,org.apache.ibatis.submitted.extend.ExtendTest.org.apache.ibatis.submitted.extend.ExtendTest
MapperRegistry.java,org.apache.ibatis.binding.MapperRegistry,org.pitest.mutationtest.engine.gregor.mutators.RemoveConditionalMutator_EQUAL_IF,getMapper,46,KILLED,org.apache.ibatis.submitted.extend.ExtendTest.org.apache.ibatis.submitted.extend.ExtendTest
MapperRegistry.java,org.apache.ibatis.binding.MapperRegistry,org.pitest.mutationtest.engine.gregor.mutators.ReturnValsMutator,getMapper,50,KILLED,org.apache.ibatis.submitted.extend.ExtendTest.org.apache.ibatis.submitted.extend.ExtendTest
MapperRegistry.java,org.apache.ibatis.binding.MapperRegistry,org.pitest.mutationtest.engine.gregor.mutators.ArgumentPropagationMutator,getMappers,86,NO_COVERAGE,none
MapperRegistry.java,org.apache.ibatis.binding.MapperRegistry,org.pitest.mutationtest.engine.gregor.mutators.NonVoidMethodCallMutator,getMappers,86,NO_COVERAGE,none
MapperRegistry.java,org.apache.ibatis.binding.MapperRegistry,org.pitest.mutationtest.engine.gregor.mutators.NonVoidMethodCallMutator,getMappers,86,NO_COVERAGE,none
MapperRegistry.java,org.apache.ibatis.binding.MapperRegistry,org.pitest.mutationtest.engine.gregor.mutators.ReturnValsMutator,getMappers,86,NO_COVERAGE,none
BaseStatementHandler.java,org.apache.ibatis.executor.statement.BaseStatementHandler,org.pitest.mutationtest.engine.gregor.mutators.NegateConditionalsMutator,<init>,62,KILLED,org.apache.ibatis.submitted.extend.ExtendTest.org.apache.ibatis.submitted.extend.ExtendTest
BaseStatementHandler.java,org.apache.ibatis.executor.statement.BaseStatementHandler,org.pitest.mutationtest.engine.gregor.mutators.NonVoidMethodCallMutator,<init>,60,SURVIVED,none
BaseStatementHandler.java,org.apache.ibatis.executor.statement.BaseStatementHandler,org.pitest.mutationtest.engine.gregor.mutators.experimental.MemberVariableMutator,<init>,54,KILLED,org.apache.ibatis.submitted.extend.ExtendTest.org.apache.ibatis.submitted.extend.ExtendTest
BaseStatementHandler.java,org.apache.ibatis.executor.statement.BaseStatementHandler,org.pitest.mutationtest.engine.gregor.mutators.experimental.MemberVariableMutator,<init>,55,KILLED,org.apache.ibatis.submitted.extend.ExtendTest.org.apache.ibatis.submitted.extend.ExtendTest
BaseStatementHandler.java,org.apache.ibatis.executor.statement.BaseStatementHandler,org.pitest.mutationtest.engine.gregor.mutators.experimental.MemberVariableMutator,<init>,56,KILLED,org.apache.ibatis.submitted.extend.ExtendTest.org.apache.ibatis.submitted.extend.ExtendTest
BaseStatementHandler.java,org.apache.ibatis.executor.statement.BaseStatementHandler,org.pitest.mutationtest.engine.gregor.mutators.experimental.MemberVariableMutator,<init>,60,KILLED,org.apache.ibatis.submitted.extend.ExtendTest.org.apache.ibatis.submitted.extend.ExtendTest
BaseStatementHandler.java,org.apache.ibatis.executor.statement.BaseStatementHandler,org.pitest.mutationtest.engine.gregor.mutators.experimental.MemberVariableMutator,<init>,69,KILLED,org.apache.ibatis.submitted.extend.ExtendTest.org.apache.ibatis.submitted.extend.ExtendTest
BaseStatementHandler.java,org.apache.ibatis.executor.statement.BaseStatementHandler,org.pitest.mutationtest.engine.gregor.mutators.NegateConditionalsMutator,closeStatement,130,NO_COVERAGE,none
BaseStatementHandler.java,org.apache.ibatis.executor.statement.BaseStatementHandler,org.pitest.mutationtest.engine.gregor.mutators.RemoveConditionalMutator_EQUAL_ELSE,closeStatement,130,NO_COVERAGE,none
BaseStatementHandler.java,org.apache.ibatis.executor.statement.BaseStatementHandler,org.pitest.mutationtest.engine.gregor.mutators.RemoveConditionalMutator_EQUAL_IF,closeStatement,130,NO_COVERAGE,none
BaseStatementHandler.java,org.apache.ibatis.executor.statement.BaseStatementHandler,org.pitest.mutationtest.engine.gregor.mutators.VoidMethodCallMutator,closeStatement,131,NO_COVERAGE,none
BaseStatementHandler.java,org.apache.ibatis.executor.statement.BaseStatementHandler,org.pitest.mutationtest.engine.gregor.mutators.NonVoidMethodCallMutator,generateKeys,139,NO_COVERAGE,none
BaseStatementHandler.java,org.apache.ibatis.executor.statement.BaseStatementHandler,org.pitest.mutationtest.engine.gregor.mutators.NonVoidMethodCallMutator,generateKeys,140,NO_COVERAGE,none
BaseStatementHandler.java,org.apache.ibatis.executor.statement.BaseStatementHandler,org.pitest.mutationtest.engine.gregor.mutators.NonVoidMethodCallMutator,generateKeys,142,NO_COVERAGE,none
BaseStatementHandler.java,org.apache.ibatis.executor.statement.BaseStatementHandler,org.pitest.mutationtest.engine.gregor.mutators.NonVoidMethodCallMutator,generateKeys,142,NO_COVERAGE,none
BaseStatementHandler.java,org.apache.ibatis.executor.statement.BaseStatementHandler,org.pitest.mutationtest.engine.gregor.mutators.ReturnValsMutator,getBoundSql,75,NO_COVERAGE,none
BaseStatementHandler.java,org.apache.ibatis.executor.statement.BaseStatementHandler,org.pitest.mutationtest.engine.gregor.mutators.ReturnValsMutator,getParameterHandler,80,NO_COVERAGE,none
BaseStatementHandler.java,org.apache.ibatis.executor.statement.BaseStatementHandler,org.pitest.mutationtest.engine.gregor.mutators.ConstructorCallMutator,prepare,97,NO_COVERAGE,none
BaseStatementHandler.java,org.apache.ibatis.executor.statement.BaseStatementHandler,org.pitest.mutationtest.engine.gregor.mutators.ConstructorCallMutator,prepare,97,NO_COVERAGE,none
BaseStatementHandler.java,org.apache.ibatis.executor.statement.BaseStatementHandler,org.pitest.mutationtest.engine.gregor.mutators.NonVoidMethodCallMutator,prepare,85,KILLED,org.apache.ibatis.submitted.extend.ExtendTest.org.apache.ibatis.submitted.extend.ExtendTest
BaseStatementHandler.java,org.apache.ibatis.executor.statement.BaseStatementHandler,org.pitest.mutationtest.engine.gregor.mutators.NonVoidMethodCallMutator,prepare,88,KILLED,org.apache.ibatis.submitted.extend.ExtendTest.org.apache.ibatis.submitted.extend.ExtendTest
BaseStatementHandler.java,org.apache.ibatis.executor.statement.BaseStatementHandler,org.pitest.mutationtest.engine.gregor.mutators.NonVoidMethodCallMutator,prepare,97,NO_COVERAGE,none
BaseStatementHandler.java,org.apache.ibatis.executor.statement.BaseStatementHandler,org.pitest.mutationtest.engine.gregor.mutators.NonVoidMethodCallMutator,prepare,97,NO_COVERAGE,none
BaseStatementHandler.java,org.apache.ibatis.executor.statement.BaseStatementHandler,org.pitest.mutationtest.engine.gregor.mutators.NonVoidMethodCallMutator,prepare,97,NO_COVERAGE,none
BaseStatementHandler.java,org.apache.ibatis.executor.statement.BaseStatementHandler,org.pitest.mutationtest.engine.gregor.mutators.VoidMethodCallMutator,prepare,93,NO_COVERAGE,none
BaseStatementHandler.java,org.apache.ibatis.executor.statement.BaseStatementHandler,org.pitest.mutationtest.engine.gregor.mutators.VoidMethodCallMutator,prepare,96,NO_COVERAGE,none
BaseStatementHandler.java,org.apache.ibatis.executor.statement.BaseStatementHandler,org.pitest.mutationtest.engine.gregor.mutators.NegateConditionalsMutator,setFetchSize,123,KILLED,org.apache.ibatis.submitted.extend.ExtendTest.org.apache.ibatis.submitted.extend.ExtendTest
BaseStatementHandler.java,org.apache.ibatis.executor.statement.BaseStatementHandler,org.pitest.mutationtest.engine.gregor.mutators.NonVoidMethodCallMutator,setFetchSize,119,NO_COVERAGE,none
BaseStatementHandler.java,org.apache.ibatis.executor.statement.BaseStatementHandler,org.pitest.mutationtest.engine.gregor.mutators.NonVoidMethodCallMutator,setFetchSize,122,KILLED,org.apache.ibatis.submitted.extend.ExtendTest.org.apache.ibatis.submitted.extend.ExtendTest
BaseStatementHandler.java,org.apache.ibatis.executor.statement.BaseStatementHandler,org.pitest.mutationtest.engine.gregor.mutators.NonVoidMethodCallMutator,setFetchSize,124,NO_COVERAGE,none
BaseStatementHandler.java,org.apache.ibatis.executor.statement.BaseStatementHandler,org.pitest.mutationtest.engine.gregor.mutators.RemoveConditionalMutator_EQUAL_ELSE,setFetchSize,118,KILLED,org.apache.ibatis.submitted.extend.ExtendTest.org.apache.ibatis.submitted.extend.ExtendTest
BaseStatementHandler.java,org.apache.ibatis.executor.statement.BaseStatementHandler,org.pitest.mutationtest.engine.gregor.mutators.VoidMethodCallMutator,setFetchSize,119,NO_COVERAGE,none
BaseStatementHandler.java,org.apache.ibatis.executor.statement.BaseStatementHandler,org.pitest.mutationtest.engine.gregor.mutators.VoidMethodCallMutator,setFetchSize,124,NO_COVERAGE,none
BaseStatementHandler.java,org.apache.ibatis.executor.statement.BaseStatementHandler,org.pitest.mutationtest.engine.gregor.mutators.NonVoidMethodCallMutator,setStatementTimeout,106,NO_COVERAGE,none
BaseStatementHandler.java,org.apache.ibatis.executor.statement.BaseStatementHandler,org.pitest.mutationtest.engine.gregor.mutators.NonVoidMethodCallMutator,setStatementTimeout,108,NO_COVERAGE,none
BaseStatementHandler.java,org.apache.ibatis.executor.statement.BaseStatementHandler,org.pitest.mutationtest.engine.gregor.mutators.NonVoidMethodCallMutator,setStatementTimeout,111,NO_COVERAGE,none
BaseStatementHandler.java,org.apache.ibatis.executor.statement.BaseStatementHandler,org.pitest.mutationtest.engine.gregor.mutators.RemoveConditionalMutator_EQUAL_ELSE,setStatementTimeout,107,KILLED,org.apache.ibatis.submitted.extend.ExtendTest.org.apache.ibatis.submitted.extend.ExtendTest
BaseStatementHandler.java,org.apache.ibatis.executor.statement.BaseStatementHandler,org.pitest.mutationtest.engine.gregor.mutators.RemoveConditionalMutator_EQUAL_ELSE,setStatementTimeout,110,KILLED,org.apache.ibatis.submitted.extend.ExtendTest.org.apache.ibatis.submitted.extend.ExtendTest
BaseStatementHandler.java,org.apache.ibatis.executor.statement.BaseStatementHandler,org.pitest.mutationtest.engine.gregor.mutators.RemoveConditionalMutator_EQUAL_IF,setStatementTimeout,105,KILLED,org.apache.ibatis.submitted.extend.ExtendTest.org.apache.ibatis.submitted.extend.ExtendTest
BaseStatementHandler.java,org.apache.ibatis.executor.statement.BaseStatementHandler,org.pitest.mutationtest.engine.gregor.mutators.RemoveConditionalMutator_EQUAL_IF,setStatementTimeout,110,KILLED,org.apache.ibatis.submitted.extend.ExtendTest.org.apache.ibatis.submitted.extend.ExtendTest
BaseStatementHandler.java,org.apache.ibatis.executor.statement.BaseStatementHandler,org.pitest.mutationtest.engine.gregor.mutators.VoidMethodCallMutator,setStatementTimeout,111,NO_COVERAGE,none
ManagedTransaction.java,org.apache.ibatis.transaction.managed.ManagedTransaction,org.pitest.mutationtest.engine.gregor.mutators.experimental.MemberVariableMutator,<init>,47,NO_COVERAGE,none
ManagedTransaction.java,org.apache.ibatis.transaction.managed.ManagedTransaction,org.pitest.mutationtest.engine.gregor.mutators.experimental.MemberVariableMutator,<init>,48,NO_COVERAGE,none
ManagedTransaction.java,org.apache.ibatis.transaction.managed.ManagedTransaction,org.pitest.mutationtest.engine.gregor.mutators.experimental.MemberVariableMutator,<init>,52,NO_COVERAGE,none
ManagedTransaction.java,org.apache.ibatis.transaction.managed.ManagedTransaction,org.pitest.mutationtest.engine.gregor.mutators.experimental.MemberVariableMutator,<init>,53,NO_COVERAGE,none
ManagedTransaction.java,org.apache.ibatis.transaction.managed.ManagedTransaction,org.pitest.mutationtest.engine.gregor.mutators.experimental.MemberVariableMutator,<init>,54,NO_COVERAGE,none
ManagedTransaction.java,org.apache.ibatis.transaction.managed.ManagedTransaction,org.pitest.mutationtest.engine.gregor.mutators.ConstructorCallMutator,close,79,NO_COVERAGE,none
ManagedTransaction.java,org.apache.ibatis.transaction.managed.ManagedTransaction,org.pitest.mutationtest.engine.gregor.mutators.NegateConditionalsMutator,close,77,NO_COVERAGE,none
ManagedTransaction.java,org.apache.ibatis.transaction.managed.ManagedTransaction,org.pitest.mutationtest.engine.gregor.mutators.NegateConditionalsMutator,close,77,NO_COVERAGE,none
ManagedTransaction.java,org.apache.ibatis.transaction.managed.ManagedTransaction,org.pitest.mutationtest.engine.gregor.mutators.NegateConditionalsMutator,close,78,NO_COVERAGE,none
ManagedTransaction.java,org.apache.ibatis.transaction.managed.ManagedTransaction,org.pitest.mutationtest.engine.gregor.mutators.NonVoidMethodCallMutator,close,78,NO_COVERAGE,none
ManagedTransaction.java,org.apache.ibatis.transaction.managed.ManagedTransaction,org.pitest.mutationtest.engine.gregor.mutators.NonVoidMethodCallMutator,close,79,NO_COVERAGE,none
ManagedTransaction.java,org.apache.ibatis.transaction.managed.ManagedTransaction,org.pitest.mutationtest.engine.gregor.mutators.NonVoidMethodCallMutator,close,79,NO_COVERAGE,none
ManagedTransaction.java,org.apache.ibatis.transaction.managed.ManagedTransaction,org.pitest.mutationtest.engine.gregor.mutators.NonVoidMethodCallMutator,close,79,NO_COVERAGE,none
ManagedTransaction.java,org.apache.ibatis.transaction.managed.ManagedTransaction,org.pitest.mutationtest.engine.gregor.mutators.NonVoidMethodCallMutator,close,79,NO_COVERAGE,none
ManagedTransaction.java,org.apache.ibatis.transaction.managed.ManagedTransaction,org.pitest.mutationtest.engine.gregor.mutators.RemoveConditionalMutator_EQUAL_ELSE,close,77,NO_COVERAGE,none
ManagedTransaction.java,org.apache.ibatis.transaction.managed.ManagedTransaction,org.pitest.mutationtest.engine.gregor.mutators.RemoveConditionalMutator_EQUAL_ELSE,close,77,NO_COVERAGE,none
ManagedTransaction.java,org.apache.ibatis.transaction.managed.ManagedTransaction,org.pitest.mutationtest.engine.gregor.mutators.RemoveConditionalMutator_EQUAL_ELSE,close,78,NO_COVERAGE,none
ManagedTransaction.java,org.apache.ibatis.transaction.managed.ManagedTransaction,org.pitest.mutationtest.engine.gregor.mutators.RemoveConditionalMutator_EQUAL_IF,close,77,NO_COVERAGE,none
ManagedTransaction.java,org.apache.ibatis.transaction.managed.ManagedTransaction,org.pitest.mutationtest.engine.gregor.mutators.RemoveConditionalMutator_EQUAL_IF,close,77,NO_COVERAGE,none
ManagedTransaction.java,org.apache.ibatis.transaction.managed.ManagedTransaction,org.pitest.mutationtest.engine.gregor.mutators.RemoveConditionalMutator_EQUAL_IF,close,78,NO_COVERAGE,none
ManagedTransaction.java,org.apache.ibatis.transaction.managed.ManagedTransaction,org.pitest.mutationtest.engine.gregor.mutators.VoidMethodCallMutator,close,79,NO_COVERAGE,none
ManagedTransaction.java,org.apache.ibatis.transaction.managed.ManagedTransaction,org.pitest.mutationtest.engine.gregor.mutators.VoidMethodCallMutator,close,81,NO_COVERAGE,none
ManagedTransaction.java,org.apache.ibatis.transaction.managed.ManagedTransaction,org.pitest.mutationtest.engine.gregor.mutators.NegateConditionalsMutator,getConnection,59,NO_COVERAGE,none
ManagedTransaction.java,org.apache.ibatis.transaction.managed.ManagedTransaction,org.pitest.mutationtest.engine.gregor.mutators.RemoveConditionalMutator_EQUAL_ELSE,getConnection,59,NO_COVERAGE,none
ManagedTransaction.java,org.apache.ibatis.transaction.managed.ManagedTransaction,org.pitest.mutationtest.engine.gregor.mutators.RemoveConditionalMutator_EQUAL_IF,getConnection,59,NO_COVERAGE,none
ManagedTransaction.java,org.apache.ibatis.transaction.managed.ManagedTransaction,org.pitest.mutationtest.engine.gregor.mutators.ReturnValsMutator,getConnection,62,NO_COVERAGE,none
ManagedTransaction.java,org.apache.ibatis.transaction.managed.ManagedTransaction,org.pitest.mutationtest.engine.gregor.mutators.VoidMethodCallMutator,getConnection,60,NO_COVERAGE,none
ManagedTransaction.java,org.apache.ibatis.transaction.managed.ManagedTransaction,org.pitest.mutationtest.engine.gregor.mutators.ReturnValsMutator,getTimeout,97,NO_COVERAGE,none
ManagedTransaction.java,org.apache.ibatis.transaction.managed.ManagedTransaction,org.pitest.mutationtest.engine.gregor.mutators.NegateConditionalsMutator,openConnection,86,NO_COVERAGE,none
ManagedTransaction.java,org.apache.ibatis.transaction.managed.ManagedTransaction,org.pitest.mutationtest.engine.gregor.mutators.NegateConditionalsMutator,openConnection,90,NO_COVERAGE,none
ManagedTransaction.java,org.apache.ibatis.transaction.managed.ManagedTransaction,org.pitest.mutationtest.engine.gregor.mutators.NonVoidMethodCallMutator,openConnection,86,NO_COVERAGE,none
ManagedTransaction.java,org.apache.ibatis.transaction.managed.ManagedTransaction,org.pitest.mutationtest.engine.gregor.mutators.NonVoidMethodCallMutator,openConnection,89,NO_COVERAGE,none
ManagedTransaction.java,org.apache.ibatis.transaction.managed.ManagedTransaction,org.pitest.mutationtest.engine.gregor.mutators.NonVoidMethodCallMutator,openConnection,91,NO_COVERAGE,none
ManagedTransaction.java,org.apache.ibatis.transaction.managed.ManagedTransaction,org.pitest.mutationtest.engine.gregor.mutators.RemoveConditionalMutator_EQUAL_ELSE,openConnection,86,NO_COVERAGE,none
ManagedTransaction.java,org.apache.ibatis.transaction.managed.ManagedTransaction,org.pitest.mutationtest.engine.gregor.mutators.RemoveConditionalMutator_EQUAL_ELSE,openConnection,90,NO_COVERAGE,none
ManagedTransaction.java,org.apache.ibatis.transaction.managed.ManagedTransaction,org.pitest.mutationtest.engine.gregor.mutators.RemoveConditionalMutator_EQUAL_IF,openConnection,86,NO_COVERAGE,none
ManagedTransaction.java,org.apache.ibatis.transaction.managed.ManagedTransaction,org.pitest.mutationtest.engine.gregor.mutators.RemoveConditionalMutator_EQUAL_IF,openConnection,90,NO_COVERAGE,none
ManagedTransaction.java,org.apache.ibatis.transaction.managed.ManagedTransaction,org.pitest.mutationtest.engine.gregor.mutators.VoidMethodCallMutator,openConnection,87,NO_COVERAGE,none
ManagedTransaction.java,org.apache.ibatis.transaction.managed.ManagedTransaction,org.pitest.mutationtest.engine.gregor.mutators.VoidMethodCallMutator,openConnection,91,NO_COVERAGE,none
ManagedTransaction.java,org.apache.ibatis.transaction.managed.ManagedTransaction,org.pitest.mutationtest.engine.gregor.mutators.experimental.MemberVariableMutator,openConnection,89,NO_COVERAGE,none
SimpleStatementHandler.java,org.apache.ibatis.executor.statement.SimpleStatementHandler,org.pitest.mutationtest.engine.gregor.mutators.NonVoidMethodCallMutator,batch,66,NO_COVERAGE,none
SimpleStatementHandler.java,org.apache.ibatis.executor.statement.SimpleStatementHandler,org.pitest.mutationtest.engine.gregor.mutators.VoidMethodCallMutator,batch,67,NO_COVERAGE,none
SimpleStatementHandler.java,org.apache.ibatis.executor.statement.SimpleStatementHandler,org.pitest.mutationtest.engine.gregor.mutators.InlineConstantMutator,instantiateStatement,87,NO_COVERAGE,none
SimpleStatementHandler.java,org.apache.ibatis.executor.statement.SimpleStatementHandler,org.pitest.mutationtest.engine.gregor.mutators.NegateConditionalsMutator,instantiateStatement,86,NO_COVERAGE,none
SimpleStatementHandler.java,org.apache.ibatis.executor.statement.SimpleStatementHandler,org.pitest.mutationtest.engine.gregor.mutators.NonVoidMethodCallMutator,instantiateStatement,86,NO_COVERAGE,none
SimpleStatementHandler.java,org.apache.ibatis.executor.statement.SimpleStatementHandler,org.pitest.mutationtest.engine.gregor.mutators.NonVoidMethodCallMutator,instantiateStatement,87,NO_COVERAGE,none
SimpleStatementHandler.java,org.apache.ibatis.executor.statement.SimpleStatementHandler,org.pitest.mutationtest.engine.gregor.mutators.NonVoidMethodCallMutator,instantiateStatement,87,NO_COVERAGE,none
SimpleStatementHandler.java,org.apache.ibatis.executor.statement.SimpleStatementHandler,org.pitest.mutationtest.engine.gregor.mutators.NonVoidMethodCallMutator,instantiateStatement,87,NO_COVERAGE,none
SimpleStatementHandler.java,org.apache.ibatis.executor.statement.SimpleStatementHandler,org.pitest.mutationtest.engine.gregor.mutators.NonVoidMethodCallMutator,instantiateStatement,89,NO_COVERAGE,none
SimpleStatementHandler.java,org.apache.ibatis.executor.statement.SimpleStatementHandler,org.pitest.mutationtest.engine.gregor.mutators.RemoveConditionalMutator_EQUAL_ELSE,instantiateStatement,86,NO_COVERAGE,none
SimpleStatementHandler.java,org.apache.ibatis.executor.statement.SimpleStatementHandler,org.pitest.mutationtest.engine.gregor.mutators.RemoveConditionalMutator_EQUAL_IF,instantiateStatement,86,NO_COVERAGE,none
SimpleStatementHandler.java,org.apache.ibatis.executor.statement.SimpleStatementHandler,org.pitest.mutationtest.engine.gregor.mutators.ReturnValsMutator,instantiateStatement,87,NO_COVERAGE,none
SimpleStatementHandler.java,org.apache.ibatis.executor.statement.SimpleStatementHandler,org.pitest.mutationtest.engine.gregor.mutators.ReturnValsMutator,instantiateStatement,89,NO_COVERAGE,none
SimpleStatementHandler.java,org.apache.ibatis.executor.statement.SimpleStatementHandler,org.pitest.mutationtest.engine.gregor.mutators.NonVoidMethodCallMutator,query,72,NO_COVERAGE,none
SimpleStatementHandler.java,org.apache.ibatis.executor.statement.SimpleStatementHandler,org.pitest.mutationtest.engine.gregor.mutators.NonVoidMethodCallMutator,query,73,NO_COVERAGE,none
SimpleStatementHandler.java,org.apache.ibatis.executor.statement.SimpleStatementHandler,org.pitest.mutationtest.engine.gregor.mutators.NonVoidMethodCallMutator,query,74,NO_COVERAGE,none
SimpleStatementHandler.java,org.apache.ibatis.executor.statement.SimpleStatementHandler,org.pitest.mutationtest.engine.gregor.mutators.ReturnValsMutator,query,74,NO_COVERAGE,none
SimpleStatementHandler.java,org.apache.ibatis.executor.statement.SimpleStatementHandler,org.pitest.mutationtest.engine.gregor.mutators.NonVoidMethodCallMutator,queryCursor,79,NO_COVERAGE,none
SimpleStatementHandler.java,org.apache.ibatis.executor.statement.SimpleStatementHandler,org.pitest.mutationtest.engine.gregor.mutators.NonVoidMethodCallMutator,queryCursor,80,NO_COVERAGE,none
SimpleStatementHandler.java,org.apache.ibatis.executor.statement.SimpleStatementHandler,org.pitest.mutationtest.engine.gregor.mutators.NonVoidMethodCallMutator,queryCursor,81,NO_COVERAGE,none
SimpleStatementHandler.java,org.apache.ibatis.executor.statement.SimpleStatementHandler,org.pitest.mutationtest.engine.gregor.mutators.ReturnValsMutator,queryCursor,81,NO_COVERAGE,none
SimpleStatementHandler.java,org.apache.ibatis.executor.statement.SimpleStatementHandler,org.pitest.mutationtest.engine.gregor.mutators.InlineConstantMutator,update,50,NO_COVERAGE,none
SimpleStatementHandler.java,org.apache.ibatis.executor.statement.SimpleStatementHandler,org.pitest.mutationtest.engine.gregor.mutators.NegateConditionalsMutator,update,49,NO_COVERAGE,none
SimpleStatementHandler.java,org.apache.ibatis.executor.statement.SimpleStatementHandler,org.pitest.mutationtest.engine.gregor.mutators.NegateConditionalsMutator,update,53,NO_COVERAGE,none
SimpleStatementHandler.java,org.apache.ibatis.executor.statement.SimpleStatementHandler,org.pitest.mutationtest.engine.gregor.mutators.NonVoidMethodCallMutator,update,45,NO_COVERAGE,none
SimpleStatementHandler.java,org.apache.ibatis.executor.statement.SimpleStatementHandler,org.pitest.mutationtest.engine.gregor.mutators.NonVoidMethodCallMutator,update,46,NO_COVERAGE,none
SimpleStatementHandler.java,org.apache.ibatis.executor.statement.SimpleStatementHandler,org.pitest.mutationtest.engine.gregor.mutators.NonVoidMethodCallMutator,update,47,NO_COVERAGE,none
SimpleStatementHandler.java,org.apache.ibatis.executor.statement.SimpleStatementHandler,org.pitest.mutationtest.engine.gregor.mutators.NonVoidMethodCallMutator,update,50,NO_COVERAGE,none
SimpleStatementHandler.java,org.apache.ibatis.executor.statement.SimpleStatementHandler,org.pitest.mutationtest.engine.gregor.mutators.NonVoidMethodCallMutator,update,51,NO_COVERAGE,none
SimpleStatementHandler.java,org.apache.ibatis.executor.statement.SimpleStatementHandler,org.pitest.mutationtest.engine.gregor.mutators.NonVoidMethodCallMutator,update,54,NO_COVERAGE,none
SimpleStatementHandler.java,org.apache.ibatis.executor.statement.SimpleStatementHandler,org.pitest.mutationtest.engine.gregor.mutators.NonVoidMethodCallMutator,update,55,NO_COVERAGE,none
SimpleStatementHandler.java,org.apache.ibatis.executor.statement.SimpleStatementHandler,org.pitest.mutationtest.engine.gregor.mutators.NonVoidMethodCallMutator,update,58,NO_COVERAGE,none
SimpleStatementHandler.java,org.apache.ibatis.executor.statement.SimpleStatementHandler,org.pitest.mutationtest.engine.gregor.mutators.NonVoidMethodCallMutator,update,59,NO_COVERAGE,none
SimpleStatementHandler.java,org.apache.ibatis.executor.statement.SimpleStatementHandler,org.pitest.mutationtest.engine.gregor.mutators.RemoveConditionalMutator_EQUAL_ELSE,update,49,NO_COVERAGE,none
SimpleStatementHandler.java,org.apache.ibatis.executor.statement.SimpleStatementHandler,org.pitest.mutationtest.engine.gregor.mutators.RemoveConditionalMutator_EQUAL_ELSE,update,53,NO_COVERAGE,none
SimpleStatementHandler.java,org.apache.ibatis.executor.statement.SimpleStatementHandler,org.pitest.mutationtest.engine.gregor.mutators.RemoveConditionalMutator_EQUAL_IF,update,49,NO_COVERAGE,none
SimpleStatementHandler.java,org.apache.ibatis.executor.statement.SimpleStatementHandler,org.pitest.mutationtest.engine.gregor.mutators.RemoveConditionalMutator_EQUAL_IF,update,53,NO_COVERAGE,none
SimpleStatementHandler.java,org.apache.ibatis.executor.statement.SimpleStatementHandler,org.pitest.mutationtest.engine.gregor.mutators.ReturnValsMutator,update,61,NO_COVERAGE,none
SimpleStatementHandler.java,org.apache.ibatis.executor.statement.SimpleStatementHandler,org.pitest.mutationtest.engine.gregor.mutators.VoidMethodCallMutator,update,52,NO_COVERAGE,none
SimpleStatementHandler.java,org.apache.ibatis.executor.statement.SimpleStatementHandler,org.pitest.mutationtest.engine.gregor.mutators.VoidMethodCallMutator,update,56,NO_COVERAGE,none
CglibProxyFactory.java,org.apache.ibatis.executor.loader.cglib.CglibProxyFactory,org.pitest.mutationtest.engine.gregor.mutators.ConstructorCallMutator,<init>,56,NO_COVERAGE,none
CglibProxyFactory.java,org.apache.ibatis.executor.loader.cglib.CglibProxyFactory,org.pitest.mutationtest.engine.gregor.mutators.NonVoidMethodCallMutator,<init>,54,NO_COVERAGE,none
CglibProxyFactory.java,org.apache.ibatis.executor.loader.cglib.CglibProxyFactory,org.pitest.mutationtest.engine.gregor.mutators.ArgumentPropagationMutator,crateProxy,93,NO_COVERAGE,none
CglibProxyFactory.java,org.apache.ibatis.executor.loader.cglib.CglibProxyFactory,org.pitest.mutationtest.engine.gregor.mutators.ArgumentPropagationMutator,crateProxy,94,NO_COVERAGE,none
CglibProxyFactory.java,org.apache.ibatis.executor.loader.cglib.CglibProxyFactory,org.pitest.mutationtest.engine.gregor.mutators.ConstructorCallMutator,crateProxy,75,NO_COVERAGE,none
CglibProxyFactory.java,org.apache.ibatis.executor.loader.cglib.CglibProxyFactory,org.pitest.mutationtest.engine.gregor.mutators.ConstructorCallMutator,crateProxy,82,NO_COVERAGE,none
CglibProxyFactory.java,org.apache.ibatis.executor.loader.cglib.CglibProxyFactory,org.pitest.mutationtest.engine.gregor.mutators.InlineConstantMutator,crateProxy,79,NO_COVERAGE,none
CglibProxyFactory.java,org.apache.ibatis.executor.loader.cglib.CglibProxyFactory,org.pitest.mutationtest.engine.gregor.mutators.InlineConstantMutator,crateProxy,85,NO_COVERAGE,none
CglibProxyFactory.java,org.apache.ibatis.executor.loader.cglib.CglibProxyFactory,org.pitest.mutationtest.engine.gregor.mutators.InlineConstantMutator,crateProxy,85,NO_COVERAGE,none
CglibProxyFactory.java,org.apache.ibatis.executor.loader.cglib.CglibProxyFactory,org.pitest.mutationtest.engine.gregor.mutators.NegateConditionalsMutator,crateProxy,81,NO_COVERAGE,none
CglibProxyFactory.java,org.apache.ibatis.executor.loader.cglib.CglibProxyFactory,org.pitest.mutationtest.engine.gregor.mutators.NegateConditionalsMutator,crateProxy,90,NO_COVERAGE,none
CglibProxyFactory.java,org.apache.ibatis.executor.loader.cglib.CglibProxyFactory,org.pitest.mutationtest.engine.gregor.mutators.NonVoidMethodCallMutator,crateProxy,79,NO_COVERAGE,none
CglibProxyFactory.java,org.apache.ibatis.executor.loader.cglib.CglibProxyFactory,org.pitest.mutationtest.engine.gregor.mutators.NonVoidMethodCallMutator,crateProxy,81,NO_COVERAGE,none
CglibProxyFactory.java,org.apache.ibatis.executor.loader.cglib.CglibProxyFactory,org.pitest.mutationtest.engine.gregor.mutators.NonVoidMethodCallMutator,crateProxy,82,NO_COVERAGE,none
CglibProxyFactory.java,org.apache.ibatis.executor.loader.cglib.CglibProxyFactory,org.pitest.mutationtest.engine.gregor.mutators.NonVoidMethodCallMutator,crateProxy,82,NO_COVERAGE,none
CglibProxyFactory.java,org.apache.ibatis.executor.loader.cglib.CglibProxyFactory,org.pitest.mutationtest.engine.gregor.mutators.NonVoidMethodCallMutator,crateProxy,82,NO_COVERAGE,none
CglibProxyFactory.java,org.apache.ibatis.executor.loader.cglib.CglibProxyFactory,org.pitest.mutationtest.engine.gregor.mutators.NonVoidMethodCallMutator,crateProxy,82,NO_COVERAGE,none
CglibProxyFactory.java,org.apache.ibatis.executor.loader.cglib.CglibProxyFactory,org.pitest.mutationtest.engine.gregor.mutators.NonVoidMethodCallMutator,crateProxy,90,NO_COVERAGE,none
CglibProxyFactory.java,org.apache.ibatis.executor.loader.cglib.CglibProxyFactory,org.pitest.mutationtest.engine.gregor.mutators.NonVoidMethodCallMutator,crateProxy,91,NO_COVERAGE,none
CglibProxyFactory.java,org.apache.ibatis.executor.loader.cglib.CglibProxyFactory,org.pitest.mutationtest.engine.gregor.mutators.NonVoidMethodCallMutator,crateProxy,93,NO_COVERAGE,none
CglibProxyFactory.java,org.apache.ibatis.executor.loader.cglib.CglibProxyFactory,org.pitest.mutationtest.engine.gregor.mutators.NonVoidMethodCallMutator,crateProxy,93,NO_COVERAGE,none
CglibProxyFactory.java,org.apache.ibatis.executor.loader.cglib.CglibProxyFactory,org.pitest.mutationtest.engine.gregor.mutators.NonVoidMethodCallMutator,crateProxy,94,NO_COVERAGE,none
CglibProxyFactory.java,org.apache.ibatis.executor.loader.cglib.CglibProxyFactory,org.pitest.mutationtest.engine.gregor.mutators.NonVoidMethodCallMutator,crateProxy,94,NO_COVERAGE,none
CglibProxyFactory.java,org.apache.ibatis.executor.loader.cglib.CglibProxyFactory,org.pitest.mutationtest.engine.gregor.mutators.NonVoidMethodCallMutator,crateProxy,95,NO_COVERAGE,none
CglibProxyFactory.java,org.apache.ibatis.executor.loader.cglib.CglibProxyFactory,org.pitest.mutationtest.engine.gregor.mutators.RemoveConditionalMutator_EQUAL_ELSE,crateProxy,81,NO_COVERAGE,none
CglibProxyFactory.java,org.apache.ibatis.executor.loader.cglib.CglibProxyFactory,org.pitest.mutationtest.engine.gregor.mutators.RemoveConditionalMutator_EQUAL_ELSE,crateProxy,90,NO_COVERAGE,none
CglibProxyFactory.java,org.apache.ibatis.executor.loader.cglib.CglibProxyFactory,org.pitest.mutationtest.engine.gregor.mutators.RemoveConditionalMutator_EQUAL_IF,crateProxy,81,NO_COVERAGE,none
CglibProxyFactory.java,org.apache.ibatis.executor.loader.cglib.CglibProxyFactory,org.pitest.mutationtest.engine.gregor.mutators.RemoveConditionalMutator_EQUAL_IF,crateProxy,90,NO_COVERAGE,none
CglibProxyFactory.java,org.apache.ibatis.executor.loader.cglib.CglibProxyFactory,org.pitest.mutationtest.engine.gregor.mutators.ReturnValsMutator,crateProxy,97,NO_COVERAGE,none
CglibProxyFactory.java,org.apache.ibatis.executor.loader.cglib.CglibProxyFactory,org.pitest.mutationtest.engine.gregor.mutators.VoidMethodCallMutator,crateProxy,76,NO_COVERAGE,none
CglibProxyFactory.java,org.apache.ibatis.executor.loader.cglib.CglibProxyFactory,org.pitest.mutationtest.engine.gregor.mutators.VoidMethodCallMutator,crateProxy,77,NO_COVERAGE,none
CglibProxyFactory.java,org.apache.ibatis.executor.loader.cglib.CglibProxyFactory,org.pitest.mutationtest.engine.gregor.mutators.VoidMethodCallMutator,crateProxy,82,NO_COVERAGE,none
CglibProxyFactory.java,org.apache.ibatis.executor.loader.cglib.CglibProxyFactory,org.pitest.mutationtest.engine.gregor.mutators.VoidMethodCallMutator,crateProxy,85,NO_COVERAGE,none
CglibProxyFactory.java,org.apache.ibatis.executor.loader.cglib.CglibProxyFactory,org.pitest.mutationtest.engine.gregor.mutators.ArgumentPropagationMutator,createDeserializationProxy,66,NO_COVERAGE,none
CglibProxyFactory.java,org.apache.ibatis.executor.loader.cglib.CglibProxyFactory,org.pitest.mutationtest.engine.gregor.mutators.NonVoidMethodCallMutator,createDeserializationProxy,66,NO_COVERAGE,none
CglibProxyFactory.java,org.apache.ibatis.executor.loader.cglib.CglibProxyFactory,org.pitest.mutationtest.engine.gregor.mutators.ReturnValsMutator,createDeserializationProxy,66,NO_COVERAGE,none
CglibProxyFactory.java,org.apache.ibatis.executor.loader.cglib.CglibProxyFactory,org.pitest.mutationtest.engine.gregor.mutators.ArgumentPropagationMutator,createProxy,62,NO_COVERAGE,none
CglibProxyFactory.java,org.apache.ibatis.executor.loader.cglib.CglibProxyFactory,org.pitest.mutationtest.engine.gregor.mutators.NonVoidMethodCallMutator,createProxy,62,NO_COVERAGE,none
CglibProxyFactory.java,org.apache.ibatis.executor.loader.cglib.CglibProxyFactory,org.pitest.mutationtest.engine.gregor.mutators.ReturnValsMutator,createProxy,62,NO_COVERAGE,none
ParameterMapping.java,org.apache.ibatis.mapping.ParameterMapping$Builder,org.pitest.mutationtest.engine.gregor.mutators.ArgumentPropagationMutator,<init>,49,NO_COVERAGE,none
ParameterMapping.java,org.apache.ibatis.mapping.ParameterMapping$Builder,org.pitest.mutationtest.engine.gregor.mutators.ArgumentPropagationMutator,<init>,50,NO_COVERAGE,none
ParameterMapping.java,org.apache.ibatis.mapping.ParameterMapping$Builder,org.pitest.mutationtest.engine.gregor.mutators.ArgumentPropagationMutator,<init>,51,NO_COVERAGE,none
ParameterMapping.java,org.apache.ibatis.mapping.ParameterMapping$Builder,org.pitest.mutationtest.engine.gregor.mutators.ArgumentPropagationMutator,<init>,52,NO_COVERAGE,none
ParameterMapping.java,org.apache.ibatis.mapping.ParameterMapping$Builder,org.pitest.mutationtest.engine.gregor.mutators.NonVoidMethodCallMutator,<init>,49,NO_COVERAGE,none
ParameterMapping.java,org.apache.ibatis.mapping.ParameterMapping$Builder,org.pitest.mutationtest.engine.gregor.mutators.NonVoidMethodCallMutator,<init>,50,NO_COVERAGE,none
ParameterMapping.java,org.apache.ibatis.mapping.ParameterMapping$Builder,org.pitest.mutationtest.engine.gregor.mutators.NonVoidMethodCallMutator,<init>,51,NO_COVERAGE,none
ParameterMapping.java,org.apache.ibatis.mapping.ParameterMapping$Builder,org.pitest.mutationtest.engine.gregor.mutators.NonVoidMethodCallMutator,<init>,52,NO_COVERAGE,none
ParameterMapping.java,org.apache.ibatis.mapping.ParameterMapping$Builder,org.pitest.mutationtest.engine.gregor.mutators.ArgumentPropagationMutator,expression,98,NO_COVERAGE,none
ParameterMapping.java,org.apache.ibatis.mapping.ParameterMapping$Builder,org.pitest.mutationtest.engine.gregor.mutators.NonVoidMethodCallMutator,expression,98,NO_COVERAGE,none
ParameterMapping.java,org.apache.ibatis.mapping.ParameterMapping$Builder,org.pitest.mutationtest.engine.gregor.mutators.ReturnValsMutator,expression,99,NO_COVERAGE,none
ParameterMapping.java,org.apache.ibatis.mapping.ParameterMapping$Builder,org.pitest.mutationtest.engine.gregor.mutators.ArgumentPropagationMutator,jdbcTypeName,93,NO_COVERAGE,none
ParameterMapping.java,org.apache.ibatis.mapping.ParameterMapping$Builder,org.pitest.mutationtest.engine.gregor.mutators.NonVoidMethodCallMutator,jdbcTypeName,93,NO_COVERAGE,none
ParameterMapping.java,org.apache.ibatis.mapping.ParameterMapping$Builder,org.pitest.mutationtest.engine.gregor.mutators.ReturnValsMutator,jdbcTypeName,94,NO_COVERAGE,none
ParameterMapping.java,org.apache.ibatis.mapping.ParameterMapping$Builder,org.pitest.mutationtest.engine.gregor.mutators.ConstructorCallMutator,validate,111,NO_COVERAGE,none
ParameterMapping.java,org.apache.ibatis.mapping.ParameterMapping$Builder,org.pitest.mutationtest.engine.gregor.mutators.ConstructorCallMutator,validate,112,NO_COVERAGE,none
ParameterMapping.java,org.apache.ibatis.mapping.ParameterMapping$Builder,org.pitest.mutationtest.engine.gregor.mutators.ConstructorCallMutator,validate,117,NO_COVERAGE,none
ParameterMapping.java,org.apache.ibatis.mapping.ParameterMapping$Builder,org.pitest.mutationtest.engine.gregor.mutators.ConstructorCallMutator,validate,119,NO_COVERAGE,none
ParameterMapping.java,org.apache.ibatis.mapping.ParameterMapping$Builder,org.pitest.mutationtest.engine.gregor.mutators.NegateConditionalsMutator,validate,110,NO_COVERAGE,none
ParameterMapping.java,org.apache.ibatis.mapping.ParameterMapping$Builder,org.pitest.mutationtest.engine.gregor.mutators.NonVoidMethodCallMutator,validate,110,NO_COVERAGE,none
ParameterMapping.java,org.apache.ibatis.mapping.ParameterMapping$Builder,org.pitest.mutationtest.engine.gregor.mutators.NonVoidMethodCallMutator,validate,111,NO_COVERAGE,none
ParameterMapping.java,org.apache.ibatis.mapping.ParameterMapping$Builder,org.pitest.mutationtest.engine.gregor.mutators.NonVoidMethodCallMutator,validate,112,NO_COVERAGE,none
ParameterMapping.java,org.apache.ibatis.mapping.ParameterMapping$Builder,org.pitest.mutationtest.engine.gregor.mutators.NonVoidMethodCallMutator,validate,112,NO_COVERAGE,none
ParameterMapping.java,org.apache.ibatis.mapping.ParameterMapping$Builder,org.pitest.mutationtest.engine.gregor.mutators.NonVoidMethodCallMutator,validate,112,NO_COVERAGE,none
ParameterMapping.java,org.apache.ibatis.mapping.ParameterMapping$Builder,org.pitest.mutationtest.engine.gregor.mutators.NonVoidMethodCallMutator,validate,112,NO_COVERAGE,none
ParameterMapping.java,org.apache.ibatis.mapping.ParameterMapping$Builder,org.pitest.mutationtest.engine.gregor.mutators.NonVoidMethodCallMutator,validate,117,NO_COVERAGE,none
ParameterMapping.java,org.apache.ibatis.mapping.ParameterMapping$Builder,org.pitest.mutationtest.engine.gregor.mutators.NonVoidMethodCallMutator,validate,118,NO_COVERAGE,none
ParameterMapping.java,org.apache.ibatis.mapping.ParameterMapping$Builder,org.pitest.mutationtest.engine.gregor.mutators.NonVoidMethodCallMutator,validate,118,NO_COVERAGE,none
ParameterMapping.java,org.apache.ibatis.mapping.ParameterMapping$Builder,org.pitest.mutationtest.engine.gregor.mutators.NonVoidMethodCallMutator,validate,118,NO_COVERAGE,none
ParameterMapping.java,org.apache.ibatis.mapping.ParameterMapping$Builder,org.pitest.mutationtest.engine.gregor.mutators.NonVoidMethodCallMutator,validate,119,NO_COVERAGE,none
ParameterMapping.java,org.apache.ibatis.mapping.ParameterMapping$Builder,org.pitest.mutationtest.engine.gregor.mutators.NonVoidMethodCallMutator,validate,119,NO_COVERAGE,none
ParameterMapping.java,org.apache.ibatis.mapping.ParameterMapping$Builder,org.pitest.mutationtest.engine.gregor.mutators.NonVoidMethodCallMutator,validate,119,NO_COVERAGE,none
ParameterMapping.java,org.apache.ibatis.mapping.ParameterMapping$Builder,org.pitest.mutationtest.engine.gregor.mutators.NonVoidMethodCallMutator,validate,119,NO_COVERAGE,none
ParameterMapping.java,org.apache.ibatis.mapping.ParameterMapping$Builder,org.pitest.mutationtest.engine.gregor.mutators.NonVoidMethodCallMutator,validate,119,NO_COVERAGE,none
ParameterMapping.java,org.apache.ibatis.mapping.ParameterMapping$Builder,org.pitest.mutationtest.engine.gregor.mutators.NonVoidMethodCallMutator,validate,119,NO_COVERAGE,none
ParameterMapping.java,org.apache.ibatis.mapping.ParameterMapping$Builder,org.pitest.mutationtest.engine.gregor.mutators.NonVoidMethodCallMutator,validate,119,NO_COVERAGE,none
ParameterMapping.java,org.apache.ibatis.mapping.ParameterMapping$Builder,org.pitest.mutationtest.engine.gregor.mutators.NonVoidMethodCallMutator,validate,119,NO_COVERAGE,none
ParameterMapping.java,org.apache.ibatis.mapping.ParameterMapping$Builder,org.pitest.mutationtest.engine.gregor.mutators.RemoveConditionalMutator_EQUAL_ELSE,validate,110,NO_COVERAGE,none
ParameterMapping.java,org.apache.ibatis.mapping.ParameterMapping$Builder,org.pitest.mutationtest.engine.gregor.mutators.RemoveConditionalMutator_EQUAL_IF,validate,110,NO_COVERAGE,none
XMLScriptBuilder.java,org.apache.ibatis.scripting.xmltags.XMLScriptBuilder$ChooseHandler,org.pitest.mutationtest.engine.gregor.mutators.experimental.MemberVariableMutator,<init>,217,NO_COVERAGE,none
XMLScriptBuilder.java,org.apache.ibatis.scripting.xmltags.XMLScriptBuilder$ChooseHandler,org.pitest.mutationtest.engine.gregor.mutators.ConditionalsBoundaryMutator,getDefaultSqlNode,248,NO_COVERAGE,none
XMLScriptBuilder.java,org.apache.ibatis.scripting.xmltags.XMLScriptBuilder$ChooseHandler,org.pitest.mutationtest.engine.gregor.mutators.ConstructorCallMutator,getDefaultSqlNode,249,NO_COVERAGE,none
XMLScriptBuilder.java,org.apache.ibatis.scripting.xmltags.XMLScriptBuilder$ChooseHandler,org.pitest.mutationtest.engine.gregor.mutators.InlineConstantMutator,getDefaultSqlNode,246,NO_COVERAGE,none
XMLScriptBuilder.java,org.apache.ibatis.scripting.xmltags.XMLScriptBuilder$ChooseHandler,org.pitest.mutationtest.engine.gregor.mutators.InlineConstantMutator,getDefaultSqlNode,247,NO_COVERAGE,none
XMLScriptBuilder.java,org.apache.ibatis.scripting.xmltags.XMLScriptBuilder$ChooseHandler,org.pitest.mutationtest.engine.gregor.mutators.InlineConstantMutator,getDefaultSqlNode,248,NO_COVERAGE,none
XMLScriptBuilder.java,org.apache.ibatis.scripting.xmltags.XMLScriptBuilder$ChooseHandler,org.pitest.mutationtest.engine.gregor.mutators.NegateConditionalsMutator,getDefaultSqlNode,246,NO_COVERAGE,none
XMLScriptBuilder.java,org.apache.ibatis.scripting.xmltags.XMLScriptBuilder$ChooseHandler,org.pitest.mutationtest.engine.gregor.mutators.NegateConditionalsMutator,getDefaultSqlNode,248,NO_COVERAGE,none
XMLScriptBuilder.java,org.apache.ibatis.scripting.xmltags.XMLScriptBuilder$ChooseHandler,org.pitest.mutationtest.engine.gregor.mutators.NonVoidMethodCallMutator,getDefaultSqlNode,246,NO_COVERAGE,none
XMLScriptBuilder.java,org.apache.ibatis.scripting.xmltags.XMLScriptBuilder$ChooseHandler,org.pitest.mutationtest.engine.gregor.mutators.NonVoidMethodCallMutator,getDefaultSqlNode,247,NO_COVERAGE,none
XMLScriptBuilder.java,org.apache.ibatis.scripting.xmltags.XMLScriptBuilder$ChooseHandler,org.pitest.mutationtest.engine.gregor.mutators.NonVoidMethodCallMutator,getDefaultSqlNode,248,NO_COVERAGE,none
XMLScriptBuilder.java,org.apache.ibatis.scripting.xmltags.XMLScriptBuilder$ChooseHandler,org.pitest.mutationtest.engine.gregor.mutators.RemoveConditionalMutator_EQUAL_ELSE,getDefaultSqlNode,246,NO_COVERAGE,none
XMLScriptBuilder.java,org.apache.ibatis.scripting.xmltags.XMLScriptBuilder$ChooseHandler,org.pitest.mutationtest.engine.gregor.mutators.RemoveConditionalMutator_EQUAL_IF,getDefaultSqlNode,246,NO_COVERAGE,none
XMLScriptBuilder.java,org.apache.ibatis.scripting.xmltags.XMLScriptBuilder$ChooseHandler,org.pitest.mutationtest.engine.gregor.mutators.RemoveConditionalMutator_ORDER_ELSE,getDefaultSqlNode,248,NO_COVERAGE,none
XMLScriptBuilder.java,org.apache.ibatis.scripting.xmltags.XMLScriptBuilder$ChooseHandler,org.pitest.mutationtest.engine.gregor.mutators.RemoveConditionalMutator_ORDER_IF,getDefaultSqlNode,248,NO_COVERAGE,none
XMLScriptBuilder.java,org.apache.ibatis.scripting.xmltags.XMLScriptBuilder$ChooseHandler,org.pitest.mutationtest.engine.gregor.mutators.ReturnValsMutator,getDefaultSqlNode,251,NO_COVERAGE,none
XMLScriptBuilder.java,org.apache.ibatis.scripting.xmltags.XMLScriptBuilder$ChooseHandler,org.pitest.mutationtest.engine.gregor.mutators.ConstructorCallMutator,handleNode,223,NO_COVERAGE,none
XMLScriptBuilder.java,org.apache.ibatis.scripting.xmltags.XMLScriptBuilder$ChooseHandler,org.pitest.mutationtest.engine.gregor.mutators.ConstructorCallMutator,handleNode,224,NO_COVERAGE,none
XMLScriptBuilder.java,org.apache.ibatis.scripting.xmltags.XMLScriptBuilder$ChooseHandler,org.pitest.mutationtest.engine.gregor.mutators.ConstructorCallMutator,handleNode,227,NO_COVERAGE,none
XMLScriptBuilder.java,org.apache.ibatis.scripting.xmltags.XMLScriptBuilder$ChooseHandler,org.pitest.mutationtest.engine.gregor.mutators.NonVoidMethodCallMutator,handleNode,226,NO_COVERAGE,none
XMLScriptBuilder.java,org.apache.ibatis.scripting.xmltags.XMLScriptBuilder$ChooseHandler,org.pitest.mutationtest.engine.gregor.mutators.NonVoidMethodCallMutator,handleNode,228,NO_COVERAGE,none
XMLScriptBuilder.java,org.apache.ibatis.scripting.xmltags.XMLScriptBuilder$ChooseHandler,org.pitest.mutationtest.engine.gregor.mutators.NegateConditionalsMutator,handleWhenOtherwiseNodes,233,NO_COVERAGE,none
XMLScriptBuilder.java,org.apache.ibatis.scripting.xmltags.XMLScriptBuilder$ChooseHandler,org.pitest.mutationtest.engine.gregor.mutators.NegateConditionalsMutator,handleWhenOtherwiseNodes,236,NO_COVERAGE,none
XMLScriptBuilder.java,org.apache.ibatis.scripting.xmltags.XMLScriptBuilder$ChooseHandler,org.pitest.mutationtest.engine.gregor.mutators.NegateConditionalsMutator,handleWhenOtherwiseNodes,238,NO_COVERAGE,none
XMLScriptBuilder.java,org.apache.ibatis.scripting.xmltags.XMLScriptBuilder$ChooseHandler,org.pitest.mutationtest.engine.gregor.mutators.NonVoidMethodCallMutator,handleWhenOtherwiseNodes,232,NO_COVERAGE,none
XMLScriptBuilder.java,org.apache.ibatis.scripting.xmltags.XMLScriptBuilder$ChooseHandler,org.pitest.mutationtest.engine.gregor.mutators.NonVoidMethodCallMutator,handleWhenOtherwiseNodes,233,NO_COVERAGE,none
XMLScriptBuilder.java,org.apache.ibatis.scripting.xmltags.XMLScriptBuilder$ChooseHandler,org.pitest.mutationtest.engine.gregor.mutators.NonVoidMethodCallMutator,handleWhenOtherwiseNodes,233,NO_COVERAGE,none
XMLScriptBuilder.java,org.apache.ibatis.scripting.xmltags.XMLScriptBuilder$ChooseHandler,org.pitest.mutationtest.engine.gregor.mutators.NonVoidMethodCallMutator,handleWhenOtherwiseNodes,233,NO_COVERAGE,none
XMLScriptBuilder.java,org.apache.ibatis.scripting.xmltags.XMLScriptBuilder$ChooseHandler,org.pitest.mutationtest.engine.gregor.mutators.NonVoidMethodCallMutator,handleWhenOtherwiseNodes,234,NO_COVERAGE,none
XMLScriptBuilder.java,org.apache.ibatis.scripting.xmltags.XMLScriptBuilder$ChooseHandler,org.pitest.mutationtest.engine.gregor.mutators.NonVoidMethodCallMutator,handleWhenOtherwiseNodes,234,NO_COVERAGE,none
XMLScriptBuilder.java,org.apache.ibatis.scripting.xmltags.XMLScriptBuilder$ChooseHandler,org.pitest.mutationtest.engine.gregor.mutators.NonVoidMethodCallMutator,handleWhenOtherwiseNodes,235,NO_COVERAGE,none
XMLScriptBuilder.java,org.apache.ibatis.scripting.xmltags.XMLScriptBuilder$ChooseHandler,org.pitest.mutationtest.engine.gregor.mutators.RemoveConditionalMutator_EQUAL_ELSE,handleWhenOtherwiseNodes,233,NO_COVERAGE,none
XMLScriptBuilder.java,org.apache.ibatis.scripting.xmltags.XMLScriptBuilder$ChooseHandler,org.pitest.mutationtest.engine.gregor.mutators.RemoveConditionalMutator_EQUAL_ELSE,handleWhenOtherwiseNodes,236,NO_COVERAGE,none
XMLScriptBuilder.java,org.apache.ibatis.scripting.xmltags.XMLScriptBuilder$ChooseHandler,org.pitest.mutationtest.engine.gregor.mutators.RemoveConditionalMutator_EQUAL_ELSE,handleWhenOtherwiseNodes,238,NO_COVERAGE,none
XMLScriptBuilder.java,org.apache.ibatis.scripting.xmltags.XMLScriptBuilder$ChooseHandler,org.pitest.mutationtest.engine.gregor.mutators.RemoveConditionalMutator_EQUAL_IF,handleWhenOtherwiseNodes,233,NO_COVERAGE,none
XMLScriptBuilder.java,org.apache.ibatis.scripting.xmltags.XMLScriptBuilder$ChooseHandler,org.pitest.mutationtest.engine.gregor.mutators.RemoveConditionalMutator_EQUAL_IF,handleWhenOtherwiseNodes,236,NO_COVERAGE,none
XMLScriptBuilder.java,org.apache.ibatis.scripting.xmltags.XMLScriptBuilder$ChooseHandler,org.pitest.mutationtest.engine.gregor.mutators.RemoveConditionalMutator_EQUAL_IF,handleWhenOtherwiseNodes,238,NO_COVERAGE,none
XMLScriptBuilder.java,org.apache.ibatis.scripting.xmltags.XMLScriptBuilder$ChooseHandler,org.pitest.mutationtest.engine.gregor.mutators.VoidMethodCallMutator,handleWhenOtherwiseNodes,237,NO_COVERAGE,none
XMLScriptBuilder.java,org.apache.ibatis.scripting.xmltags.XMLScriptBuilder$ChooseHandler,org.pitest.mutationtest.engine.gregor.mutators.VoidMethodCallMutator,handleWhenOtherwiseNodes,239,NO_COVERAGE,none
LoggingCache.java,org.apache.ibatis.cache.decorators.LoggingCache,org.pitest.mutationtest.engine.gregor.mutators.VoidMethodCallMutator,clear,74,NO_COVERAGE,none
LoggingCache.java,org.apache.ibatis.cache.decorators.LoggingCache,org.pitest.mutationtest.engine.gregor.mutators.NonVoidMethodCallMutator,equals,89,NO_COVERAGE,none
LoggingCache.java,org.apache.ibatis.cache.decorators.LoggingCache,org.pitest.mutationtest.engine.gregor.mutators.ReturnValsMutator,equals,89,NO_COVERAGE,none
LoggingCache.java,org.apache.ibatis.cache.decorators.LoggingCache,org.pitest.mutationtest.engine.gregor.mutators.MathMutator,getHitRatio,93,NO_COVERAGE,none
LoggingCache.java,org.apache.ibatis.cache.decorators.LoggingCache,org.pitest.mutationtest.engine.gregor.mutators.ReturnValsMutator,getHitRatio,93,NO_COVERAGE,none
LoggingCache.java,org.apache.ibatis.cache.decorators.LoggingCache,org.pitest.mutationtest.engine.gregor.mutators.ArgumentPropagationMutator,getObject,57,NO_COVERAGE,none
LoggingCache.java,org.apache.ibatis.cache.decorators.LoggingCache,org.pitest.mutationtest.engine.gregor.mutators.ConstructorCallMutator,getObject,62,NO_COVERAGE,none
LoggingCache.java,org.apache.ibatis.cache.decorators.LoggingCache,org.pitest.mutationtest.engine.gregor.mutators.InlineConstantMutator,getObject,56,NO_COVERAGE,none
LoggingCache.java,org.apache.ibatis.cache.decorators.LoggingCache,org.pitest.mutationtest.engine.gregor.mutators.InlineConstantMutator,getObject,59,NO_COVERAGE,none
LoggingCache.java,org.apache.ibatis.cache.decorators.LoggingCache,org.pitest.mutationtest.engine.gregor.mutators.MathMutator,getObject,56,NO_COVERAGE,none
LoggingCache.java,org.apache.ibatis.cache.decorators.LoggingCache,org.pitest.mutationtest.engine.gregor.mutators.MathMutator,getObject,59,NO_COVERAGE,none
LoggingCache.java,org.apache.ibatis.cache.decorators.LoggingCache,org.pitest.mutationtest.engine.gregor.mutators.NegateConditionalsMutator,getObject,58,NO_COVERAGE,none
LoggingCache.java,org.apache.ibatis.cache.decorators.LoggingCache,org.pitest.mutationtest.engine.gregor.mutators.NegateConditionalsMutator,getObject,61,NO_COVERAGE,none
LoggingCache.java,org.apache.ibatis.cache.decorators.LoggingCache,org.pitest.mutationtest.engine.gregor.mutators.NonVoidMethodCallMutator,getObject,57,NO_COVERAGE,none
LoggingCache.java,org.apache.ibatis.cache.decorators.LoggingCache,org.pitest.mutationtest.engine.gregor.mutators.NonVoidMethodCallMutator,getObject,61,NO_COVERAGE,none
LoggingCache.java,org.apache.ibatis.cache.decorators.LoggingCache,org.pitest.mutationtest.engine.gregor.mutators.NonVoidMethodCallMutator,getObject,62,NO_COVERAGE,none
LoggingCache.java,org.apache.ibatis.cache.decorators.LoggingCache,org.pitest.mutationtest.engine.gregor.mutators.NonVoidMethodCallMutator,getObject,62,NO_COVERAGE,none
LoggingCache.java,org.apache.ibatis.cache.decorators.LoggingCache,org.pitest.mutationtest.engine.gregor.mutators.NonVoidMethodCallMutator,getObject,62,NO_COVERAGE,none
LoggingCache.java,org.apache.ibatis.cache.decorators.LoggingCache,org.pitest.mutationtest.engine.gregor.mutators.NonVoidMethodCallMutator,getObject,62,NO_COVERAGE,none
LoggingCache.java,org.apache.ibatis.cache.decorators.LoggingCache,org.pitest.mutationtest.engine.gregor.mutators.NonVoidMethodCallMutator,getObject,62,NO_COVERAGE,none
LoggingCache.java,org.apache.ibatis.cache.decorators.LoggingCache,org.pitest.mutationtest.engine.gregor.mutators.NonVoidMethodCallMutator,getObject,62,NO_COVERAGE,none
LoggingCache.java,org.apache.ibatis.cache.decorators.LoggingCache,org.pitest.mutationtest.engine.gregor.mutators.NonVoidMethodCallMutator,getObject,62,NO_COVERAGE,none
LoggingCache.java,org.apache.ibatis.cache.decorators.LoggingCache,org.pitest.mutationtest.engine.gregor.mutators.RemoveConditionalMutator_EQUAL_ELSE,getObject,58,NO_COVERAGE,none
LoggingCache.java,org.apache.ibatis.cache.decorators.LoggingCache,org.pitest.mutationtest.engine.gregor.mutators.RemoveConditionalMutator_EQUAL_ELSE,getObject,61,NO_COVERAGE,none
LoggingCache.java,org.apache.ibatis.cache.decorators.LoggingCache,org.pitest.mutationtest.engine.gregor.mutators.RemoveConditionalMutator_EQUAL_IF,getObject,58,NO_COVERAGE,none
LoggingCache.java,org.apache.ibatis.cache.decorators.LoggingCache,org.pitest.mutationtest.engine.gregor.mutators.RemoveConditionalMutator_EQUAL_IF,getObject,61,NO_COVERAGE,none
LoggingCache.java,org.apache.ibatis.cache.decorators.LoggingCache,org.pitest.mutationtest.engine.gregor.mutators.VoidMethodCallMutator,getObject,62,NO_COVERAGE,none
LoggingCache.java,org.apache.ibatis.cache.decorators.LoggingCache,org.pitest.mutationtest.engine.gregor.mutators.experimental.MemberVariableMutator,getObject,56,NO_COVERAGE,none
LoggingCache.java,org.apache.ibatis.cache.decorators.LoggingCache,org.pitest.mutationtest.engine.gregor.mutators.experimental.MemberVariableMutator,getObject,59,NO_COVERAGE,none
LoggingCache.java,org.apache.ibatis.cache.decorators.LoggingCache,org.pitest.mutationtest.engine.gregor.mutators.ReturnValsMutator,getReadWriteLock,79,NO_COVERAGE,none
LoggingCache.java,org.apache.ibatis.cache.decorators.LoggingCache,org.pitest.mutationtest.engine.gregor.mutators.NonVoidMethodCallMutator,getSize,46,NO_COVERAGE,none
LoggingCache.java,org.apache.ibatis.cache.decorators.LoggingCache,org.pitest.mutationtest.engine.gregor.mutators.ReturnValsMutator,getSize,46,NO_COVERAGE,none
LoggingCache.java,org.apache.ibatis.cache.decorators.LoggingCache,org.pitest.mutationtest.engine.gregor.mutators.NonVoidMethodCallMutator,hashCode,84,NO_COVERAGE,none
LoggingCache.java,org.apache.ibatis.cache.decorators.LoggingCache,org.pitest.mutationtest.engine.gregor.mutators.ReturnValsMutator,hashCode,84,NO_COVERAGE,none
LoggingCache.java,org.apache.ibatis.cache.decorators.LoggingCache,org.pitest.mutationtest.engine.gregor.mutators.VoidMethodCallMutator,putObject,51,NO_COVERAGE,none
LoggingCache.java,org.apache.ibatis.cache.decorators.LoggingCache,org.pitest.mutationtest.engine.gregor.mutators.ArgumentPropagationMutator,removeObject,69,NO_COVERAGE,none
LoggingCache.java,org.apache.ibatis.cache.decorators.LoggingCache,org.pitest.mutationtest.engine.gregor.mutators.NonVoidMethodCallMutator,removeObject,69,NO_COVERAGE,none
LoggingCache.java,org.apache.ibatis.cache.decorators.LoggingCache,org.pitest.mutationtest.engine.gregor.mutators.ReturnValsMutator,removeObject,69,NO_COVERAGE,none
LogFactory.java,org.apache.ibatis.logging.LogFactory,org.pitest.mutationtest.engine.gregor.mutators.ReturnValsMutator,getLog,77,KILLED,org.apache.ibatis.submitted.extend.ExtendTest.org.apache.ibatis.submitted.extend.ExtendTest
LogFactory.java,org.apache.ibatis.logging.LogFactory,org.pitest.mutationtest.engine.gregor.mutators.ConstructorCallMutator,getLog,84,NO_COVERAGE,none
LogFactory.java,org.apache.ibatis.logging.LogFactory,org.pitest.mutationtest.engine.gregor.mutators.ConstructorCallMutator,getLog,84,NO_COVERAGE,none
LogFactory.java,org.apache.ibatis.logging.LogFactory,org.pitest.mutationtest.engine.gregor.mutators.InlineConstantMutator,getLog,82,KILLED,org.apache.ibatis.submitted.extend.ExtendTest.org.apache.ibatis.submitted.extend.ExtendTest
LogFactory.java,org.apache.ibatis.logging.LogFactory,org.pitest.mutationtest.engine.gregor.mutators.InlineConstantMutator,getLog,82,KILLED,org.apache.ibatis.submitted.extend.ExtendTest.org.apache.ibatis.submitted.extend.ExtendTest
LogFactory.java,org.apache.ibatis.logging.LogFactory,org.pitest.mutationtest.engine.gregor.mutators.NonVoidMethodCallMutator,getLog,84,NO_COVERAGE,none
LogFactory.java,org.apache.ibatis.logging.LogFactory,org.pitest.mutationtest.engine.gregor.mutators.NonVoidMethodCallMutator,getLog,84,NO_COVERAGE,none
LogFactory.java,org.apache.ibatis.logging.LogFactory,org.pitest.mutationtest.engine.gregor.mutators.NonVoidMethodCallMutator,getLog,84,NO_COVERAGE,none
LogFactory.java,org.apache.ibatis.logging.LogFactory,org.pitest.mutationtest.engine.gregor.mutators.NonVoidMethodCallMutator,getLog,84,NO_COVERAGE,none
LogFactory.java,org.apache.ibatis.logging.LogFactory,org.pitest.mutationtest.engine.gregor.mutators.NonVoidMethodCallMutator,getLog,84,NO_COVERAGE,none
LogFactory.java,org.apache.ibatis.logging.LogFactory,org.pitest.mutationtest.engine.gregor.mutators.ConstructorCallMutator,setImplementation,135,NO_COVERAGE,none
LogFactory.java,org.apache.ibatis.logging.LogFactory,org.pitest.mutationtest.engine.gregor.mutators.ConstructorCallMutator,setImplementation,139,NO_COVERAGE,none
LogFactory.java,org.apache.ibatis.logging.LogFactory,org.pitest.mutationtest.engine.gregor.mutators.ConstructorCallMutator,setImplementation,139,NO_COVERAGE,none
LogFactory.java,org.apache.ibatis.logging.LogFactory,org.pitest.mutationtest.engine.gregor.mutators.InlineConstantMutator,setImplementation,132,KILLED,org.apache.ibatis.submitted.extend.ExtendTest.org.apache.ibatis.submitted.extend.ExtendTest
LogFactory.java,org.apache.ibatis.logging.LogFactory,org.pitest.mutationtest.engine.gregor.mutators.InlineConstantMutator,setImplementation,132,KILLED,org.apache.ibatis.submitted.extend.ExtendTest.org.apache.ibatis.submitted.extend.ExtendTest
LogFactory.java,org.apache.ibatis.logging.LogFactory,org.pitest.mutationtest.engine.gregor.mutators.InlineConstantMutator,setImplementation,133,KILLED,org.apache.ibatis.submitted.extend.ExtendTest.org.apache.ibatis.submitted.extend.ExtendTest
LogFactory.java,org.apache.ibatis.logging.LogFactory,org.pitest.mutationtest.engine.gregor.mutators.NonVoidMethodCallMutator,setImplementation,132,KILLED,org.apache.ibatis.submitted.extend.ExtendTest.org.apache.ibatis.submitted.extend.ExtendTest
LogFactory.java,org.apache.ibatis.logging.LogFactory,org.pitest.mutationtest.engine.gregor.mutators.NonVoidMethodCallMutator,setImplementation,133,SURVIVED,none
LogFactory.java,org.apache.ibatis.logging.LogFactory,org.pitest.mutationtest.engine.gregor.mutators.NonVoidMethodCallMutator,setImplementation,134,KILLED,org.apache.ibatis.submitted.extend.ExtendTest.org.apache.ibatis.submitted.extend.ExtendTest
LogFactory.java,org.apache.ibatis.logging.LogFactory,org.pitest.mutationtest.engine.gregor.mutators.NonVoidMethodCallMutator,setImplementation,135,NO_COVERAGE,none
LogFactory.java,org.apache.ibatis.logging.LogFactory,org.pitest.mutationtest.engine.gregor.mutators.NonVoidMethodCallMutator,setImplementation,135,NO_COVERAGE,none
LogFactory.java,org.apache.ibatis.logging.LogFactory,org.pitest.mutationtest.engine.gregor.mutators.NonVoidMethodCallMutator,setImplementation,135,NO_COVERAGE,none
LogFactory.java,org.apache.ibatis.logging.LogFactory,org.pitest.mutationtest.engine.gregor.mutators.NonVoidMethodCallMutator,setImplementation,135,NO_COVERAGE,none
LogFactory.java,org.apache.ibatis.logging.LogFactory,org.pitest.mutationtest.engine.gregor.mutators.NonVoidMethodCallMutator,setImplementation,139,NO_COVERAGE,none
LogFactory.java,org.apache.ibatis.logging.LogFactory,org.pitest.mutationtest.engine.gregor.mutators.NonVoidMethodCallMutator,setImplementation,139,NO_COVERAGE,none
LogFactory.java,org.apache.ibatis.logging.LogFactory,org.pitest.mutationtest.engine.gregor.mutators.NonVoidMethodCallMutator,setImplementation,139,NO_COVERAGE,none
LogFactory.java,org.apache.ibatis.logging.LogFactory,org.pitest.mutationtest.engine.gregor.mutators.RemoveConditionalMutator_EQUAL_ELSE,setImplementation,134,KILLED,org.apache.ibatis.submitted.extend.ExtendTest.org.apache.ibatis.submitted.extend.ExtendTest
LogFactory.java,org.apache.ibatis.logging.LogFactory,org.pitest.mutationtest.engine.gregor.mutators.VoidMethodCallMutator,setImplementation,135,NO_COVERAGE,none
LogFactory.java,org.apache.ibatis.logging.LogFactory,org.pitest.mutationtest.engine.gregor.mutators.RemoveConditionalMutator_EQUAL_ELSE,tryImplementation,121,KILLED,org.apache.ibatis.submitted.extend.ExtendTest.org.apache.ibatis.submitted.extend.ExtendTest
LogFactory.java,org.apache.ibatis.logging.LogFactory,org.pitest.mutationtest.engine.gregor.mutators.RemoveConditionalMutator_EQUAL_IF,tryImplementation,121,KILLED,org.apache.ibatis.submitted.extend.ExtendTest.org.apache.ibatis.submitted.extend.ExtendTest
LogFactory.java,org.apache.ibatis.logging.LogFactory,org.pitest.mutationtest.engine.gregor.mutators.VoidMethodCallMutator,tryImplementation,123,KILLED,org.apache.ibatis.submitted.extend.ExtendTest.org.apache.ibatis.submitted.extend.ExtendTest
LogFactory.java,org.apache.ibatis.logging.LogFactory,org.pitest.mutationtest.engine.gregor.mutators.VoidMethodCallMutator,useCommonsLogging,97,NO_COVERAGE,none
LogFactory.java,org.apache.ibatis.logging.LogFactory,org.pitest.mutationtest.engine.gregor.mutators.VoidMethodCallMutator,useCustomLogging,89,NO_COVERAGE,none
LogFactory.java,org.apache.ibatis.logging.LogFactory,org.pitest.mutationtest.engine.gregor.mutators.VoidMethodCallMutator,useJdkLogging,109,NO_COVERAGE,none
LogFactory.java,org.apache.ibatis.logging.LogFactory,org.pitest.mutationtest.engine.gregor.mutators.VoidMethodCallMutator,useLog4J2Logging,105,NO_COVERAGE,none
LogFactory.java,org.apache.ibatis.logging.LogFactory,org.pitest.mutationtest.engine.gregor.mutators.VoidMethodCallMutator,useLog4JLogging,101,NO_COVERAGE,none
LogFactory.java,org.apache.ibatis.logging.LogFactory,org.pitest.mutationtest.engine.gregor.mutators.VoidMethodCallMutator,useNoLogging,117,NO_COVERAGE,none
LogFactory.java,org.apache.ibatis.logging.LogFactory,org.pitest.mutationtest.engine.gregor.mutators.VoidMethodCallMutator,useStdOutLogging,113,NO_COVERAGE,none
ForEachSqlNode.java,org.apache.ibatis.scripting.xmltags.ForEachSqlNode$FilteredDynamicContext$1,org.pitest.mutationtest.engine.gregor.mutators.experimental.MemberVariableMutator,<init>,154,NO_COVERAGE,none
ForEachSqlNode.java,org.apache.ibatis.scripting.xmltags.ForEachSqlNode$FilteredDynamicContext$1,org.pitest.mutationtest.engine.gregor.mutators.ArgumentPropagationMutator,handleToken,157,NO_COVERAGE,none
ForEachSqlNode.java,org.apache.ibatis.scripting.xmltags.ForEachSqlNode$FilteredDynamicContext$1,org.pitest.mutationtest.engine.gregor.mutators.ArgumentPropagationMutator,handleToken,157,NO_COVERAGE,none
ForEachSqlNode.java,org.apache.ibatis.scripting.xmltags.ForEachSqlNode$FilteredDynamicContext$1,org.pitest.mutationtest.engine.gregor.mutators.ArgumentPropagationMutator,handleToken,159,NO_COVERAGE,none
ForEachSqlNode.java,org.apache.ibatis.scripting.xmltags.ForEachSqlNode$FilteredDynamicContext$1,org.pitest.mutationtest.engine.gregor.mutators.ArgumentPropagationMutator,handleToken,159,NO_COVERAGE,none
ForEachSqlNode.java,org.apache.ibatis.scripting.xmltags.ForEachSqlNode$FilteredDynamicContext$1,org.pitest.mutationtest.engine.gregor.mutators.ConstructorCallMutator,handleToken,157,NO_COVERAGE,none
ForEachSqlNode.java,org.apache.ibatis.scripting.xmltags.ForEachSqlNode$FilteredDynamicContext$1,org.pitest.mutationtest.engine.gregor.mutators.ConstructorCallMutator,handleToken,159,NO_COVERAGE,none
ForEachSqlNode.java,org.apache.ibatis.scripting.xmltags.ForEachSqlNode$FilteredDynamicContext$1,org.pitest.mutationtest.engine.gregor.mutators.ConstructorCallMutator,handleToken,161,NO_COVERAGE,none
ForEachSqlNode.java,org.apache.ibatis.scripting.xmltags.ForEachSqlNode$FilteredDynamicContext$1,org.pitest.mutationtest.engine.gregor.mutators.NegateConditionalsMutator,handleToken,158,NO_COVERAGE,none
ForEachSqlNode.java,org.apache.ibatis.scripting.xmltags.ForEachSqlNode$FilteredDynamicContext$1,org.pitest.mutationtest.engine.gregor.mutators.NegateConditionalsMutator,handleToken,158,NO_COVERAGE,none
ForEachSqlNode.java,org.apache.ibatis.scripting.xmltags.ForEachSqlNode$FilteredDynamicContext$1,org.pitest.mutationtest.engine.gregor.mutators.NonVoidMethodCallMutator,handleToken,157,NO_COVERAGE,none
ForEachSqlNode.java,org.apache.ibatis.scripting.xmltags.ForEachSqlNode$FilteredDynamicContext$1,org.pitest.mutationtest.engine.gregor.mutators.NonVoidMethodCallMutator,handleToken,157,NO_COVERAGE,none
ForEachSqlNode.java,org.apache.ibatis.scripting.xmltags.ForEachSqlNode$FilteredDynamicContext$1,org.pitest.mutationtest.engine.gregor.mutators.NonVoidMethodCallMutator,handleToken,157,NO_COVERAGE,none
ForEachSqlNode.java,org.apache.ibatis.scripting.xmltags.ForEachSqlNode$FilteredDynamicContext$1,org.pitest.mutationtest.engine.gregor.mutators.NonVoidMethodCallMutator,handleToken,157,NO_COVERAGE,none
ForEachSqlNode.java,org.apache.ibatis.scripting.xmltags.ForEachSqlNode$FilteredDynamicContext$1,org.pitest.mutationtest.engine.gregor.mutators.NonVoidMethodCallMutator,handleToken,157,NO_COVERAGE,none
ForEachSqlNode.java,org.apache.ibatis.scripting.xmltags.ForEachSqlNode$FilteredDynamicContext$1,org.pitest.mutationtest.engine.gregor.mutators.NonVoidMethodCallMutator,handleToken,157,NO_COVERAGE,none
ForEachSqlNode.java,org.apache.ibatis.scripting.xmltags.ForEachSqlNode$FilteredDynamicContext$1,org.pitest.mutationtest.engine.gregor.mutators.NonVoidMethodCallMutator,handleToken,157,NO_COVERAGE,none
ForEachSqlNode.java,org.apache.ibatis.scripting.xmltags.ForEachSqlNode$FilteredDynamicContext$1,org.pitest.mutationtest.engine.gregor.mutators.NonVoidMethodCallMutator,handleToken,157,NO_COVERAGE,none
ForEachSqlNode.java,org.apache.ibatis.scripting.xmltags.ForEachSqlNode$FilteredDynamicContext$1,org.pitest.mutationtest.engine.gregor.mutators.NonVoidMethodCallMutator,handleToken,157,NO_COVERAGE,none
ForEachSqlNode.java,org.apache.ibatis.scripting.xmltags.ForEachSqlNode$FilteredDynamicContext$1,org.pitest.mutationtest.engine.gregor.mutators.NonVoidMethodCallMutator,handleToken,158,NO_COVERAGE,none
ForEachSqlNode.java,org.apache.ibatis.scripting.xmltags.ForEachSqlNode$FilteredDynamicContext$1,org.pitest.mutationtest.engine.gregor.mutators.NonVoidMethodCallMutator,handleToken,158,NO_COVERAGE,none
ForEachSqlNode.java,org.apache.ibatis.scripting.xmltags.ForEachSqlNode$FilteredDynamicContext$1,org.pitest.mutationtest.engine.gregor.mutators.NonVoidMethodCallMutator,handleToken,159,NO_COVERAGE,none
ForEachSqlNode.java,org.apache.ibatis.scripting.xmltags.ForEachSqlNode$FilteredDynamicContext$1,org.pitest.mutationtest.engine.gregor.mutators.NonVoidMethodCallMutator,handleToken,159,NO_COVERAGE,none
ForEachSqlNode.java,org.apache.ibatis.scripting.xmltags.ForEachSqlNode$FilteredDynamicContext$1,org.pitest.mutationtest.engine.gregor.mutators.NonVoidMethodCallMutator,handleToken,159,NO_COVERAGE,none
ForEachSqlNode.java,org.apache.ibatis.scripting.xmltags.ForEachSqlNode$FilteredDynamicContext$1,org.pitest.mutationtest.engine.gregor.mutators.NonVoidMethodCallMutator,handleToken,159,NO_COVERAGE,none
ForEachSqlNode.java,org.apache.ibatis.scripting.xmltags.ForEachSqlNode$FilteredDynamicContext$1,org.pitest.mutationtest.engine.gregor.mutators.NonVoidMethodCallMutator,handleToken,159,NO_COVERAGE,none
ForEachSqlNode.java,org.apache.ibatis.scripting.xmltags.ForEachSqlNode$FilteredDynamicContext$1,org.pitest.mutationtest.engine.gregor.mutators.NonVoidMethodCallMutator,handleToken,159,NO_COVERAGE,none
ForEachSqlNode.java,org.apache.ibatis.scripting.xmltags.ForEachSqlNode$FilteredDynamicContext$1,org.pitest.mutationtest.engine.gregor.mutators.NonVoidMethodCallMutator,handleToken,159,NO_COVERAGE,none
ForEachSqlNode.java,org.apache.ibatis.scripting.xmltags.ForEachSqlNode$FilteredDynamicContext$1,org.pitest.mutationtest.engine.gregor.mutators.NonVoidMethodCallMutator,handleToken,159,NO_COVERAGE,none
ForEachSqlNode.java,org.apache.ibatis.scripting.xmltags.ForEachSqlNode$FilteredDynamicContext$1,org.pitest.mutationtest.engine.gregor.mutators.NonVoidMethodCallMutator,handleToken,159,NO_COVERAGE,none
ForEachSqlNode.java,org.apache.ibatis.scripting.xmltags.ForEachSqlNode$FilteredDynamicContext$1,org.pitest.mutationtest.engine.gregor.mutators.NonVoidMethodCallMutator,handleToken,161,NO_COVERAGE,none
ForEachSqlNode.java,org.apache.ibatis.scripting.xmltags.ForEachSqlNode$FilteredDynamicContext$1,org.pitest.mutationtest.engine.gregor.mutators.NonVoidMethodCallMutator,handleToken,161,NO_COVERAGE,none
ForEachSqlNode.java,org.apache.ibatis.scripting.xmltags.ForEachSqlNode$FilteredDynamicContext$1,org.pitest.mutationtest.engine.gregor.mutators.NonVoidMethodCallMutator,handleToken,161,NO_COVERAGE,none
ForEachSqlNode.java,org.apache.ibatis.scripting.xmltags.ForEachSqlNode$FilteredDynamicContext$1,org.pitest.mutationtest.engine.gregor.mutators.RemoveConditionalMutator_EQUAL_ELSE,handleToken,158,NO_COVERAGE,none
ForEachSqlNode.java,org.apache.ibatis.scripting.xmltags.ForEachSqlNode$FilteredDynamicContext$1,org.pitest.mutationtest.engine.gregor.mutators.RemoveConditionalMutator_EQUAL_ELSE,handleToken,158,NO_COVERAGE,none
ForEachSqlNode.java,org.apache.ibatis.scripting.xmltags.ForEachSqlNode$FilteredDynamicContext$1,org.pitest.mutationtest.engine.gregor.mutators.RemoveConditionalMutator_EQUAL_IF,handleToken,158,NO_COVERAGE,none
ForEachSqlNode.java,org.apache.ibatis.scripting.xmltags.ForEachSqlNode$FilteredDynamicContext$1,org.pitest.mutationtest.engine.gregor.mutators.RemoveConditionalMutator_EQUAL_IF,handleToken,158,NO_COVERAGE,none
ForEachSqlNode.java,org.apache.ibatis.scripting.xmltags.ForEachSqlNode$FilteredDynamicContext$1,org.pitest.mutationtest.engine.gregor.mutators.ReturnValsMutator,handleToken,161,NO_COVERAGE,none
ExpressionEvaluator.java,org.apache.ibatis.scripting.xmltags.ExpressionEvaluator,org.pitest.mutationtest.engine.gregor.mutators.ConstructorCallMutator,evaluateBoolean,37,NO_COVERAGE,none
ExpressionEvaluator.java,org.apache.ibatis.scripting.xmltags.ExpressionEvaluator,org.pitest.mutationtest.engine.gregor.mutators.InlineConstantMutator,evaluateBoolean,37,NO_COVERAGE,none
ExpressionEvaluator.java,org.apache.ibatis.scripting.xmltags.ExpressionEvaluator,org.pitest.mutationtest.engine.gregor.mutators.InlineConstantMutator,evaluateBoolean,37,NO_COVERAGE,none
ExpressionEvaluator.java,org.apache.ibatis.scripting.xmltags.ExpressionEvaluator,org.pitest.mutationtest.engine.gregor.mutators.InlineConstantMutator,evaluateBoolean,39,NO_COVERAGE,none
ExpressionEvaluator.java,org.apache.ibatis.scripting.xmltags.ExpressionEvaluator,org.pitest.mutationtest.engine.gregor.mutators.InlineConstantMutator,evaluateBoolean,39,NO_COVERAGE,none
ExpressionEvaluator.java,org.apache.ibatis.scripting.xmltags.ExpressionEvaluator,org.pitest.mutationtest.engine.gregor.mutators.NegateConditionalsMutator,evaluateBoolean,36,NO_COVERAGE,none
ExpressionEvaluator.java,org.apache.ibatis.scripting.xmltags.ExpressionEvaluator,org.pitest.mutationtest.engine.gregor.mutators.NegateConditionalsMutator,evaluateBoolean,37,NO_COVERAGE,none
ExpressionEvaluator.java,org.apache.ibatis.scripting.xmltags.ExpressionEvaluator,org.pitest.mutationtest.engine.gregor.mutators.NegateConditionalsMutator,evaluateBoolean,39,NO_COVERAGE,none
ExpressionEvaluator.java,org.apache.ibatis.scripting.xmltags.ExpressionEvaluator,org.pitest.mutationtest.engine.gregor.mutators.NonVoidMethodCallMutator,evaluateBoolean,37,NO_COVERAGE,none
ExpressionEvaluator.java,org.apache.ibatis.scripting.xmltags.ExpressionEvaluator,org.pitest.mutationtest.engine.gregor.mutators.NonVoidMethodCallMutator,evaluateBoolean,37,NO_COVERAGE,none
ExpressionEvaluator.java,org.apache.ibatis.scripting.xmltags.ExpressionEvaluator,org.pitest.mutationtest.engine.gregor.mutators.RemoveConditionalMutator_EQUAL_ELSE,evaluateBoolean,36,NO_COVERAGE,none
ExpressionEvaluator.java,org.apache.ibatis.scripting.xmltags.ExpressionEvaluator,org.pitest.mutationtest.engine.gregor.mutators.RemoveConditionalMutator_EQUAL_ELSE,evaluateBoolean,37,NO_COVERAGE,none
ExpressionEvaluator.java,org.apache.ibatis.scripting.xmltags.ExpressionEvaluator,org.pitest.mutationtest.engine.gregor.mutators.RemoveConditionalMutator_EQUAL_ELSE,evaluateBoolean,39,NO_COVERAGE,none
ExpressionEvaluator.java,org.apache.ibatis.scripting.xmltags.ExpressionEvaluator,org.pitest.mutationtest.engine.gregor.mutators.RemoveConditionalMutator_EQUAL_IF,evaluateBoolean,36,NO_COVERAGE,none
ExpressionEvaluator.java,org.apache.ibatis.scripting.xmltags.ExpressionEvaluator,org.pitest.mutationtest.engine.gregor.mutators.RemoveConditionalMutator_EQUAL_IF,evaluateBoolean,37,NO_COVERAGE,none
ExpressionEvaluator.java,org.apache.ibatis.scripting.xmltags.ExpressionEvaluator,org.pitest.mutationtest.engine.gregor.mutators.RemoveConditionalMutator_EQUAL_IF,evaluateBoolean,39,NO_COVERAGE,none
ExpressionEvaluator.java,org.apache.ibatis.scripting.xmltags.ExpressionEvaluator,org.pitest.mutationtest.engine.gregor.mutators.ReturnValsMutator,evaluateBoolean,37,NO_COVERAGE,none
ExpressionEvaluator.java,org.apache.ibatis.scripting.xmltags.ExpressionEvaluator,org.pitest.mutationtest.engine.gregor.mutators.ReturnValsMutator,evaluateBoolean,39,NO_COVERAGE,none
ExpressionEvaluator.java,org.apache.ibatis.scripting.xmltags.ExpressionEvaluator,org.pitest.mutationtest.engine.gregor.mutators.ConstructorCallMutator,evaluateIterable,45,NO_COVERAGE,none
ExpressionEvaluator.java,org.apache.ibatis.scripting.xmltags.ExpressionEvaluator,org.pitest.mutationtest.engine.gregor.mutators.ConstructorCallMutator,evaluateIterable,45,NO_COVERAGE,none
ExpressionEvaluator.java,org.apache.ibatis.scripting.xmltags.ExpressionEvaluator,org.pitest.mutationtest.engine.gregor.mutators.ConstructorCallMutator,evaluateIterable,65,NO_COVERAGE,none
ExpressionEvaluator.java,org.apache.ibatis.scripting.xmltags.ExpressionEvaluator,org.pitest.mutationtest.engine.gregor.mutators.ConstructorCallMutator,evaluateIterable,65,NO_COVERAGE,none
ExpressionEvaluator.java,org.apache.ibatis.scripting.xmltags.ExpressionEvaluator,org.pitest.mutationtest.engine.gregor.mutators.NegateConditionalsMutator,evaluateIterable,62,NO_COVERAGE,none
ExpressionEvaluator.java,org.apache.ibatis.scripting.xmltags.ExpressionEvaluator,org.pitest.mutationtest.engine.gregor.mutators.NonVoidMethodCallMutator,evaluateIterable,45,NO_COVERAGE,none
ExpressionEvaluator.java,org.apache.ibatis.scripting.xmltags.ExpressionEvaluator,org.pitest.mutationtest.engine.gregor.mutators.NonVoidMethodCallMutator,evaluateIterable,45,NO_COVERAGE,none
ExpressionEvaluator.java,org.apache.ibatis.scripting.xmltags.ExpressionEvaluator,org.pitest.mutationtest.engine.gregor.mutators.NonVoidMethodCallMutator,evaluateIterable,45,NO_COVERAGE,none
ExpressionEvaluator.java,org.apache.ibatis.scripting.xmltags.ExpressionEvaluator,org.pitest.mutationtest.engine.gregor.mutators.NonVoidMethodCallMutator,evaluateIterable,45,NO_COVERAGE,none
ExpressionEvaluator.java,org.apache.ibatis.scripting.xmltags.ExpressionEvaluator,org.pitest.mutationtest.engine.gregor.mutators.NonVoidMethodCallMutator,evaluateIterable,63,NO_COVERAGE,none
ExpressionEvaluator.java,org.apache.ibatis.scripting.xmltags.ExpressionEvaluator,org.pitest.mutationtest.engine.gregor.mutators.NonVoidMethodCallMutator,evaluateIterable,65,NO_COVERAGE,none
ExpressionEvaluator.java,org.apache.ibatis.scripting.xmltags.ExpressionEvaluator,org.pitest.mutationtest.engine.gregor.mutators.NonVoidMethodCallMutator,evaluateIterable,65,NO_COVERAGE,none
ExpressionEvaluator.java,org.apache.ibatis.scripting.xmltags.ExpressionEvaluator,org.pitest.mutationtest.engine.gregor.mutators.NonVoidMethodCallMutator,evaluateIterable,65,NO_COVERAGE,none
ExpressionEvaluator.java,org.apache.ibatis.scripting.xmltags.ExpressionEvaluator,org.pitest.mutationtest.engine.gregor.mutators.NonVoidMethodCallMutator,evaluateIterable,65,NO_COVERAGE,none
ExpressionEvaluator.java,org.apache.ibatis.scripting.xmltags.ExpressionEvaluator,org.pitest.mutationtest.engine.gregor.mutators.NonVoidMethodCallMutator,evaluateIterable,65,NO_COVERAGE,none
ExpressionEvaluator.java,org.apache.ibatis.scripting.xmltags.ExpressionEvaluator,org.pitest.mutationtest.engine.gregor.mutators.NonVoidMethodCallMutator,evaluateIterable,65,NO_COVERAGE,none
ExpressionEvaluator.java,org.apache.ibatis.scripting.xmltags.ExpressionEvaluator,org.pitest.mutationtest.engine.gregor.mutators.RemoveConditionalMutator_EQUAL_ELSE,evaluateIterable,62,NO_COVERAGE,none
ExpressionEvaluator.java,org.apache.ibatis.scripting.xmltags.ExpressionEvaluator,org.pitest.mutationtest.engine.gregor.mutators.RemoveConditionalMutator_EQUAL_IF,evaluateIterable,62,NO_COVERAGE,none
ExpressionEvaluator.java,org.apache.ibatis.scripting.xmltags.ExpressionEvaluator,org.pitest.mutationtest.engine.gregor.mutators.ReturnValsMutator,evaluateIterable,63,NO_COVERAGE,none
VendorDatabaseIdProvider.java,org.apache.ibatis.mapping.VendorDatabaseIdProvider,org.pitest.mutationtest.engine.gregor.mutators.ConstructorCallMutator,getDatabaseId,49,NO_COVERAGE,none
VendorDatabaseIdProvider.java,org.apache.ibatis.mapping.VendorDatabaseIdProvider,org.pitest.mutationtest.engine.gregor.mutators.NegateConditionalsMutator,getDatabaseId,48,NO_COVERAGE,none
VendorDatabaseIdProvider.java,org.apache.ibatis.mapping.VendorDatabaseIdProvider,org.pitest.mutationtest.engine.gregor.mutators.NonVoidMethodCallMutator,getDatabaseId,52,NO_COVERAGE,none
VendorDatabaseIdProvider.java,org.apache.ibatis.mapping.VendorDatabaseIdProvider,org.pitest.mutationtest.engine.gregor.mutators.RemoveConditionalMutator_EQUAL_ELSE,getDatabaseId,48,NO_COVERAGE,none
VendorDatabaseIdProvider.java,org.apache.ibatis.mapping.VendorDatabaseIdProvider,org.pitest.mutationtest.engine.gregor.mutators.RemoveConditionalMutator_EQUAL_IF,getDatabaseId,48,NO_COVERAGE,none
VendorDatabaseIdProvider.java,org.apache.ibatis.mapping.VendorDatabaseIdProvider,org.pitest.mutationtest.engine.gregor.mutators.ReturnValsMutator,getDatabaseId,52,NO_COVERAGE,none
VendorDatabaseIdProvider.java,org.apache.ibatis.mapping.VendorDatabaseIdProvider,org.pitest.mutationtest.engine.gregor.mutators.ReturnValsMutator,getDatabaseId,56,NO_COVERAGE,none
VendorDatabaseIdProvider.java,org.apache.ibatis.mapping.VendorDatabaseIdProvider,org.pitest.mutationtest.engine.gregor.mutators.VoidMethodCallMutator,getDatabaseId,54,NO_COVERAGE,none
VendorDatabaseIdProvider.java,org.apache.ibatis.mapping.VendorDatabaseIdProvider,org.pitest.mutationtest.engine.gregor.mutators.NegateConditionalsMutator,getDatabaseName,66,NO_COVERAGE,none
VendorDatabaseIdProvider.java,org.apache.ibatis.mapping.VendorDatabaseIdProvider,org.pitest.mutationtest.engine.gregor.mutators.NegateConditionalsMutator,getDatabaseName,67,NO_COVERAGE,none
VendorDatabaseIdProvider.java,org.apache.ibatis.mapping.VendorDatabaseIdProvider,org.pitest.mutationtest.engine.gregor.mutators.NegateConditionalsMutator,getDatabaseName,68,NO_COVERAGE,none
VendorDatabaseIdProvider.java,org.apache.ibatis.mapping.VendorDatabaseIdProvider,org.pitest.mutationtest.engine.gregor.mutators.NonVoidMethodCallMutator,getDatabaseName,65,NO_COVERAGE,none
VendorDatabaseIdProvider.java,org.apache.ibatis.mapping.VendorDatabaseIdProvider,org.pitest.mutationtest.engine.gregor.mutators.NonVoidMethodCallMutator,getDatabaseName,67,NO_COVERAGE,none
VendorDatabaseIdProvider.java,org.apache.ibatis.mapping.VendorDatabaseIdProvider,org.pitest.mutationtest.engine.gregor.mutators.NonVoidMethodCallMutator,getDatabaseName,67,NO_COVERAGE,none
VendorDatabaseIdProvider.java,org.apache.ibatis.mapping.VendorDatabaseIdProvider,org.pitest.mutationtest.engine.gregor.mutators.NonVoidMethodCallMutator,getDatabaseName,67,NO_COVERAGE,none
VendorDatabaseIdProvider.java,org.apache.ibatis.mapping.VendorDatabaseIdProvider,org.pitest.mutationtest.engine.gregor.mutators.NonVoidMethodCallMutator,getDatabaseName,67,NO_COVERAGE,none
VendorDatabaseIdProvider.java,org.apache.ibatis.mapping.VendorDatabaseIdProvider,org.pitest.mutationtest.engine.gregor.mutators.NonVoidMethodCallMutator,getDatabaseName,68,NO_COVERAGE,none
VendorDatabaseIdProvider.java,org.apache.ibatis.mapping.VendorDatabaseIdProvider,org.pitest.mutationtest.engine.gregor.mutators.NonVoidMethodCallMutator,getDatabaseName,68,NO_COVERAGE,none
VendorDatabaseIdProvider.java,org.apache.ibatis.mapping.VendorDatabaseIdProvider,org.pitest.mutationtest.engine.gregor.mutators.NonVoidMethodCallMutator,getDatabaseName,69,NO_COVERAGE,none
VendorDatabaseIdProvider.java,org.apache.ibatis.mapping.VendorDatabaseIdProvider,org.pitest.mutationtest.engine.gregor.mutators.RemoveConditionalMutator_EQUAL_ELSE,getDatabaseName,66,NO_COVERAGE,none
VendorDatabaseIdProvider.java,org.apache.ibatis.mapping.VendorDatabaseIdProvider,org.pitest.mutationtest.engine.gregor.mutators.RemoveConditionalMutator_EQUAL_ELSE,getDatabaseName,67,NO_COVERAGE,none
VendorDatabaseIdProvider.java,org.apache.ibatis.mapping.VendorDatabaseIdProvider,org.pitest.mutationtest.engine.gregor.mutators.RemoveConditionalMutator_EQUAL_ELSE,getDatabaseName,68,NO_COVERAGE,none
VendorDatabaseIdProvider.java,org.apache.ibatis.mapping.VendorDatabaseIdProvider,org.pitest.mutationtest.engine.gregor.mutators.RemoveConditionalMutator_EQUAL_IF,getDatabaseName,66,NO_COVERAGE,none
VendorDatabaseIdProvider.java,org.apache.ibatis.mapping.VendorDatabaseIdProvider,org.pitest.mutationtest.engine.gregor.mutators.RemoveConditionalMutator_EQUAL_IF,getDatabaseName,67,NO_COVERAGE,none
VendorDatabaseIdProvider.java,org.apache.ibatis.mapping.VendorDatabaseIdProvider,org.pitest.mutationtest.engine.gregor.mutators.RemoveConditionalMutator_EQUAL_IF,getDatabaseName,68,NO_COVERAGE,none
VendorDatabaseIdProvider.java,org.apache.ibatis.mapping.VendorDatabaseIdProvider,org.pitest.mutationtest.engine.gregor.mutators.ReturnValsMutator,getDatabaseName,69,NO_COVERAGE,none
VendorDatabaseIdProvider.java,org.apache.ibatis.mapping.VendorDatabaseIdProvider,org.pitest.mutationtest.engine.gregor.mutators.ReturnValsMutator,getDatabaseName,73,NO_COVERAGE,none
VendorDatabaseIdProvider.java,org.apache.ibatis.mapping.VendorDatabaseIdProvider,org.pitest.mutationtest.engine.gregor.mutators.ReturnValsMutator,getDatabaseName,75,NO_COVERAGE,none
VendorDatabaseIdProvider.java,org.apache.ibatis.mapping.VendorDatabaseIdProvider,org.pitest.mutationtest.engine.gregor.mutators.NegateConditionalsMutator,getDatabaseProductName,85,NO_COVERAGE,none
VendorDatabaseIdProvider.java,org.apache.ibatis.mapping.VendorDatabaseIdProvider,org.pitest.mutationtest.engine.gregor.mutators.NonVoidMethodCallMutator,getDatabaseProductName,81,NO_COVERAGE,none
VendorDatabaseIdProvider.java,org.apache.ibatis.mapping.VendorDatabaseIdProvider,org.pitest.mutationtest.engine.gregor.mutators.NonVoidMethodCallMutator,getDatabaseProductName,82,NO_COVERAGE,none
VendorDatabaseIdProvider.java,org.apache.ibatis.mapping.VendorDatabaseIdProvider,org.pitest.mutationtest.engine.gregor.mutators.NonVoidMethodCallMutator,getDatabaseProductName,83,NO_COVERAGE,none
VendorDatabaseIdProvider.java,org.apache.ibatis.mapping.VendorDatabaseIdProvider,org.pitest.mutationtest.engine.gregor.mutators.RemoveConditionalMutator_EQUAL_ELSE,getDatabaseProductName,85,NO_COVERAGE,none
VendorDatabaseIdProvider.java,org.apache.ibatis.mapping.VendorDatabaseIdProvider,org.pitest.mutationtest.engine.gregor.mutators.RemoveConditionalMutator_EQUAL_IF,getDatabaseProductName,85,NO_COVERAGE,none
VendorDatabaseIdProvider.java,org.apache.ibatis.mapping.VendorDatabaseIdProvider,org.pitest.mutationtest.engine.gregor.mutators.ReturnValsMutator,getDatabaseProductName,83,NO_COVERAGE,none
VendorDatabaseIdProvider.java,org.apache.ibatis.mapping.VendorDatabaseIdProvider,org.pitest.mutationtest.engine.gregor.mutators.VoidMethodCallMutator,getDatabaseProductName,87,NO_COVERAGE,none
VendorDatabaseIdProvider.java,org.apache.ibatis.mapping.VendorDatabaseIdProvider,org.pitest.mutationtest.engine.gregor.mutators.experimental.MemberVariableMutator,setProperties,61,NO_COVERAGE,none
SelectBuilder.java,org.apache.ibatis.jdbc.SelectBuilder,org.pitest.mutationtest.engine.gregor.mutators.NonVoidMethodCallMutator,AND,85,NO_COVERAGE,none
SelectBuilder.java,org.apache.ibatis.jdbc.SelectBuilder,org.pitest.mutationtest.engine.gregor.mutators.NonVoidMethodCallMutator,AND,85,NO_COVERAGE,none
SelectBuilder.java,org.apache.ibatis.jdbc.SelectBuilder,org.pitest.mutationtest.engine.gregor.mutators.VoidMethodCallMutator,BEGIN,37,NO_COVERAGE,none
SelectBuilder.java,org.apache.ibatis.jdbc.SelectBuilder,org.pitest.mutationtest.engine.gregor.mutators.NonVoidMethodCallMutator,FROM,53,NO_COVERAGE,none
SelectBuilder.java,org.apache.ibatis.jdbc.SelectBuilder,org.pitest.mutationtest.engine.gregor.mutators.NonVoidMethodCallMutator,FROM,53,NO_COVERAGE,none
SelectBuilder.java,org.apache.ibatis.jdbc.SelectBuilder,org.pitest.mutationtest.engine.gregor.mutators.NonVoidMethodCallMutator,GROUP_BY,89,NO_COVERAGE,none
SelectBuilder.java,org.apache.ibatis.jdbc.SelectBuilder,org.pitest.mutationtest.engine.gregor.mutators.NonVoidMethodCallMutator,GROUP_BY,89,NO_COVERAGE,none
SelectBuilder.java,org.apache.ibatis.jdbc.SelectBuilder,org.pitest.mutationtest.engine.gregor.mutators.NonVoidMethodCallMutator,HAVING,93,NO_COVERAGE,none
SelectBuilder.java,org.apache.ibatis.jdbc.SelectBuilder,org.pitest.mutationtest.engine.gregor.mutators.NonVoidMethodCallMutator,HAVING,93,NO_COVERAGE,none
SelectBuilder.java,org.apache.ibatis.jdbc.SelectBuilder,org.pitest.mutationtest.engine.gregor.mutators.NonVoidMethodCallMutator,INNER_JOIN,61,NO_COVERAGE,none
SelectBuilder.java,org.apache.ibatis.jdbc.SelectBuilder,org.pitest.mutationtest.engine.gregor.mutators.NonVoidMethodCallMutator,INNER_JOIN,61,NO_COVERAGE,none
SelectBuilder.java,org.apache.ibatis.jdbc.SelectBuilder,org.pitest.mutationtest.engine.gregor.mutators.NonVoidMethodCallMutator,JOIN,57,NO_COVERAGE,none
SelectBuilder.java,org.apache.ibatis.jdbc.SelectBuilder,org.pitest.mutationtest.engine.gregor.mutators.NonVoidMethodCallMutator,JOIN,57,NO_COVERAGE,none
SelectBuilder.java,org.apache.ibatis.jdbc.SelectBuilder,org.pitest.mutationtest.engine.gregor.mutators.NonVoidMethodCallMutator,LEFT_OUTER_JOIN,65,NO_COVERAGE,none
SelectBuilder.java,org.apache.ibatis.jdbc.SelectBuilder,org.pitest.mutationtest.engine.gregor.mutators.NonVoidMethodCallMutator,LEFT_OUTER_JOIN,65,NO_COVERAGE,none
SelectBuilder.java,org.apache.ibatis.jdbc.SelectBuilder,org.pitest.mutationtest.engine.gregor.mutators.NonVoidMethodCallMutator,OR,81,NO_COVERAGE,none
SelectBuilder.java,org.apache.ibatis.jdbc.SelectBuilder,org.pitest.mutationtest.engine.gregor.mutators.NonVoidMethodCallMutator,OR,81,NO_COVERAGE,none
SelectBuilder.java,org.apache.ibatis.jdbc.SelectBuilder,org.pitest.mutationtest.engine.gregor.mutators.NonVoidMethodCallMutator,ORDER_BY,97,NO_COVERAGE,none
SelectBuilder.java,org.apache.ibatis.jdbc.SelectBuilder,org.pitest.mutationtest.engine.gregor.mutators.NonVoidMethodCallMutator,ORDER_BY,97,NO_COVERAGE,none
SelectBuilder.java,org.apache.ibatis.jdbc.SelectBuilder,org.pitest.mutationtest.engine.gregor.mutators.NonVoidMethodCallMutator,OUTER_JOIN,73,NO_COVERAGE,none
SelectBuilder.java,org.apache.ibatis.jdbc.SelectBuilder,org.pitest.mutationtest.engine.gregor.mutators.NonVoidMethodCallMutator,OUTER_JOIN,73,NO_COVERAGE,none
SelectBuilder.java,org.apache.ibatis.jdbc.SelectBuilder,org.pitest.mutationtest.engine.gregor.mutators.ConstructorCallMutator,RESET,41,NO_COVERAGE,none
SelectBuilder.java,org.apache.ibatis.jdbc.SelectBuilder,org.pitest.mutationtest.engine.gregor.mutators.VoidMethodCallMutator,RESET,41,NO_COVERAGE,none
SelectBuilder.java,org.apache.ibatis.jdbc.SelectBuilder,org.pitest.mutationtest.engine.gregor.mutators.NonVoidMethodCallMutator,RIGHT_OUTER_JOIN,69,NO_COVERAGE,none
SelectBuilder.java,org.apache.ibatis.jdbc.SelectBuilder,org.pitest.mutationtest.engine.gregor.mutators.NonVoidMethodCallMutator,RIGHT_OUTER_JOIN,69,NO_COVERAGE,none
SelectBuilder.java,org.apache.ibatis.jdbc.SelectBuilder,org.pitest.mutationtest.engine.gregor.mutators.NonVoidMethodCallMutator,SELECT,45,NO_COVERAGE,none
SelectBuilder.java,org.apache.ibatis.jdbc.SelectBuilder,org.pitest.mutationtest.engine.gregor.mutators.NonVoidMethodCallMutator,SELECT,45,NO_COVERAGE,none
SelectBuilder.java,org.apache.ibatis.jdbc.SelectBuilder,org.pitest.mutationtest.engine.gregor.mutators.NonVoidMethodCallMutator,SELECT_DISTINCT,49,NO_COVERAGE,none
SelectBuilder.java,org.apache.ibatis.jdbc.SelectBuilder,org.pitest.mutationtest.engine.gregor.mutators.NonVoidMethodCallMutator,SELECT_DISTINCT,49,NO_COVERAGE,none
SelectBuilder.java,org.apache.ibatis.jdbc.SelectBuilder,org.pitest.mutationtest.engine.gregor.mutators.NonVoidMethodCallMutator,SQL,102,NO_COVERAGE,none
SelectBuilder.java,org.apache.ibatis.jdbc.SelectBuilder,org.pitest.mutationtest.engine.gregor.mutators.NonVoidMethodCallMutator,SQL,102,NO_COVERAGE,none
SelectBuilder.java,org.apache.ibatis.jdbc.SelectBuilder,org.pitest.mutationtest.engine.gregor.mutators.ReturnValsMutator,SQL,102,NO_COVERAGE,none
SelectBuilder.java,org.apache.ibatis.jdbc.SelectBuilder,org.pitest.mutationtest.engine.gregor.mutators.VoidMethodCallMutator,SQL,104,NO_COVERAGE,none
SelectBuilder.java,org.apache.ibatis.jdbc.SelectBuilder,org.pitest.mutationtest.engine.gregor.mutators.NonVoidMethodCallMutator,WHERE,77,NO_COVERAGE,none
SelectBuilder.java,org.apache.ibatis.jdbc.SelectBuilder,org.pitest.mutationtest.engine.gregor.mutators.NonVoidMethodCallMutator,WHERE,77,NO_COVERAGE,none
SelectBuilder.java,org.apache.ibatis.jdbc.SelectBuilder,org.pitest.mutationtest.engine.gregor.mutators.NonVoidMethodCallMutator,sql,109,NO_COVERAGE,none
SelectBuilder.java,org.apache.ibatis.jdbc.SelectBuilder,org.pitest.mutationtest.engine.gregor.mutators.ReturnValsMutator,sql,109,NO_COVERAGE,none
PropertyNamer.java,org.apache.ibatis.reflection.property.PropertyNamer,org.pitest.mutationtest.engine.gregor.mutators.InlineConstantMutator,isGetter,52,NO_COVERAGE,none
PropertyNamer.java,org.apache.ibatis.reflection.property.PropertyNamer,org.pitest.mutationtest.engine.gregor.mutators.NegateConditionalsMutator,isGetter,52,NO_COVERAGE,none
PropertyNamer.java,org.apache.ibatis.reflection.property.PropertyNamer,org.pitest.mutationtest.engine.gregor.mutators.NegateConditionalsMutator,isGetter,52,NO_COVERAGE,none
PropertyNamer.java,org.apache.ibatis.reflection.property.PropertyNamer,org.pitest.mutationtest.engine.gregor.mutators.NonVoidMethodCallMutator,isGetter,52,NO_COVERAGE,none
PropertyNamer.java,org.apache.ibatis.reflection.property.PropertyNamer,org.pitest.mutationtest.engine.gregor.mutators.RemoveConditionalMutator_EQUAL_ELSE,isGetter,52,NO_COVERAGE,none
PropertyNamer.java,org.apache.ibatis.reflection.property.PropertyNamer,org.pitest.mutationtest.engine.gregor.mutators.RemoveConditionalMutator_EQUAL_IF,isGetter,52,NO_COVERAGE,none
PropertyNamer.java,org.apache.ibatis.reflection.property.PropertyNamer,org.pitest.mutationtest.engine.gregor.mutators.ReturnValsMutator,isGetter,52,NO_COVERAGE,none
PropertyNamer.java,org.apache.ibatis.reflection.property.PropertyNamer,org.pitest.mutationtest.engine.gregor.mutators.InlineConstantMutator,isProperty,48,NO_COVERAGE,none
PropertyNamer.java,org.apache.ibatis.reflection.property.PropertyNamer,org.pitest.mutationtest.engine.gregor.mutators.InlineConstantMutator,isProperty,48,NO_COVERAGE,none
PropertyNamer.java,org.apache.ibatis.reflection.property.PropertyNamer,org.pitest.mutationtest.engine.gregor.mutators.NegateConditionalsMutator,isProperty,48,NO_COVERAGE,none
PropertyNamer.java,org.apache.ibatis.reflection.property.PropertyNamer,org.pitest.mutationtest.engine.gregor.mutators.NonVoidMethodCallMutator,isProperty,48,NO_COVERAGE,none
PropertyNamer.java,org.apache.ibatis.reflection.property.PropertyNamer,org.pitest.mutationtest.engine.gregor.mutators.NonVoidMethodCallMutator,isProperty,48,NO_COVERAGE,none
PropertyNamer.java,org.apache.ibatis.reflection.property.PropertyNamer,org.pitest.mutationtest.engine.gregor.mutators.NonVoidMethodCallMutator,isProperty,48,NO_COVERAGE,none
PropertyNamer.java,org.apache.ibatis.reflection.property.PropertyNamer,org.pitest.mutationtest.engine.gregor.mutators.RemoveConditionalMutator_EQUAL_ELSE,isProperty,48,NO_COVERAGE,none
PropertyNamer.java,org.apache.ibatis.reflection.property.PropertyNamer,org.pitest.mutationtest.engine.gregor.mutators.RemoveConditionalMutator_EQUAL_ELSE,isProperty,48,NO_COVERAGE,none
PropertyNamer.java,org.apache.ibatis.reflection.property.PropertyNamer,org.pitest.mutationtest.engine.gregor.mutators.RemoveConditionalMutator_EQUAL_IF,isProperty,48,NO_COVERAGE,none
PropertyNamer.java,org.apache.ibatis.reflection.property.PropertyNamer,org.pitest.mutationtest.engine.gregor.mutators.RemoveConditionalMutator_EQUAL_IF,isProperty,48,NO_COVERAGE,none
PropertyNamer.java,org.apache.ibatis.reflection.property.PropertyNamer,org.pitest.mutationtest.engine.gregor.mutators.RemoveConditionalMutator_EQUAL_IF,isProperty,48,NO_COVERAGE,none
PropertyNamer.java,org.apache.ibatis.reflection.property.PropertyNamer,org.pitest.mutationtest.engine.gregor.mutators.ReturnValsMutator,isProperty,48,NO_COVERAGE,none
PropertyNamer.java,org.apache.ibatis.reflection.property.PropertyNamer,org.pitest.mutationtest.engine.gregor.mutators.NonVoidMethodCallMutator,isSetter,56,NO_COVERAGE,none
PropertyNamer.java,org.apache.ibatis.reflection.property.PropertyNamer,org.pitest.mutationtest.engine.gregor.mutators.ReturnValsMutator,isSetter,56,NO_COVERAGE,none
PropertyNamer.java,org.apache.ibatis.reflection.property.PropertyNamer,org.pitest.mutationtest.engine.gregor.mutators.ConstructorCallMutator,methodToProperty,37,NO_COVERAGE,none
PropertyNamer.java,org.apache.ibatis.reflection.property.PropertyNamer,org.pitest.mutationtest.engine.gregor.mutators.ConstructorCallMutator,methodToProperty,37,NO_COVERAGE,none
PropertyNamer.java,org.apache.ibatis.reflection.property.PropertyNamer,org.pitest.mutationtest.engine.gregor.mutators.NonVoidMethodCallMutator,methodToProperty,34,KILLED,org.apache.ibatis.submitted.extend.ExtendTest.org.apache.ibatis.submitted.extend.ExtendTest
PropertyNamer.java,org.apache.ibatis.reflection.property.PropertyNamer,org.pitest.mutationtest.engine.gregor.mutators.NonVoidMethodCallMutator,methodToProperty,34,KILLED,org.apache.ibatis.submitted.extend.ExtendTest.org.apache.ibatis.submitted.extend.ExtendTest
PropertyNamer.java,org.apache.ibatis.reflection.property.PropertyNamer,org.pitest.mutationtest.engine.gregor.mutators.NonVoidMethodCallMutator,methodToProperty,35,KILLED,org.apache.ibatis.submitted.extend.ExtendTest.org.apache.ibatis.submitted.extend.ExtendTest
PropertyNamer.java,org.apache.ibatis.reflection.property.PropertyNamer,org.pitest.mutationtest.engine.gregor.mutators.NonVoidMethodCallMutator,methodToProperty,37,NO_COVERAGE,none
PropertyNamer.java,org.apache.ibatis.reflection.property.PropertyNamer,org.pitest.mutationtest.engine.gregor.mutators.NonVoidMethodCallMutator,methodToProperty,37,NO_COVERAGE,none
PropertyNamer.java,org.apache.ibatis.reflection.property.PropertyNamer,org.pitest.mutationtest.engine.gregor.mutators.NonVoidMethodCallMutator,methodToProperty,37,NO_COVERAGE,none
PropertyNamer.java,org.apache.ibatis.reflection.property.PropertyNamer,org.pitest.mutationtest.engine.gregor.mutators.NonVoidMethodCallMutator,methodToProperty,37,NO_COVERAGE,none
PropertyNamer.java,org.apache.ibatis.reflection.property.PropertyNamer,org.pitest.mutationtest.engine.gregor.mutators.NonVoidMethodCallMutator,methodToProperty,41,KILLED,org.apache.ibatis.submitted.extend.ExtendTest.org.apache.ibatis.submitted.extend.ExtendTest
PropertyNamer.java,org.apache.ibatis.reflection.property.PropertyNamer,org.pitest.mutationtest.engine.gregor.mutators.NonVoidMethodCallMutator,methodToProperty,41,KILLED,org.apache.ibatis.submitted.extend.ExtendTest.org.apache.ibatis.submitted.extend.ExtendTest
PropertyNamer.java,org.apache.ibatis.reflection.property.PropertyNamer,org.pitest.mutationtest.engine.gregor.mutators.NonVoidMethodCallMutator,methodToProperty,41,KILLED,org.apache.ibatis.submitted.extend.ExtendTest.org.apache.ibatis.submitted.extend.ExtendTest
PropertyNamer.java,org.apache.ibatis.reflection.property.PropertyNamer,org.pitest.mutationtest.engine.gregor.mutators.NonVoidMethodCallMutator,methodToProperty,41,KILLED,org.apache.ibatis.submitted.extend.ExtendTest.org.apache.ibatis.submitted.extend.ExtendTest
PropertyNamer.java,org.apache.ibatis.reflection.property.PropertyNamer,org.pitest.mutationtest.engine.gregor.mutators.RemoveConditionalMutator_EQUAL_ELSE,methodToProperty,34,KILLED,org.apache.ibatis.submitted.extend.ExtendTest.org.apache.ibatis.submitted.extend.ExtendTest
PropertyNamer.java,org.apache.ibatis.reflection.property.PropertyNamer,org.pitest.mutationtest.engine.gregor.mutators.ReturnValsMutator,methodToProperty,44,KILLED,org.apache.ibatis.submitted.extend.ExtendTest.org.apache.ibatis.submitted.extend.ExtendTest
ParameterMapping.java,org.apache.ibatis.mapping.ParameterMapping,org.pitest.mutationtest.engine.gregor.mutators.ReturnValsMutator,getExpression,199,NO_COVERAGE,none
ParameterMapping.java,org.apache.ibatis.mapping.ParameterMapping,org.pitest.mutationtest.engine.gregor.mutators.ReturnValsMutator,getJavaType,151,NO_COVERAGE,none
ParameterMapping.java,org.apache.ibatis.mapping.ParameterMapping,org.pitest.mutationtest.engine.gregor.mutators.ReturnValsMutator,getJdbcTypeName,191,NO_COVERAGE,none
ParameterMapping.java,org.apache.ibatis.mapping.ParameterMapping,org.pitest.mutationtest.engine.gregor.mutators.ReturnValsMutator,getMode,143,NO_COVERAGE,none
ParameterMapping.java,org.apache.ibatis.mapping.ParameterMapping,org.pitest.mutationtest.engine.gregor.mutators.ReturnValsMutator,getNumericScale,167,NO_COVERAGE,none
ParameterMapping.java,org.apache.ibatis.mapping.ParameterMapping,org.pitest.mutationtest.engine.gregor.mutators.ReturnValsMutator,getProperty,135,NO_COVERAGE,none
ParameterMapping.java,org.apache.ibatis.mapping.ParameterMapping,org.pitest.mutationtest.engine.gregor.mutators.ReturnValsMutator,getTypeHandler,175,NO_COVERAGE,none
ParameterMapping.java,org.apache.ibatis.mapping.ParameterMapping,org.pitest.mutationtest.engine.gregor.mutators.ConstructorCallMutator,toString,204,NO_COVERAGE,none
ParameterMapping.java,org.apache.ibatis.mapping.ParameterMapping,org.pitest.mutationtest.engine.gregor.mutators.InlineConstantMutator,toString,206,NO_COVERAGE,none
ParameterMapping.java,org.apache.ibatis.mapping.ParameterMapping,org.pitest.mutationtest.engine.gregor.mutators.InlineConstantMutator,toString,212,NO_COVERAGE,none
ParameterMapping.java,org.apache.ibatis.mapping.ParameterMapping,org.pitest.mutationtest.engine.gregor.mutators.InlineConstantMutator,toString,213,NO_COVERAGE,none
ParameterMapping.java,org.apache.ibatis.mapping.ParameterMapping,org.pitest.mutationtest.engine.gregor.mutators.InlineConstantMutator,toString,214,NO_COVERAGE,none
ParameterMapping.java,org.apache.ibatis.mapping.ParameterMapping,org.pitest.mutationtest.engine.gregor.mutators.InlineConstantMutator,toString,215,NO_COVERAGE,none
ParameterMapping.java,org.apache.ibatis.mapping.ParameterMapping,org.pitest.mutationtest.engine.gregor.mutators.NonVoidMethodCallMutator,toString,206,NO_COVERAGE,none
ParameterMapping.java,org.apache.ibatis.mapping.ParameterMapping,org.pitest.mutationtest.engine.gregor.mutators.NonVoidMethodCallMutator,toString,206,NO_COVERAGE,none
ParameterMapping.java,org.apache.ibatis.mapping.ParameterMapping,org.pitest.mutationtest.engine.gregor.mutators.NonVoidMethodCallMutator,toString,206,NO_COVERAGE,none
ParameterMapping.java,org.apache.ibatis.mapping.ParameterMapping,org.pitest.mutationtest.engine.gregor.mutators.NonVoidMethodCallMutator,toString,207,NO_COVERAGE,none
ParameterMapping.java,org.apache.ibatis.mapping.ParameterMapping,org.pitest.mutationtest.engine.gregor.mutators.NonVoidMethodCallMutator,toString,207,NO_COVERAGE,none
ParameterMapping.java,org.apache.ibatis.mapping.ParameterMapping,org.pitest.mutationtest.engine.gregor.mutators.NonVoidMethodCallMutator,toString,208,NO_COVERAGE,none
ParameterMapping.java,org.apache.ibatis.mapping.ParameterMapping,org.pitest.mutationtest.engine.gregor.mutators.NonVoidMethodCallMutator,toString,208,NO_COVERAGE,none
ParameterMapping.java,org.apache.ibatis.mapping.ParameterMapping,org.pitest.mutationtest.engine.gregor.mutators.NonVoidMethodCallMutator,toString,209,NO_COVERAGE,none
ParameterMapping.java,org.apache.ibatis.mapping.ParameterMapping,org.pitest.mutationtest.engine.gregor.mutators.NonVoidMethodCallMutator,toString,209,NO_COVERAGE,none
ParameterMapping.java,org.apache.ibatis.mapping.ParameterMapping,org.pitest.mutationtest.engine.gregor.mutators.NonVoidMethodCallMutator,toString,210,NO_COVERAGE,none
ParameterMapping.java,org.apache.ibatis.mapping.ParameterMapping,org.pitest.mutationtest.engine.gregor.mutators.NonVoidMethodCallMutator,toString,210,NO_COVERAGE,none
ParameterMapping.java,org.apache.ibatis.mapping.ParameterMapping,org.pitest.mutationtest.engine.gregor.mutators.NonVoidMethodCallMutator,toString,212,NO_COVERAGE,none
ParameterMapping.java,org.apache.ibatis.mapping.ParameterMapping,org.pitest.mutationtest.engine.gregor.mutators.NonVoidMethodCallMutator,toString,212,NO_COVERAGE,none
ParameterMapping.java,org.apache.ibatis.mapping.ParameterMapping,org.pitest.mutationtest.engine.gregor.mutators.NonVoidMethodCallMutator,toString,212,NO_COVERAGE,none
ParameterMapping.java,org.apache.ibatis.mapping.ParameterMapping,org.pitest.mutationtest.engine.gregor.mutators.NonVoidMethodCallMutator,toString,213,NO_COVERAGE,none
ParameterMapping.java,org.apache.ibatis.mapping.ParameterMapping,org.pitest.mutationtest.engine.gregor.mutators.NonVoidMethodCallMutator,toString,213,NO_COVERAGE,none
ParameterMapping.java,org.apache.ibatis.mapping.ParameterMapping,org.pitest.mutationtest.engine.gregor.mutators.NonVoidMethodCallMutator,toString,213,NO_COVERAGE,none
ParameterMapping.java,org.apache.ibatis.mapping.ParameterMapping,org.pitest.mutationtest.engine.gregor.mutators.NonVoidMethodCallMutator,toString,214,NO_COVERAGE,none
ParameterMapping.java,org.apache.ibatis.mapping.ParameterMapping,org.pitest.mutationtest.engine.gregor.mutators.NonVoidMethodCallMutator,toString,214,NO_COVERAGE,none
ParameterMapping.java,org.apache.ibatis.mapping.ParameterMapping,org.pitest.mutationtest.engine.gregor.mutators.NonVoidMethodCallMutator,toString,214,NO_COVERAGE,none
ParameterMapping.java,org.apache.ibatis.mapping.ParameterMapping,org.pitest.mutationtest.engine.gregor.mutators.NonVoidMethodCallMutator,toString,215,NO_COVERAGE,none
ParameterMapping.java,org.apache.ibatis.mapping.ParameterMapping,org.pitest.mutationtest.engine.gregor.mutators.NonVoidMethodCallMutator,toString,216,NO_COVERAGE,none
ParameterMapping.java,org.apache.ibatis.mapping.ParameterMapping,org.pitest.mutationtest.engine.gregor.mutators.ReturnValsMutator,toString,216,NO_COVERAGE,none
AbstractSerialStateHolder.java,org.apache.ibatis.executor.loader.AbstractSerialStateHolder,org.pitest.mutationtest.engine.gregor.mutators.InlineConstantMutator,<init>,44,NO_COVERAGE,none
AbstractSerialStateHolder.java,org.apache.ibatis.executor.loader.AbstractSerialStateHolder,org.pitest.mutationtest.engine.gregor.mutators.experimental.MemberVariableMutator,<init>,44,NO_COVERAGE,none
AbstractSerialStateHolder.java,org.apache.ibatis.executor.loader.AbstractSerialStateHolder,org.pitest.mutationtest.engine.gregor.mutators.ArgumentPropagationMutator,<init>,63,NO_COVERAGE,none
AbstractSerialStateHolder.java,org.apache.ibatis.executor.loader.AbstractSerialStateHolder,org.pitest.mutationtest.engine.gregor.mutators.ArgumentPropagationMutator,<init>,64,NO_COVERAGE,none
AbstractSerialStateHolder.java,org.apache.ibatis.executor.loader.AbstractSerialStateHolder,org.pitest.mutationtest.engine.gregor.mutators.InlineConstantMutator,<init>,44,NO_COVERAGE,none
AbstractSerialStateHolder.java,org.apache.ibatis.executor.loader.AbstractSerialStateHolder,org.pitest.mutationtest.engine.gregor.mutators.NonVoidMethodCallMutator,<init>,63,NO_COVERAGE,none
AbstractSerialStateHolder.java,org.apache.ibatis.executor.loader.AbstractSerialStateHolder,org.pitest.mutationtest.engine.gregor.mutators.NonVoidMethodCallMutator,<init>,64,NO_COVERAGE,none
AbstractSerialStateHolder.java,org.apache.ibatis.executor.loader.AbstractSerialStateHolder,org.pitest.mutationtest.engine.gregor.mutators.experimental.MemberVariableMutator,<init>,44,NO_COVERAGE,none
AbstractSerialStateHolder.java,org.apache.ibatis.executor.loader.AbstractSerialStateHolder,org.pitest.mutationtest.engine.gregor.mutators.experimental.MemberVariableMutator,<init>,62,NO_COVERAGE,none
AbstractSerialStateHolder.java,org.apache.ibatis.executor.loader.AbstractSerialStateHolder,org.pitest.mutationtest.engine.gregor.mutators.RemoveConditionalMutator_EQUAL_IF,readExternal,95,NO_COVERAGE,none
AbstractSerialStateHolder.java,org.apache.ibatis.executor.loader.AbstractSerialStateHolder,org.pitest.mutationtest.engine.gregor.mutators.experimental.MemberVariableMutator,readExternal,98,NO_COVERAGE,none
AbstractSerialStateHolder.java,org.apache.ibatis.executor.loader.AbstractSerialStateHolder,org.pitest.mutationtest.engine.gregor.mutators.ArgumentPropagationMutator,readResolve,118,NO_COVERAGE,none
AbstractSerialStateHolder.java,org.apache.ibatis.executor.loader.AbstractSerialStateHolder,org.pitest.mutationtest.engine.gregor.mutators.ArgumentPropagationMutator,readResolve,120,NO_COVERAGE,none
AbstractSerialStateHolder.java,org.apache.ibatis.executor.loader.AbstractSerialStateHolder,org.pitest.mutationtest.engine.gregor.mutators.ArgumentPropagationMutator,readResolve,127,NO_COVERAGE,none
AbstractSerialStateHolder.java,org.apache.ibatis.executor.loader.AbstractSerialStateHolder,org.pitest.mutationtest.engine.gregor.mutators.ConstructorCallMutator,readResolve,118,NO_COVERAGE,none
AbstractSerialStateHolder.java,org.apache.ibatis.executor.loader.AbstractSerialStateHolder,org.pitest.mutationtest.engine.gregor.mutators.ConstructorCallMutator,readResolve,120,NO_COVERAGE,none
AbstractSerialStateHolder.java,org.apache.ibatis.executor.loader.AbstractSerialStateHolder,org.pitest.mutationtest.engine.gregor.mutators.ConstructorCallMutator,readResolve,123,NO_COVERAGE,none
AbstractSerialStateHolder.java,org.apache.ibatis.executor.loader.AbstractSerialStateHolder,org.pitest.mutationtest.engine.gregor.mutators.NegateConditionalsMutator,readResolve,105,NO_COVERAGE,none
AbstractSerialStateHolder.java,org.apache.ibatis.executor.loader.AbstractSerialStateHolder,org.pitest.mutationtest.engine.gregor.mutators.NegateConditionalsMutator,readResolve,105,NO_COVERAGE,none
AbstractSerialStateHolder.java,org.apache.ibatis.executor.loader.AbstractSerialStateHolder,org.pitest.mutationtest.engine.gregor.mutators.NonVoidMethodCallMutator,readResolve,118,NO_COVERAGE,none
AbstractSerialStateHolder.java,org.apache.ibatis.executor.loader.AbstractSerialStateHolder,org.pitest.mutationtest.engine.gregor.mutators.NonVoidMethodCallMutator,readResolve,120,NO_COVERAGE,none
AbstractSerialStateHolder.java,org.apache.ibatis.executor.loader.AbstractSerialStateHolder,org.pitest.mutationtest.engine.gregor.mutators.NonVoidMethodCallMutator,readResolve,120,NO_COVERAGE,none
AbstractSerialStateHolder.java,org.apache.ibatis.executor.loader.AbstractSerialStateHolder,org.pitest.mutationtest.engine.gregor.mutators.NonVoidMethodCallMutator,readResolve,127,NO_COVERAGE,none
AbstractSerialStateHolder.java,org.apache.ibatis.executor.loader.AbstractSerialStateHolder,org.pitest.mutationtest.engine.gregor.mutators.RemoveConditionalMutator_EQUAL_ELSE,readResolve,105,NO_COVERAGE,none
AbstractSerialStateHolder.java,org.apache.ibatis.executor.loader.AbstractSerialStateHolder,org.pitest.mutationtest.engine.gregor.mutators.RemoveConditionalMutator_EQUAL_ELSE,readResolve,105,NO_COVERAGE,none
AbstractSerialStateHolder.java,org.apache.ibatis.executor.loader.AbstractSerialStateHolder,org.pitest.mutationtest.engine.gregor.mutators.RemoveConditionalMutator_EQUAL_IF,readResolve,105,NO_COVERAGE,none
AbstractSerialStateHolder.java,org.apache.ibatis.executor.loader.AbstractSerialStateHolder,org.pitest.mutationtest.engine.gregor.mutators.RemoveConditionalMutator_EQUAL_IF,readResolve,105,NO_COVERAGE,none
AbstractSerialStateHolder.java,org.apache.ibatis.executor.loader.AbstractSerialStateHolder,org.pitest.mutationtest.engine.gregor.mutators.ReturnValsMutator,readResolve,106,NO_COVERAGE,none
AbstractSerialStateHolder.java,org.apache.ibatis.executor.loader.AbstractSerialStateHolder,org.pitest.mutationtest.engine.gregor.mutators.ReturnValsMutator,readResolve,127,NO_COVERAGE,none
AbstractSerialStateHolder.java,org.apache.ibatis.executor.loader.AbstractSerialStateHolder,org.pitest.mutationtest.engine.gregor.mutators.experimental.MemberVariableMutator,readResolve,114,NO_COVERAGE,none
AbstractSerialStateHolder.java,org.apache.ibatis.executor.loader.AbstractSerialStateHolder,org.pitest.mutationtest.engine.gregor.mutators.InlineConstantMutator,writeExternal,69,NO_COVERAGE,none
AbstractSerialStateHolder.java,org.apache.ibatis.executor.loader.AbstractSerialStateHolder,org.pitest.mutationtest.engine.gregor.mutators.NonVoidMethodCallMutator,writeExternal,71,NO_COVERAGE,none
AbstractSerialStateHolder.java,org.apache.ibatis.executor.loader.AbstractSerialStateHolder,org.pitest.mutationtest.engine.gregor.mutators.RemoveConditionalMutator_EQUAL_IF,writeExternal,72,NO_COVERAGE,none
AbstractSerialStateHolder.java,org.apache.ibatis.executor.loader.AbstractSerialStateHolder,org.pitest.mutationtest.engine.gregor.mutators.RemoveConditionalMutator_EQUAL_IF,writeExternal,87,NO_COVERAGE,none
AbstractSerialStateHolder.java,org.apache.ibatis.executor.loader.AbstractSerialStateHolder,org.pitest.mutationtest.engine.gregor.mutators.VoidMethodCallMutator,writeExternal,75,NO_COVERAGE,none
PerpetualCache.java,org.apache.ibatis.cache.impl.PerpetualCache,org.pitest.mutationtest.engine.gregor.mutators.experimental.MemberVariableMutator,<init>,35,KILLED,org.apache.ibatis.submitted.extend.ExtendTest.org.apache.ibatis.submitted.extend.ExtendTest
PerpetualCache.java,org.apache.ibatis.cache.impl.PerpetualCache,org.pitest.mutationtest.engine.gregor.mutators.VoidMethodCallMutator,clear,65,KILLED,org.apache.ibatis.submitted.extend.ExtendTest.org.apache.ibatis.submitted.extend.ExtendTest
PerpetualCache.java,org.apache.ibatis.cache.impl.PerpetualCache,org.pitest.mutationtest.engine.gregor.mutators.ConstructorCallMutator,equals,76,NO_COVERAGE,none
PerpetualCache.java,org.apache.ibatis.cache.impl.PerpetualCache,org.pitest.mutationtest.engine.gregor.mutators.InlineConstantMutator,equals,79,NO_COVERAGE,none
PerpetualCache.java,org.apache.ibatis.cache.impl.PerpetualCache,org.pitest.mutationtest.engine.gregor.mutators.InlineConstantMutator,equals,82,NO_COVERAGE,none
PerpetualCache.java,org.apache.ibatis.cache.impl.PerpetualCache,org.pitest.mutationtest.engine.gregor.mutators.NegateConditionalsMutator,equals,75,NO_COVERAGE,none
PerpetualCache.java,org.apache.ibatis.cache.impl.PerpetualCache,org.pitest.mutationtest.engine.gregor.mutators.NegateConditionalsMutator,equals,78,NO_COVERAGE,none
PerpetualCache.java,org.apache.ibatis.cache.impl.PerpetualCache,org.pitest.mutationtest.engine.gregor.mutators.NegateConditionalsMutator,equals,81,NO_COVERAGE,none
PerpetualCache.java,org.apache.ibatis.cache.impl.PerpetualCache,org.pitest.mutationtest.engine.gregor.mutators.NonVoidMethodCallMutator,equals,75,NO_COVERAGE,none
PerpetualCache.java,org.apache.ibatis.cache.impl.PerpetualCache,org.pitest.mutationtest.engine.gregor.mutators.NonVoidMethodCallMutator,equals,86,NO_COVERAGE,none
PerpetualCache.java,org.apache.ibatis.cache.impl.PerpetualCache,org.pitest.mutationtest.engine.gregor.mutators.NonVoidMethodCallMutator,equals,86,NO_COVERAGE,none
PerpetualCache.java,org.apache.ibatis.cache.impl.PerpetualCache,org.pitest.mutationtest.engine.gregor.mutators.NonVoidMethodCallMutator,equals,86,NO_COVERAGE,none
PerpetualCache.java,org.apache.ibatis.cache.impl.PerpetualCache,org.pitest.mutationtest.engine.gregor.mutators.RemoveConditionalMutator_EQUAL_ELSE,equals,75,NO_COVERAGE,none
PerpetualCache.java,org.apache.ibatis.cache.impl.PerpetualCache,org.pitest.mutationtest.engine.gregor.mutators.RemoveConditionalMutator_EQUAL_ELSE,equals,78,NO_COVERAGE,none
PerpetualCache.java,org.apache.ibatis.cache.impl.PerpetualCache,org.pitest.mutationtest.engine.gregor.mutators.RemoveConditionalMutator_EQUAL_ELSE,equals,81,NO_COVERAGE,none
PerpetualCache.java,org.apache.ibatis.cache.impl.PerpetualCache,org.pitest.mutationtest.engine.gregor.mutators.RemoveConditionalMutator_EQUAL_IF,equals,75,NO_COVERAGE,none
PerpetualCache.java,org.apache.ibatis.cache.impl.PerpetualCache,org.pitest.mutationtest.engine.gregor.mutators.RemoveConditionalMutator_EQUAL_IF,equals,78,NO_COVERAGE,none
PerpetualCache.java,org.apache.ibatis.cache.impl.PerpetualCache,org.pitest.mutationtest.engine.gregor.mutators.RemoveConditionalMutator_EQUAL_IF,equals,81,NO_COVERAGE,none
PerpetualCache.java,org.apache.ibatis.cache.impl.PerpetualCache,org.pitest.mutationtest.engine.gregor.mutators.ReturnValsMutator,equals,79,NO_COVERAGE,none
PerpetualCache.java,org.apache.ibatis.cache.impl.PerpetualCache,org.pitest.mutationtest.engine.gregor.mutators.ReturnValsMutator,equals,82,NO_COVERAGE,none
PerpetualCache.java,org.apache.ibatis.cache.impl.PerpetualCache,org.pitest.mutationtest.engine.gregor.mutators.ReturnValsMutator,equals,86,NO_COVERAGE,none
PerpetualCache.java,org.apache.ibatis.cache.impl.PerpetualCache,org.pitest.mutationtest.engine.gregor.mutators.ReturnValsMutator,getId,40,NO_COVERAGE,none
PerpetualCache.java,org.apache.ibatis.cache.impl.PerpetualCache,org.pitest.mutationtest.engine.gregor.mutators.ReturnValsMutator,getReadWriteLock,70,NO_COVERAGE,none
PerpetualCache.java,org.apache.ibatis.cache.impl.PerpetualCache,org.pitest.mutationtest.engine.gregor.mutators.NonVoidMethodCallMutator,getSize,45,NO_COVERAGE,none
PerpetualCache.java,org.apache.ibatis.cache.impl.PerpetualCache,org.pitest.mutationtest.engine.gregor.mutators.ReturnValsMutator,getSize,45,NO_COVERAGE,none
PerpetualCache.java,org.apache.ibatis.cache.impl.PerpetualCache,org.pitest.mutationtest.engine.gregor.mutators.ConstructorCallMutator,hashCode,92,NO_COVERAGE,none
PerpetualCache.java,org.apache.ibatis.cache.impl.PerpetualCache,org.pitest.mutationtest.engine.gregor.mutators.NegateConditionalsMutator,hashCode,91,NO_COVERAGE,none
PerpetualCache.java,org.apache.ibatis.cache.impl.PerpetualCache,org.pitest.mutationtest.engine.gregor.mutators.NonVoidMethodCallMutator,hashCode,91,NO_COVERAGE,none
PerpetualCache.java,org.apache.ibatis.cache.impl.PerpetualCache,org.pitest.mutationtest.engine.gregor.mutators.NonVoidMethodCallMutator,hashCode,94,NO_COVERAGE,none
PerpetualCache.java,org.apache.ibatis.cache.impl.PerpetualCache,org.pitest.mutationtest.engine.gregor.mutators.NonVoidMethodCallMutator,hashCode,94,NO_COVERAGE,none
PerpetualCache.java,org.apache.ibatis.cache.impl.PerpetualCache,org.pitest.mutationtest.engine.gregor.mutators.RemoveConditionalMutator_EQUAL_ELSE,hashCode,91,NO_COVERAGE,none
PerpetualCache.java,org.apache.ibatis.cache.impl.PerpetualCache,org.pitest.mutationtest.engine.gregor.mutators.RemoveConditionalMutator_EQUAL_IF,hashCode,91,NO_COVERAGE,none
PerpetualCache.java,org.apache.ibatis.cache.impl.PerpetualCache,org.pitest.mutationtest.engine.gregor.mutators.ReturnValsMutator,hashCode,94,NO_COVERAGE,none
PerpetualCache.java,org.apache.ibatis.cache.impl.PerpetualCache,org.pitest.mutationtest.engine.gregor.mutators.ArgumentPropagationMutator,removeObject,60,KILLED,org.apache.ibatis.submitted.extend.ExtendTest.org.apache.ibatis.submitted.extend.ExtendTest
PerpetualCache.java,org.apache.ibatis.cache.impl.PerpetualCache,org.pitest.mutationtest.engine.gregor.mutators.ReturnValsMutator,removeObject,60,SURVIVED,none
JavassistProxyFactory.java,org.apache.ibatis.executor.loader.javassist.JavassistProxyFactory$EnhancedResultObjectProxyImpl,org.pitest.mutationtest.engine.gregor.mutators.NonVoidMethodCallMutator,<init>,115,NO_COVERAGE,none
JavassistProxyFactory.java,org.apache.ibatis.executor.loader.javassist.JavassistProxyFactory$EnhancedResultObjectProxyImpl,org.pitest.mutationtest.engine.gregor.mutators.VoidMethodCallMutator,createProxy,126,NO_COVERAGE,none
JavassistProxyFactory.java,org.apache.ibatis.executor.loader.javassist.JavassistProxyFactory$EnhancedResultObjectProxyImpl,org.pitest.mutationtest.engine.gregor.mutators.ArgumentPropagationMutator,invoke,153,NO_COVERAGE,none
JavassistProxyFactory.java,org.apache.ibatis.executor.loader.javassist.JavassistProxyFactory$EnhancedResultObjectProxyImpl,org.pitest.mutationtest.engine.gregor.mutators.ArgumentPropagationMutator,invoke,163,NO_COVERAGE,none
JavassistProxyFactory.java,org.apache.ibatis.executor.loader.javassist.JavassistProxyFactory$EnhancedResultObjectProxyImpl,org.pitest.mutationtest.engine.gregor.mutators.ConditionalsBoundaryMutator,invoke,143,NO_COVERAGE,none
JavassistProxyFactory.java,org.apache.ibatis.executor.loader.javassist.JavassistProxyFactory$EnhancedResultObjectProxyImpl,org.pitest.mutationtest.engine.gregor.mutators.ConditionalsBoundaryMutator,invoke,149,NO_COVERAGE,none
JavassistProxyFactory.java,org.apache.ibatis.executor.loader.javassist.JavassistProxyFactory$EnhancedResultObjectProxyImpl,org.pitest.mutationtest.engine.gregor.mutators.ConstructorCallMutator,invoke,144,NO_COVERAGE,none
JavassistProxyFactory.java,org.apache.ibatis.executor.loader.javassist.JavassistProxyFactory$EnhancedResultObjectProxyImpl,org.pitest.mutationtest.engine.gregor.mutators.NegateConditionalsMutator,invoke,137,NO_COVERAGE,none
JavassistProxyFactory.java,org.apache.ibatis.executor.loader.javassist.JavassistProxyFactory$EnhancedResultObjectProxyImpl,org.pitest.mutationtest.engine.gregor.mutators.NegateConditionalsMutator,invoke,143,NO_COVERAGE,none
JavassistProxyFactory.java,org.apache.ibatis.executor.loader.javassist.JavassistProxyFactory$EnhancedResultObjectProxyImpl,org.pitest.mutationtest.engine.gregor.mutators.NegateConditionalsMutator,invoke,149,NO_COVERAGE,none
JavassistProxyFactory.java,org.apache.ibatis.executor.loader.javassist.JavassistProxyFactory$EnhancedResultObjectProxyImpl,org.pitest.mutationtest.engine.gregor.mutators.NegateConditionalsMutator,invoke,149,NO_COVERAGE,none
JavassistProxyFactory.java,org.apache.ibatis.executor.loader.javassist.JavassistProxyFactory$EnhancedResultObjectProxyImpl,org.pitest.mutationtest.engine.gregor.mutators.NegateConditionalsMutator,invoke,154,NO_COVERAGE,none
JavassistProxyFactory.java,org.apache.ibatis.executor.loader.javassist.JavassistProxyFactory$EnhancedResultObjectProxyImpl,org.pitest.mutationtest.engine.gregor.mutators.NonVoidMethodCallMutator,invoke,137,NO_COVERAGE,none
JavassistProxyFactory.java,org.apache.ibatis.executor.loader.javassist.JavassistProxyFactory$EnhancedResultObjectProxyImpl,org.pitest.mutationtest.engine.gregor.mutators.NonVoidMethodCallMutator,invoke,140,NO_COVERAGE,none
JavassistProxyFactory.java,org.apache.ibatis.executor.loader.javassist.JavassistProxyFactory$EnhancedResultObjectProxyImpl,org.pitest.mutationtest.engine.gregor.mutators.NonVoidMethodCallMutator,invoke,143,NO_COVERAGE,none
JavassistProxyFactory.java,org.apache.ibatis.executor.loader.javassist.JavassistProxyFactory$EnhancedResultObjectProxyImpl,org.pitest.mutationtest.engine.gregor.mutators.NonVoidMethodCallMutator,invoke,149,NO_COVERAGE,none
JavassistProxyFactory.java,org.apache.ibatis.executor.loader.javassist.JavassistProxyFactory$EnhancedResultObjectProxyImpl,org.pitest.mutationtest.engine.gregor.mutators.NonVoidMethodCallMutator,invoke,149,NO_COVERAGE,none
JavassistProxyFactory.java,org.apache.ibatis.executor.loader.javassist.JavassistProxyFactory$EnhancedResultObjectProxyImpl,org.pitest.mutationtest.engine.gregor.mutators.NonVoidMethodCallMutator,invoke,152,NO_COVERAGE,none
JavassistProxyFactory.java,org.apache.ibatis.executor.loader.javassist.JavassistProxyFactory$EnhancedResultObjectProxyImpl,org.pitest.mutationtest.engine.gregor.mutators.NonVoidMethodCallMutator,invoke,153,NO_COVERAGE,none
JavassistProxyFactory.java,org.apache.ibatis.executor.loader.javassist.JavassistProxyFactory$EnhancedResultObjectProxyImpl,org.pitest.mutationtest.engine.gregor.mutators.NonVoidMethodCallMutator,invoke,155,NO_COVERAGE,none
JavassistProxyFactory.java,org.apache.ibatis.executor.loader.javassist.JavassistProxyFactory$EnhancedResultObjectProxyImpl,org.pitest.mutationtest.engine.gregor.mutators.NonVoidMethodCallMutator,invoke,163,NO_COVERAGE,none
JavassistProxyFactory.java,org.apache.ibatis.executor.loader.javassist.JavassistProxyFactory$EnhancedResultObjectProxyImpl,org.pitest.mutationtest.engine.gregor.mutators.RemoveConditionalMutator_EQUAL_ELSE,invoke,137,NO_COVERAGE,none
JavassistProxyFactory.java,org.apache.ibatis.executor.loader.javassist.JavassistProxyFactory$EnhancedResultObjectProxyImpl,org.pitest.mutationtest.engine.gregor.mutators.RemoveConditionalMutator_EQUAL_ELSE,invoke,150,NO_COVERAGE,none
JavassistProxyFactory.java,org.apache.ibatis.executor.loader.javassist.JavassistProxyFactory$EnhancedResultObjectProxyImpl,org.pitest.mutationtest.engine.gregor.mutators.RemoveConditionalMutator_EQUAL_ELSE,invoke,150,NO_COVERAGE,none
JavassistProxyFactory.java,org.apache.ibatis.executor.loader.javassist.JavassistProxyFactory$EnhancedResultObjectProxyImpl,org.pitest.mutationtest.engine.gregor.mutators.RemoveConditionalMutator_EQUAL_ELSE,invoke,152,NO_COVERAGE,none
JavassistProxyFactory.java,org.apache.ibatis.executor.loader.javassist.JavassistProxyFactory$EnhancedResultObjectProxyImpl,org.pitest.mutationtest.engine.gregor.mutators.RemoveConditionalMutator_EQUAL_IF,invoke,137,NO_COVERAGE,none
JavassistProxyFactory.java,org.apache.ibatis.executor.loader.javassist.JavassistProxyFactory$EnhancedResultObjectProxyImpl,org.pitest.mutationtest.engine.gregor.mutators.RemoveConditionalMutator_EQUAL_IF,invoke,149,NO_COVERAGE,none
JavassistProxyFactory.java,org.apache.ibatis.executor.loader.javassist.JavassistProxyFactory$EnhancedResultObjectProxyImpl,org.pitest.mutationtest.engine.gregor.mutators.RemoveConditionalMutator_EQUAL_IF,invoke,152,NO_COVERAGE,none
JavassistProxyFactory.java,org.apache.ibatis.executor.loader.javassist.JavassistProxyFactory$EnhancedResultObjectProxyImpl,org.pitest.mutationtest.engine.gregor.mutators.RemoveConditionalMutator_EQUAL_IF,invoke,154,NO_COVERAGE,none
JavassistProxyFactory.java,org.apache.ibatis.executor.loader.javassist.JavassistProxyFactory$EnhancedResultObjectProxyImpl,org.pitest.mutationtest.engine.gregor.mutators.RemoveConditionalMutator_ORDER_ELSE,invoke,143,NO_COVERAGE,none
JavassistProxyFactory.java,org.apache.ibatis.executor.loader.javassist.JavassistProxyFactory$EnhancedResultObjectProxyImpl,org.pitest.mutationtest.engine.gregor.mutators.RemoveConditionalMutator_ORDER_IF,invoke,143,NO_COVERAGE,none
JavassistProxyFactory.java,org.apache.ibatis.executor.loader.javassist.JavassistProxyFactory$EnhancedResultObjectProxyImpl,org.pitest.mutationtest.engine.gregor.mutators.ReturnValsMutator,invoke,144,NO_COVERAGE,none
JavassistProxyFactory.java,org.apache.ibatis.executor.loader.javassist.JavassistProxyFactory$EnhancedResultObjectProxyImpl,org.pitest.mutationtest.engine.gregor.mutators.ReturnValsMutator,invoke,146,NO_COVERAGE,none
JavassistProxyFactory.java,org.apache.ibatis.executor.loader.javassist.JavassistProxyFactory$EnhancedResultObjectProxyImpl,org.pitest.mutationtest.engine.gregor.mutators.VoidMethodCallMutator,invoke,142,NO_COVERAGE,none
JavassistProxyFactory.java,org.apache.ibatis.executor.loader.javassist.JavassistProxyFactory$EnhancedResultObjectProxyImpl,org.pitest.mutationtest.engine.gregor.mutators.VoidMethodCallMutator,invoke,151,NO_COVERAGE,none
DefaultParameterHandler.java,org.apache.ibatis.scripting.defaults.DefaultParameterHandler,org.pitest.mutationtest.engine.gregor.mutators.experimental.MemberVariableMutator,<init>,49,KILLED,org.apache.ibatis.submitted.extend.ExtendTest.org.apache.ibatis.submitted.extend.ExtendTest
DefaultParameterHandler.java,org.apache.ibatis.scripting.defaults.DefaultParameterHandler,org.pitest.mutationtest.engine.gregor.mutators.experimental.MemberVariableMutator,<init>,53,KILLED,org.apache.ibatis.submitted.extend.ExtendTest.org.apache.ibatis.submitted.extend.ExtendTest
DefaultParameterHandler.java,org.apache.ibatis.scripting.defaults.DefaultParameterHandler,org.pitest.mutationtest.engine.gregor.mutators.ReturnValsMutator,getParameterObject,58,NO_COVERAGE,none
DefaultParameterHandler.java,org.apache.ibatis.scripting.defaults.DefaultParameterHandler,org.pitest.mutationtest.engine.gregor.mutators.ConstructorCallMutator,setParameters,89,NO_COVERAGE,none
DefaultParameterHandler.java,org.apache.ibatis.scripting.defaults.DefaultParameterHandler,org.pitest.mutationtest.engine.gregor.mutators.ConstructorCallMutator,setParameters,89,NO_COVERAGE,none
DefaultParameterHandler.java,org.apache.ibatis.scripting.defaults.DefaultParameterHandler,org.pitest.mutationtest.engine.gregor.mutators.ConstructorCallMutator,setParameters,91,NO_COVERAGE,none
DefaultParameterHandler.java,org.apache.ibatis.scripting.defaults.DefaultParameterHandler,org.pitest.mutationtest.engine.gregor.mutators.ConstructorCallMutator,setParameters,91,NO_COVERAGE,none
DefaultParameterHandler.java,org.apache.ibatis.scripting.defaults.DefaultParameterHandler,org.pitest.mutationtest.engine.gregor.mutators.NegateConditionalsMutator,setParameters,66,KILLED,org.apache.ibatis.submitted.extend.ExtendTest.org.apache.ibatis.submitted.extend.ExtendTest
DefaultParameterHandler.java,org.apache.ibatis.scripting.defaults.DefaultParameterHandler,org.pitest.mutationtest.engine.gregor.mutators.NegateConditionalsMutator,setParameters,68,NO_COVERAGE,none
DefaultParameterHandler.java,org.apache.ibatis.scripting.defaults.DefaultParameterHandler,org.pitest.mutationtest.engine.gregor.mutators.NonVoidMethodCallMutator,setParameters,63,KILLED,org.apache.ibatis.submitted.extend.ExtendTest.org.apache.ibatis.submitted.extend.ExtendTest
DefaultParameterHandler.java,org.apache.ibatis.scripting.defaults.DefaultParameterHandler,org.pitest.mutationtest.engine.gregor.mutators.NonVoidMethodCallMutator,setParameters,64,KILLED,org.apache.ibatis.submitted.extend.ExtendTest.org.apache.ibatis.submitted.extend.ExtendTest
DefaultParameterHandler.java,org.apache.ibatis.scripting.defaults.DefaultParameterHandler,org.pitest.mutationtest.engine.gregor.mutators.NonVoidMethodCallMutator,setParameters,67,NO_COVERAGE,none
DefaultParameterHandler.java,org.apache.ibatis.scripting.defaults.DefaultParameterHandler,org.pitest.mutationtest.engine.gregor.mutators.NonVoidMethodCallMutator,setParameters,72,NO_COVERAGE,none
DefaultParameterHandler.java,org.apache.ibatis.scripting.defaults.DefaultParameterHandler,org.pitest.mutationtest.engine.gregor.mutators.NonVoidMethodCallMutator,setParameters,75,NO_COVERAGE,none
DefaultParameterHandler.java,org.apache.ibatis.scripting.defaults.DefaultParameterHandler,org.pitest.mutationtest.engine.gregor.mutators.NonVoidMethodCallMutator,setParameters,75,NO_COVERAGE,none
DefaultParameterHandler.java,org.apache.ibatis.scripting.defaults.DefaultParameterHandler,org.pitest.mutationtest.engine.gregor.mutators.NonVoidMethodCallMutator,setParameters,78,NO_COVERAGE,none
DefaultParameterHandler.java,org.apache.ibatis.scripting.defaults.DefaultParameterHandler,org.pitest.mutationtest.engine.gregor.mutators.NonVoidMethodCallMutator,setParameters,81,NO_COVERAGE,none
DefaultParameterHandler.java,org.apache.ibatis.scripting.defaults.DefaultParameterHandler,org.pitest.mutationtest.engine.gregor.mutators.NonVoidMethodCallMutator,setParameters,82,NO_COVERAGE,none
DefaultParameterHandler.java,org.apache.ibatis.scripting.defaults.DefaultParameterHandler,org.pitest.mutationtest.engine.gregor.mutators.NonVoidMethodCallMutator,setParameters,84,NO_COVERAGE,none
DefaultParameterHandler.java,org.apache.ibatis.scripting.defaults.DefaultParameterHandler,org.pitest.mutationtest.engine.gregor.mutators.NonVoidMethodCallMutator,setParameters,89,NO_COVERAGE,none
DefaultParameterHandler.java,org.apache.ibatis.scripting.defaults.DefaultParameterHandler,org.pitest.mutationtest.engine.gregor.mutators.NonVoidMethodCallMutator,setParameters,89,NO_COVERAGE,none
DefaultParameterHandler.java,org.apache.ibatis.scripting.defaults.DefaultParameterHandler,org.pitest.mutationtest.engine.gregor.mutators.NonVoidMethodCallMutator,setParameters,89,NO_COVERAGE,none
DefaultParameterHandler.java,org.apache.ibatis.scripting.defaults.DefaultParameterHandler,org.pitest.mutationtest.engine.gregor.mutators.NonVoidMethodCallMutator,setParameters,89,NO_COVERAGE,none
DefaultParameterHandler.java,org.apache.ibatis.scripting.defaults.DefaultParameterHandler,org.pitest.mutationtest.engine.gregor.mutators.NonVoidMethodCallMutator,setParameters,89,NO_COVERAGE,none
DefaultParameterHandler.java,org.apache.ibatis.scripting.defaults.DefaultParameterHandler,org.pitest.mutationtest.engine.gregor.mutators.NonVoidMethodCallMutator,setParameters,91,NO_COVERAGE,none
DefaultParameterHandler.java,org.apache.ibatis.scripting.defaults.DefaultParameterHandler,org.pitest.mutationtest.engine.gregor.mutators.NonVoidMethodCallMutator,setParameters,91,NO_COVERAGE,none
DefaultParameterHandler.java,org.apache.ibatis.scripting.defaults.DefaultParameterHandler,org.pitest.mutationtest.engine.gregor.mutators.NonVoidMethodCallMutator,setParameters,91,NO_COVERAGE,none
DefaultParameterHandler.java,org.apache.ibatis.scripting.defaults.DefaultParameterHandler,org.pitest.mutationtest.engine.gregor.mutators.NonVoidMethodCallMutator,setParameters,91,NO_COVERAGE,none
DefaultParameterHandler.java,org.apache.ibatis.scripting.defaults.DefaultParameterHandler,org.pitest.mutationtest.engine.gregor.mutators.NonVoidMethodCallMutator,setParameters,91,NO_COVERAGE,none
DefaultParameterHandler.java,org.apache.ibatis.scripting.defaults.DefaultParameterHandler,org.pitest.mutationtest.engine.gregor.mutators.RemoveConditionalMutator_EQUAL_ELSE,setParameters,68,NO_COVERAGE,none
DefaultParameterHandler.java,org.apache.ibatis.scripting.defaults.DefaultParameterHandler,org.pitest.mutationtest.engine.gregor.mutators.RemoveConditionalMutator_EQUAL_ELSE,setParameters,71,NO_COVERAGE,none
DefaultParameterHandler.java,org.apache.ibatis.scripting.defaults.DefaultParameterHandler,org.pitest.mutationtest.engine.gregor.mutators.RemoveConditionalMutator_EQUAL_IF,setParameters,65,KILLED,org.apache.ibatis.submitted.extend.ExtendTest.org.apache.ibatis.submitted.extend.ExtendTest
DefaultParameterHandler.java,org.apache.ibatis.scripting.defaults.DefaultParameterHandler,org.pitest.mutationtest.engine.gregor.mutators.RemoveConditionalMutator_EQUAL_IF,setParameters,83,NO_COVERAGE,none
DefaultParameterHandler.java,org.apache.ibatis.scripting.defaults.DefaultParameterHandler,org.pitest.mutationtest.engine.gregor.mutators.VoidMethodCallMutator,setParameters,87,NO_COVERAGE,none
ResultLoaderMap.java,org.apache.ibatis.executor.loader.ResultLoaderMap,org.pitest.mutationtest.engine.gregor.mutators.ArgumentPropagationMutator,addLoader,53,NO_COVERAGE,none
ResultLoaderMap.java,org.apache.ibatis.executor.loader.ResultLoaderMap,org.pitest.mutationtest.engine.gregor.mutators.ConstructorCallMutator,addLoader,55,NO_COVERAGE,none
ResultLoaderMap.java,org.apache.ibatis.executor.loader.ResultLoaderMap,org.pitest.mutationtest.engine.gregor.mutators.ConstructorCallMutator,addLoader,56,NO_COVERAGE,none
ResultLoaderMap.java,org.apache.ibatis.executor.loader.ResultLoaderMap,org.pitest.mutationtest.engine.gregor.mutators.ConstructorCallMutator,addLoader,59,NO_COVERAGE,none
ResultLoaderMap.java,org.apache.ibatis.executor.loader.ResultLoaderMap,org.pitest.mutationtest.engine.gregor.mutators.NegateConditionalsMutator,addLoader,54,NO_COVERAGE,none
ResultLoaderMap.java,org.apache.ibatis.executor.loader.ResultLoaderMap,org.pitest.mutationtest.engine.gregor.mutators.NegateConditionalsMutator,addLoader,54,NO_COVERAGE,none
ResultLoaderMap.java,org.apache.ibatis.executor.loader.ResultLoaderMap,org.pitest.mutationtest.engine.gregor.mutators.NonVoidMethodCallMutator,addLoader,54,NO_COVERAGE,none
ResultLoaderMap.java,org.apache.ibatis.executor.loader.ResultLoaderMap,org.pitest.mutationtest.engine.gregor.mutators.NonVoidMethodCallMutator,addLoader,55,NO_COVERAGE,none
ResultLoaderMap.java,org.apache.ibatis.executor.loader.ResultLoaderMap,org.pitest.mutationtest.engine.gregor.mutators.NonVoidMethodCallMutator,addLoader,55,NO_COVERAGE,none
ResultLoaderMap.java,org.apache.ibatis.executor.loader.ResultLoaderMap,org.pitest.mutationtest.engine.gregor.mutators.NonVoidMethodCallMutator,addLoader,55,NO_COVERAGE,none
ResultLoaderMap.java,org.apache.ibatis.executor.loader.ResultLoaderMap,org.pitest.mutationtest.engine.gregor.mutators.NonVoidMethodCallMutator,addLoader,56,NO_COVERAGE,none
ResultLoaderMap.java,org.apache.ibatis.executor.loader.ResultLoaderMap,org.pitest.mutationtest.engine.gregor.mutators.NonVoidMethodCallMutator,addLoader,56,NO_COVERAGE,none
ResultLoaderMap.java,org.apache.ibatis.executor.loader.ResultLoaderMap,org.pitest.mutationtest.engine.gregor.mutators.NonVoidMethodCallMutator,addLoader,56,NO_COVERAGE,none
ResultLoaderMap.java,org.apache.ibatis.executor.loader.ResultLoaderMap,org.pitest.mutationtest.engine.gregor.mutators.NonVoidMethodCallMutator,addLoader,56,NO_COVERAGE,none
ResultLoaderMap.java,org.apache.ibatis.executor.loader.ResultLoaderMap,org.pitest.mutationtest.engine.gregor.mutators.NonVoidMethodCallMutator,addLoader,59,NO_COVERAGE,none
ResultLoaderMap.java,org.apache.ibatis.executor.loader.ResultLoaderMap,org.pitest.mutationtest.engine.gregor.mutators.RemoveConditionalMutator_EQUAL_ELSE,addLoader,54,NO_COVERAGE,none
ResultLoaderMap.java,org.apache.ibatis.executor.loader.ResultLoaderMap,org.pitest.mutationtest.engine.gregor.mutators.RemoveConditionalMutator_EQUAL_IF,addLoader,54,NO_COVERAGE,none
ResultLoaderMap.java,org.apache.ibatis.executor.loader.ResultLoaderMap,org.pitest.mutationtest.engine.gregor.mutators.NonVoidMethodCallMutator,getPropertyNames,67,NO_COVERAGE,none
ResultLoaderMap.java,org.apache.ibatis.executor.loader.ResultLoaderMap,org.pitest.mutationtest.engine.gregor.mutators.ReturnValsMutator,getPropertyNames,67,NO_COVERAGE,none
ResultLoaderMap.java,org.apache.ibatis.executor.loader.ResultLoaderMap,org.pitest.mutationtest.engine.gregor.mutators.NonVoidMethodCallMutator,hasLoader,75,NO_COVERAGE,none
ResultLoaderMap.java,org.apache.ibatis.executor.loader.ResultLoaderMap,org.pitest.mutationtest.engine.gregor.mutators.NonVoidMethodCallMutator,hasLoader,75,NO_COVERAGE,none
ResultLoaderMap.java,org.apache.ibatis.executor.loader.ResultLoaderMap,org.pitest.mutationtest.engine.gregor.mutators.ReturnValsMutator,hasLoader,75,NO_COVERAGE,none
ResultLoaderMap.java,org.apache.ibatis.executor.loader.ResultLoaderMap,org.pitest.mutationtest.engine.gregor.mutators.InlineConstantMutator,load,84,NO_COVERAGE,none
ResultLoaderMap.java,org.apache.ibatis.executor.loader.ResultLoaderMap,org.pitest.mutationtest.engine.gregor.mutators.NegateConditionalsMutator,load,80,NO_COVERAGE,none
ResultLoaderMap.java,org.apache.ibatis.executor.loader.ResultLoaderMap,org.pitest.mutationtest.engine.gregor.mutators.ReturnValsMutator,load,84,NO_COVERAGE,none
ResultLoaderMap.java,org.apache.ibatis.executor.loader.ResultLoaderMap,org.pitest.mutationtest.engine.gregor.mutators.VoidMethodCallMutator,load,81,NO_COVERAGE,none
ResultLoaderMap.java,org.apache.ibatis.executor.loader.ResultLoaderMap,org.pitest.mutationtest.engine.gregor.mutators.InlineConstantMutator,loadAll,90,NO_COVERAGE,none
ResultLoaderMap.java,org.apache.ibatis.executor.loader.ResultLoaderMap,org.pitest.mutationtest.engine.gregor.mutators.NegateConditionalsMutator,loadAll,90,NO_COVERAGE,none
ResultLoaderMap.java,org.apache.ibatis.executor.loader.ResultLoaderMap,org.pitest.mutationtest.engine.gregor.mutators.NonVoidMethodCallMutator,loadAll,89,NO_COVERAGE,none
ResultLoaderMap.java,org.apache.ibatis.executor.loader.ResultLoaderMap,org.pitest.mutationtest.engine.gregor.mutators.NonVoidMethodCallMutator,loadAll,91,NO_COVERAGE,none
ResultLoaderMap.java,org.apache.ibatis.executor.loader.ResultLoaderMap,org.pitest.mutationtest.engine.gregor.mutators.RemoveConditionalMutator_ORDER_ELSE,loadAll,90,NO_COVERAGE,none
ResultLoaderMap.java,org.apache.ibatis.executor.loader.ResultLoaderMap,org.pitest.mutationtest.engine.gregor.mutators.ReturnValsMutator,size,71,SURVIVED,none
LanguageDriverRegistry.java,org.apache.ibatis.scripting.LanguageDriverRegistry,org.pitest.mutationtest.engine.gregor.mutators.ConstructorCallMutator,<init>,26,KILLED,org.apache.ibatis.submitted.extend.ExtendTest.org.apache.ibatis.submitted.extend.ExtendTest
LanguageDriverRegistry.java,org.apache.ibatis.scripting.LanguageDriverRegistry,org.pitest.mutationtest.engine.gregor.mutators.NonVoidMethodCallMutator,getDefaultDriver,60,KILLED,org.apache.ibatis.submitted.extend.ExtendTest.org.apache.ibatis.submitted.extend.ExtendTest
LanguageDriverRegistry.java,org.apache.ibatis.scripting.LanguageDriverRegistry,org.pitest.mutationtest.engine.gregor.mutators.ReturnValsMutator,getDefaultDriverClass,64,KILLED,org.apache.ibatis.submitted.extend.ExtendTest.org.apache.ibatis.submitted.extend.ExtendTest
LanguageDriverRegistry.java,org.apache.ibatis.scripting.LanguageDriverRegistry,org.pitest.mutationtest.engine.gregor.mutators.ArgumentPropagationMutator,getDriver,56,KILLED,org.apache.ibatis.submitted.extend.ExtendTest.org.apache.ibatis.submitted.extend.ExtendTest
LanguageDriverRegistry.java,org.apache.ibatis.scripting.LanguageDriverRegistry,org.pitest.mutationtest.engine.gregor.mutators.ConstructorCallMutator,register,32,NO_COVERAGE,none
LanguageDriverRegistry.java,org.apache.ibatis.scripting.LanguageDriverRegistry,org.pitest.mutationtest.engine.gregor.mutators.ConstructorCallMutator,register,40,NO_COVERAGE,none
LanguageDriverRegistry.java,org.apache.ibatis.scripting.LanguageDriverRegistry,org.pitest.mutationtest.engine.gregor.mutators.ConstructorCallMutator,register,40,NO_COVERAGE,none
LanguageDriverRegistry.java,org.apache.ibatis.scripting.LanguageDriverRegistry,org.pitest.mutationtest.engine.gregor.mutators.NegateConditionalsMutator,register,31,KILLED,org.apache.ibatis.submitted.extend.ExtendTest.org.apache.ibatis.submitted.extend.ExtendTest
LanguageDriverRegistry.java,org.apache.ibatis.scripting.LanguageDriverRegistry,org.pitest.mutationtest.engine.gregor.mutators.NonVoidMethodCallMutator,register,34,SURVIVED,none
LanguageDriverRegistry.java,org.apache.ibatis.scripting.LanguageDriverRegistry,org.pitest.mutationtest.engine.gregor.mutators.NonVoidMethodCallMutator,register,40,NO_COVERAGE,none
LanguageDriverRegistry.java,org.apache.ibatis.scripting.LanguageDriverRegistry,org.pitest.mutationtest.engine.gregor.mutators.NonVoidMethodCallMutator,register,40,NO_COVERAGE,none
LanguageDriverRegistry.java,org.apache.ibatis.scripting.LanguageDriverRegistry,org.pitest.mutationtest.engine.gregor.mutators.NonVoidMethodCallMutator,register,40,NO_COVERAGE,none
LanguageDriverRegistry.java,org.apache.ibatis.scripting.LanguageDriverRegistry,org.pitest.mutationtest.engine.gregor.mutators.NonVoidMethodCallMutator,register,40,NO_COVERAGE,none
LanguageDriverRegistry.java,org.apache.ibatis.scripting.LanguageDriverRegistry,org.pitest.mutationtest.engine.gregor.mutators.RemoveConditionalMutator_EQUAL_ELSE,register,31,KILLED,org.apache.ibatis.submitted.extend.ExtendTest.org.apache.ibatis.submitted.extend.ExtendTest
LanguageDriverRegistry.java,org.apache.ibatis.scripting.LanguageDriverRegistry,org.pitest.mutationtest.engine.gregor.mutators.RemoveConditionalMutator_EQUAL_ELSE,register,35,KILLED,org.apache.ibatis.submitted.extend.ExtendTest.org.apache.ibatis.submitted.extend.ExtendTest
LanguageDriverRegistry.java,org.apache.ibatis.scripting.LanguageDriverRegistry,org.pitest.mutationtest.engine.gregor.mutators.RemoveConditionalMutator_EQUAL_IF,register,31,KILLED,org.apache.ibatis.submitted.extend.ExtendTest.org.apache.ibatis.submitted.extend.ExtendTest
LanguageDriverRegistry.java,org.apache.ibatis.scripting.LanguageDriverRegistry,org.pitest.mutationtest.engine.gregor.mutators.RemoveConditionalMutator_EQUAL_IF,register,35,KILLED,org.apache.ibatis.submitted.extend.ExtendTest.org.apache.ibatis.submitted.extend.ExtendTest
LanguageDriverRegistry.java,org.apache.ibatis.scripting.LanguageDriverRegistry,org.pitest.mutationtest.engine.gregor.mutators.ArgumentPropagationMutator,register,49,NO_COVERAGE,none
LanguageDriverRegistry.java,org.apache.ibatis.scripting.LanguageDriverRegistry,org.pitest.mutationtest.engine.gregor.mutators.ArgumentPropagationMutator,register,51,NO_COVERAGE,none
LanguageDriverRegistry.java,org.apache.ibatis.scripting.LanguageDriverRegistry,org.pitest.mutationtest.engine.gregor.mutators.ConstructorCallMutator,register,47,NO_COVERAGE,none
LanguageDriverRegistry.java,org.apache.ibatis.scripting.LanguageDriverRegistry,org.pitest.mutationtest.engine.gregor.mutators.NegateConditionalsMutator,register,46,NO_COVERAGE,none
LanguageDriverRegistry.java,org.apache.ibatis.scripting.LanguageDriverRegistry,org.pitest.mutationtest.engine.gregor.mutators.NegateConditionalsMutator,register,50,NO_COVERAGE,none
LanguageDriverRegistry.java,org.apache.ibatis.scripting.LanguageDriverRegistry,org.pitest.mutationtest.engine.gregor.mutators.NonVoidMethodCallMutator,register,49,NO_COVERAGE,none
LanguageDriverRegistry.java,org.apache.ibatis.scripting.LanguageDriverRegistry,org.pitest.mutationtest.engine.gregor.mutators.NonVoidMethodCallMutator,register,49,NO_COVERAGE,none
LanguageDriverRegistry.java,org.apache.ibatis.scripting.LanguageDriverRegistry,org.pitest.mutationtest.engine.gregor.mutators.NonVoidMethodCallMutator,register,51,NO_COVERAGE,none
LanguageDriverRegistry.java,org.apache.ibatis.scripting.LanguageDriverRegistry,org.pitest.mutationtest.engine.gregor.mutators.NonVoidMethodCallMutator,register,51,NO_COVERAGE,none
LanguageDriverRegistry.java,org.apache.ibatis.scripting.LanguageDriverRegistry,org.pitest.mutationtest.engine.gregor.mutators.RemoveConditionalMutator_EQUAL_ELSE,register,46,NO_COVERAGE,none
LanguageDriverRegistry.java,org.apache.ibatis.scripting.LanguageDriverRegistry,org.pitest.mutationtest.engine.gregor.mutators.RemoveConditionalMutator_EQUAL_ELSE,register,50,NO_COVERAGE,none
LanguageDriverRegistry.java,org.apache.ibatis.scripting.LanguageDriverRegistry,org.pitest.mutationtest.engine.gregor.mutators.RemoveConditionalMutator_EQUAL_IF,register,46,NO_COVERAGE,none
LanguageDriverRegistry.java,org.apache.ibatis.scripting.LanguageDriverRegistry,org.pitest.mutationtest.engine.gregor.mutators.RemoveConditionalMutator_EQUAL_IF,register,50,NO_COVERAGE,none
LanguageDriverRegistry.java,org.apache.ibatis.scripting.LanguageDriverRegistry,org.pitest.mutationtest.engine.gregor.mutators.VoidMethodCallMutator,setDefaultDriverClass,68,KILLED,org.apache.ibatis.submitted.extend.ExtendTest.org.apache.ibatis.submitted.extend.ExtendTest
LanguageDriverRegistry.java,org.apache.ibatis.scripting.LanguageDriverRegistry,org.pitest.mutationtest.engine.gregor.mutators.experimental.MemberVariableMutator,setDefaultDriverClass,69,KILLED,org.apache.ibatis.submitted.extend.ExtendTest.org.apache.ibatis.submitted.extend.ExtendTest
TextSqlNode.java,org.apache.ibatis.scripting.xmltags.TextSqlNode$BindingTokenParser,org.pitest.mutationtest.engine.gregor.mutators.experimental.MemberVariableMutator,<init>,65,NO_COVERAGE,none
TextSqlNode.java,org.apache.ibatis.scripting.xmltags.TextSqlNode$BindingTokenParser,org.pitest.mutationtest.engine.gregor.mutators.ConstructorCallMutator,checkInjection,85,NO_COVERAGE,none
TextSqlNode.java,org.apache.ibatis.scripting.xmltags.TextSqlNode$BindingTokenParser,org.pitest.mutationtest.engine.gregor.mutators.ConstructorCallMutator,checkInjection,85,NO_COVERAGE,none
TextSqlNode.java,org.apache.ibatis.scripting.xmltags.TextSqlNode$BindingTokenParser,org.pitest.mutationtest.engine.gregor.mutators.NegateConditionalsMutator,checkInjection,84,NO_COVERAGE,none
TextSqlNode.java,org.apache.ibatis.scripting.xmltags.TextSqlNode$BindingTokenParser,org.pitest.mutationtest.engine.gregor.mutators.NonVoidMethodCallMutator,checkInjection,84,NO_COVERAGE,none
TextSqlNode.java,org.apache.ibatis.scripting.xmltags.TextSqlNode$BindingTokenParser,org.pitest.mutationtest.engine.gregor.mutators.NonVoidMethodCallMutator,checkInjection,84,NO_COVERAGE,none
TextSqlNode.java,org.apache.ibatis.scripting.xmltags.TextSqlNode$BindingTokenParser,org.pitest.mutationtest.engine.gregor.mutators.NonVoidMethodCallMutator,checkInjection,85,NO_COVERAGE,none
TextSqlNode.java,org.apache.ibatis.scripting.xmltags.TextSqlNode$BindingTokenParser,org.pitest.mutationtest.engine.gregor.mutators.NonVoidMethodCallMutator,checkInjection,85,NO_COVERAGE,none
TextSqlNode.java,org.apache.ibatis.scripting.xmltags.TextSqlNode$BindingTokenParser,org.pitest.mutationtest.engine.gregor.mutators.NonVoidMethodCallMutator,checkInjection,85,NO_COVERAGE,none
TextSqlNode.java,org.apache.ibatis.scripting.xmltags.TextSqlNode$BindingTokenParser,org.pitest.mutationtest.engine.gregor.mutators.NonVoidMethodCallMutator,checkInjection,85,NO_COVERAGE,none
TextSqlNode.java,org.apache.ibatis.scripting.xmltags.TextSqlNode$BindingTokenParser,org.pitest.mutationtest.engine.gregor.mutators.RemoveConditionalMutator_EQUAL_IF,checkInjection,84,NO_COVERAGE,none
TextSqlNode.java,org.apache.ibatis.scripting.xmltags.TextSqlNode$BindingTokenParser,org.pitest.mutationtest.engine.gregor.mutators.RemoveConditionalMutator_EQUAL_IF,checkInjection,84,NO_COVERAGE,none
TextSqlNode.java,org.apache.ibatis.scripting.xmltags.TextSqlNode$BindingTokenParser,org.pitest.mutationtest.engine.gregor.mutators.ArgumentPropagationMutator,handleToken,71,NO_COVERAGE,none
TextSqlNode.java,org.apache.ibatis.scripting.xmltags.TextSqlNode$BindingTokenParser,org.pitest.mutationtest.engine.gregor.mutators.ArgumentPropagationMutator,handleToken,73,NO_COVERAGE,none
TextSqlNode.java,org.apache.ibatis.scripting.xmltags.TextSqlNode$BindingTokenParser,org.pitest.mutationtest.engine.gregor.mutators.ArgumentPropagationMutator,handleToken,75,NO_COVERAGE,none
TextSqlNode.java,org.apache.ibatis.scripting.xmltags.TextSqlNode$BindingTokenParser,org.pitest.mutationtest.engine.gregor.mutators.ArgumentPropagationMutator,handleToken,77,NO_COVERAGE,none
TextSqlNode.java,org.apache.ibatis.scripting.xmltags.TextSqlNode$BindingTokenParser,org.pitest.mutationtest.engine.gregor.mutators.NegateConditionalsMutator,handleToken,72,NO_COVERAGE,none
TextSqlNode.java,org.apache.ibatis.scripting.xmltags.TextSqlNode$BindingTokenParser,org.pitest.mutationtest.engine.gregor.mutators.NegateConditionalsMutator,handleToken,74,NO_COVERAGE,none
TextSqlNode.java,org.apache.ibatis.scripting.xmltags.TextSqlNode$BindingTokenParser,org.pitest.mutationtest.engine.gregor.mutators.NegateConditionalsMutator,handleToken,78,NO_COVERAGE,none
TextSqlNode.java,org.apache.ibatis.scripting.xmltags.TextSqlNode$BindingTokenParser,org.pitest.mutationtest.engine.gregor.mutators.NonVoidMethodCallMutator,handleToken,71,NO_COVERAGE,none
TextSqlNode.java,org.apache.ibatis.scripting.xmltags.TextSqlNode$BindingTokenParser,org.pitest.mutationtest.engine.gregor.mutators.NonVoidMethodCallMutator,handleToken,73,NO_COVERAGE,none
TextSqlNode.java,org.apache.ibatis.scripting.xmltags.TextSqlNode$BindingTokenParser,org.pitest.mutationtest.engine.gregor.mutators.NonVoidMethodCallMutator,handleToken,73,NO_COVERAGE,none
TextSqlNode.java,org.apache.ibatis.scripting.xmltags.TextSqlNode$BindingTokenParser,org.pitest.mutationtest.engine.gregor.mutators.NonVoidMethodCallMutator,handleToken,74,NO_COVERAGE,none
TextSqlNode.java,org.apache.ibatis.scripting.xmltags.TextSqlNode$BindingTokenParser,org.pitest.mutationtest.engine.gregor.mutators.NonVoidMethodCallMutator,handleToken,75,NO_COVERAGE,none
TextSqlNode.java,org.apache.ibatis.scripting.xmltags.TextSqlNode$BindingTokenParser,org.pitest.mutationtest.engine.gregor.mutators.NonVoidMethodCallMutator,handleToken,77,NO_COVERAGE,none
TextSqlNode.java,org.apache.ibatis.scripting.xmltags.TextSqlNode$BindingTokenParser,org.pitest.mutationtest.engine.gregor.mutators.NonVoidMethodCallMutator,handleToken,78,NO_COVERAGE,none
TextSqlNode.java,org.apache.ibatis.scripting.xmltags.TextSqlNode$BindingTokenParser,org.pitest.mutationtest.engine.gregor.mutators.RemoveConditionalMutator_EQUAL_ELSE,handleToken,74,NO_COVERAGE,none
TextSqlNode.java,org.apache.ibatis.scripting.xmltags.TextSqlNode$BindingTokenParser,org.pitest.mutationtest.engine.gregor.mutators.RemoveConditionalMutator_EQUAL_ELSE,handleToken,78,NO_COVERAGE,none
TextSqlNode.java,org.apache.ibatis.scripting.xmltags.TextSqlNode$BindingTokenParser,org.pitest.mutationtest.engine.gregor.mutators.RemoveConditionalMutator_EQUAL_IF,handleToken,72,NO_COVERAGE,none
TextSqlNode.java,org.apache.ibatis.scripting.xmltags.TextSqlNode$BindingTokenParser,org.pitest.mutationtest.engine.gregor.mutators.RemoveConditionalMutator_EQUAL_IF,handleToken,78,NO_COVERAGE,none
TextSqlNode.java,org.apache.ibatis.scripting.xmltags.TextSqlNode$BindingTokenParser,org.pitest.mutationtest.engine.gregor.mutators.VoidMethodCallMutator,handleToken,79,NO_COVERAGE,none
CharacterTypeHandler.java,org.apache.ibatis.type.CharacterTypeHandler,org.pitest.mutationtest.engine.gregor.mutators.InlineConstantMutator,getNullableResult,57,NO_COVERAGE,none
CharacterTypeHandler.java,org.apache.ibatis.type.CharacterTypeHandler,org.pitest.mutationtest.engine.gregor.mutators.NegateConditionalsMutator,getNullableResult,56,NO_COVERAGE,none
CharacterTypeHandler.java,org.apache.ibatis.type.CharacterTypeHandler,org.pitest.mutationtest.engine.gregor.mutators.NonVoidMethodCallMutator,getNullableResult,55,NO_COVERAGE,none
CharacterTypeHandler.java,org.apache.ibatis.type.CharacterTypeHandler,org.pitest.mutationtest.engine.gregor.mutators.NonVoidMethodCallMutator,getNullableResult,57,NO_COVERAGE,none
CharacterTypeHandler.java,org.apache.ibatis.type.CharacterTypeHandler,org.pitest.mutationtest.engine.gregor.mutators.NonVoidMethodCallMutator,getNullableResult,57,NO_COVERAGE,none
CharacterTypeHandler.java,org.apache.ibatis.type.CharacterTypeHandler,org.pitest.mutationtest.engine.gregor.mutators.RemoveConditionalMutator_EQUAL_ELSE,getNullableResult,56,NO_COVERAGE,none
CharacterTypeHandler.java,org.apache.ibatis.type.CharacterTypeHandler,org.pitest.mutationtest.engine.gregor.mutators.RemoveConditionalMutator_EQUAL_IF,getNullableResult,56,NO_COVERAGE,none
CharacterTypeHandler.java,org.apache.ibatis.type.CharacterTypeHandler,org.pitest.mutationtest.engine.gregor.mutators.ReturnValsMutator,getNullableResult,57,NO_COVERAGE,none
CharacterTypeHandler.java,org.apache.ibatis.type.CharacterTypeHandler,org.pitest.mutationtest.engine.gregor.mutators.ReturnValsMutator,getNullableResult,59,NO_COVERAGE,none
CharacterTypeHandler.java,org.apache.ibatis.type.CharacterTypeHandler,org.pitest.mutationtest.engine.gregor.mutators.InlineConstantMutator,getNullableResult,47,NO_COVERAGE,none
CharacterTypeHandler.java,org.apache.ibatis.type.CharacterTypeHandler,org.pitest.mutationtest.engine.gregor.mutators.NegateConditionalsMutator,getNullableResult,46,NO_COVERAGE,none
CharacterTypeHandler.java,org.apache.ibatis.type.CharacterTypeHandler,org.pitest.mutationtest.engine.gregor.mutators.NonVoidMethodCallMutator,getNullableResult,45,NO_COVERAGE,none
CharacterTypeHandler.java,org.apache.ibatis.type.CharacterTypeHandler,org.pitest.mutationtest.engine.gregor.mutators.NonVoidMethodCallMutator,getNullableResult,47,NO_COVERAGE,none
CharacterTypeHandler.java,org.apache.ibatis.type.CharacterTypeHandler,org.pitest.mutationtest.engine.gregor.mutators.NonVoidMethodCallMutator,getNullableResult,47,NO_COVERAGE,none
CharacterTypeHandler.java,org.apache.ibatis.type.CharacterTypeHandler,org.pitest.mutationtest.engine.gregor.mutators.RemoveConditionalMutator_EQUAL_ELSE,getNullableResult,46,NO_COVERAGE,none
CharacterTypeHandler.java,org.apache.ibatis.type.CharacterTypeHandler,org.pitest.mutationtest.engine.gregor.mutators.RemoveConditionalMutator_EQUAL_IF,getNullableResult,46,NO_COVERAGE,none
CharacterTypeHandler.java,org.apache.ibatis.type.CharacterTypeHandler,org.pitest.mutationtest.engine.gregor.mutators.ReturnValsMutator,getNullableResult,47,NO_COVERAGE,none
CharacterTypeHandler.java,org.apache.ibatis.type.CharacterTypeHandler,org.pitest.mutationtest.engine.gregor.mutators.ReturnValsMutator,getNullableResult,49,NO_COVERAGE,none
CharacterTypeHandler.java,org.apache.ibatis.type.CharacterTypeHandler,org.pitest.mutationtest.engine.gregor.mutators.ArgumentPropagationMutator,getNullableResult,35,NO_COVERAGE,none
CharacterTypeHandler.java,org.apache.ibatis.type.CharacterTypeHandler,org.pitest.mutationtest.engine.gregor.mutators.InlineConstantMutator,getNullableResult,37,NO_COVERAGE,none
CharacterTypeHandler.java,org.apache.ibatis.type.CharacterTypeHandler,org.pitest.mutationtest.engine.gregor.mutators.NegateConditionalsMutator,getNullableResult,36,NO_COVERAGE,none
CharacterTypeHandler.java,org.apache.ibatis.type.CharacterTypeHandler,org.pitest.mutationtest.engine.gregor.mutators.NonVoidMethodCallMutator,getNullableResult,35,NO_COVERAGE,none
CharacterTypeHandler.java,org.apache.ibatis.type.CharacterTypeHandler,org.pitest.mutationtest.engine.gregor.mutators.NonVoidMethodCallMutator,getNullableResult,37,NO_COVERAGE,none
CharacterTypeHandler.java,org.apache.ibatis.type.CharacterTypeHandler,org.pitest.mutationtest.engine.gregor.mutators.NonVoidMethodCallMutator,getNullableResult,37,NO_COVERAGE,none
CharacterTypeHandler.java,org.apache.ibatis.type.CharacterTypeHandler,org.pitest.mutationtest.engine.gregor.mutators.RemoveConditionalMutator_EQUAL_ELSE,getNullableResult,36,NO_COVERAGE,none
CharacterTypeHandler.java,org.apache.ibatis.type.CharacterTypeHandler,org.pitest.mutationtest.engine.gregor.mutators.RemoveConditionalMutator_EQUAL_IF,getNullableResult,36,NO_COVERAGE,none
CharacterTypeHandler.java,org.apache.ibatis.type.CharacterTypeHandler,org.pitest.mutationtest.engine.gregor.mutators.ReturnValsMutator,getNullableResult,37,NO_COVERAGE,none
CharacterTypeHandler.java,org.apache.ibatis.type.CharacterTypeHandler,org.pitest.mutationtest.engine.gregor.mutators.ReturnValsMutator,getNullableResult,39,NO_COVERAGE,none
CharacterTypeHandler.java,org.apache.ibatis.type.CharacterTypeHandler,org.pitest.mutationtest.engine.gregor.mutators.NonVoidMethodCallMutator,setNonNullParameter,30,NO_COVERAGE,none
CharacterTypeHandler.java,org.apache.ibatis.type.CharacterTypeHandler,org.pitest.mutationtest.engine.gregor.mutators.VoidMethodCallMutator,setNonNullParameter,30,NO_COVERAGE,none
TypeReference.java,org.apache.ibatis.type.TypeReference,org.pitest.mutationtest.engine.gregor.mutators.NonVoidMethodCallMutator,<init>,33,KILLED,org.apache.ibatis.submitted.extend.ExtendTest.org.apache.ibatis.submitted.extend.ExtendTest
TypeReference.java,org.apache.ibatis.type.TypeReference,org.pitest.mutationtest.engine.gregor.mutators.NonVoidMethodCallMutator,<init>,33,KILLED,org.apache.ibatis.submitted.extend.ExtendTest.org.apache.ibatis.submitted.extend.ExtendTest
TypeReference.java,org.apache.ibatis.type.TypeReference,org.pitest.mutationtest.engine.gregor.mutators.experimental.MemberVariableMutator,<init>,33,KILLED,org.apache.ibatis.submitted.extend.ExtendTest.org.apache.ibatis.submitted.extend.ExtendTest
TypeReference.java,org.apache.ibatis.type.TypeReference,org.pitest.mutationtest.engine.gregor.mutators.ReturnValsMutator,getRawType,58,NO_COVERAGE,none
TypeReference.java,org.apache.ibatis.type.TypeReference,org.pitest.mutationtest.engine.gregor.mutators.ConstructorCallMutator,getSuperclassTypeParameter,44,NO_COVERAGE,none
TypeReference.java,org.apache.ibatis.type.TypeReference,org.pitest.mutationtest.engine.gregor.mutators.ConstructorCallMutator,getSuperclassTypeParameter,44,NO_COVERAGE,none
TypeReference.java,org.apache.ibatis.type.TypeReference,org.pitest.mutationtest.engine.gregor.mutators.InlineConstantMutator,getSuperclassTypeParameter,48,KILLED,org.apache.ibatis.submitted.extend.ExtendTest.org.apache.ibatis.submitted.extend.ExtendTest
TypeReference.java,org.apache.ibatis.type.TypeReference,org.pitest.mutationtest.engine.gregor.mutators.NegateConditionalsMutator,getSuperclassTypeParameter,38,KILLED,org.apache.ibatis.submitted.extend.ExtendTest.org.apache.ibatis.submitted.extend.ExtendTest
TypeReference.java,org.apache.ibatis.type.TypeReference,org.pitest.mutationtest.engine.gregor.mutators.NegateConditionalsMutator,getSuperclassTypeParameter,40,NO_COVERAGE,none
TypeReference.java,org.apache.ibatis.type.TypeReference,org.pitest.mutationtest.engine.gregor.mutators.NegateConditionalsMutator,getSuperclassTypeParameter,50,KILLED,org.apache.ibatis.submitted.extend.ExtendTest.org.apache.ibatis.submitted.extend.ExtendTest
TypeReference.java,org.apache.ibatis.type.TypeReference,org.pitest.mutationtest.engine.gregor.mutators.NonVoidMethodCallMutator,getSuperclassTypeParameter,37,KILLED,org.apache.ibatis.submitted.extend.ExtendTest.org.apache.ibatis.submitted.extend.ExtendTest
TypeReference.java,org.apache.ibatis.type.TypeReference,org.pitest.mutationtest.engine.gregor.mutators.NonVoidMethodCallMutator,getSuperclassTypeParameter,41,NO_COVERAGE,none
TypeReference.java,org.apache.ibatis.type.TypeReference,org.pitest.mutationtest.engine.gregor.mutators.NonVoidMethodCallMutator,getSuperclassTypeParameter,41,NO_COVERAGE,none
TypeReference.java,org.apache.ibatis.type.TypeReference,org.pitest.mutationtest.engine.gregor.mutators.NonVoidMethodCallMutator,getSuperclassTypeParameter,44,NO_COVERAGE,none
TypeReference.java,org.apache.ibatis.type.TypeReference,org.pitest.mutationtest.engine.gregor.mutators.NonVoidMethodCallMutator,getSuperclassTypeParameter,44,NO_COVERAGE,none
TypeReference.java,org.apache.ibatis.type.TypeReference,org.pitest.mutationtest.engine.gregor.mutators.NonVoidMethodCallMutator,getSuperclassTypeParameter,44,NO_COVERAGE,none
TypeReference.java,org.apache.ibatis.type.TypeReference,org.pitest.mutationtest.engine.gregor.mutators.NonVoidMethodCallMutator,getSuperclassTypeParameter,44,NO_COVERAGE,none
TypeReference.java,org.apache.ibatis.type.TypeReference,org.pitest.mutationtest.engine.gregor.mutators.NonVoidMethodCallMutator,getSuperclassTypeParameter,44,NO_COVERAGE,none
TypeReference.java,org.apache.ibatis.type.TypeReference,org.pitest.mutationtest.engine.gregor.mutators.NonVoidMethodCallMutator,getSuperclassTypeParameter,48,KILLED,org.apache.ibatis.submitted.extend.ExtendTest.org.apache.ibatis.submitted.extend.ExtendTest
TypeReference.java,org.apache.ibatis.type.TypeReference,org.pitest.mutationtest.engine.gregor.mutators.NonVoidMethodCallMutator,getSuperclassTypeParameter,51,NO_COVERAGE,none
TypeReference.java,org.apache.ibatis.type.TypeReference,org.pitest.mutationtest.engine.gregor.mutators.RemoveConditionalMutator_EQUAL_ELSE,getSuperclassTypeParameter,38,KILLED,org.apache.ibatis.submitted.extend.ExtendTest.org.apache.ibatis.submitted.extend.ExtendTest
TypeReference.java,org.apache.ibatis.type.TypeReference,org.pitest.mutationtest.engine.gregor.mutators.RemoveConditionalMutator_EQUAL_ELSE,getSuperclassTypeParameter,40,NO_COVERAGE,none
TypeReference.java,org.apache.ibatis.type.TypeReference,org.pitest.mutationtest.engine.gregor.mutators.RemoveConditionalMutator_EQUAL_ELSE,getSuperclassTypeParameter,50,KILLED,org.apache.ibatis.submitted.extend.ExtendTest.org.apache.ibatis.submitted.extend.ExtendTest
TypeReference.java,org.apache.ibatis.type.TypeReference,org.pitest.mutationtest.engine.gregor.mutators.RemoveConditionalMutator_EQUAL_IF,getSuperclassTypeParameter,38,KILLED,org.apache.ibatis.submitted.extend.ExtendTest.org.apache.ibatis.submitted.extend.ExtendTest
TypeReference.java,org.apache.ibatis.type.TypeReference,org.pitest.mutationtest.engine.gregor.mutators.RemoveConditionalMutator_EQUAL_IF,getSuperclassTypeParameter,40,NO_COVERAGE,none
TypeReference.java,org.apache.ibatis.type.TypeReference,org.pitest.mutationtest.engine.gregor.mutators.RemoveConditionalMutator_EQUAL_IF,getSuperclassTypeParameter,50,KILLED,org.apache.ibatis.submitted.extend.ExtendTest.org.apache.ibatis.submitted.extend.ExtendTest
TypeReference.java,org.apache.ibatis.type.TypeReference,org.pitest.mutationtest.engine.gregor.mutators.ReturnValsMutator,getSuperclassTypeParameter,41,NO_COVERAGE,none
TypeReference.java,org.apache.ibatis.type.TypeReference,org.pitest.mutationtest.engine.gregor.mutators.ReturnValsMutator,getSuperclassTypeParameter,54,KILLED,org.apache.ibatis.submitted.extend.ExtendTest.org.apache.ibatis.submitted.extend.ExtendTest
TypeReference.java,org.apache.ibatis.type.TypeReference,org.pitest.mutationtest.engine.gregor.mutators.NonVoidMethodCallMutator,toString,63,NO_COVERAGE,none
TypeReference.java,org.apache.ibatis.type.TypeReference,org.pitest.mutationtest.engine.gregor.mutators.ReturnValsMutator,toString,63,NO_COVERAGE,none
FifoCache.java,org.apache.ibatis.cache.decorators.FifoCache,org.pitest.mutationtest.engine.gregor.mutators.ConstructorCallMutator,<init>,37,NO_COVERAGE,none
FifoCache.java,org.apache.ibatis.cache.decorators.FifoCache,org.pitest.mutationtest.engine.gregor.mutators.InlineConstantMutator,<init>,38,NO_COVERAGE,none
FifoCache.java,org.apache.ibatis.cache.decorators.FifoCache,org.pitest.mutationtest.engine.gregor.mutators.experimental.MemberVariableMutator,<init>,36,NO_COVERAGE,none
FifoCache.java,org.apache.ibatis.cache.decorators.FifoCache,org.pitest.mutationtest.engine.gregor.mutators.experimental.MemberVariableMutator,<init>,37,NO_COVERAGE,none
FifoCache.java,org.apache.ibatis.cache.decorators.FifoCache,org.pitest.mutationtest.engine.gregor.mutators.experimental.MemberVariableMutator,<init>,38,NO_COVERAGE,none
FifoCache.java,org.apache.ibatis.cache.decorators.FifoCache,org.pitest.mutationtest.engine.gregor.mutators.VoidMethodCallMutator,clear,73,NO_COVERAGE,none
FifoCache.java,org.apache.ibatis.cache.decorators.FifoCache,org.pitest.mutationtest.engine.gregor.mutators.VoidMethodCallMutator,clear,74,NO_COVERAGE,none
FifoCache.java,org.apache.ibatis.cache.decorators.FifoCache,org.pitest.mutationtest.engine.gregor.mutators.ArgumentPropagationMutator,cycleKeyList,86,NO_COVERAGE,none
FifoCache.java,org.apache.ibatis.cache.decorators.FifoCache,org.pitest.mutationtest.engine.gregor.mutators.ConditionalsBoundaryMutator,cycleKeyList,84,NO_COVERAGE,none
FifoCache.java,org.apache.ibatis.cache.decorators.FifoCache,org.pitest.mutationtest.engine.gregor.mutators.NegateConditionalsMutator,cycleKeyList,84,NO_COVERAGE,none
FifoCache.java,org.apache.ibatis.cache.decorators.FifoCache,org.pitest.mutationtest.engine.gregor.mutators.NonVoidMethodCallMutator,cycleKeyList,84,NO_COVERAGE,none
FifoCache.java,org.apache.ibatis.cache.decorators.FifoCache,org.pitest.mutationtest.engine.gregor.mutators.NonVoidMethodCallMutator,cycleKeyList,85,NO_COVERAGE,none
FifoCache.java,org.apache.ibatis.cache.decorators.FifoCache,org.pitest.mutationtest.engine.gregor.mutators.NonVoidMethodCallMutator,cycleKeyList,86,NO_COVERAGE,none
FifoCache.java,org.apache.ibatis.cache.decorators.FifoCache,org.pitest.mutationtest.engine.gregor.mutators.RemoveConditionalMutator_ORDER_ELSE,cycleKeyList,84,NO_COVERAGE,none
FifoCache.java,org.apache.ibatis.cache.decorators.FifoCache,org.pitest.mutationtest.engine.gregor.mutators.RemoveConditionalMutator_ORDER_IF,cycleKeyList,84,NO_COVERAGE,none
FifoCache.java,org.apache.ibatis.cache.decorators.FifoCache,org.pitest.mutationtest.engine.gregor.mutators.VoidMethodCallMutator,cycleKeyList,83,NO_COVERAGE,none
FifoCache.java,org.apache.ibatis.cache.decorators.FifoCache,org.pitest.mutationtest.engine.gregor.mutators.NonVoidMethodCallMutator,getId,43,NO_COVERAGE,none
FifoCache.java,org.apache.ibatis.cache.decorators.FifoCache,org.pitest.mutationtest.engine.gregor.mutators.ReturnValsMutator,getId,43,NO_COVERAGE,none
FifoCache.java,org.apache.ibatis.cache.decorators.FifoCache,org.pitest.mutationtest.engine.gregor.mutators.ArgumentPropagationMutator,getObject,63,NO_COVERAGE,none
FifoCache.java,org.apache.ibatis.cache.decorators.FifoCache,org.pitest.mutationtest.engine.gregor.mutators.NonVoidMethodCallMutator,getObject,63,NO_COVERAGE,none
FifoCache.java,org.apache.ibatis.cache.decorators.FifoCache,org.pitest.mutationtest.engine.gregor.mutators.ReturnValsMutator,getObject,63,NO_COVERAGE,none
FifoCache.java,org.apache.ibatis.cache.decorators.FifoCache,org.pitest.mutationtest.engine.gregor.mutators.ReturnValsMutator,getReadWriteLock,79,NO_COVERAGE,none
FifoCache.java,org.apache.ibatis.cache.decorators.FifoCache,org.pitest.mutationtest.engine.gregor.mutators.NonVoidMethodCallMutator,getSize,48,NO_COVERAGE,none
FifoCache.java,org.apache.ibatis.cache.decorators.FifoCache,org.pitest.mutationtest.engine.gregor.mutators.ReturnValsMutator,getSize,48,NO_COVERAGE,none
FifoCache.java,org.apache.ibatis.cache.decorators.FifoCache,org.pitest.mutationtest.engine.gregor.mutators.VoidMethodCallMutator,putObject,57,NO_COVERAGE,none
FifoCache.java,org.apache.ibatis.cache.decorators.FifoCache,org.pitest.mutationtest.engine.gregor.mutators.VoidMethodCallMutator,putObject,58,NO_COVERAGE,none
FifoCache.java,org.apache.ibatis.cache.decorators.FifoCache,org.pitest.mutationtest.engine.gregor.mutators.ArgumentPropagationMutator,removeObject,68,NO_COVERAGE,none
FifoCache.java,org.apache.ibatis.cache.decorators.FifoCache,org.pitest.mutationtest.engine.gregor.mutators.NonVoidMethodCallMutator,removeObject,68,NO_COVERAGE,none
FifoCache.java,org.apache.ibatis.cache.decorators.FifoCache,org.pitest.mutationtest.engine.gregor.mutators.ReturnValsMutator,removeObject,68,NO_COVERAGE,none
FifoCache.java,org.apache.ibatis.cache.decorators.FifoCache,org.pitest.mutationtest.engine.gregor.mutators.experimental.MemberVariableMutator,setSize,52,NO_COVERAGE,none
PropertyTokenizer.java,org.apache.ibatis.reflection.property.PropertyTokenizer,org.pitest.mutationtest.engine.gregor.mutators.ArgumentPropagationMutator,<init>,30,KILLED,org.apache.ibatis.submitted.extend.ExtendTest.org.apache.ibatis.submitted.extend.ExtendTest
PropertyTokenizer.java,org.apache.ibatis.reflection.property.PropertyTokenizer,org.pitest.mutationtest.engine.gregor.mutators.ArgumentPropagationMutator,<init>,39,KILLED,org.apache.ibatis.submitted.extend.ExtendTest.org.apache.ibatis.submitted.extend.ExtendTest
PropertyTokenizer.java,org.apache.ibatis.reflection.property.PropertyTokenizer,org.pitest.mutationtest.engine.gregor.mutators.ConditionalsBoundaryMutator,<init>,31,KILLED,org.apache.ibatis.submitted.extend.ExtendTest.org.apache.ibatis.submitted.extend.ExtendTest
PropertyTokenizer.java,org.apache.ibatis.reflection.property.PropertyTokenizer,org.pitest.mutationtest.engine.gregor.mutators.ConditionalsBoundaryMutator,<init>,40,KILLED,org.apache.ibatis.submitted.extend.ExtendTest.org.apache.ibatis.submitted.extend.ExtendTest
PropertyTokenizer.java,org.apache.ibatis.reflection.property.PropertyTokenizer,org.pitest.mutationtest.engine.gregor.mutators.InlineConstantMutator,<init>,41,NO_COVERAGE,none
PropertyTokenizer.java,org.apache.ibatis.reflection.property.PropertyTokenizer,org.pitest.mutationtest.engine.gregor.mutators.InlineConstantMutator,<init>,41,NO_COVERAGE,none
PropertyTokenizer.java,org.apache.ibatis.reflection.property.PropertyTokenizer,org.pitest.mutationtest.engine.gregor.mutators.InlineConstantMutator,<init>,42,NO_COVERAGE,none
PropertyTokenizer.java,org.apache.ibatis.reflection.property.PropertyTokenizer,org.pitest.mutationtest.engine.gregor.mutators.MathMutator,<init>,41,NO_COVERAGE,none
PropertyTokenizer.java,org.apache.ibatis.reflection.property.PropertyTokenizer,org.pitest.mutationtest.engine.gregor.mutators.MathMutator,<init>,41,NO_COVERAGE,none
PropertyTokenizer.java,org.apache.ibatis.reflection.property.PropertyTokenizer,org.pitest.mutationtest.engine.gregor.mutators.NegateConditionalsMutator,<init>,31,KILLED,org.apache.ibatis.submitted.extend.ExtendTest.org.apache.ibatis.submitted.extend.ExtendTest
PropertyTokenizer.java,org.apache.ibatis.reflection.property.PropertyTokenizer,org.pitest.mutationtest.engine.gregor.mutators.NegateConditionalsMutator,<init>,40,KILLED,org.apache.ibatis.submitted.extend.ExtendTest.org.apache.ibatis.submitted.extend.ExtendTest
PropertyTokenizer.java,org.apache.ibatis.reflection.property.PropertyTokenizer,org.pitest.mutationtest.engine.gregor.mutators.NonVoidMethodCallMutator,<init>,30,KILLED,org.apache.ibatis.submitted.extend.ExtendTest.org.apache.ibatis.submitted.extend.ExtendTest
PropertyTokenizer.java,org.apache.ibatis.reflection.property.PropertyTokenizer,org.pitest.mutationtest.engine.gregor.mutators.NonVoidMethodCallMutator,<init>,39,KILLED,org.apache.ibatis.submitted.extend.ExtendTest.org.apache.ibatis.submitted.extend.ExtendTest
PropertyTokenizer.java,org.apache.ibatis.reflection.property.PropertyTokenizer,org.pitest.mutationtest.engine.gregor.mutators.NonVoidMethodCallMutator,<init>,41,NO_COVERAGE,none
PropertyTokenizer.java,org.apache.ibatis.reflection.property.PropertyTokenizer,org.pitest.mutationtest.engine.gregor.mutators.NonVoidMethodCallMutator,<init>,41,NO_COVERAGE,none
PropertyTokenizer.java,org.apache.ibatis.reflection.property.PropertyTokenizer,org.pitest.mutationtest.engine.gregor.mutators.NonVoidMethodCallMutator,<init>,42,NO_COVERAGE,none
PropertyTokenizer.java,org.apache.ibatis.reflection.property.PropertyTokenizer,org.pitest.mutationtest.engine.gregor.mutators.RemoveConditionalMutator_ORDER_IF,<init>,31,KILLED,org.apache.ibatis.submitted.extend.ExtendTest.org.apache.ibatis.submitted.extend.ExtendTest
PropertyTokenizer.java,org.apache.ibatis.reflection.property.PropertyTokenizer,org.pitest.mutationtest.engine.gregor.mutators.RemoveConditionalMutator_ORDER_IF,<init>,40,KILLED,org.apache.ibatis.submitted.extend.ExtendTest.org.apache.ibatis.submitted.extend.ExtendTest
PropertyTokenizer.java,org.apache.ibatis.reflection.property.PropertyTokenizer,org.pitest.mutationtest.engine.gregor.mutators.experimental.MemberVariableMutator,<init>,35,KILLED,org.apache.ibatis.submitted.extend.ExtendTest.org.apache.ibatis.submitted.extend.ExtendTest
PropertyTokenizer.java,org.apache.ibatis.reflection.property.PropertyTokenizer,org.pitest.mutationtest.engine.gregor.mutators.experimental.MemberVariableMutator,<init>,41,NO_COVERAGE,none
PropertyTokenizer.java,org.apache.ibatis.reflection.property.PropertyTokenizer,org.pitest.mutationtest.engine.gregor.mutators.experimental.MemberVariableMutator,<init>,42,NO_COVERAGE,none
PropertyTokenizer.java,org.apache.ibatis.reflection.property.PropertyTokenizer,org.pitest.mutationtest.engine.gregor.mutators.ReturnValsMutator,getIndex,51,KILLED,org.apache.ibatis.submitted.extend.ExtendTest.org.apache.ibatis.submitted.extend.ExtendTest
PropertyTokenizer.java,org.apache.ibatis.reflection.property.PropertyTokenizer,org.pitest.mutationtest.engine.gregor.mutators.ReturnValsMutator,getName,47,KILLED,org.apache.ibatis.submitted.extend.ExtendTest.org.apache.ibatis.submitted.extend.ExtendTest
PropertyTokenizer.java,org.apache.ibatis.reflection.property.PropertyTokenizer,org.pitest.mutationtest.engine.gregor.mutators.InlineConstantMutator,hasNext,64,KILLED,org.apache.ibatis.submitted.extend.ExtendTest.org.apache.ibatis.submitted.extend.ExtendTest
PropertyTokenizer.java,org.apache.ibatis.reflection.property.PropertyTokenizer,org.pitest.mutationtest.engine.gregor.mutators.NegateConditionalsMutator,hasNext,64,KILLED,org.apache.ibatis.submitted.extend.ExtendTest.org.apache.ibatis.submitted.extend.ExtendTest
PropertyTokenizer.java,org.apache.ibatis.reflection.property.PropertyTokenizer,org.pitest.mutationtest.engine.gregor.mutators.RemoveConditionalMutator_EQUAL_IF,hasNext,64,KILLED,org.apache.ibatis.submitted.extend.ExtendTest.org.apache.ibatis.submitted.extend.ExtendTest
PropertyTokenizer.java,org.apache.ibatis.reflection.property.PropertyTokenizer,org.pitest.mutationtest.engine.gregor.mutators.ReturnValsMutator,hasNext,64,KILLED,org.apache.ibatis.submitted.extend.ExtendTest.org.apache.ibatis.submitted.extend.ExtendTest
PropertyTokenizer.java,org.apache.ibatis.reflection.property.PropertyTokenizer,org.pitest.mutationtest.engine.gregor.mutators.ConstructorCallMutator,next,69,NO_COVERAGE,none
PropertyTokenizer.java,org.apache.ibatis.reflection.property.PropertyTokenizer,org.pitest.mutationtest.engine.gregor.mutators.ReturnValsMutator,next,69,NO_COVERAGE,none
PropertyTokenizer.java,org.apache.ibatis.reflection.property.PropertyTokenizer,org.pitest.mutationtest.engine.gregor.mutators.ConstructorCallMutator,remove,74,NO_COVERAGE,none
ForEachSqlNode.java,org.apache.ibatis.scripting.xmltags.ForEachSqlNode$PrefixedContext,org.pitest.mutationtest.engine.gregor.mutators.InlineConstantMutator,<init>,185,NO_COVERAGE,none
ForEachSqlNode.java,org.apache.ibatis.scripting.xmltags.ForEachSqlNode$PrefixedContext,org.pitest.mutationtest.engine.gregor.mutators.NonVoidMethodCallMutator,<init>,182,NO_COVERAGE,none
ForEachSqlNode.java,org.apache.ibatis.scripting.xmltags.ForEachSqlNode$PrefixedContext,org.pitest.mutationtest.engine.gregor.mutators.experimental.MemberVariableMutator,<init>,181,NO_COVERAGE,none
ForEachSqlNode.java,org.apache.ibatis.scripting.xmltags.ForEachSqlNode$PrefixedContext,org.pitest.mutationtest.engine.gregor.mutators.experimental.MemberVariableMutator,<init>,183,NO_COVERAGE,none
ForEachSqlNode.java,org.apache.ibatis.scripting.xmltags.ForEachSqlNode$PrefixedContext,org.pitest.mutationtest.engine.gregor.mutators.experimental.MemberVariableMutator,<init>,184,NO_COVERAGE,none
ForEachSqlNode.java,org.apache.ibatis.scripting.xmltags.ForEachSqlNode$PrefixedContext,org.pitest.mutationtest.engine.gregor.mutators.experimental.MemberVariableMutator,<init>,185,NO_COVERAGE,none
ForEachSqlNode.java,org.apache.ibatis.scripting.xmltags.ForEachSqlNode$PrefixedContext,org.pitest.mutationtest.engine.gregor.mutators.ConditionalsBoundaryMutator,appendSql,204,NO_COVERAGE,none
ForEachSqlNode.java,org.apache.ibatis.scripting.xmltags.ForEachSqlNode$PrefixedContext,org.pitest.mutationtest.engine.gregor.mutators.InlineConstantMutator,appendSql,206,NO_COVERAGE,none
ForEachSqlNode.java,org.apache.ibatis.scripting.xmltags.ForEachSqlNode$PrefixedContext,org.pitest.mutationtest.engine.gregor.mutators.NegateConditionalsMutator,appendSql,204,NO_COVERAGE,none
ForEachSqlNode.java,org.apache.ibatis.scripting.xmltags.ForEachSqlNode$PrefixedContext,org.pitest.mutationtest.engine.gregor.mutators.NegateConditionalsMutator,appendSql,204,NO_COVERAGE,none
ForEachSqlNode.java,org.apache.ibatis.scripting.xmltags.ForEachSqlNode$PrefixedContext,org.pitest.mutationtest.engine.gregor.mutators.NegateConditionalsMutator,appendSql,204,NO_COVERAGE,none
ForEachSqlNode.java,org.apache.ibatis.scripting.xmltags.ForEachSqlNode$PrefixedContext,org.pitest.mutationtest.engine.gregor.mutators.NonVoidMethodCallMutator,appendSql,204,NO_COVERAGE,none
ForEachSqlNode.java,org.apache.ibatis.scripting.xmltags.ForEachSqlNode$PrefixedContext,org.pitest.mutationtest.engine.gregor.mutators.NonVoidMethodCallMutator,appendSql,204,NO_COVERAGE,none
ForEachSqlNode.java,org.apache.ibatis.scripting.xmltags.ForEachSqlNode$PrefixedContext,org.pitest.mutationtest.engine.gregor.mutators.RemoveConditionalMutator_EQUAL_ELSE,appendSql,204,NO_COVERAGE,none
ForEachSqlNode.java,org.apache.ibatis.scripting.xmltags.ForEachSqlNode$PrefixedContext,org.pitest.mutationtest.engine.gregor.mutators.RemoveConditionalMutator_EQUAL_ELSE,appendSql,204,NO_COVERAGE,none
ForEachSqlNode.java,org.apache.ibatis.scripting.xmltags.ForEachSqlNode$PrefixedContext,org.pitest.mutationtest.engine.gregor.mutators.RemoveConditionalMutator_EQUAL_IF,appendSql,204,NO_COVERAGE,none
ForEachSqlNode.java,org.apache.ibatis.scripting.xmltags.ForEachSqlNode$PrefixedContext,org.pitest.mutationtest.engine.gregor.mutators.RemoveConditionalMutator_EQUAL_IF,appendSql,204,NO_COVERAGE,none
ForEachSqlNode.java,org.apache.ibatis.scripting.xmltags.ForEachSqlNode$PrefixedContext,org.pitest.mutationtest.engine.gregor.mutators.RemoveConditionalMutator_ORDER_ELSE,appendSql,204,NO_COVERAGE,none
ForEachSqlNode.java,org.apache.ibatis.scripting.xmltags.ForEachSqlNode$PrefixedContext,org.pitest.mutationtest.engine.gregor.mutators.RemoveConditionalMutator_ORDER_IF,appendSql,204,NO_COVERAGE,none
ForEachSqlNode.java,org.apache.ibatis.scripting.xmltags.ForEachSqlNode$PrefixedContext,org.pitest.mutationtest.engine.gregor.mutators.VoidMethodCallMutator,appendSql,208,NO_COVERAGE,none
ForEachSqlNode.java,org.apache.ibatis.scripting.xmltags.ForEachSqlNode$PrefixedContext,org.pitest.mutationtest.engine.gregor.mutators.experimental.MemberVariableMutator,appendSql,206,NO_COVERAGE,none
ForEachSqlNode.java,org.apache.ibatis.scripting.xmltags.ForEachSqlNode$PrefixedContext,org.pitest.mutationtest.engine.gregor.mutators.VoidMethodCallMutator,bind,199,NO_COVERAGE,none
ForEachSqlNode.java,org.apache.ibatis.scripting.xmltags.ForEachSqlNode$PrefixedContext,org.pitest.mutationtest.engine.gregor.mutators.NonVoidMethodCallMutator,getBindings,194,NO_COVERAGE,none
ForEachSqlNode.java,org.apache.ibatis.scripting.xmltags.ForEachSqlNode$PrefixedContext,org.pitest.mutationtest.engine.gregor.mutators.ReturnValsMutator,getBindings,194,NO_COVERAGE,none
ForEachSqlNode.java,org.apache.ibatis.scripting.xmltags.ForEachSqlNode$PrefixedContext,org.pitest.mutationtest.engine.gregor.mutators.NonVoidMethodCallMutator,getSql,213,NO_COVERAGE,none
ForEachSqlNode.java,org.apache.ibatis.scripting.xmltags.ForEachSqlNode$PrefixedContext,org.pitest.mutationtest.engine.gregor.mutators.ReturnValsMutator,getSql,213,NO_COVERAGE,none
ForEachSqlNode.java,org.apache.ibatis.scripting.xmltags.ForEachSqlNode$PrefixedContext,org.pitest.mutationtest.engine.gregor.mutators.NonVoidMethodCallMutator,getUniqueNumber,218,NO_COVERAGE,none
ForEachSqlNode.java,org.apache.ibatis.scripting.xmltags.ForEachSqlNode$PrefixedContext,org.pitest.mutationtest.engine.gregor.mutators.ReturnValsMutator,getUniqueNumber,218,NO_COVERAGE,none
ForEachSqlNode.java,org.apache.ibatis.scripting.xmltags.ForEachSqlNode$PrefixedContext,org.pitest.mutationtest.engine.gregor.mutators.ReturnValsMutator,isPrefixApplied,189,NO_COVERAGE,none
OgnlClassResolver.java,org.apache.ibatis.scripting.xmltags.OgnlClassResolver,org.pitest.mutationtest.engine.gregor.mutators.ConstructorCallMutator,<init>,36,NO_COVERAGE,none
OgnlClassResolver.java,org.apache.ibatis.scripting.xmltags.OgnlClassResolver,org.pitest.mutationtest.engine.gregor.mutators.InlineConstantMutator,<init>,36,NO_COVERAGE,none
OgnlClassResolver.java,org.apache.ibatis.scripting.xmltags.OgnlClassResolver,org.pitest.mutationtest.engine.gregor.mutators.ArgumentPropagationMutator,classForName,41,NO_COVERAGE,none
OgnlClassResolver.java,org.apache.ibatis.scripting.xmltags.OgnlClassResolver,org.pitest.mutationtest.engine.gregor.mutators.ArgumentPropagationMutator,classForName,45,NO_COVERAGE,none
OgnlClassResolver.java,org.apache.ibatis.scripting.xmltags.OgnlClassResolver,org.pitest.mutationtest.engine.gregor.mutators.ArgumentPropagationMutator,classForName,47,NO_COVERAGE,none
OgnlClassResolver.java,org.apache.ibatis.scripting.xmltags.OgnlClassResolver,org.pitest.mutationtest.engine.gregor.mutators.ArgumentPropagationMutator,classForName,50,NO_COVERAGE,none
OgnlClassResolver.java,org.apache.ibatis.scripting.xmltags.OgnlClassResolver,org.pitest.mutationtest.engine.gregor.mutators.ConstructorCallMutator,classForName,46,NO_COVERAGE,none
OgnlClassResolver.java,org.apache.ibatis.scripting.xmltags.OgnlClassResolver,org.pitest.mutationtest.engine.gregor.mutators.ConstructorCallMutator,classForName,47,NO_COVERAGE,none
OgnlClassResolver.java,org.apache.ibatis.scripting.xmltags.OgnlClassResolver,org.pitest.mutationtest.engine.gregor.mutators.InlineConstantMutator,classForName,45,NO_COVERAGE,none
OgnlClassResolver.java,org.apache.ibatis.scripting.xmltags.OgnlClassResolver,org.pitest.mutationtest.engine.gregor.mutators.InlineConstantMutator,classForName,45,NO_COVERAGE,none
OgnlClassResolver.java,org.apache.ibatis.scripting.xmltags.OgnlClassResolver,org.pitest.mutationtest.engine.gregor.mutators.NegateConditionalsMutator,classForName,41,NO_COVERAGE,none
OgnlClassResolver.java,org.apache.ibatis.scripting.xmltags.OgnlClassResolver,org.pitest.mutationtest.engine.gregor.mutators.NegateConditionalsMutator,classForName,45,NO_COVERAGE,none
OgnlClassResolver.java,org.apache.ibatis.scripting.xmltags.OgnlClassResolver,org.pitest.mutationtest.engine.gregor.mutators.NonVoidMethodCallMutator,classForName,41,NO_COVERAGE,none
OgnlClassResolver.java,org.apache.ibatis.scripting.xmltags.OgnlClassResolver,org.pitest.mutationtest.engine.gregor.mutators.NonVoidMethodCallMutator,classForName,43,NO_COVERAGE,none
OgnlClassResolver.java,org.apache.ibatis.scripting.xmltags.OgnlClassResolver,org.pitest.mutationtest.engine.gregor.mutators.NonVoidMethodCallMutator,classForName,45,NO_COVERAGE,none
OgnlClassResolver.java,org.apache.ibatis.scripting.xmltags.OgnlClassResolver,org.pitest.mutationtest.engine.gregor.mutators.NonVoidMethodCallMutator,classForName,46,NO_COVERAGE,none
OgnlClassResolver.java,org.apache.ibatis.scripting.xmltags.OgnlClassResolver,org.pitest.mutationtest.engine.gregor.mutators.NonVoidMethodCallMutator,classForName,46,NO_COVERAGE,none
OgnlClassResolver.java,org.apache.ibatis.scripting.xmltags.OgnlClassResolver,org.pitest.mutationtest.engine.gregor.mutators.NonVoidMethodCallMutator,classForName,46,NO_COVERAGE,none
OgnlClassResolver.java,org.apache.ibatis.scripting.xmltags.OgnlClassResolver,org.pitest.mutationtest.engine.gregor.mutators.NonVoidMethodCallMutator,classForName,46,NO_COVERAGE,none
OgnlClassResolver.java,org.apache.ibatis.scripting.xmltags.OgnlClassResolver,org.pitest.mutationtest.engine.gregor.mutators.NonVoidMethodCallMutator,classForName,47,NO_COVERAGE,none
OgnlClassResolver.java,org.apache.ibatis.scripting.xmltags.OgnlClassResolver,org.pitest.mutationtest.engine.gregor.mutators.NonVoidMethodCallMutator,classForName,47,NO_COVERAGE,none
OgnlClassResolver.java,org.apache.ibatis.scripting.xmltags.OgnlClassResolver,org.pitest.mutationtest.engine.gregor.mutators.NonVoidMethodCallMutator,classForName,47,NO_COVERAGE,none
OgnlClassResolver.java,org.apache.ibatis.scripting.xmltags.OgnlClassResolver,org.pitest.mutationtest.engine.gregor.mutators.NonVoidMethodCallMutator,classForName,47,NO_COVERAGE,none
OgnlClassResolver.java,org.apache.ibatis.scripting.xmltags.OgnlClassResolver,org.pitest.mutationtest.engine.gregor.mutators.NonVoidMethodCallMutator,classForName,50,NO_COVERAGE,none
OgnlClassResolver.java,org.apache.ibatis.scripting.xmltags.OgnlClassResolver,org.pitest.mutationtest.engine.gregor.mutators.RemoveConditionalMutator_EQUAL_ELSE,classForName,41,NO_COVERAGE,none
OgnlClassResolver.java,org.apache.ibatis.scripting.xmltags.OgnlClassResolver,org.pitest.mutationtest.engine.gregor.mutators.RemoveConditionalMutator_EQUAL_ELSE,classForName,45,NO_COVERAGE,none
OgnlClassResolver.java,org.apache.ibatis.scripting.xmltags.OgnlClassResolver,org.pitest.mutationtest.engine.gregor.mutators.RemoveConditionalMutator_EQUAL_IF,classForName,41,NO_COVERAGE,none
OgnlClassResolver.java,org.apache.ibatis.scripting.xmltags.OgnlClassResolver,org.pitest.mutationtest.engine.gregor.mutators.RemoveConditionalMutator_EQUAL_IF,classForName,45,NO_COVERAGE,none
OgnlClassResolver.java,org.apache.ibatis.scripting.xmltags.OgnlClassResolver,org.pitest.mutationtest.engine.gregor.mutators.ReturnValsMutator,classForName,52,NO_COVERAGE,none
MappedStatement.java,org.apache.ibatis.mapping.MappedStatement,org.pitest.mutationtest.engine.gregor.mutators.MathMutator,getBoundSql,304,NO_COVERAGE,none
MappedStatement.java,org.apache.ibatis.mapping.MappedStatement,org.pitest.mutationtest.engine.gregor.mutators.NegateConditionalsMutator,getBoundSql,294,KILLED,org.apache.ibatis.submitted.extend.ExtendTest.org.apache.ibatis.submitted.extend.ExtendTest
MappedStatement.java,org.apache.ibatis.mapping.MappedStatement,org.pitest.mutationtest.engine.gregor.mutators.NegateConditionalsMutator,getBoundSql,299,KILLED,org.apache.ibatis.submitted.extend.ExtendTest.org.apache.ibatis.submitted.extend.ExtendTest
MappedStatement.java,org.apache.ibatis.mapping.MappedStatement,org.pitest.mutationtest.engine.gregor.mutators.NegateConditionalsMutator,getBoundSql,303,NO_COVERAGE,none
MappedStatement.java,org.apache.ibatis.mapping.MappedStatement,org.pitest.mutationtest.engine.gregor.mutators.NonVoidMethodCallMutator,getBoundSql,293,KILLED,org.apache.ibatis.submitted.extend.ExtendTest.org.apache.ibatis.submitted.extend.ExtendTest
MappedStatement.java,org.apache.ibatis.mapping.MappedStatement,org.pitest.mutationtest.engine.gregor.mutators.NonVoidMethodCallMutator,getBoundSql,294,KILLED,org.apache.ibatis.submitted.extend.ExtendTest.org.apache.ibatis.submitted.extend.ExtendTest
MappedStatement.java,org.apache.ibatis.mapping.MappedStatement,org.pitest.mutationtest.engine.gregor.mutators.NonVoidMethodCallMutator,getBoundSql,299,KILLED,org.apache.ibatis.submitted.extend.ExtendTest.org.apache.ibatis.submitted.extend.ExtendTest
MappedStatement.java,org.apache.ibatis.mapping.MappedStatement,org.pitest.mutationtest.engine.gregor.mutators.NonVoidMethodCallMutator,getBoundSql,302,NO_COVERAGE,none
MappedStatement.java,org.apache.ibatis.mapping.MappedStatement,org.pitest.mutationtest.engine.gregor.mutators.NonVoidMethodCallMutator,getBoundSql,304,NO_COVERAGE,none
MappedStatement.java,org.apache.ibatis.mapping.MappedStatement,org.pitest.mutationtest.engine.gregor.mutators.RemoveConditionalMutator_EQUAL_ELSE,getBoundSql,303,NO_COVERAGE,none
MappedStatement.java,org.apache.ibatis.mapping.MappedStatement,org.pitest.mutationtest.engine.gregor.mutators.RemoveConditionalMutator_EQUAL_IF,getBoundSql,303,NO_COVERAGE,none
MappedStatement.java,org.apache.ibatis.mapping.MappedStatement,org.pitest.mutationtest.engine.gregor.mutators.experimental.MemberVariableMutator,getBoundSql,304,NO_COVERAGE,none
MappedStatement.java,org.apache.ibatis.mapping.MappedStatement,org.pitest.mutationtest.engine.gregor.mutators.ReturnValsMutator,getCache,246,KILLED,org.apache.ibatis.submitted.extend.ExtendTest.org.apache.ibatis.submitted.extend.ExtendTest
MappedStatement.java,org.apache.ibatis.mapping.MappedStatement,org.pitest.mutationtest.engine.gregor.mutators.ReturnValsMutator,getConfiguration,206,KILLED,org.apache.ibatis.submitted.extend.ExtendTest.org.apache.ibatis.submitted.extend.ExtendTest
MappedStatement.java,org.apache.ibatis.mapping.MappedStatement,org.pitest.mutationtest.engine.gregor.mutators.ReturnValsMutator,getDatabaseId,262,NO_COVERAGE,none
MappedStatement.java,org.apache.ibatis.mapping.MappedStatement,org.pitest.mutationtest.engine.gregor.mutators.ReturnValsMutator,getFetchSize,218,KILLED,org.apache.ibatis.submitted.extend.ExtendTest.org.apache.ibatis.submitted.extend.ExtendTest
MappedStatement.java,org.apache.ibatis.mapping.MappedStatement,org.pitest.mutationtest.engine.gregor.mutators.ReturnValsMutator,getKeyColumns,270,NO_COVERAGE,none
MappedStatement.java,org.apache.ibatis.mapping.MappedStatement,org.pitest.mutationtest.engine.gregor.mutators.ReturnValsMutator,getKeyGenerator,194,KILLED,org.apache.ibatis.submitted.extend.ExtendTest.org.apache.ibatis.submitted.extend.ExtendTest
MappedStatement.java,org.apache.ibatis.mapping.MappedStatement,org.pitest.mutationtest.engine.gregor.mutators.ReturnValsMutator,getKeyProperties,266,NO_COVERAGE,none
MappedStatement.java,org.apache.ibatis.mapping.MappedStatement,org.pitest.mutationtest.engine.gregor.mutators.ReturnValsMutator,getLang,278,KILLED,org.apache.ibatis.submitted.extend.ExtendTest.org.apache.ibatis.submitted.extend.ExtendTest
MappedStatement.java,org.apache.ibatis.mapping.MappedStatement,org.pitest.mutationtest.engine.gregor.mutators.ReturnValsMutator,getParameterMap,238,KILLED,org.apache.ibatis.submitted.extend.ExtendTest.org.apache.ibatis.submitted.extend.ExtendTest
MappedStatement.java,org.apache.ibatis.mapping.MappedStatement,org.pitest.mutationtest.engine.gregor.mutators.ReturnValsMutator,getResource,202,KILLED,org.apache.ibatis.submitted.extend.ExtendTest.org.apache.ibatis.submitted.extend.ExtendTest
MappedStatement.java,org.apache.ibatis.mapping.MappedStatement,org.pitest.mutationtest.engine.gregor.mutators.ReturnValsMutator,getResulSets,288,NO_COVERAGE,none
MappedStatement.java,org.apache.ibatis.mapping.MappedStatement,org.pitest.mutationtest.engine.gregor.mutators.ReturnValsMutator,getSqlSource,234,NO_COVERAGE,none
MappedStatement.java,org.apache.ibatis.mapping.MappedStatement,org.pitest.mutationtest.engine.gregor.mutators.ReturnValsMutator,hasNestedResultMaps,214,NO_COVERAGE,none
MappedStatement.java,org.apache.ibatis.mapping.MappedStatement,org.pitest.mutationtest.engine.gregor.mutators.ReturnValsMutator,isFlushCacheRequired,250,KILLED,org.apache.ibatis.submitted.extend.ExtendTest.org.apache.ibatis.submitted.extend.ExtendTest
MappedStatement.java,org.apache.ibatis.mapping.MappedStatement,org.pitest.mutationtest.engine.gregor.mutators.ReturnValsMutator,isResultOrdered,258,NO_COVERAGE,none
MappedStatement.java,org.apache.ibatis.mapping.MappedStatement,org.pitest.mutationtest.engine.gregor.mutators.ReturnValsMutator,isUseCache,254,NO_COVERAGE,none
EnumTypeHandler.java,org.apache.ibatis.type.EnumTypeHandler,org.pitest.mutationtest.engine.gregor.mutators.ConstructorCallMutator,<init>,32,NO_COVERAGE,none
EnumTypeHandler.java,org.apache.ibatis.type.EnumTypeHandler,org.pitest.mutationtest.engine.gregor.mutators.RemoveConditionalMutator_EQUAL_ELSE,<init>,31,NO_COVERAGE,none
EnumTypeHandler.java,org.apache.ibatis.type.EnumTypeHandler,org.pitest.mutationtest.engine.gregor.mutators.experimental.MemberVariableMutator,<init>,34,NO_COVERAGE,none
EnumTypeHandler.java,org.apache.ibatis.type.EnumTypeHandler,org.pitest.mutationtest.engine.gregor.mutators.NegateConditionalsMutator,getNullableResult,61,NO_COVERAGE,none
EnumTypeHandler.java,org.apache.ibatis.type.EnumTypeHandler,org.pitest.mutationtest.engine.gregor.mutators.NonVoidMethodCallMutator,getNullableResult,60,NO_COVERAGE,none
EnumTypeHandler.java,org.apache.ibatis.type.EnumTypeHandler,org.pitest.mutationtest.engine.gregor.mutators.NonVoidMethodCallMutator,getNullableResult,61,NO_COVERAGE,none
EnumTypeHandler.java,org.apache.ibatis.type.EnumTypeHandler,org.pitest.mutationtest.engine.gregor.mutators.RemoveConditionalMutator_EQUAL_ELSE,getNullableResult,61,NO_COVERAGE,none
EnumTypeHandler.java,org.apache.ibatis.type.EnumTypeHandler,org.pitest.mutationtest.engine.gregor.mutators.RemoveConditionalMutator_EQUAL_IF,getNullableResult,61,NO_COVERAGE,none
EnumTypeHandler.java,org.apache.ibatis.type.EnumTypeHandler,org.pitest.mutationtest.engine.gregor.mutators.ReturnValsMutator,getNullableResult,61,NO_COVERAGE,none
EnumTypeHandler.java,org.apache.ibatis.type.EnumTypeHandler,org.pitest.mutationtest.engine.gregor.mutators.NegateConditionalsMutator,getNullableResult,55,NO_COVERAGE,none
EnumTypeHandler.java,org.apache.ibatis.type.EnumTypeHandler,org.pitest.mutationtest.engine.gregor.mutators.NonVoidMethodCallMutator,getNullableResult,54,NO_COVERAGE,none
EnumTypeHandler.java,org.apache.ibatis.type.EnumTypeHandler,org.pitest.mutationtest.engine.gregor.mutators.NonVoidMethodCallMutator,getNullableResult,55,NO_COVERAGE,none
EnumTypeHandler.java,org.apache.ibatis.type.EnumTypeHandler,org.pitest.mutationtest.engine.gregor.mutators.RemoveConditionalMutator_EQUAL_ELSE,getNullableResult,55,NO_COVERAGE,none
EnumTypeHandler.java,org.apache.ibatis.type.EnumTypeHandler,org.pitest.mutationtest.engine.gregor.mutators.RemoveConditionalMutator_EQUAL_IF,getNullableResult,55,NO_COVERAGE,none
EnumTypeHandler.java,org.apache.ibatis.type.EnumTypeHandler,org.pitest.mutationtest.engine.gregor.mutators.ReturnValsMutator,getNullableResult,55,NO_COVERAGE,none
EnumTypeHandler.java,org.apache.ibatis.type.EnumTypeHandler,org.pitest.mutationtest.engine.gregor.mutators.ArgumentPropagationMutator,getNullableResult,48,NO_COVERAGE,none
EnumTypeHandler.java,org.apache.ibatis.type.EnumTypeHandler,org.pitest.mutationtest.engine.gregor.mutators.NegateConditionalsMutator,getNullableResult,49,NO_COVERAGE,none
EnumTypeHandler.java,org.apache.ibatis.type.EnumTypeHandler,org.pitest.mutationtest.engine.gregor.mutators.NonVoidMethodCallMutator,getNullableResult,48,NO_COVERAGE,none
EnumTypeHandler.java,org.apache.ibatis.type.EnumTypeHandler,org.pitest.mutationtest.engine.gregor.mutators.NonVoidMethodCallMutator,getNullableResult,49,NO_COVERAGE,none
EnumTypeHandler.java,org.apache.ibatis.type.EnumTypeHandler,org.pitest.mutationtest.engine.gregor.mutators.RemoveConditionalMutator_EQUAL_ELSE,getNullableResult,49,NO_COVERAGE,none
EnumTypeHandler.java,org.apache.ibatis.type.EnumTypeHandler,org.pitest.mutationtest.engine.gregor.mutators.RemoveConditionalMutator_EQUAL_IF,getNullableResult,49,NO_COVERAGE,none
EnumTypeHandler.java,org.apache.ibatis.type.EnumTypeHandler,org.pitest.mutationtest.engine.gregor.mutators.ReturnValsMutator,getNullableResult,49,NO_COVERAGE,none
EnumTypeHandler.java,org.apache.ibatis.type.EnumTypeHandler,org.pitest.mutationtest.engine.gregor.mutators.NegateConditionalsMutator,setNonNullParameter,39,NO_COVERAGE,none
EnumTypeHandler.java,org.apache.ibatis.type.EnumTypeHandler,org.pitest.mutationtest.engine.gregor.mutators.NonVoidMethodCallMutator,setNonNullParameter,40,NO_COVERAGE,none
EnumTypeHandler.java,org.apache.ibatis.type.EnumTypeHandler,org.pitest.mutationtest.engine.gregor.mutators.RemoveConditionalMutator_EQUAL_ELSE,setNonNullParameter,39,NO_COVERAGE,none
EnumTypeHandler.java,org.apache.ibatis.type.EnumTypeHandler,org.pitest.mutationtest.engine.gregor.mutators.RemoveConditionalMutator_EQUAL_IF,setNonNullParameter,39,NO_COVERAGE,none
EnumTypeHandler.java,org.apache.ibatis.type.EnumTypeHandler,org.pitest.mutationtest.engine.gregor.mutators.VoidMethodCallMutator,setNonNullParameter,40,NO_COVERAGE,none
EnumTypeHandler.java,org.apache.ibatis.type.EnumTypeHandler,org.pitest.mutationtest.engine.gregor.mutators.VoidMethodCallMutator,setNonNullParameter,42,NO_COVERAGE,none
ResultExtractor.java,org.apache.ibatis.executor.ResultExtractor,org.pitest.mutationtest.engine.gregor.mutators.ArgumentPropagationMutator,extractObjectFromList,54,NO_COVERAGE,none
ResultExtractor.java,org.apache.ibatis.executor.ResultExtractor,org.pitest.mutationtest.engine.gregor.mutators.ConditionalsBoundaryMutator,extractObjectFromList,49,NO_COVERAGE,none
ResultExtractor.java,org.apache.ibatis.executor.ResultExtractor,org.pitest.mutationtest.engine.gregor.mutators.ConstructorCallMutator,extractObjectFromList,58,NO_COVERAGE,none
ResultExtractor.java,org.apache.ibatis.executor.ResultExtractor,org.pitest.mutationtest.engine.gregor.mutators.IncrementsMutator,extractObjectFromList,49,NO_COVERAGE,none
ResultExtractor.java,org.apache.ibatis.executor.ResultExtractor,org.pitest.mutationtest.engine.gregor.mutators.InlineConstantMutator,extractObjectFromList,49,NO_COVERAGE,none
ResultExtractor.java,org.apache.ibatis.executor.ResultExtractor,org.pitest.mutationtest.engine.gregor.mutators.InlineConstantMutator,extractObjectFromList,59,NO_COVERAGE,none
ResultExtractor.java,org.apache.ibatis.executor.ResultExtractor,org.pitest.mutationtest.engine.gregor.mutators.NegateConditionalsMutator,extractObjectFromList,48,NO_COVERAGE,none
ResultExtractor.java,org.apache.ibatis.executor.ResultExtractor,org.pitest.mutationtest.engine.gregor.mutators.NegateConditionalsMutator,extractObjectFromList,49,NO_COVERAGE,none
ResultExtractor.java,org.apache.ibatis.executor.ResultExtractor,org.pitest.mutationtest.engine.gregor.mutators.NonVoidMethodCallMutator,extractObjectFromList,39,NO_COVERAGE,none
ResultExtractor.java,org.apache.ibatis.executor.ResultExtractor,org.pitest.mutationtest.engine.gregor.mutators.NonVoidMethodCallMutator,extractObjectFromList,42,NO_COVERAGE,none
ResultExtractor.java,org.apache.ibatis.executor.ResultExtractor,org.pitest.mutationtest.engine.gregor.mutators.NonVoidMethodCallMutator,extractObjectFromList,43,NO_COVERAGE,none
ResultExtractor.java,org.apache.ibatis.executor.ResultExtractor,org.pitest.mutationtest.engine.gregor.mutators.NonVoidMethodCallMutator,extractObjectFromList,46,NO_COVERAGE,none
ResultExtractor.java,org.apache.ibatis.executor.ResultExtractor,org.pitest.mutationtest.engine.gregor.mutators.NonVoidMethodCallMutator,extractObjectFromList,47,NO_COVERAGE,none
ResultExtractor.java,org.apache.ibatis.executor.ResultExtractor,org.pitest.mutationtest.engine.gregor.mutators.NonVoidMethodCallMutator,extractObjectFromList,47,NO_COVERAGE,none
ResultExtractor.java,org.apache.ibatis.executor.ResultExtractor,org.pitest.mutationtest.engine.gregor.mutators.NonVoidMethodCallMutator,extractObjectFromList,48,NO_COVERAGE,none
ResultExtractor.java,org.apache.ibatis.executor.ResultExtractor,org.pitest.mutationtest.engine.gregor.mutators.NonVoidMethodCallMutator,extractObjectFromList,49,NO_COVERAGE,none
ResultExtractor.java,org.apache.ibatis.executor.ResultExtractor,org.pitest.mutationtest.engine.gregor.mutators.NonVoidMethodCallMutator,extractObjectFromList,50,NO_COVERAGE,none
ResultExtractor.java,org.apache.ibatis.executor.ResultExtractor,org.pitest.mutationtest.engine.gregor.mutators.NonVoidMethodCallMutator,extractObjectFromList,54,NO_COVERAGE,none
ResultExtractor.java,org.apache.ibatis.executor.ResultExtractor,org.pitest.mutationtest.engine.gregor.mutators.RemoveConditionalMutator_EQUAL_ELSE,extractObjectFromList,39,NO_COVERAGE,none
ResultExtractor.java,org.apache.ibatis.executor.ResultExtractor,org.pitest.mutationtest.engine.gregor.mutators.RemoveConditionalMutator_EQUAL_ELSE,extractObjectFromList,48,NO_COVERAGE,none
ResultExtractor.java,org.apache.ibatis.executor.ResultExtractor,org.pitest.mutationtest.engine.gregor.mutators.RemoveConditionalMutator_EQUAL_ELSE,extractObjectFromList,57,NO_COVERAGE,none
ResultExtractor.java,org.apache.ibatis.executor.ResultExtractor,org.pitest.mutationtest.engine.gregor.mutators.RemoveConditionalMutator_EQUAL_ELSE,extractObjectFromList,59,NO_COVERAGE,none
ResultExtractor.java,org.apache.ibatis.executor.ResultExtractor,org.pitest.mutationtest.engine.gregor.mutators.RemoveConditionalMutator_EQUAL_IF,extractObjectFromList,48,NO_COVERAGE,none
ResultExtractor.java,org.apache.ibatis.executor.ResultExtractor,org.pitest.mutationtest.engine.gregor.mutators.RemoveConditionalMutator_ORDER_ELSE,extractObjectFromList,49,NO_COVERAGE,none
ResultExtractor.java,org.apache.ibatis.executor.ResultExtractor,org.pitest.mutationtest.engine.gregor.mutators.RemoveConditionalMutator_ORDER_IF,extractObjectFromList,49,NO_COVERAGE,none
ResultExtractor.java,org.apache.ibatis.executor.ResultExtractor,org.pitest.mutationtest.engine.gregor.mutators.VoidMethodCallMutator,extractObjectFromList,44,NO_COVERAGE,none
ResultExtractor.java,org.apache.ibatis.executor.ResultExtractor,org.pitest.mutationtest.engine.gregor.mutators.VoidMethodCallMutator,extractObjectFromList,50,NO_COVERAGE,none
ResultExtractor.java,org.apache.ibatis.executor.ResultExtractor,org.pitest.mutationtest.engine.gregor.mutators.experimental.RemoveIncrementsMutator,extractObjectFromList,49,NO_COVERAGE,none
PreparedStatementHandler.java,org.apache.ibatis.executor.statement.PreparedStatementHandler,org.pitest.mutationtest.engine.gregor.mutators.VoidMethodCallMutator,batch,57,NO_COVERAGE,none
PreparedStatementHandler.java,org.apache.ibatis.executor.statement.PreparedStatementHandler,org.pitest.mutationtest.engine.gregor.mutators.InlineConstantMutator,instantiateStatement,80,NO_COVERAGE,none
PreparedStatementHandler.java,org.apache.ibatis.executor.statement.PreparedStatementHandler,org.pitest.mutationtest.engine.gregor.mutators.InlineConstantMutator,instantiateStatement,85,NO_COVERAGE,none
PreparedStatementHandler.java,org.apache.ibatis.executor.statement.PreparedStatementHandler,org.pitest.mutationtest.engine.gregor.mutators.NegateConditionalsMutator,instantiateStatement,77,KILLED,org.apache.ibatis.submitted.extend.ExtendTest.org.apache.ibatis.submitted.extend.ExtendTest
PreparedStatementHandler.java,org.apache.ibatis.executor.statement.PreparedStatementHandler,org.pitest.mutationtest.engine.gregor.mutators.NegateConditionalsMutator,instantiateStatement,79,NO_COVERAGE,none
PreparedStatementHandler.java,org.apache.ibatis.executor.statement.PreparedStatementHandler,org.pitest.mutationtest.engine.gregor.mutators.NonVoidMethodCallMutator,instantiateStatement,76,KILLED,org.apache.ibatis.submitted.extend.ExtendTest.org.apache.ibatis.submitted.extend.ExtendTest
PreparedStatementHandler.java,org.apache.ibatis.executor.statement.PreparedStatementHandler,org.pitest.mutationtest.engine.gregor.mutators.NonVoidMethodCallMutator,instantiateStatement,78,NO_COVERAGE,none
PreparedStatementHandler.java,org.apache.ibatis.executor.statement.PreparedStatementHandler,org.pitest.mutationtest.engine.gregor.mutators.NonVoidMethodCallMutator,instantiateStatement,80,NO_COVERAGE,none
PreparedStatementHandler.java,org.apache.ibatis.executor.statement.PreparedStatementHandler,org.pitest.mutationtest.engine.gregor.mutators.NonVoidMethodCallMutator,instantiateStatement,82,NO_COVERAGE,none
PreparedStatementHandler.java,org.apache.ibatis.executor.statement.PreparedStatementHandler,org.pitest.mutationtest.engine.gregor.mutators.NonVoidMethodCallMutator,instantiateStatement,85,NO_COVERAGE,none
PreparedStatementHandler.java,org.apache.ibatis.executor.statement.PreparedStatementHandler,org.pitest.mutationtest.engine.gregor.mutators.NonVoidMethodCallMutator,instantiateStatement,85,NO_COVERAGE,none
PreparedStatementHandler.java,org.apache.ibatis.executor.statement.PreparedStatementHandler,org.pitest.mutationtest.engine.gregor.mutators.NonVoidMethodCallMutator,instantiateStatement,85,NO_COVERAGE,none
PreparedStatementHandler.java,org.apache.ibatis.executor.statement.PreparedStatementHandler,org.pitest.mutationtest.engine.gregor.mutators.NonVoidMethodCallMutator,instantiateStatement,87,KILLED,org.apache.ibatis.submitted.extend.ExtendTest.org.apache.ibatis.submitted.extend.ExtendTest
PreparedStatementHandler.java,org.apache.ibatis.executor.statement.PreparedStatementHandler,org.pitest.mutationtest.engine.gregor.mutators.RemoveConditionalMutator_EQUAL_ELSE,instantiateStatement,79,NO_COVERAGE,none
PreparedStatementHandler.java,org.apache.ibatis.executor.statement.PreparedStatementHandler,org.pitest.mutationtest.engine.gregor.mutators.RemoveConditionalMutator_EQUAL_ELSE,instantiateStatement,84,KILLED,org.apache.ibatis.submitted.extend.ExtendTest.org.apache.ibatis.submitted.extend.ExtendTest
PreparedStatementHandler.java,org.apache.ibatis.executor.statement.PreparedStatementHandler,org.pitest.mutationtest.engine.gregor.mutators.RemoveConditionalMutator_EQUAL_IF,instantiateStatement,77,SURVIVED,none
PreparedStatementHandler.java,org.apache.ibatis.executor.statement.PreparedStatementHandler,org.pitest.mutationtest.engine.gregor.mutators.RemoveConditionalMutator_EQUAL_IF,instantiateStatement,79,NO_COVERAGE,none
PreparedStatementHandler.java,org.apache.ibatis.executor.statement.PreparedStatementHandler,org.pitest.mutationtest.engine.gregor.mutators.ReturnValsMutator,instantiateStatement,80,NO_COVERAGE,none
PreparedStatementHandler.java,org.apache.ibatis.executor.statement.PreparedStatementHandler,org.pitest.mutationtest.engine.gregor.mutators.ReturnValsMutator,instantiateStatement,82,NO_COVERAGE,none
PreparedStatementHandler.java,org.apache.ibatis.executor.statement.PreparedStatementHandler,org.pitest.mutationtest.engine.gregor.mutators.ReturnValsMutator,instantiateStatement,85,NO_COVERAGE,none
PreparedStatementHandler.java,org.apache.ibatis.executor.statement.PreparedStatementHandler,org.pitest.mutationtest.engine.gregor.mutators.VoidMethodCallMutator,parameterize,93,KILLED,org.apache.ibatis.submitted.extend.ExtendTest.org.apache.ibatis.submitted.extend.ExtendTest
PreparedStatementHandler.java,org.apache.ibatis.executor.statement.PreparedStatementHandler,org.pitest.mutationtest.engine.gregor.mutators.NonVoidMethodCallMutator,query,63,KILLED,org.apache.ibatis.submitted.extend.ExtendTest.org.apache.ibatis.submitted.extend.ExtendTest
PreparedStatementHandler.java,org.apache.ibatis.executor.statement.PreparedStatementHandler,org.pitest.mutationtest.engine.gregor.mutators.NonVoidMethodCallMutator,queryCursor,70,NO_COVERAGE,none
PreparedStatementHandler.java,org.apache.ibatis.executor.statement.PreparedStatementHandler,org.pitest.mutationtest.engine.gregor.mutators.NonVoidMethodCallMutator,queryCursor,71,NO_COVERAGE,none
PreparedStatementHandler.java,org.apache.ibatis.executor.statement.PreparedStatementHandler,org.pitest.mutationtest.engine.gregor.mutators.ReturnValsMutator,queryCursor,71,NO_COVERAGE,none
PreparedStatementHandler.java,org.apache.ibatis.executor.statement.PreparedStatementHandler,org.pitest.mutationtest.engine.gregor.mutators.NonVoidMethodCallMutator,update,48,NO_COVERAGE,none
PreparedStatementHandler.java,org.apache.ibatis.executor.statement.PreparedStatementHandler,org.pitest.mutationtest.engine.gregor.mutators.NonVoidMethodCallMutator,update,49,NO_COVERAGE,none
PreparedStatementHandler.java,org.apache.ibatis.executor.statement.PreparedStatementHandler,org.pitest.mutationtest.engine.gregor.mutators.ReturnValsMutator,update,51,NO_COVERAGE,none
LruCache.java,org.apache.ibatis.cache.decorators.LruCache,org.pitest.mutationtest.engine.gregor.mutators.InlineConstantMutator,<init>,37,NO_COVERAGE,none
LruCache.java,org.apache.ibatis.cache.decorators.LruCache,org.pitest.mutationtest.engine.gregor.mutators.VoidMethodCallMutator,<init>,37,NO_COVERAGE,none
LruCache.java,org.apache.ibatis.cache.decorators.LruCache,org.pitest.mutationtest.engine.gregor.mutators.experimental.MemberVariableMutator,<init>,36,NO_COVERAGE,none
LruCache.java,org.apache.ibatis.cache.decorators.LruCache,org.pitest.mutationtest.engine.gregor.mutators.VoidMethodCallMutator,clear,84,NO_COVERAGE,none
LruCache.java,org.apache.ibatis.cache.decorators.LruCache,org.pitest.mutationtest.engine.gregor.mutators.VoidMethodCallMutator,clear,85,NO_COVERAGE,none
LruCache.java,org.apache.ibatis.cache.decorators.LruCache,org.pitest.mutationtest.engine.gregor.mutators.ArgumentPropagationMutator,cycleKeyList,94,NO_COVERAGE,none
LruCache.java,org.apache.ibatis.cache.decorators.LruCache,org.pitest.mutationtest.engine.gregor.mutators.ArgumentPropagationMutator,cycleKeyList,96,NO_COVERAGE,none
LruCache.java,org.apache.ibatis.cache.decorators.LruCache,org.pitest.mutationtest.engine.gregor.mutators.NegateConditionalsMutator,cycleKeyList,95,NO_COVERAGE,none
LruCache.java,org.apache.ibatis.cache.decorators.LruCache,org.pitest.mutationtest.engine.gregor.mutators.NonVoidMethodCallMutator,cycleKeyList,94,NO_COVERAGE,none
LruCache.java,org.apache.ibatis.cache.decorators.LruCache,org.pitest.mutationtest.engine.gregor.mutators.NonVoidMethodCallMutator,cycleKeyList,96,NO_COVERAGE,none
LruCache.java,org.apache.ibatis.cache.decorators.LruCache,org.pitest.mutationtest.engine.gregor.mutators.RemoveConditionalMutator_EQUAL_ELSE,cycleKeyList,95,NO_COVERAGE,none
LruCache.java,org.apache.ibatis.cache.decorators.LruCache,org.pitest.mutationtest.engine.gregor.mutators.RemoveConditionalMutator_EQUAL_IF,cycleKeyList,95,NO_COVERAGE,none
LruCache.java,org.apache.ibatis.cache.decorators.LruCache,org.pitest.mutationtest.engine.gregor.mutators.experimental.MemberVariableMutator,cycleKeyList,97,NO_COVERAGE,none
LruCache.java,org.apache.ibatis.cache.decorators.LruCache,org.pitest.mutationtest.engine.gregor.mutators.NonVoidMethodCallMutator,getId,42,NO_COVERAGE,none
LruCache.java,org.apache.ibatis.cache.decorators.LruCache,org.pitest.mutationtest.engine.gregor.mutators.ReturnValsMutator,getId,42,NO_COVERAGE,none
LruCache.java,org.apache.ibatis.cache.decorators.LruCache,org.pitest.mutationtest.engine.gregor.mutators.ArgumentPropagationMutator,getObject,73,NO_COVERAGE,none
LruCache.java,org.apache.ibatis.cache.decorators.LruCache,org.pitest.mutationtest.engine.gregor.mutators.NonVoidMethodCallMutator,getObject,73,NO_COVERAGE,none
LruCache.java,org.apache.ibatis.cache.decorators.LruCache,org.pitest.mutationtest.engine.gregor.mutators.NonVoidMethodCallMutator,getObject,74,NO_COVERAGE,none
LruCache.java,org.apache.ibatis.cache.decorators.LruCache,org.pitest.mutationtest.engine.gregor.mutators.ReturnValsMutator,getReadWriteLock,90,NO_COVERAGE,none
LruCache.java,org.apache.ibatis.cache.decorators.LruCache,org.pitest.mutationtest.engine.gregor.mutators.NonVoidMethodCallMutator,getSize,47,NO_COVERAGE,none
LruCache.java,org.apache.ibatis.cache.decorators.LruCache,org.pitest.mutationtest.engine.gregor.mutators.ReturnValsMutator,getSize,47,NO_COVERAGE,none
LruCache.java,org.apache.ibatis.cache.decorators.LruCache,org.pitest.mutationtest.engine.gregor.mutators.VoidMethodCallMutator,putObject,67,NO_COVERAGE,none
LruCache.java,org.apache.ibatis.cache.decorators.LruCache,org.pitest.mutationtest.engine.gregor.mutators.VoidMethodCallMutator,putObject,68,NO_COVERAGE,none
LruCache.java,org.apache.ibatis.cache.decorators.LruCache,org.pitest.mutationtest.engine.gregor.mutators.ArgumentPropagationMutator,removeObject,79,NO_COVERAGE,none
LruCache.java,org.apache.ibatis.cache.decorators.LruCache,org.pitest.mutationtest.engine.gregor.mutators.NonVoidMethodCallMutator,removeObject,79,NO_COVERAGE,none
LruCache.java,org.apache.ibatis.cache.decorators.LruCache,org.pitest.mutationtest.engine.gregor.mutators.ReturnValsMutator,removeObject,79,NO_COVERAGE,none
LruCache.java,org.apache.ibatis.cache.decorators.LruCache,org.pitest.mutationtest.engine.gregor.mutators.InlineConstantMutator,setSize,51,NO_COVERAGE,none
LruCache.java,org.apache.ibatis.cache.decorators.LruCache,org.pitest.mutationtest.engine.gregor.mutators.InlineConstantMutator,setSize,51,NO_COVERAGE,none
TrimSqlNode.java,org.apache.ibatis.scripting.xmltags.TrimSqlNode,org.pitest.mutationtest.engine.gregor.mutators.NonVoidMethodCallMutator,<init>,40,NO_COVERAGE,none
TrimSqlNode.java,org.apache.ibatis.scripting.xmltags.TrimSqlNode,org.pitest.mutationtest.engine.gregor.mutators.NonVoidMethodCallMutator,<init>,40,NO_COVERAGE,none
TrimSqlNode.java,org.apache.ibatis.scripting.xmltags.TrimSqlNode,org.pitest.mutationtest.engine.gregor.mutators.experimental.MemberVariableMutator,<init>,44,NO_COVERAGE,none
TrimSqlNode.java,org.apache.ibatis.scripting.xmltags.TrimSqlNode,org.pitest.mutationtest.engine.gregor.mutators.experimental.MemberVariableMutator,<init>,45,NO_COVERAGE,none
TrimSqlNode.java,org.apache.ibatis.scripting.xmltags.TrimSqlNode,org.pitest.mutationtest.engine.gregor.mutators.experimental.MemberVariableMutator,<init>,46,NO_COVERAGE,none
TrimSqlNode.java,org.apache.ibatis.scripting.xmltags.TrimSqlNode,org.pitest.mutationtest.engine.gregor.mutators.experimental.MemberVariableMutator,<init>,48,NO_COVERAGE,none
TrimSqlNode.java,org.apache.ibatis.scripting.xmltags.TrimSqlNode,org.pitest.mutationtest.engine.gregor.mutators.experimental.MemberVariableMutator,<init>,49,NO_COVERAGE,none
TrimSqlNode.java,org.apache.ibatis.scripting.xmltags.TrimSqlNode,org.pitest.mutationtest.engine.gregor.mutators.ConstructorCallMutator,apply,54,NO_COVERAGE,none
TrimSqlNode.java,org.apache.ibatis.scripting.xmltags.TrimSqlNode,org.pitest.mutationtest.engine.gregor.mutators.NonVoidMethodCallMutator,apply,55,NO_COVERAGE,none
TrimSqlNode.java,org.apache.ibatis.scripting.xmltags.TrimSqlNode,org.pitest.mutationtest.engine.gregor.mutators.ReturnValsMutator,apply,57,NO_COVERAGE,none
TrimSqlNode.java,org.apache.ibatis.scripting.xmltags.TrimSqlNode,org.pitest.mutationtest.engine.gregor.mutators.VoidMethodCallMutator,apply,56,NO_COVERAGE,none
TrimSqlNode.java,org.apache.ibatis.scripting.xmltags.TrimSqlNode,org.pitest.mutationtest.engine.gregor.mutators.ConstructorCallMutator,parseOverrides,62,NO_COVERAGE,none
TrimSqlNode.java,org.apache.ibatis.scripting.xmltags.TrimSqlNode,org.pitest.mutationtest.engine.gregor.mutators.ConstructorCallMutator,parseOverrides,63,NO_COVERAGE,none
TrimSqlNode.java,org.apache.ibatis.scripting.xmltags.TrimSqlNode,org.pitest.mutationtest.engine.gregor.mutators.InlineConstantMutator,parseOverrides,62,NO_COVERAGE,none
TrimSqlNode.java,org.apache.ibatis.scripting.xmltags.TrimSqlNode,org.pitest.mutationtest.engine.gregor.mutators.NegateConditionalsMutator,parseOverrides,61,NO_COVERAGE,none
TrimSqlNode.java,org.apache.ibatis.scripting.xmltags.TrimSqlNode,org.pitest.mutationtest.engine.gregor.mutators.NegateConditionalsMutator,parseOverrides,64,NO_COVERAGE,none
TrimSqlNode.java,org.apache.ibatis.scripting.xmltags.TrimSqlNode,org.pitest.mutationtest.engine.gregor.mutators.NonVoidMethodCallMutator,parseOverrides,63,NO_COVERAGE,none
TrimSqlNode.java,org.apache.ibatis.scripting.xmltags.TrimSqlNode,org.pitest.mutationtest.engine.gregor.mutators.NonVoidMethodCallMutator,parseOverrides,64,NO_COVERAGE,none
TrimSqlNode.java,org.apache.ibatis.scripting.xmltags.TrimSqlNode,org.pitest.mutationtest.engine.gregor.mutators.NonVoidMethodCallMutator,parseOverrides,65,NO_COVERAGE,none
TrimSqlNode.java,org.apache.ibatis.scripting.xmltags.TrimSqlNode,org.pitest.mutationtest.engine.gregor.mutators.NonVoidMethodCallMutator,parseOverrides,65,NO_COVERAGE,none
TrimSqlNode.java,org.apache.ibatis.scripting.xmltags.TrimSqlNode,org.pitest.mutationtest.engine.gregor.mutators.NonVoidMethodCallMutator,parseOverrides,65,NO_COVERAGE,none
TrimSqlNode.java,org.apache.ibatis.scripting.xmltags.TrimSqlNode,org.pitest.mutationtest.engine.gregor.mutators.NonVoidMethodCallMutator,parseOverrides,69,NO_COVERAGE,none
TrimSqlNode.java,org.apache.ibatis.scripting.xmltags.TrimSqlNode,org.pitest.mutationtest.engine.gregor.mutators.RemoveConditionalMutator_EQUAL_ELSE,parseOverrides,61,NO_COVERAGE,none
TrimSqlNode.java,org.apache.ibatis.scripting.xmltags.TrimSqlNode,org.pitest.mutationtest.engine.gregor.mutators.RemoveConditionalMutator_EQUAL_ELSE,parseOverrides,64,NO_COVERAGE,none
TrimSqlNode.java,org.apache.ibatis.scripting.xmltags.TrimSqlNode,org.pitest.mutationtest.engine.gregor.mutators.RemoveConditionalMutator_EQUAL_IF,parseOverrides,61,NO_COVERAGE,none
TrimSqlNode.java,org.apache.ibatis.scripting.xmltags.TrimSqlNode,org.pitest.mutationtest.engine.gregor.mutators.RemoveConditionalMutator_EQUAL_IF,parseOverrides,64,NO_COVERAGE,none
TrimSqlNode.java,org.apache.ibatis.scripting.xmltags.TrimSqlNode,org.pitest.mutationtest.engine.gregor.mutators.ReturnValsMutator,parseOverrides,67,NO_COVERAGE,none
TrimSqlNode.java,org.apache.ibatis.scripting.xmltags.TrimSqlNode,org.pitest.mutationtest.engine.gregor.mutators.ReturnValsMutator,parseOverrides,69,NO_COVERAGE,none
DateOnlyTypeHandler.java,org.apache.ibatis.type.DateOnlyTypeHandler,org.pitest.mutationtest.engine.gregor.mutators.ConstructorCallMutator,getNullableResult,60,NO_COVERAGE,none
DateOnlyTypeHandler.java,org.apache.ibatis.type.DateOnlyTypeHandler,org.pitest.mutationtest.engine.gregor.mutators.NegateConditionalsMutator,getNullableResult,59,NO_COVERAGE,none
DateOnlyTypeHandler.java,org.apache.ibatis.type.DateOnlyTypeHandler,org.pitest.mutationtest.engine.gregor.mutators.NonVoidMethodCallMutator,getNullableResult,58,NO_COVERAGE,none
DateOnlyTypeHandler.java,org.apache.ibatis.type.DateOnlyTypeHandler,org.pitest.mutationtest.engine.gregor.mutators.NonVoidMethodCallMutator,getNullableResult,60,NO_COVERAGE,none
DateOnlyTypeHandler.java,org.apache.ibatis.type.DateOnlyTypeHandler,org.pitest.mutationtest.engine.gregor.mutators.RemoveConditionalMutator_EQUAL_ELSE,getNullableResult,59,NO_COVERAGE,none
DateOnlyTypeHandler.java,org.apache.ibatis.type.DateOnlyTypeHandler,org.pitest.mutationtest.engine.gregor.mutators.RemoveConditionalMutator_EQUAL_IF,getNullableResult,59,NO_COVERAGE,none
DateOnlyTypeHandler.java,org.apache.ibatis.type.DateOnlyTypeHandler,org.pitest.mutationtest.engine.gregor.mutators.ReturnValsMutator,getNullableResult,60,NO_COVERAGE,none
DateOnlyTypeHandler.java,org.apache.ibatis.type.DateOnlyTypeHandler,org.pitest.mutationtest.engine.gregor.mutators.ReturnValsMutator,getNullableResult,62,NO_COVERAGE,none
DateOnlyTypeHandler.java,org.apache.ibatis.type.DateOnlyTypeHandler,org.pitest.mutationtest.engine.gregor.mutators.ConstructorCallMutator,getNullableResult,50,NO_COVERAGE,none
DateOnlyTypeHandler.java,org.apache.ibatis.type.DateOnlyTypeHandler,org.pitest.mutationtest.engine.gregor.mutators.NegateConditionalsMutator,getNullableResult,49,NO_COVERAGE,none
DateOnlyTypeHandler.java,org.apache.ibatis.type.DateOnlyTypeHandler,org.pitest.mutationtest.engine.gregor.mutators.NonVoidMethodCallMutator,getNullableResult,48,NO_COVERAGE,none
DateOnlyTypeHandler.java,org.apache.ibatis.type.DateOnlyTypeHandler,org.pitest.mutationtest.engine.gregor.mutators.NonVoidMethodCallMutator,getNullableResult,50,NO_COVERAGE,none
DateOnlyTypeHandler.java,org.apache.ibatis.type.DateOnlyTypeHandler,org.pitest.mutationtest.engine.gregor.mutators.RemoveConditionalMutator_EQUAL_ELSE,getNullableResult,49,NO_COVERAGE,none
DateOnlyTypeHandler.java,org.apache.ibatis.type.DateOnlyTypeHandler,org.pitest.mutationtest.engine.gregor.mutators.RemoveConditionalMutator_EQUAL_IF,getNullableResult,49,NO_COVERAGE,none
DateOnlyTypeHandler.java,org.apache.ibatis.type.DateOnlyTypeHandler,org.pitest.mutationtest.engine.gregor.mutators.ReturnValsMutator,getNullableResult,50,NO_COVERAGE,none
DateOnlyTypeHandler.java,org.apache.ibatis.type.DateOnlyTypeHandler,org.pitest.mutationtest.engine.gregor.mutators.ReturnValsMutator,getNullableResult,52,NO_COVERAGE,none
DateOnlyTypeHandler.java,org.apache.ibatis.type.DateOnlyTypeHandler,org.pitest.mutationtest.engine.gregor.mutators.ConstructorCallMutator,getNullableResult,40,NO_COVERAGE,none
DateOnlyTypeHandler.java,org.apache.ibatis.type.DateOnlyTypeHandler,org.pitest.mutationtest.engine.gregor.mutators.NegateConditionalsMutator,getNullableResult,39,NO_COVERAGE,none
DateOnlyTypeHandler.java,org.apache.ibatis.type.DateOnlyTypeHandler,org.pitest.mutationtest.engine.gregor.mutators.NonVoidMethodCallMutator,getNullableResult,38,NO_COVERAGE,none
DateOnlyTypeHandler.java,org.apache.ibatis.type.DateOnlyTypeHandler,org.pitest.mutationtest.engine.gregor.mutators.NonVoidMethodCallMutator,getNullableResult,40,NO_COVERAGE,none
DateOnlyTypeHandler.java,org.apache.ibatis.type.DateOnlyTypeHandler,org.pitest.mutationtest.engine.gregor.mutators.RemoveConditionalMutator_EQUAL_ELSE,getNullableResult,39,NO_COVERAGE,none
DateOnlyTypeHandler.java,org.apache.ibatis.type.DateOnlyTypeHandler,org.pitest.mutationtest.engine.gregor.mutators.RemoveConditionalMutator_EQUAL_IF,getNullableResult,39,NO_COVERAGE,none
DateOnlyTypeHandler.java,org.apache.ibatis.type.DateOnlyTypeHandler,org.pitest.mutationtest.engine.gregor.mutators.ReturnValsMutator,getNullableResult,40,NO_COVERAGE,none
DateOnlyTypeHandler.java,org.apache.ibatis.type.DateOnlyTypeHandler,org.pitest.mutationtest.engine.gregor.mutators.ReturnValsMutator,getNullableResult,42,NO_COVERAGE,none
DateOnlyTypeHandler.java,org.apache.ibatis.type.DateOnlyTypeHandler,org.pitest.mutationtest.engine.gregor.mutators.ConstructorCallMutator,setNonNullParameter,32,NO_COVERAGE,none
DateOnlyTypeHandler.java,org.apache.ibatis.type.DateOnlyTypeHandler,org.pitest.mutationtest.engine.gregor.mutators.NonVoidMethodCallMutator,setNonNullParameter,32,NO_COVERAGE,none
DateOnlyTypeHandler.java,org.apache.ibatis.type.DateOnlyTypeHandler,org.pitest.mutationtest.engine.gregor.mutators.VoidMethodCallMutator,setNonNullParameter,32,NO_COVERAGE,none
NClobTypeHandler.java,org.apache.ibatis.type.NClobTypeHandler,org.pitest.mutationtest.engine.gregor.mutators.InlineConstantMutator,getNullableResult,68,NO_COVERAGE,none
NClobTypeHandler.java,org.apache.ibatis.type.NClobTypeHandler,org.pitest.mutationtest.engine.gregor.mutators.NegateConditionalsMutator,getNullableResult,66,NO_COVERAGE,none
NClobTypeHandler.java,org.apache.ibatis.type.NClobTypeHandler,org.pitest.mutationtest.engine.gregor.mutators.NonVoidMethodCallMutator,getNullableResult,65,NO_COVERAGE,none
NClobTypeHandler.java,org.apache.ibatis.type.NClobTypeHandler,org.pitest.mutationtest.engine.gregor.mutators.NonVoidMethodCallMutator,getNullableResult,67,NO_COVERAGE,none
NClobTypeHandler.java,org.apache.ibatis.type.NClobTypeHandler,org.pitest.mutationtest.engine.gregor.mutators.NonVoidMethodCallMutator,getNullableResult,68,NO_COVERAGE,none
NClobTypeHandler.java,org.apache.ibatis.type.NClobTypeHandler,org.pitest.mutationtest.engine.gregor.mutators.RemoveConditionalMutator_EQUAL_ELSE,getNullableResult,66,NO_COVERAGE,none
NClobTypeHandler.java,org.apache.ibatis.type.NClobTypeHandler,org.pitest.mutationtest.engine.gregor.mutators.RemoveConditionalMutator_EQUAL_IF,getNullableResult,66,NO_COVERAGE,none
NClobTypeHandler.java,org.apache.ibatis.type.NClobTypeHandler,org.pitest.mutationtest.engine.gregor.mutators.ReturnValsMutator,getNullableResult,70,NO_COVERAGE,none
NClobTypeHandler.java,org.apache.ibatis.type.NClobTypeHandler,org.pitest.mutationtest.engine.gregor.mutators.InlineConstantMutator,getNullableResult,56,NO_COVERAGE,none
NClobTypeHandler.java,org.apache.ibatis.type.NClobTypeHandler,org.pitest.mutationtest.engine.gregor.mutators.NegateConditionalsMutator,getNullableResult,54,NO_COVERAGE,none
NClobTypeHandler.java,org.apache.ibatis.type.NClobTypeHandler,org.pitest.mutationtest.engine.gregor.mutators.NonVoidMethodCallMutator,getNullableResult,53,NO_COVERAGE,none
NClobTypeHandler.java,org.apache.ibatis.type.NClobTypeHandler,org.pitest.mutationtest.engine.gregor.mutators.NonVoidMethodCallMutator,getNullableResult,55,NO_COVERAGE,none
NClobTypeHandler.java,org.apache.ibatis.type.NClobTypeHandler,org.pitest.mutationtest.engine.gregor.mutators.NonVoidMethodCallMutator,getNullableResult,56,NO_COVERAGE,none
NClobTypeHandler.java,org.apache.ibatis.type.NClobTypeHandler,org.pitest.mutationtest.engine.gregor.mutators.RemoveConditionalMutator_EQUAL_ELSE,getNullableResult,54,NO_COVERAGE,none
NClobTypeHandler.java,org.apache.ibatis.type.NClobTypeHandler,org.pitest.mutationtest.engine.gregor.mutators.RemoveConditionalMutator_EQUAL_IF,getNullableResult,54,NO_COVERAGE,none
NClobTypeHandler.java,org.apache.ibatis.type.NClobTypeHandler,org.pitest.mutationtest.engine.gregor.mutators.ReturnValsMutator,getNullableResult,58,NO_COVERAGE,none
NClobTypeHandler.java,org.apache.ibatis.type.NClobTypeHandler,org.pitest.mutationtest.engine.gregor.mutators.InlineConstantMutator,getNullableResult,44,NO_COVERAGE,none
NClobTypeHandler.java,org.apache.ibatis.type.NClobTypeHandler,org.pitest.mutationtest.engine.gregor.mutators.NegateConditionalsMutator,getNullableResult,42,NO_COVERAGE,none
NClobTypeHandler.java,org.apache.ibatis.type.NClobTypeHandler,org.pitest.mutationtest.engine.gregor.mutators.NonVoidMethodCallMutator,getNullableResult,41,NO_COVERAGE,none
NClobTypeHandler.java,org.apache.ibatis.type.NClobTypeHandler,org.pitest.mutationtest.engine.gregor.mutators.NonVoidMethodCallMutator,getNullableResult,43,NO_COVERAGE,none
NClobTypeHandler.java,org.apache.ibatis.type.NClobTypeHandler,org.pitest.mutationtest.engine.gregor.mutators.NonVoidMethodCallMutator,getNullableResult,44,NO_COVERAGE,none
NClobTypeHandler.java,org.apache.ibatis.type.NClobTypeHandler,org.pitest.mutationtest.engine.gregor.mutators.RemoveConditionalMutator_EQUAL_ELSE,getNullableResult,42,NO_COVERAGE,none
NClobTypeHandler.java,org.apache.ibatis.type.NClobTypeHandler,org.pitest.mutationtest.engine.gregor.mutators.RemoveConditionalMutator_EQUAL_IF,getNullableResult,42,NO_COVERAGE,none
NClobTypeHandler.java,org.apache.ibatis.type.NClobTypeHandler,org.pitest.mutationtest.engine.gregor.mutators.ReturnValsMutator,getNullableResult,46,NO_COVERAGE,none
NClobTypeHandler.java,org.apache.ibatis.type.NClobTypeHandler,org.pitest.mutationtest.engine.gregor.mutators.ConstructorCallMutator,setNonNullParameter,33,NO_COVERAGE,none
NClobTypeHandler.java,org.apache.ibatis.type.NClobTypeHandler,org.pitest.mutationtest.engine.gregor.mutators.NonVoidMethodCallMutator,setNonNullParameter,34,NO_COVERAGE,none
NClobTypeHandler.java,org.apache.ibatis.type.NClobTypeHandler,org.pitest.mutationtest.engine.gregor.mutators.VoidMethodCallMutator,setNonNullParameter,34,NO_COVERAGE,none
DefaultCursor.java,org.apache.ibatis.cursor.defaults.DefaultCursor$CursorIterator,org.pitest.mutationtest.engine.gregor.mutators.InlineConstantMutator,<init>,189,NO_COVERAGE,none
DefaultCursor.java,org.apache.ibatis.cursor.defaults.DefaultCursor$CursorIterator,org.pitest.mutationtest.engine.gregor.mutators.experimental.MemberVariableMutator,<init>,179,NO_COVERAGE,none
DefaultCursor.java,org.apache.ibatis.cursor.defaults.DefaultCursor$CursorIterator,org.pitest.mutationtest.engine.gregor.mutators.experimental.MemberVariableMutator,<init>,189,NO_COVERAGE,none
DefaultCursor.java,org.apache.ibatis.cursor.defaults.DefaultCursor$CursorIterator,org.pitest.mutationtest.engine.gregor.mutators.InlineConstantMutator,hasNext,196,NO_COVERAGE,none
DefaultCursor.java,org.apache.ibatis.cursor.defaults.DefaultCursor$CursorIterator,org.pitest.mutationtest.engine.gregor.mutators.InlineConstantMutator,hasNext,196,NO_COVERAGE,none
DefaultCursor.java,org.apache.ibatis.cursor.defaults.DefaultCursor$CursorIterator,org.pitest.mutationtest.engine.gregor.mutators.NegateConditionalsMutator,hasNext,193,NO_COVERAGE,none
DefaultCursor.java,org.apache.ibatis.cursor.defaults.DefaultCursor$CursorIterator,org.pitest.mutationtest.engine.gregor.mutators.NegateConditionalsMutator,hasNext,196,NO_COVERAGE,none
DefaultCursor.java,org.apache.ibatis.cursor.defaults.DefaultCursor$CursorIterator,org.pitest.mutationtest.engine.gregor.mutators.NonVoidMethodCallMutator,hasNext,194,NO_COVERAGE,none
DefaultCursor.java,org.apache.ibatis.cursor.defaults.DefaultCursor$CursorIterator,org.pitest.mutationtest.engine.gregor.mutators.RemoveConditionalMutator_EQUAL_ELSE,hasNext,193,NO_COVERAGE,none
DefaultCursor.java,org.apache.ibatis.cursor.defaults.DefaultCursor$CursorIterator,org.pitest.mutationtest.engine.gregor.mutators.RemoveConditionalMutator_EQUAL_ELSE,hasNext,196,NO_COVERAGE,none
DefaultCursor.java,org.apache.ibatis.cursor.defaults.DefaultCursor$CursorIterator,org.pitest.mutationtest.engine.gregor.mutators.RemoveConditionalMutator_EQUAL_IF,hasNext,193,NO_COVERAGE,none
DefaultCursor.java,org.apache.ibatis.cursor.defaults.DefaultCursor$CursorIterator,org.pitest.mutationtest.engine.gregor.mutators.RemoveConditionalMutator_EQUAL_IF,hasNext,196,NO_COVERAGE,none
DefaultCursor.java,org.apache.ibatis.cursor.defaults.DefaultCursor$CursorIterator,org.pitest.mutationtest.engine.gregor.mutators.ReturnValsMutator,hasNext,196,NO_COVERAGE,none
DefaultCursor.java,org.apache.ibatis.cursor.defaults.DefaultCursor$CursorIterator,org.pitest.mutationtest.engine.gregor.mutators.experimental.MemberVariableMutator,hasNext,194,NO_COVERAGE,none
DefaultCursor.java,org.apache.ibatis.cursor.defaults.DefaultCursor$CursorIterator,org.pitest.mutationtest.engine.gregor.mutators.ConstructorCallMutator,next,213,NO_COVERAGE,none
DefaultCursor.java,org.apache.ibatis.cursor.defaults.DefaultCursor$CursorIterator,org.pitest.mutationtest.engine.gregor.mutators.InlineConstantMutator,next,210,NO_COVERAGE,none
DefaultCursor.java,org.apache.ibatis.cursor.defaults.DefaultCursor$CursorIterator,org.pitest.mutationtest.engine.gregor.mutators.MathMutator,next,210,NO_COVERAGE,none
DefaultCursor.java,org.apache.ibatis.cursor.defaults.DefaultCursor$CursorIterator,org.pitest.mutationtest.engine.gregor.mutators.NegateConditionalsMutator,next,204,NO_COVERAGE,none
DefaultCursor.java,org.apache.ibatis.cursor.defaults.DefaultCursor$CursorIterator,org.pitest.mutationtest.engine.gregor.mutators.NegateConditionalsMutator,next,208,NO_COVERAGE,none
DefaultCursor.java,org.apache.ibatis.cursor.defaults.DefaultCursor$CursorIterator,org.pitest.mutationtest.engine.gregor.mutators.NonVoidMethodCallMutator,next,205,NO_COVERAGE,none
DefaultCursor.java,org.apache.ibatis.cursor.defaults.DefaultCursor$CursorIterator,org.pitest.mutationtest.engine.gregor.mutators.RemoveConditionalMutator_EQUAL_ELSE,next,204,NO_COVERAGE,none
DefaultCursor.java,org.apache.ibatis.cursor.defaults.DefaultCursor$CursorIterator,org.pitest.mutationtest.engine.gregor.mutators.RemoveConditionalMutator_EQUAL_ELSE,next,208,NO_COVERAGE,none
DefaultCursor.java,org.apache.ibatis.cursor.defaults.DefaultCursor$CursorIterator,org.pitest.mutationtest.engine.gregor.mutators.RemoveConditionalMutator_EQUAL_IF,next,204,NO_COVERAGE,none
DefaultCursor.java,org.apache.ibatis.cursor.defaults.DefaultCursor$CursorIterator,org.pitest.mutationtest.engine.gregor.mutators.RemoveConditionalMutator_EQUAL_IF,next,208,NO_COVERAGE,none
DefaultCursor.java,org.apache.ibatis.cursor.defaults.DefaultCursor$CursorIterator,org.pitest.mutationtest.engine.gregor.mutators.ReturnValsMutator,next,211,NO_COVERAGE,none
DefaultCursor.java,org.apache.ibatis.cursor.defaults.DefaultCursor$CursorIterator,org.pitest.mutationtest.engine.gregor.mutators.experimental.MemberVariableMutator,next,210,NO_COVERAGE,none
DefaultCursor.java,org.apache.ibatis.cursor.defaults.DefaultCursor$CursorIterator,org.pitest.mutationtest.engine.gregor.mutators.ConstructorCallMutator,remove,218,NO_COVERAGE,none
RoutingStatementHandler.java,org.apache.ibatis.executor.statement.RoutingStatementHandler,org.pitest.mutationtest.engine.gregor.mutators.ConstructorCallMutator,<init>,43,NO_COVERAGE,none
RoutingStatementHandler.java,org.apache.ibatis.executor.statement.RoutingStatementHandler,org.pitest.mutationtest.engine.gregor.mutators.ConstructorCallMutator,<init>,46,KILLED,org.apache.ibatis.submitted.extend.ExtendTest.org.apache.ibatis.submitted.extend.ExtendTest
RoutingStatementHandler.java,org.apache.ibatis.executor.statement.RoutingStatementHandler,org.pitest.mutationtest.engine.gregor.mutators.ConstructorCallMutator,<init>,49,NO_COVERAGE,none
RoutingStatementHandler.java,org.apache.ibatis.executor.statement.RoutingStatementHandler,org.pitest.mutationtest.engine.gregor.mutators.ConstructorCallMutator,<init>,52,NO_COVERAGE,none
RoutingStatementHandler.java,org.apache.ibatis.executor.statement.RoutingStatementHandler,org.pitest.mutationtest.engine.gregor.mutators.ConstructorCallMutator,<init>,52,NO_COVERAGE,none
RoutingStatementHandler.java,org.apache.ibatis.executor.statement.RoutingStatementHandler,org.pitest.mutationtest.engine.gregor.mutators.NonVoidMethodCallMutator,<init>,41,KILLED,org.apache.ibatis.submitted.extend.ExtendTest.org.apache.ibatis.submitted.extend.ExtendTest
RoutingStatementHandler.java,org.apache.ibatis.executor.statement.RoutingStatementHandler,org.pitest.mutationtest.engine.gregor.mutators.NonVoidMethodCallMutator,<init>,41,KILLED,org.apache.ibatis.submitted.extend.ExtendTest.org.apache.ibatis.submitted.extend.ExtendTest
RoutingStatementHandler.java,org.apache.ibatis.executor.statement.RoutingStatementHandler,org.pitest.mutationtest.engine.gregor.mutators.NonVoidMethodCallMutator,<init>,52,NO_COVERAGE,none
RoutingStatementHandler.java,org.apache.ibatis.executor.statement.RoutingStatementHandler,org.pitest.mutationtest.engine.gregor.mutators.NonVoidMethodCallMutator,<init>,52,NO_COVERAGE,none
RoutingStatementHandler.java,org.apache.ibatis.executor.statement.RoutingStatementHandler,org.pitest.mutationtest.engine.gregor.mutators.NonVoidMethodCallMutator,<init>,52,NO_COVERAGE,none
RoutingStatementHandler.java,org.apache.ibatis.executor.statement.RoutingStatementHandler,org.pitest.mutationtest.engine.gregor.mutators.NonVoidMethodCallMutator,<init>,52,NO_COVERAGE,none
RoutingStatementHandler.java,org.apache.ibatis.executor.statement.RoutingStatementHandler,org.pitest.mutationtest.engine.gregor.mutators.experimental.MemberVariableMutator,<init>,43,NO_COVERAGE,none
RoutingStatementHandler.java,org.apache.ibatis.executor.statement.RoutingStatementHandler,org.pitest.mutationtest.engine.gregor.mutators.experimental.MemberVariableMutator,<init>,46,KILLED,org.apache.ibatis.submitted.extend.ExtendTest.org.apache.ibatis.submitted.extend.ExtendTest
RoutingStatementHandler.java,org.apache.ibatis.executor.statement.RoutingStatementHandler,org.pitest.mutationtest.engine.gregor.mutators.experimental.MemberVariableMutator,<init>,49,NO_COVERAGE,none
RoutingStatementHandler.java,org.apache.ibatis.executor.statement.RoutingStatementHandler,org.pitest.mutationtest.engine.gregor.mutators.experimental.RemoveSwitchMutator_0,<init>,41,KILLED,org.apache.ibatis.submitted.extend.ExtendTest.org.apache.ibatis.submitted.extend.ExtendTest
RoutingStatementHandler.java,org.apache.ibatis.executor.statement.RoutingStatementHandler,org.pitest.mutationtest.engine.gregor.mutators.experimental.RemoveSwitchMutator_1,<init>,41,KILLED,org.apache.ibatis.submitted.extend.ExtendTest.org.apache.ibatis.submitted.extend.ExtendTest
RoutingStatementHandler.java,org.apache.ibatis.executor.statement.RoutingStatementHandler,org.pitest.mutationtest.engine.gregor.mutators.experimental.SwitchMutator,<init>,41,KILLED,org.apache.ibatis.submitted.extend.ExtendTest.org.apache.ibatis.submitted.extend.ExtendTest
RoutingStatementHandler.java,org.apache.ibatis.executor.statement.RoutingStatementHandler,org.pitest.mutationtest.engine.gregor.mutators.VoidMethodCallMutator,batch,69,NO_COVERAGE,none
RoutingStatementHandler.java,org.apache.ibatis.executor.statement.RoutingStatementHandler,org.pitest.mutationtest.engine.gregor.mutators.NonVoidMethodCallMutator,getBoundSql,89,NO_COVERAGE,none
RoutingStatementHandler.java,org.apache.ibatis.executor.statement.RoutingStatementHandler,org.pitest.mutationtest.engine.gregor.mutators.ReturnValsMutator,getBoundSql,89,NO_COVERAGE,none
RoutingStatementHandler.java,org.apache.ibatis.executor.statement.RoutingStatementHandler,org.pitest.mutationtest.engine.gregor.mutators.NonVoidMethodCallMutator,getParameterHandler,94,NO_COVERAGE,none
RoutingStatementHandler.java,org.apache.ibatis.executor.statement.RoutingStatementHandler,org.pitest.mutationtest.engine.gregor.mutators.ReturnValsMutator,getParameterHandler,94,NO_COVERAGE,none
RoutingStatementHandler.java,org.apache.ibatis.executor.statement.RoutingStatementHandler,org.pitest.mutationtest.engine.gregor.mutators.NonVoidMethodCallMutator,prepare,59,KILLED,org.apache.ibatis.submitted.extend.ExtendTest.org.apache.ibatis.submitted.extend.ExtendTest
RoutingStatementHandler.java,org.apache.ibatis.executor.statement.RoutingStatementHandler,org.pitest.mutationtest.engine.gregor.mutators.NonVoidMethodCallMutator,query,79,KILLED,org.apache.ibatis.submitted.extend.ExtendTest.org.apache.ibatis.submitted.extend.ExtendTest
RoutingStatementHandler.java,org.apache.ibatis.executor.statement.RoutingStatementHandler,org.pitest.mutationtest.engine.gregor.mutators.NonVoidMethodCallMutator,queryCursor,84,NO_COVERAGE,none
RoutingStatementHandler.java,org.apache.ibatis.executor.statement.RoutingStatementHandler,org.pitest.mutationtest.engine.gregor.mutators.ReturnValsMutator,queryCursor,84,NO_COVERAGE,none
RoutingStatementHandler.java,org.apache.ibatis.executor.statement.RoutingStatementHandler,org.pitest.mutationtest.engine.gregor.mutators.NonVoidMethodCallMutator,update,74,NO_COVERAGE,none
SqlSessionFactoryBuilder.java,org.apache.ibatis.session.SqlSessionFactoryBuilder,org.pitest.mutationtest.engine.gregor.mutators.NonVoidMethodCallMutator,build,64,NO_COVERAGE,none
SqlSessionFactoryBuilder.java,org.apache.ibatis.session.SqlSessionFactoryBuilder,org.pitest.mutationtest.engine.gregor.mutators.ReturnValsMutator,build,64,NO_COVERAGE,none
SqlSessionFactoryBuilder.java,org.apache.ibatis.session.SqlSessionFactoryBuilder,org.pitest.mutationtest.engine.gregor.mutators.NonVoidMethodCallMutator,build,68,NO_COVERAGE,none
SqlSessionFactoryBuilder.java,org.apache.ibatis.session.SqlSessionFactoryBuilder,org.pitest.mutationtest.engine.gregor.mutators.ReturnValsMutator,build,68,NO_COVERAGE,none
SqlSessionFactoryBuilder.java,org.apache.ibatis.session.SqlSessionFactoryBuilder,org.pitest.mutationtest.engine.gregor.mutators.ConstructorCallMutator,build,77,NO_COVERAGE,none
SqlSessionFactoryBuilder.java,org.apache.ibatis.session.SqlSessionFactoryBuilder,org.pitest.mutationtest.engine.gregor.mutators.NonVoidMethodCallMutator,build,78,NO_COVERAGE,none
SqlSessionFactoryBuilder.java,org.apache.ibatis.session.SqlSessionFactoryBuilder,org.pitest.mutationtest.engine.gregor.mutators.NonVoidMethodCallMutator,build,78,NO_COVERAGE,none
SqlSessionFactoryBuilder.java,org.apache.ibatis.session.SqlSessionFactoryBuilder,org.pitest.mutationtest.engine.gregor.mutators.NonVoidMethodCallMutator,build,82,NO_COVERAGE,none
SqlSessionFactoryBuilder.java,org.apache.ibatis.session.SqlSessionFactoryBuilder,org.pitest.mutationtest.engine.gregor.mutators.NonVoidMethodCallMutator,build,82,NO_COVERAGE,none
SqlSessionFactoryBuilder.java,org.apache.ibatis.session.SqlSessionFactoryBuilder,org.pitest.mutationtest.engine.gregor.mutators.NonVoidMethodCallMutator,build,80,NO_COVERAGE,none
SqlSessionFactoryBuilder.java,org.apache.ibatis.session.SqlSessionFactoryBuilder,org.pitest.mutationtest.engine.gregor.mutators.NonVoidMethodCallMutator,build,82,NO_COVERAGE,none
SqlSessionFactoryBuilder.java,org.apache.ibatis.session.SqlSessionFactoryBuilder,org.pitest.mutationtest.engine.gregor.mutators.NonVoidMethodCallMutator,build,82,NO_COVERAGE,none
SqlSessionFactoryBuilder.java,org.apache.ibatis.session.SqlSessionFactoryBuilder,org.pitest.mutationtest.engine.gregor.mutators.ReturnValsMutator,build,78,NO_COVERAGE,none
SqlSessionFactoryBuilder.java,org.apache.ibatis.session.SqlSessionFactoryBuilder,org.pitest.mutationtest.engine.gregor.mutators.VoidMethodCallMutator,build,84,NO_COVERAGE,none
SqlSessionFactoryBuilder.java,org.apache.ibatis.session.SqlSessionFactoryBuilder,org.pitest.mutationtest.engine.gregor.mutators.NonVoidMethodCallMutator,build,72,NO_COVERAGE,none
SqlSessionFactoryBuilder.java,org.apache.ibatis.session.SqlSessionFactoryBuilder,org.pitest.mutationtest.engine.gregor.mutators.ReturnValsMutator,build,72,NO_COVERAGE,none
SqlSessionFactoryBuilder.java,org.apache.ibatis.session.SqlSessionFactoryBuilder,org.pitest.mutationtest.engine.gregor.mutators.NonVoidMethodCallMutator,build,36,KILLED,org.apache.ibatis.submitted.extend.ExtendTest.org.apache.ibatis.submitted.extend.ExtendTest
SqlSessionFactoryBuilder.java,org.apache.ibatis.session.SqlSessionFactoryBuilder,org.pitest.mutationtest.engine.gregor.mutators.ReturnValsMutator,build,36,KILLED,org.apache.ibatis.submitted.extend.ExtendTest.org.apache.ibatis.submitted.extend.ExtendTest
SqlSessionFactoryBuilder.java,org.apache.ibatis.session.SqlSessionFactoryBuilder,org.pitest.mutationtest.engine.gregor.mutators.NonVoidMethodCallMutator,build,40,NO_COVERAGE,none
SqlSessionFactoryBuilder.java,org.apache.ibatis.session.SqlSessionFactoryBuilder,org.pitest.mutationtest.engine.gregor.mutators.ReturnValsMutator,build,40,NO_COVERAGE,none
SqlSessionFactoryBuilder.java,org.apache.ibatis.session.SqlSessionFactoryBuilder,org.pitest.mutationtest.engine.gregor.mutators.NonVoidMethodCallMutator,build,50,KILLED,org.apache.ibatis.submitted.extend.ExtendTest.org.apache.ibatis.submitted.extend.ExtendTest
SqlSessionFactoryBuilder.java,org.apache.ibatis.session.SqlSessionFactoryBuilder,org.pitest.mutationtest.engine.gregor.mutators.NonVoidMethodCallMutator,build,50,KILLED,org.apache.ibatis.submitted.extend.ExtendTest.org.apache.ibatis.submitted.extend.ExtendTest
SqlSessionFactoryBuilder.java,org.apache.ibatis.session.SqlSessionFactoryBuilder,org.pitest.mutationtest.engine.gregor.mutators.NonVoidMethodCallMutator,build,52,NO_COVERAGE,none
SqlSessionFactoryBuilder.java,org.apache.ibatis.session.SqlSessionFactoryBuilder,org.pitest.mutationtest.engine.gregor.mutators.NonVoidMethodCallMutator,build,54,KILLED,org.apache.ibatis.submitted.extend.ExtendTest.org.apache.ibatis.submitted.extend.ExtendTest
SqlSessionFactoryBuilder.java,org.apache.ibatis.session.SqlSessionFactoryBuilder,org.pitest.mutationtest.engine.gregor.mutators.VoidMethodCallMutator,build,56,KILLED,org.apache.ibatis.submitted.extend.ExtendTest.org.apache.ibatis.submitted.extend.ExtendTest
SqlSessionFactoryBuilder.java,org.apache.ibatis.session.SqlSessionFactoryBuilder,org.pitest.mutationtest.engine.gregor.mutators.NonVoidMethodCallMutator,build,44,NO_COVERAGE,none
SqlSessionFactoryBuilder.java,org.apache.ibatis.session.SqlSessionFactoryBuilder,org.pitest.mutationtest.engine.gregor.mutators.ReturnValsMutator,build,44,NO_COVERAGE,none
ClobTypeHandler.java,org.apache.ibatis.type.ClobTypeHandler,org.pitest.mutationtest.engine.gregor.mutators.InlineConstantMutator,getNullableResult,68,NO_COVERAGE,none
ClobTypeHandler.java,org.apache.ibatis.type.ClobTypeHandler,org.pitest.mutationtest.engine.gregor.mutators.NegateConditionalsMutator,getNullableResult,66,NO_COVERAGE,none
ClobTypeHandler.java,org.apache.ibatis.type.ClobTypeHandler,org.pitest.mutationtest.engine.gregor.mutators.NonVoidMethodCallMutator,getNullableResult,65,NO_COVERAGE,none
ClobTypeHandler.java,org.apache.ibatis.type.ClobTypeHandler,org.pitest.mutationtest.engine.gregor.mutators.NonVoidMethodCallMutator,getNullableResult,67,NO_COVERAGE,none
ClobTypeHandler.java,org.apache.ibatis.type.ClobTypeHandler,org.pitest.mutationtest.engine.gregor.mutators.NonVoidMethodCallMutator,getNullableResult,68,NO_COVERAGE,none
ClobTypeHandler.java,org.apache.ibatis.type.ClobTypeHandler,org.pitest.mutationtest.engine.gregor.mutators.RemoveConditionalMutator_EQUAL_ELSE,getNullableResult,66,NO_COVERAGE,none
ClobTypeHandler.java,org.apache.ibatis.type.ClobTypeHandler,org.pitest.mutationtest.engine.gregor.mutators.RemoveConditionalMutator_EQUAL_IF,getNullableResult,66,NO_COVERAGE,none
ClobTypeHandler.java,org.apache.ibatis.type.ClobTypeHandler,org.pitest.mutationtest.engine.gregor.mutators.ReturnValsMutator,getNullableResult,70,NO_COVERAGE,none
ClobTypeHandler.java,org.apache.ibatis.type.ClobTypeHandler,org.pitest.mutationtest.engine.gregor.mutators.InlineConstantMutator,getNullableResult,56,NO_COVERAGE,none
ClobTypeHandler.java,org.apache.ibatis.type.ClobTypeHandler,org.pitest.mutationtest.engine.gregor.mutators.NegateConditionalsMutator,getNullableResult,54,NO_COVERAGE,none
ClobTypeHandler.java,org.apache.ibatis.type.ClobTypeHandler,org.pitest.mutationtest.engine.gregor.mutators.NonVoidMethodCallMutator,getNullableResult,53,NO_COVERAGE,none
ClobTypeHandler.java,org.apache.ibatis.type.ClobTypeHandler,org.pitest.mutationtest.engine.gregor.mutators.NonVoidMethodCallMutator,getNullableResult,55,NO_COVERAGE,none
ClobTypeHandler.java,org.apache.ibatis.type.ClobTypeHandler,org.pitest.mutationtest.engine.gregor.mutators.NonVoidMethodCallMutator,getNullableResult,56,NO_COVERAGE,none
ClobTypeHandler.java,org.apache.ibatis.type.ClobTypeHandler,org.pitest.mutationtest.engine.gregor.mutators.RemoveConditionalMutator_EQUAL_ELSE,getNullableResult,54,NO_COVERAGE,none
ClobTypeHandler.java,org.apache.ibatis.type.ClobTypeHandler,org.pitest.mutationtest.engine.gregor.mutators.RemoveConditionalMutator_EQUAL_IF,getNullableResult,54,NO_COVERAGE,none
ClobTypeHandler.java,org.apache.ibatis.type.ClobTypeHandler,org.pitest.mutationtest.engine.gregor.mutators.ReturnValsMutator,getNullableResult,58,NO_COVERAGE,none
ClobTypeHandler.java,org.apache.ibatis.type.ClobTypeHandler,org.pitest.mutationtest.engine.gregor.mutators.InlineConstantMutator,getNullableResult,44,NO_COVERAGE,none
ClobTypeHandler.java,org.apache.ibatis.type.ClobTypeHandler,org.pitest.mutationtest.engine.gregor.mutators.NegateConditionalsMutator,getNullableResult,42,NO_COVERAGE,none
ClobTypeHandler.java,org.apache.ibatis.type.ClobTypeHandler,org.pitest.mutationtest.engine.gregor.mutators.NonVoidMethodCallMutator,getNullableResult,41,NO_COVERAGE,none
ClobTypeHandler.java,org.apache.ibatis.type.ClobTypeHandler,org.pitest.mutationtest.engine.gregor.mutators.NonVoidMethodCallMutator,getNullableResult,43,NO_COVERAGE,none
ClobTypeHandler.java,org.apache.ibatis.type.ClobTypeHandler,org.pitest.mutationtest.engine.gregor.mutators.NonVoidMethodCallMutator,getNullableResult,44,NO_COVERAGE,none
ClobTypeHandler.java,org.apache.ibatis.type.ClobTypeHandler,org.pitest.mutationtest.engine.gregor.mutators.RemoveConditionalMutator_EQUAL_ELSE,getNullableResult,42,NO_COVERAGE,none
ClobTypeHandler.java,org.apache.ibatis.type.ClobTypeHandler,org.pitest.mutationtest.engine.gregor.mutators.RemoveConditionalMutator_EQUAL_IF,getNullableResult,42,NO_COVERAGE,none
ClobTypeHandler.java,org.apache.ibatis.type.ClobTypeHandler,org.pitest.mutationtest.engine.gregor.mutators.ReturnValsMutator,getNullableResult,46,NO_COVERAGE,none
ClobTypeHandler.java,org.apache.ibatis.type.ClobTypeHandler,org.pitest.mutationtest.engine.gregor.mutators.ConstructorCallMutator,setNonNullParameter,33,NO_COVERAGE,none
ClobTypeHandler.java,org.apache.ibatis.type.ClobTypeHandler,org.pitest.mutationtest.engine.gregor.mutators.NonVoidMethodCallMutator,setNonNullParameter,34,NO_COVERAGE,none
ClobTypeHandler.java,org.apache.ibatis.type.ClobTypeHandler,org.pitest.mutationtest.engine.gregor.mutators.VoidMethodCallMutator,setNonNullParameter,34,NO_COVERAGE,none
DateTypeHandler.java,org.apache.ibatis.type.DateTypeHandler,org.pitest.mutationtest.engine.gregor.mutators.ConstructorCallMutator,getNullableResult,61,NO_COVERAGE,none
DateTypeHandler.java,org.apache.ibatis.type.DateTypeHandler,org.pitest.mutationtest.engine.gregor.mutators.NegateConditionalsMutator,getNullableResult,60,NO_COVERAGE,none
DateTypeHandler.java,org.apache.ibatis.type.DateTypeHandler,org.pitest.mutationtest.engine.gregor.mutators.NonVoidMethodCallMutator,getNullableResult,59,NO_COVERAGE,none
DateTypeHandler.java,org.apache.ibatis.type.DateTypeHandler,org.pitest.mutationtest.engine.gregor.mutators.NonVoidMethodCallMutator,getNullableResult,61,NO_COVERAGE,none
DateTypeHandler.java,org.apache.ibatis.type.DateTypeHandler,org.pitest.mutationtest.engine.gregor.mutators.RemoveConditionalMutator_EQUAL_ELSE,getNullableResult,60,NO_COVERAGE,none
DateTypeHandler.java,org.apache.ibatis.type.DateTypeHandler,org.pitest.mutationtest.engine.gregor.mutators.RemoveConditionalMutator_EQUAL_IF,getNullableResult,60,NO_COVERAGE,none
DateTypeHandler.java,org.apache.ibatis.type.DateTypeHandler,org.pitest.mutationtest.engine.gregor.mutators.ReturnValsMutator,getNullableResult,61,NO_COVERAGE,none
DateTypeHandler.java,org.apache.ibatis.type.DateTypeHandler,org.pitest.mutationtest.engine.gregor.mutators.ReturnValsMutator,getNullableResult,63,NO_COVERAGE,none
DateTypeHandler.java,org.apache.ibatis.type.DateTypeHandler,org.pitest.mutationtest.engine.gregor.mutators.ConstructorCallMutator,getNullableResult,51,NO_COVERAGE,none
DateTypeHandler.java,org.apache.ibatis.type.DateTypeHandler,org.pitest.mutationtest.engine.gregor.mutators.NegateConditionalsMutator,getNullableResult,50,NO_COVERAGE,none
DateTypeHandler.java,org.apache.ibatis.type.DateTypeHandler,org.pitest.mutationtest.engine.gregor.mutators.NonVoidMethodCallMutator,getNullableResult,49,NO_COVERAGE,none
DateTypeHandler.java,org.apache.ibatis.type.DateTypeHandler,org.pitest.mutationtest.engine.gregor.mutators.NonVoidMethodCallMutator,getNullableResult,51,NO_COVERAGE,none
DateTypeHandler.java,org.apache.ibatis.type.DateTypeHandler,org.pitest.mutationtest.engine.gregor.mutators.RemoveConditionalMutator_EQUAL_ELSE,getNullableResult,50,NO_COVERAGE,none
DateTypeHandler.java,org.apache.ibatis.type.DateTypeHandler,org.pitest.mutationtest.engine.gregor.mutators.RemoveConditionalMutator_EQUAL_IF,getNullableResult,50,NO_COVERAGE,none
DateTypeHandler.java,org.apache.ibatis.type.DateTypeHandler,org.pitest.mutationtest.engine.gregor.mutators.ReturnValsMutator,getNullableResult,51,NO_COVERAGE,none
DateTypeHandler.java,org.apache.ibatis.type.DateTypeHandler,org.pitest.mutationtest.engine.gregor.mutators.ReturnValsMutator,getNullableResult,53,NO_COVERAGE,none
DateTypeHandler.java,org.apache.ibatis.type.DateTypeHandler,org.pitest.mutationtest.engine.gregor.mutators.ConstructorCallMutator,getNullableResult,41,NO_COVERAGE,none
DateTypeHandler.java,org.apache.ibatis.type.DateTypeHandler,org.pitest.mutationtest.engine.gregor.mutators.NegateConditionalsMutator,getNullableResult,40,NO_COVERAGE,none
DateTypeHandler.java,org.apache.ibatis.type.DateTypeHandler,org.pitest.mutationtest.engine.gregor.mutators.NonVoidMethodCallMutator,getNullableResult,39,NO_COVERAGE,none
DateTypeHandler.java,org.apache.ibatis.type.DateTypeHandler,org.pitest.mutationtest.engine.gregor.mutators.NonVoidMethodCallMutator,getNullableResult,41,NO_COVERAGE,none
DateTypeHandler.java,org.apache.ibatis.type.DateTypeHandler,org.pitest.mutationtest.engine.gregor.mutators.RemoveConditionalMutator_EQUAL_ELSE,getNullableResult,40,NO_COVERAGE,none
DateTypeHandler.java,org.apache.ibatis.type.DateTypeHandler,org.pitest.mutationtest.engine.gregor.mutators.RemoveConditionalMutator_EQUAL_IF,getNullableResult,40,NO_COVERAGE,none
DateTypeHandler.java,org.apache.ibatis.type.DateTypeHandler,org.pitest.mutationtest.engine.gregor.mutators.ReturnValsMutator,getNullableResult,41,NO_COVERAGE,none
DateTypeHandler.java,org.apache.ibatis.type.DateTypeHandler,org.pitest.mutationtest.engine.gregor.mutators.ReturnValsMutator,getNullableResult,43,NO_COVERAGE,none
DateTypeHandler.java,org.apache.ibatis.type.DateTypeHandler,org.pitest.mutationtest.engine.gregor.mutators.ConstructorCallMutator,setNonNullParameter,33,NO_COVERAGE,none
DateTypeHandler.java,org.apache.ibatis.type.DateTypeHandler,org.pitest.mutationtest.engine.gregor.mutators.NonVoidMethodCallMutator,setNonNullParameter,33,NO_COVERAGE,none
DateTypeHandler.java,org.apache.ibatis.type.DateTypeHandler,org.pitest.mutationtest.engine.gregor.mutators.VoidMethodCallMutator,setNonNullParameter,33,NO_COVERAGE,none
XMLLanguageDriver.java,org.apache.ibatis.scripting.xmltags.XMLLanguageDriver,org.pitest.mutationtest.engine.gregor.mutators.ConstructorCallMutator,createParameterHandler,38,KILLED,org.apache.ibatis.submitted.extend.ExtendTest.org.apache.ibatis.submitted.extend.ExtendTest
XMLLanguageDriver.java,org.apache.ibatis.scripting.xmltags.XMLLanguageDriver,org.pitest.mutationtest.engine.gregor.mutators.ReturnValsMutator,createParameterHandler,38,KILLED,org.apache.ibatis.submitted.extend.ExtendTest.org.apache.ibatis.submitted.extend.ExtendTest
XMLLanguageDriver.java,org.apache.ibatis.scripting.xmltags.XMLLanguageDriver,org.pitest.mutationtest.engine.gregor.mutators.ArgumentPropagationMutator,createSqlSource,55,NO_COVERAGE,none
XMLLanguageDriver.java,org.apache.ibatis.scripting.xmltags.XMLLanguageDriver,org.pitest.mutationtest.engine.gregor.mutators.ConstructorCallMutator,createSqlSource,51,NO_COVERAGE,none
XMLLanguageDriver.java,org.apache.ibatis.scripting.xmltags.XMLLanguageDriver,org.pitest.mutationtest.engine.gregor.mutators.ConstructorCallMutator,createSqlSource,51,NO_COVERAGE,none
XMLLanguageDriver.java,org.apache.ibatis.scripting.xmltags.XMLLanguageDriver,org.pitest.mutationtest.engine.gregor.mutators.ConstructorCallMutator,createSqlSource,56,NO_COVERAGE,none
XMLLanguageDriver.java,org.apache.ibatis.scripting.xmltags.XMLLanguageDriver,org.pitest.mutationtest.engine.gregor.mutators.ConstructorCallMutator,createSqlSource,58,NO_COVERAGE,none
XMLLanguageDriver.java,org.apache.ibatis.scripting.xmltags.XMLLanguageDriver,org.pitest.mutationtest.engine.gregor.mutators.ConstructorCallMutator,createSqlSource,60,NO_COVERAGE,none
XMLLanguageDriver.java,org.apache.ibatis.scripting.xmltags.XMLLanguageDriver,org.pitest.mutationtest.engine.gregor.mutators.InlineConstantMutator,createSqlSource,51,NO_COVERAGE,none
XMLLanguageDriver.java,org.apache.ibatis.scripting.xmltags.XMLLanguageDriver,org.pitest.mutationtest.engine.gregor.mutators.NegateConditionalsMutator,createSqlSource,50,NO_COVERAGE,none
XMLLanguageDriver.java,org.apache.ibatis.scripting.xmltags.XMLLanguageDriver,org.pitest.mutationtest.engine.gregor.mutators.NegateConditionalsMutator,createSqlSource,57,NO_COVERAGE,none
XMLLanguageDriver.java,org.apache.ibatis.scripting.xmltags.XMLLanguageDriver,org.pitest.mutationtest.engine.gregor.mutators.NonVoidMethodCallMutator,createSqlSource,50,NO_COVERAGE,none
XMLLanguageDriver.java,org.apache.ibatis.scripting.xmltags.XMLLanguageDriver,org.pitest.mutationtest.engine.gregor.mutators.NonVoidMethodCallMutator,createSqlSource,51,NO_COVERAGE,none
XMLLanguageDriver.java,org.apache.ibatis.scripting.xmltags.XMLLanguageDriver,org.pitest.mutationtest.engine.gregor.mutators.NonVoidMethodCallMutator,createSqlSource,52,NO_COVERAGE,none
XMLLanguageDriver.java,org.apache.ibatis.scripting.xmltags.XMLLanguageDriver,org.pitest.mutationtest.engine.gregor.mutators.NonVoidMethodCallMutator,createSqlSource,52,NO_COVERAGE,none
XMLLanguageDriver.java,org.apache.ibatis.scripting.xmltags.XMLLanguageDriver,org.pitest.mutationtest.engine.gregor.mutators.NonVoidMethodCallMutator,createSqlSource,55,NO_COVERAGE,none
XMLLanguageDriver.java,org.apache.ibatis.scripting.xmltags.XMLLanguageDriver,org.pitest.mutationtest.engine.gregor.mutators.NonVoidMethodCallMutator,createSqlSource,55,NO_COVERAGE,none
XMLLanguageDriver.java,org.apache.ibatis.scripting.xmltags.XMLLanguageDriver,org.pitest.mutationtest.engine.gregor.mutators.RemoveConditionalMutator_EQUAL_ELSE,createSqlSource,50,NO_COVERAGE,none
XMLLanguageDriver.java,org.apache.ibatis.scripting.xmltags.XMLLanguageDriver,org.pitest.mutationtest.engine.gregor.mutators.RemoveConditionalMutator_EQUAL_ELSE,createSqlSource,57,NO_COVERAGE,none
XMLLanguageDriver.java,org.apache.ibatis.scripting.xmltags.XMLLanguageDriver,org.pitest.mutationtest.engine.gregor.mutators.RemoveConditionalMutator_EQUAL_IF,createSqlSource,50,NO_COVERAGE,none
XMLLanguageDriver.java,org.apache.ibatis.scripting.xmltags.XMLLanguageDriver,org.pitest.mutationtest.engine.gregor.mutators.RemoveConditionalMutator_EQUAL_IF,createSqlSource,57,NO_COVERAGE,none
XMLLanguageDriver.java,org.apache.ibatis.scripting.xmltags.XMLLanguageDriver,org.pitest.mutationtest.engine.gregor.mutators.ReturnValsMutator,createSqlSource,52,NO_COVERAGE,none
XMLLanguageDriver.java,org.apache.ibatis.scripting.xmltags.XMLLanguageDriver,org.pitest.mutationtest.engine.gregor.mutators.ReturnValsMutator,createSqlSource,58,NO_COVERAGE,none
XMLLanguageDriver.java,org.apache.ibatis.scripting.xmltags.XMLLanguageDriver,org.pitest.mutationtest.engine.gregor.mutators.ReturnValsMutator,createSqlSource,60,NO_COVERAGE,none
XMLLanguageDriver.java,org.apache.ibatis.scripting.xmltags.XMLLanguageDriver,org.pitest.mutationtest.engine.gregor.mutators.ConstructorCallMutator,createSqlSource,43,KILLED,org.apache.ibatis.submitted.extend.ExtendTest.org.apache.ibatis.submitted.extend.ExtendTest
XMLLanguageDriver.java,org.apache.ibatis.scripting.xmltags.XMLLanguageDriver,org.pitest.mutationtest.engine.gregor.mutators.NonVoidMethodCallMutator,createSqlSource,44,KILLED,org.apache.ibatis.submitted.extend.ExtendTest.org.apache.ibatis.submitted.extend.ExtendTest
XMLLanguageDriver.java,org.apache.ibatis.scripting.xmltags.XMLLanguageDriver,org.pitest.mutationtest.engine.gregor.mutators.ReturnValsMutator,createSqlSource,44,KILLED,org.apache.ibatis.submitted.extend.ExtendTest.org.apache.ibatis.submitted.extend.ExtendTest
TimeOnlyTypeHandler.java,org.apache.ibatis.type.TimeOnlyTypeHandler,org.pitest.mutationtest.engine.gregor.mutators.ConstructorCallMutator,getNullableResult,61,NO_COVERAGE,none
TimeOnlyTypeHandler.java,org.apache.ibatis.type.TimeOnlyTypeHandler,org.pitest.mutationtest.engine.gregor.mutators.NegateConditionalsMutator,getNullableResult,60,NO_COVERAGE,none
TimeOnlyTypeHandler.java,org.apache.ibatis.type.TimeOnlyTypeHandler,org.pitest.mutationtest.engine.gregor.mutators.NonVoidMethodCallMutator,getNullableResult,59,NO_COVERAGE,none
TimeOnlyTypeHandler.java,org.apache.ibatis.type.TimeOnlyTypeHandler,org.pitest.mutationtest.engine.gregor.mutators.NonVoidMethodCallMutator,getNullableResult,61,NO_COVERAGE,none
TimeOnlyTypeHandler.java,org.apache.ibatis.type.TimeOnlyTypeHandler,org.pitest.mutationtest.engine.gregor.mutators.RemoveConditionalMutator_EQUAL_ELSE,getNullableResult,60,NO_COVERAGE,none
TimeOnlyTypeHandler.java,org.apache.ibatis.type.TimeOnlyTypeHandler,org.pitest.mutationtest.engine.gregor.mutators.RemoveConditionalMutator_EQUAL_IF,getNullableResult,60,NO_COVERAGE,none
TimeOnlyTypeHandler.java,org.apache.ibatis.type.TimeOnlyTypeHandler,org.pitest.mutationtest.engine.gregor.mutators.ReturnValsMutator,getNullableResult,61,NO_COVERAGE,none
TimeOnlyTypeHandler.java,org.apache.ibatis.type.TimeOnlyTypeHandler,org.pitest.mutationtest.engine.gregor.mutators.ReturnValsMutator,getNullableResult,63,NO_COVERAGE,none
TimeOnlyTypeHandler.java,org.apache.ibatis.type.TimeOnlyTypeHandler,org.pitest.mutationtest.engine.gregor.mutators.ConstructorCallMutator,getNullableResult,51,NO_COVERAGE,none
TimeOnlyTypeHandler.java,org.apache.ibatis.type.TimeOnlyTypeHandler,org.pitest.mutationtest.engine.gregor.mutators.NegateConditionalsMutator,getNullableResult,50,NO_COVERAGE,none
TimeOnlyTypeHandler.java,org.apache.ibatis.type.TimeOnlyTypeHandler,org.pitest.mutationtest.engine.gregor.mutators.NonVoidMethodCallMutator,getNullableResult,49,NO_COVERAGE,none
TimeOnlyTypeHandler.java,org.apache.ibatis.type.TimeOnlyTypeHandler,org.pitest.mutationtest.engine.gregor.mutators.NonVoidMethodCallMutator,getNullableResult,51,NO_COVERAGE,none
TimeOnlyTypeHandler.java,org.apache.ibatis.type.TimeOnlyTypeHandler,org.pitest.mutationtest.engine.gregor.mutators.RemoveConditionalMutator_EQUAL_ELSE,getNullableResult,50,NO_COVERAGE,none
TimeOnlyTypeHandler.java,org.apache.ibatis.type.TimeOnlyTypeHandler,org.pitest.mutationtest.engine.gregor.mutators.RemoveConditionalMutator_EQUAL_IF,getNullableResult,50,NO_COVERAGE,none
TimeOnlyTypeHandler.java,org.apache.ibatis.type.TimeOnlyTypeHandler,org.pitest.mutationtest.engine.gregor.mutators.ReturnValsMutator,getNullableResult,51,NO_COVERAGE,none
TimeOnlyTypeHandler.java,org.apache.ibatis.type.TimeOnlyTypeHandler,org.pitest.mutationtest.engine.gregor.mutators.ReturnValsMutator,getNullableResult,53,NO_COVERAGE,none
TimeOnlyTypeHandler.java,org.apache.ibatis.type.TimeOnlyTypeHandler,org.pitest.mutationtest.engine.gregor.mutators.ConstructorCallMutator,getNullableResult,41,NO_COVERAGE,none
TimeOnlyTypeHandler.java,org.apache.ibatis.type.TimeOnlyTypeHandler,org.pitest.mutationtest.engine.gregor.mutators.NegateConditionalsMutator,getNullableResult,40,NO_COVERAGE,none
TimeOnlyTypeHandler.java,org.apache.ibatis.type.TimeOnlyTypeHandler,org.pitest.mutationtest.engine.gregor.mutators.NonVoidMethodCallMutator,getNullableResult,39,NO_COVERAGE,none
TimeOnlyTypeHandler.java,org.apache.ibatis.type.TimeOnlyTypeHandler,org.pitest.mutationtest.engine.gregor.mutators.NonVoidMethodCallMutator,getNullableResult,41,NO_COVERAGE,none
TimeOnlyTypeHandler.java,org.apache.ibatis.type.TimeOnlyTypeHandler,org.pitest.mutationtest.engine.gregor.mutators.RemoveConditionalMutator_EQUAL_ELSE,getNullableResult,40,NO_COVERAGE,none
TimeOnlyTypeHandler.java,org.apache.ibatis.type.TimeOnlyTypeHandler,org.pitest.mutationtest.engine.gregor.mutators.RemoveConditionalMutator_EQUAL_IF,getNullableResult,40,NO_COVERAGE,none
TimeOnlyTypeHandler.java,org.apache.ibatis.type.TimeOnlyTypeHandler,org.pitest.mutationtest.engine.gregor.mutators.ReturnValsMutator,getNullableResult,41,NO_COVERAGE,none
TimeOnlyTypeHandler.java,org.apache.ibatis.type.TimeOnlyTypeHandler,org.pitest.mutationtest.engine.gregor.mutators.ReturnValsMutator,getNullableResult,43,NO_COVERAGE,none
TimeOnlyTypeHandler.java,org.apache.ibatis.type.TimeOnlyTypeHandler,org.pitest.mutationtest.engine.gregor.mutators.ConstructorCallMutator,setNonNullParameter,33,NO_COVERAGE,none
TimeOnlyTypeHandler.java,org.apache.ibatis.type.TimeOnlyTypeHandler,org.pitest.mutationtest.engine.gregor.mutators.NonVoidMethodCallMutator,setNonNullParameter,33,NO_COVERAGE,none
TimeOnlyTypeHandler.java,org.apache.ibatis.type.TimeOnlyTypeHandler,org.pitest.mutationtest.engine.gregor.mutators.VoidMethodCallMutator,setNonNullParameter,33,NO_COVERAGE,none
SqlSourceBuilder.java,org.apache.ibatis.builder.SqlSourceBuilder$ParameterMappingTokenHandler,org.pitest.mutationtest.engine.gregor.mutators.ConstructorCallMutator,buildParameterMapping,115,NO_COVERAGE,none
SqlSourceBuilder.java,org.apache.ibatis.builder.SqlSourceBuilder$ParameterMappingTokenHandler,org.pitest.mutationtest.engine.gregor.mutators.ConstructorCallMutator,buildParameterMapping,117,NO_COVERAGE,none
SqlSourceBuilder.java,org.apache.ibatis.builder.SqlSourceBuilder$ParameterMappingTokenHandler,org.pitest.mutationtest.engine.gregor.mutators.ConstructorCallMutator,buildParameterMapping,117,NO_COVERAGE,none
SqlSourceBuilder.java,org.apache.ibatis.builder.SqlSourceBuilder$ParameterMappingTokenHandler,org.pitest.mutationtest.engine.gregor.mutators.NegateConditionalsMutator,buildParameterMapping,114,NO_COVERAGE,none
SqlSourceBuilder.java,org.apache.ibatis.builder.SqlSourceBuilder$ParameterMappingTokenHandler,org.pitest.mutationtest.engine.gregor.mutators.NonVoidMethodCallMutator,buildParameterMapping,103,NO_COVERAGE,none
SqlSourceBuilder.java,org.apache.ibatis.builder.SqlSourceBuilder$ParameterMappingTokenHandler,org.pitest.mutationtest.engine.gregor.mutators.NonVoidMethodCallMutator,buildParameterMapping,103,NO_COVERAGE,none
SqlSourceBuilder.java,org.apache.ibatis.builder.SqlSourceBuilder$ParameterMappingTokenHandler,org.pitest.mutationtest.engine.gregor.mutators.NonVoidMethodCallMutator,buildParameterMapping,105,NO_COVERAGE,none
SqlSourceBuilder.java,org.apache.ibatis.builder.SqlSourceBuilder$ParameterMappingTokenHandler,org.pitest.mutationtest.engine.gregor.mutators.NonVoidMethodCallMutator,buildParameterMapping,105,NO_COVERAGE,none
SqlSourceBuilder.java,org.apache.ibatis.builder.SqlSourceBuilder$ParameterMappingTokenHandler,org.pitest.mutationtest.engine.gregor.mutators.NonVoidMethodCallMutator,buildParameterMapping,107,NO_COVERAGE,none
SqlSourceBuilder.java,org.apache.ibatis.builder.SqlSourceBuilder$ParameterMappingTokenHandler,org.pitest.mutationtest.engine.gregor.mutators.NonVoidMethodCallMutator,buildParameterMapping,111,NO_COVERAGE,none
SqlSourceBuilder.java,org.apache.ibatis.builder.SqlSourceBuilder$ParameterMappingTokenHandler,org.pitest.mutationtest.engine.gregor.mutators.NonVoidMethodCallMutator,buildParameterMapping,114,NO_COVERAGE,none
SqlSourceBuilder.java,org.apache.ibatis.builder.SqlSourceBuilder$ParameterMappingTokenHandler,org.pitest.mutationtest.engine.gregor.mutators.NonVoidMethodCallMutator,buildParameterMapping,117,NO_COVERAGE,none
SqlSourceBuilder.java,org.apache.ibatis.builder.SqlSourceBuilder$ParameterMappingTokenHandler,org.pitest.mutationtest.engine.gregor.mutators.NonVoidMethodCallMutator,buildParameterMapping,117,NO_COVERAGE,none
SqlSourceBuilder.java,org.apache.ibatis.builder.SqlSourceBuilder$ParameterMappingTokenHandler,org.pitest.mutationtest.engine.gregor.mutators.NonVoidMethodCallMutator,buildParameterMapping,117,NO_COVERAGE,none
SqlSourceBuilder.java,org.apache.ibatis.builder.SqlSourceBuilder$ParameterMappingTokenHandler,org.pitest.mutationtest.engine.gregor.mutators.NonVoidMethodCallMutator,buildParameterMapping,117,NO_COVERAGE,none
SqlSourceBuilder.java,org.apache.ibatis.builder.SqlSourceBuilder$ParameterMappingTokenHandler,org.pitest.mutationtest.engine.gregor.mutators.NonVoidMethodCallMutator,buildParameterMapping,117,NO_COVERAGE,none
SqlSourceBuilder.java,org.apache.ibatis.builder.SqlSourceBuilder$ParameterMappingTokenHandler,org.pitest.mutationtest.engine.gregor.mutators.NonVoidMethodCallMutator,buildParameterMapping,117,NO_COVERAGE,none
SqlSourceBuilder.java,org.apache.ibatis.builder.SqlSourceBuilder$ParameterMappingTokenHandler,org.pitest.mutationtest.engine.gregor.mutators.NonVoidMethodCallMutator,buildParameterMapping,117,NO_COVERAGE,none
SqlSourceBuilder.java,org.apache.ibatis.builder.SqlSourceBuilder$ParameterMappingTokenHandler,org.pitest.mutationtest.engine.gregor.mutators.RemoveConditionalMutator_EQUAL_ELSE,buildParameterMapping,114,NO_COVERAGE,none
SqlSourceBuilder.java,org.apache.ibatis.builder.SqlSourceBuilder$ParameterMappingTokenHandler,org.pitest.mutationtest.engine.gregor.mutators.RemoveConditionalMutator_EQUAL_IF,buildParameterMapping,114,NO_COVERAGE,none
SqlSourceBuilder.java,org.apache.ibatis.builder.SqlSourceBuilder$ParameterMappingTokenHandler,org.pitest.mutationtest.engine.gregor.mutators.ConstructorCallMutator,parseParameterMapping,132,NO_COVERAGE,none
SqlSourceBuilder.java,org.apache.ibatis.builder.SqlSourceBuilder$ParameterMappingTokenHandler,org.pitest.mutationtest.engine.gregor.mutators.ConstructorCallMutator,parseParameterMapping,132,NO_COVERAGE,none
SqlSourceBuilder.java,org.apache.ibatis.builder.SqlSourceBuilder$ParameterMappingTokenHandler,org.pitest.mutationtest.engine.gregor.mutators.NonVoidMethodCallMutator,parseParameterMapping,132,NO_COVERAGE,none
SqlSourceBuilder.java,org.apache.ibatis.builder.SqlSourceBuilder$ParameterMappingTokenHandler,org.pitest.mutationtest.engine.gregor.mutators.NonVoidMethodCallMutator,parseParameterMapping,132,NO_COVERAGE,none
SqlSourceBuilder.java,org.apache.ibatis.builder.SqlSourceBuilder$ParameterMappingTokenHandler,org.pitest.mutationtest.engine.gregor.mutators.NonVoidMethodCallMutator,parseParameterMapping,132,NO_COVERAGE,none
SqlSourceBuilder.java,org.apache.ibatis.builder.SqlSourceBuilder$ParameterMappingTokenHandler,org.pitest.mutationtest.engine.gregor.mutators.NonVoidMethodCallMutator,parseParameterMapping,132,NO_COVERAGE,none
ExternalResources.java,org.apache.ibatis.io.ExternalResources,org.pitest.mutationtest.engine.gregor.mutators.NegateConditionalsMutator,closeQuietly,56,NO_COVERAGE,none
ExternalResources.java,org.apache.ibatis.io.ExternalResources,org.pitest.mutationtest.engine.gregor.mutators.RemoveConditionalMutator_EQUAL_ELSE,closeQuietly,56,NO_COVERAGE,none
ExternalResources.java,org.apache.ibatis.io.ExternalResources,org.pitest.mutationtest.engine.gregor.mutators.RemoveConditionalMutator_EQUAL_IF,closeQuietly,56,NO_COVERAGE,none
ExternalResources.java,org.apache.ibatis.io.ExternalResources,org.pitest.mutationtest.engine.gregor.mutators.VoidMethodCallMutator,closeQuietly,58,NO_COVERAGE,none
ExternalResources.java,org.apache.ibatis.io.ExternalResources,org.pitest.mutationtest.engine.gregor.mutators.ArgumentPropagationMutator,copyExternalResource,47,NO_COVERAGE,none
ExternalResources.java,org.apache.ibatis.io.ExternalResources,org.pitest.mutationtest.engine.gregor.mutators.ConstructorCallMutator,copyExternalResource,45,NO_COVERAGE,none
ExternalResources.java,org.apache.ibatis.io.ExternalResources,org.pitest.mutationtest.engine.gregor.mutators.ConstructorCallMutator,copyExternalResource,46,NO_COVERAGE,none
ExternalResources.java,org.apache.ibatis.io.ExternalResources,org.pitest.mutationtest.engine.gregor.mutators.InlineConstantMutator,copyExternalResource,47,NO_COVERAGE,none
ExternalResources.java,org.apache.ibatis.io.ExternalResources,org.pitest.mutationtest.engine.gregor.mutators.NegateConditionalsMutator,copyExternalResource,38,NO_COVERAGE,none
ExternalResources.java,org.apache.ibatis.io.ExternalResources,org.pitest.mutationtest.engine.gregor.mutators.NonVoidMethodCallMutator,copyExternalResource,38,NO_COVERAGE,none
ExternalResources.java,org.apache.ibatis.io.ExternalResources,org.pitest.mutationtest.engine.gregor.mutators.NonVoidMethodCallMutator,copyExternalResource,39,NO_COVERAGE,none
ExternalResources.java,org.apache.ibatis.io.ExternalResources,org.pitest.mutationtest.engine.gregor.mutators.NonVoidMethodCallMutator,copyExternalResource,45,NO_COVERAGE,none
ExternalResources.java,org.apache.ibatis.io.ExternalResources,org.pitest.mutationtest.engine.gregor.mutators.NonVoidMethodCallMutator,copyExternalResource,46,NO_COVERAGE,none
ExternalResources.java,org.apache.ibatis.io.ExternalResources,org.pitest.mutationtest.engine.gregor.mutators.NonVoidMethodCallMutator,copyExternalResource,47,NO_COVERAGE,none
ExternalResources.java,org.apache.ibatis.io.ExternalResources,org.pitest.mutationtest.engine.gregor.mutators.NonVoidMethodCallMutator,copyExternalResource,47,NO_COVERAGE,none
ExternalResources.java,org.apache.ibatis.io.ExternalResources,org.pitest.mutationtest.engine.gregor.mutators.RemoveConditionalMutator_EQUAL_ELSE,copyExternalResource,38,NO_COVERAGE,none
ExternalResources.java,org.apache.ibatis.io.ExternalResources,org.pitest.mutationtest.engine.gregor.mutators.RemoveConditionalMutator_EQUAL_IF,copyExternalResource,38,NO_COVERAGE,none
ExternalResources.java,org.apache.ibatis.io.ExternalResources,org.pitest.mutationtest.engine.gregor.mutators.VoidMethodCallMutator,copyExternalResource,49,NO_COVERAGE,none
ExternalResources.java,org.apache.ibatis.io.ExternalResources,org.pitest.mutationtest.engine.gregor.mutators.VoidMethodCallMutator,copyExternalResource,50,NO_COVERAGE,none
ExternalResources.java,org.apache.ibatis.io.ExternalResources,org.pitest.mutationtest.engine.gregor.mutators.ArgumentPropagationMutator,getConfiguredTemplate,71,NO_COVERAGE,none
ExternalResources.java,org.apache.ibatis.io.ExternalResources,org.pitest.mutationtest.engine.gregor.mutators.ConstructorCallMutator,getConfiguredTemplate,67,NO_COVERAGE,none
ExternalResources.java,org.apache.ibatis.io.ExternalResources,org.pitest.mutationtest.engine.gregor.mutators.ConstructorCallMutator,getConfiguredTemplate,70,NO_COVERAGE,none
ExternalResources.java,org.apache.ibatis.io.ExternalResources,org.pitest.mutationtest.engine.gregor.mutators.NonVoidMethodCallMutator,getConfiguredTemplate,71,NO_COVERAGE,none
ExternalResources.java,org.apache.ibatis.io.ExternalResources,org.pitest.mutationtest.engine.gregor.mutators.ReturnValsMutator,getConfiguredTemplate,78,NO_COVERAGE,none
ExternalResources.java,org.apache.ibatis.io.ExternalResources,org.pitest.mutationtest.engine.gregor.mutators.VoidMethodCallMutator,getConfiguredTemplate,70,NO_COVERAGE,none
ExternalResources.java,org.apache.ibatis.io.ExternalResources,org.pitest.mutationtest.engine.gregor.mutators.VoidMethodCallMutator,getConfiguredTemplate,75,NO_COVERAGE,none
ResultLoader.java,org.apache.ibatis.executor.loader.ResultLoader,org.pitest.mutationtest.engine.gregor.mutators.ConstructorCallMutator,newExecutor,92,NO_COVERAGE,none
ResultLoader.java,org.apache.ibatis.executor.loader.ResultLoader,org.pitest.mutationtest.engine.gregor.mutators.ConstructorCallMutator,newExecutor,96,NO_COVERAGE,none
ResultLoader.java,org.apache.ibatis.executor.loader.ResultLoader,org.pitest.mutationtest.engine.gregor.mutators.InlineConstantMutator,newExecutor,99,NO_COVERAGE,none
ResultLoader.java,org.apache.ibatis.executor.loader.ResultLoader,org.pitest.mutationtest.engine.gregor.mutators.NegateConditionalsMutator,newExecutor,91,NO_COVERAGE,none
ResultLoader.java,org.apache.ibatis.executor.loader.ResultLoader,org.pitest.mutationtest.engine.gregor.mutators.NegateConditionalsMutator,newExecutor,95,NO_COVERAGE,none
ResultLoader.java,org.apache.ibatis.executor.loader.ResultLoader,org.pitest.mutationtest.engine.gregor.mutators.NonVoidMethodCallMutator,newExecutor,90,NO_COVERAGE,none
ResultLoader.java,org.apache.ibatis.executor.loader.ResultLoader,org.pitest.mutationtest.engine.gregor.mutators.NonVoidMethodCallMutator,newExecutor,98,NO_COVERAGE,none
ResultLoader.java,org.apache.ibatis.executor.loader.ResultLoader,org.pitest.mutationtest.engine.gregor.mutators.NonVoidMethodCallMutator,newExecutor,99,NO_COVERAGE,none
ResultLoader.java,org.apache.ibatis.executor.loader.ResultLoader,org.pitest.mutationtest.engine.gregor.mutators.NonVoidMethodCallMutator,newExecutor,100,NO_COVERAGE,none
ResultLoader.java,org.apache.ibatis.executor.loader.ResultLoader,org.pitest.mutationtest.engine.gregor.mutators.RemoveConditionalMutator_EQUAL_ELSE,newExecutor,91,NO_COVERAGE,none
ResultLoader.java,org.apache.ibatis.executor.loader.ResultLoader,org.pitest.mutationtest.engine.gregor.mutators.RemoveConditionalMutator_EQUAL_ELSE,newExecutor,95,NO_COVERAGE,none
ResultLoader.java,org.apache.ibatis.executor.loader.ResultLoader,org.pitest.mutationtest.engine.gregor.mutators.RemoveConditionalMutator_EQUAL_IF,newExecutor,91,NO_COVERAGE,none
ResultLoader.java,org.apache.ibatis.executor.loader.ResultLoader,org.pitest.mutationtest.engine.gregor.mutators.RemoveConditionalMutator_EQUAL_IF,newExecutor,95,NO_COVERAGE,none
ResultLoader.java,org.apache.ibatis.executor.loader.ResultLoader,org.pitest.mutationtest.engine.gregor.mutators.ReturnValsMutator,newExecutor,100,NO_COVERAGE,none
ResultLoader.java,org.apache.ibatis.executor.loader.ResultLoader,org.pitest.mutationtest.engine.gregor.mutators.InlineConstantMutator,selectList,84,NO_COVERAGE,none
ResultLoader.java,org.apache.ibatis.executor.loader.ResultLoader,org.pitest.mutationtest.engine.gregor.mutators.NegateConditionalsMutator,selectList,77,NO_COVERAGE,none
ResultLoader.java,org.apache.ibatis.executor.loader.ResultLoader,org.pitest.mutationtest.engine.gregor.mutators.NonVoidMethodCallMutator,selectList,78,NO_COVERAGE,none
ResultLoader.java,org.apache.ibatis.executor.loader.ResultLoader,org.pitest.mutationtest.engine.gregor.mutators.RemoveConditionalMutator_EQUAL_ELSE,selectList,77,NO_COVERAGE,none
ResultLoader.java,org.apache.ibatis.executor.loader.ResultLoader,org.pitest.mutationtest.engine.gregor.mutators.RemoveConditionalMutator_EQUAL_IF,selectList,77,NO_COVERAGE,none
ResultLoader.java,org.apache.ibatis.executor.loader.ResultLoader,org.pitest.mutationtest.engine.gregor.mutators.VoidMethodCallMutator,selectList,84,NO_COVERAGE,none
ResultLoader.java,org.apache.ibatis.executor.loader.ResultLoader,org.pitest.mutationtest.engine.gregor.mutators.InlineConstantMutator,wasNull,104,NO_COVERAGE,none
ResultLoader.java,org.apache.ibatis.executor.loader.ResultLoader,org.pitest.mutationtest.engine.gregor.mutators.InlineConstantMutator,wasNull,104,NO_COVERAGE,none
ResultLoader.java,org.apache.ibatis.executor.loader.ResultLoader,org.pitest.mutationtest.engine.gregor.mutators.NegateConditionalsMutator,wasNull,104,NO_COVERAGE,none
ResultLoader.java,org.apache.ibatis.executor.loader.ResultLoader,org.pitest.mutationtest.engine.gregor.mutators.RemoveConditionalMutator_EQUAL_ELSE,wasNull,104,NO_COVERAGE,none
ResultLoader.java,org.apache.ibatis.executor.loader.ResultLoader,org.pitest.mutationtest.engine.gregor.mutators.RemoveConditionalMutator_EQUAL_IF,wasNull,104,NO_COVERAGE,none
ResultLoader.java,org.apache.ibatis.executor.loader.ResultLoader,org.pitest.mutationtest.engine.gregor.mutators.ReturnValsMutator,wasNull,104,NO_COVERAGE,none
BlobTypeHandler.java,org.apache.ibatis.type.BlobTypeHandler,org.pitest.mutationtest.engine.gregor.mutators.InlineConstantMutator,getNullableResult,65,NO_COVERAGE,none
BlobTypeHandler.java,org.apache.ibatis.type.BlobTypeHandler,org.pitest.mutationtest.engine.gregor.mutators.NegateConditionalsMutator,getNullableResult,64,NO_COVERAGE,none
BlobTypeHandler.java,org.apache.ibatis.type.BlobTypeHandler,org.pitest.mutationtest.engine.gregor.mutators.NonVoidMethodCallMutator,getNullableResult,62,NO_COVERAGE,none
BlobTypeHandler.java,org.apache.ibatis.type.BlobTypeHandler,org.pitest.mutationtest.engine.gregor.mutators.NonVoidMethodCallMutator,getNullableResult,65,NO_COVERAGE,none
BlobTypeHandler.java,org.apache.ibatis.type.BlobTypeHandler,org.pitest.mutationtest.engine.gregor.mutators.NonVoidMethodCallMutator,getNullableResult,65,NO_COVERAGE,none
BlobTypeHandler.java,org.apache.ibatis.type.BlobTypeHandler,org.pitest.mutationtest.engine.gregor.mutators.RemoveConditionalMutator_EQUAL_ELSE,getNullableResult,64,NO_COVERAGE,none
BlobTypeHandler.java,org.apache.ibatis.type.BlobTypeHandler,org.pitest.mutationtest.engine.gregor.mutators.RemoveConditionalMutator_EQUAL_IF,getNullableResult,64,NO_COVERAGE,none
BlobTypeHandler.java,org.apache.ibatis.type.BlobTypeHandler,org.pitest.mutationtest.engine.gregor.mutators.ReturnValsMutator,getNullableResult,67,NO_COVERAGE,none
BlobTypeHandler.java,org.apache.ibatis.type.BlobTypeHandler,org.pitest.mutationtest.engine.gregor.mutators.InlineConstantMutator,getNullableResult,54,NO_COVERAGE,none
BlobTypeHandler.java,org.apache.ibatis.type.BlobTypeHandler,org.pitest.mutationtest.engine.gregor.mutators.NegateConditionalsMutator,getNullableResult,53,NO_COVERAGE,none
BlobTypeHandler.java,org.apache.ibatis.type.BlobTypeHandler,org.pitest.mutationtest.engine.gregor.mutators.NonVoidMethodCallMutator,getNullableResult,51,NO_COVERAGE,none
BlobTypeHandler.java,org.apache.ibatis.type.BlobTypeHandler,org.pitest.mutationtest.engine.gregor.mutators.NonVoidMethodCallMutator,getNullableResult,54,NO_COVERAGE,none
BlobTypeHandler.java,org.apache.ibatis.type.BlobTypeHandler,org.pitest.mutationtest.engine.gregor.mutators.NonVoidMethodCallMutator,getNullableResult,54,NO_COVERAGE,none
BlobTypeHandler.java,org.apache.ibatis.type.BlobTypeHandler,org.pitest.mutationtest.engine.gregor.mutators.RemoveConditionalMutator_EQUAL_ELSE,getNullableResult,53,NO_COVERAGE,none
BlobTypeHandler.java,org.apache.ibatis.type.BlobTypeHandler,org.pitest.mutationtest.engine.gregor.mutators.RemoveConditionalMutator_EQUAL_IF,getNullableResult,53,NO_COVERAGE,none
BlobTypeHandler.java,org.apache.ibatis.type.BlobTypeHandler,org.pitest.mutationtest.engine.gregor.mutators.ReturnValsMutator,getNullableResult,56,NO_COVERAGE,none
BlobTypeHandler.java,org.apache.ibatis.type.BlobTypeHandler,org.pitest.mutationtest.engine.gregor.mutators.InlineConstantMutator,getNullableResult,43,NO_COVERAGE,none
BlobTypeHandler.java,org.apache.ibatis.type.BlobTypeHandler,org.pitest.mutationtest.engine.gregor.mutators.NegateConditionalsMutator,getNullableResult,42,NO_COVERAGE,none
BlobTypeHandler.java,org.apache.ibatis.type.BlobTypeHandler,org.pitest.mutationtest.engine.gregor.mutators.NonVoidMethodCallMutator,getNullableResult,40,NO_COVERAGE,none
BlobTypeHandler.java,org.apache.ibatis.type.BlobTypeHandler,org.pitest.mutationtest.engine.gregor.mutators.NonVoidMethodCallMutator,getNullableResult,43,NO_COVERAGE,none
BlobTypeHandler.java,org.apache.ibatis.type.BlobTypeHandler,org.pitest.mutationtest.engine.gregor.mutators.NonVoidMethodCallMutator,getNullableResult,43,NO_COVERAGE,none
BlobTypeHandler.java,org.apache.ibatis.type.BlobTypeHandler,org.pitest.mutationtest.engine.gregor.mutators.RemoveConditionalMutator_EQUAL_ELSE,getNullableResult,42,NO_COVERAGE,none
BlobTypeHandler.java,org.apache.ibatis.type.BlobTypeHandler,org.pitest.mutationtest.engine.gregor.mutators.RemoveConditionalMutator_EQUAL_IF,getNullableResult,42,NO_COVERAGE,none
BlobTypeHandler.java,org.apache.ibatis.type.BlobTypeHandler,org.pitest.mutationtest.engine.gregor.mutators.ReturnValsMutator,getNullableResult,45,NO_COVERAGE,none
BlobTypeHandler.java,org.apache.ibatis.type.BlobTypeHandler,org.pitest.mutationtest.engine.gregor.mutators.ConstructorCallMutator,setNonNullParameter,33,NO_COVERAGE,none
BlobTypeHandler.java,org.apache.ibatis.type.BlobTypeHandler,org.pitest.mutationtest.engine.gregor.mutators.VoidMethodCallMutator,setNonNullParameter,34,NO_COVERAGE,none
Configuration.java,org.apache.ibatis.session.Configuration$StrictMap,org.pitest.mutationtest.engine.gregor.mutators.experimental.MemberVariableMutator,<init>,843,NO_COVERAGE,none
Configuration.java,org.apache.ibatis.session.Configuration$StrictMap,org.pitest.mutationtest.engine.gregor.mutators.experimental.MemberVariableMutator,<init>,838,NO_COVERAGE,none
Configuration.java,org.apache.ibatis.session.Configuration$StrictMap,org.pitest.mutationtest.engine.gregor.mutators.experimental.MemberVariableMutator,<init>,853,NO_COVERAGE,none
Configuration.java,org.apache.ibatis.session.Configuration$StrictMap,org.pitest.mutationtest.engine.gregor.mutators.ConstructorCallMutator,get,875,NO_COVERAGE,none
Configuration.java,org.apache.ibatis.session.Configuration$StrictMap,org.pitest.mutationtest.engine.gregor.mutators.ConstructorCallMutator,get,875,NO_COVERAGE,none
Configuration.java,org.apache.ibatis.session.Configuration$StrictMap,org.pitest.mutationtest.engine.gregor.mutators.ConstructorCallMutator,get,878,NO_COVERAGE,none
Configuration.java,org.apache.ibatis.session.Configuration$StrictMap,org.pitest.mutationtest.engine.gregor.mutators.ConstructorCallMutator,get,878,NO_COVERAGE,none
Configuration.java,org.apache.ibatis.session.Configuration$StrictMap,org.pitest.mutationtest.engine.gregor.mutators.NonVoidMethodCallMutator,get,875,NO_COVERAGE,none
Configuration.java,org.apache.ibatis.session.Configuration$StrictMap,org.pitest.mutationtest.engine.gregor.mutators.NonVoidMethodCallMutator,get,875,NO_COVERAGE,none
Configuration.java,org.apache.ibatis.session.Configuration$StrictMap,org.pitest.mutationtest.engine.gregor.mutators.NonVoidMethodCallMutator,get,875,NO_COVERAGE,none
Configuration.java,org.apache.ibatis.session.Configuration$StrictMap,org.pitest.mutationtest.engine.gregor.mutators.NonVoidMethodCallMutator,get,875,NO_COVERAGE,none
Configuration.java,org.apache.ibatis.session.Configuration$StrictMap,org.pitest.mutationtest.engine.gregor.mutators.NonVoidMethodCallMutator,get,878,NO_COVERAGE,none
Configuration.java,org.apache.ibatis.session.Configuration$StrictMap,org.pitest.mutationtest.engine.gregor.mutators.NonVoidMethodCallMutator,get,878,NO_COVERAGE,none
Configuration.java,org.apache.ibatis.session.Configuration$StrictMap,org.pitest.mutationtest.engine.gregor.mutators.NonVoidMethodCallMutator,get,878,NO_COVERAGE,none
Configuration.java,org.apache.ibatis.session.Configuration$StrictMap,org.pitest.mutationtest.engine.gregor.mutators.NonVoidMethodCallMutator,get,878,NO_COVERAGE,none
Configuration.java,org.apache.ibatis.session.Configuration$StrictMap,org.pitest.mutationtest.engine.gregor.mutators.NonVoidMethodCallMutator,get,878,NO_COVERAGE,none
Configuration.java,org.apache.ibatis.session.Configuration$StrictMap,org.pitest.mutationtest.engine.gregor.mutators.NonVoidMethodCallMutator,get,878,NO_COVERAGE,none
Configuration.java,org.apache.ibatis.session.Configuration$StrictMap,org.pitest.mutationtest.engine.gregor.mutators.ConstructorCallMutator,put,859,NO_COVERAGE,none
Configuration.java,org.apache.ibatis.session.Configuration$StrictMap,org.pitest.mutationtest.engine.gregor.mutators.ConstructorCallMutator,put,859,NO_COVERAGE,none
Configuration.java,org.apache.ibatis.session.Configuration$StrictMap,org.pitest.mutationtest.engine.gregor.mutators.NonVoidMethodCallMutator,put,859,NO_COVERAGE,none
Configuration.java,org.apache.ibatis.session.Configuration$StrictMap,org.pitest.mutationtest.engine.gregor.mutators.NonVoidMethodCallMutator,put,859,NO_COVERAGE,none
Configuration.java,org.apache.ibatis.session.Configuration$StrictMap,org.pitest.mutationtest.engine.gregor.mutators.NonVoidMethodCallMutator,put,859,NO_COVERAGE,none
Configuration.java,org.apache.ibatis.session.Configuration$StrictMap,org.pitest.mutationtest.engine.gregor.mutators.NonVoidMethodCallMutator,put,859,NO_COVERAGE,none
JBoss6VFS.java,org.apache.ibatis.io.JBoss6VFS$VirtualFile,org.pitest.mutationtest.engine.gregor.mutators.experimental.MemberVariableMutator,<init>,44,NO_COVERAGE,none
JBoss6VFS.java,org.apache.ibatis.io.JBoss6VFS$VirtualFile,org.pitest.mutationtest.engine.gregor.mutators.ArgumentPropagationMutator,getChildren,58,NO_COVERAGE,none
JBoss6VFS.java,org.apache.ibatis.io.JBoss6VFS$VirtualFile,org.pitest.mutationtest.engine.gregor.mutators.ConstructorCallMutator,getChildren,59,NO_COVERAGE,none
JBoss6VFS.java,org.apache.ibatis.io.JBoss6VFS$VirtualFile,org.pitest.mutationtest.engine.gregor.mutators.ConstructorCallMutator,getChildren,61,NO_COVERAGE,none
JBoss6VFS.java,org.apache.ibatis.io.JBoss6VFS$VirtualFile,org.pitest.mutationtest.engine.gregor.mutators.InlineConstantMutator,getChildren,58,NO_COVERAGE,none
JBoss6VFS.java,org.apache.ibatis.io.JBoss6VFS$VirtualFile,org.pitest.mutationtest.engine.gregor.mutators.NegateConditionalsMutator,getChildren,60,NO_COVERAGE,none
JBoss6VFS.java,org.apache.ibatis.io.JBoss6VFS$VirtualFile,org.pitest.mutationtest.engine.gregor.mutators.NonVoidMethodCallMutator,getChildren,58,NO_COVERAGE,none
JBoss6VFS.java,org.apache.ibatis.io.JBoss6VFS$VirtualFile,org.pitest.mutationtest.engine.gregor.mutators.NonVoidMethodCallMutator,getChildren,59,NO_COVERAGE,none
JBoss6VFS.java,org.apache.ibatis.io.JBoss6VFS$VirtualFile,org.pitest.mutationtest.engine.gregor.mutators.NonVoidMethodCallMutator,getChildren,60,NO_COVERAGE,none
JBoss6VFS.java,org.apache.ibatis.io.JBoss6VFS$VirtualFile,org.pitest.mutationtest.engine.gregor.mutators.NonVoidMethodCallMutator,getChildren,60,NO_COVERAGE,none
JBoss6VFS.java,org.apache.ibatis.io.JBoss6VFS$VirtualFile,org.pitest.mutationtest.engine.gregor.mutators.NonVoidMethodCallMutator,getChildren,60,NO_COVERAGE,none
JBoss6VFS.java,org.apache.ibatis.io.JBoss6VFS$VirtualFile,org.pitest.mutationtest.engine.gregor.mutators.NonVoidMethodCallMutator,getChildren,61,NO_COVERAGE,none
JBoss6VFS.java,org.apache.ibatis.io.JBoss6VFS$VirtualFile,org.pitest.mutationtest.engine.gregor.mutators.RemoveConditionalMutator_EQUAL_ELSE,getChildren,60,NO_COVERAGE,none
JBoss6VFS.java,org.apache.ibatis.io.JBoss6VFS$VirtualFile,org.pitest.mutationtest.engine.gregor.mutators.RemoveConditionalMutator_EQUAL_IF,getChildren,60,NO_COVERAGE,none
JBoss6VFS.java,org.apache.ibatis.io.JBoss6VFS$VirtualFile,org.pitest.mutationtest.engine.gregor.mutators.ReturnValsMutator,getChildren,63,NO_COVERAGE,none
JBoss6VFS.java,org.apache.ibatis.io.JBoss6VFS$VirtualFile,org.pitest.mutationtest.engine.gregor.mutators.ArgumentPropagationMutator,getPathNameRelativeTo,49,NO_COVERAGE,none
JBoss6VFS.java,org.apache.ibatis.io.JBoss6VFS$VirtualFile,org.pitest.mutationtest.engine.gregor.mutators.InlineConstantMutator,getPathNameRelativeTo,49,NO_COVERAGE,none
JBoss6VFS.java,org.apache.ibatis.io.JBoss6VFS$VirtualFile,org.pitest.mutationtest.engine.gregor.mutators.InlineConstantMutator,getPathNameRelativeTo,49,NO_COVERAGE,none
JBoss6VFS.java,org.apache.ibatis.io.JBoss6VFS$VirtualFile,org.pitest.mutationtest.engine.gregor.mutators.NonVoidMethodCallMutator,getPathNameRelativeTo,49,NO_COVERAGE,none
JBoss6VFS.java,org.apache.ibatis.io.JBoss6VFS$VirtualFile,org.pitest.mutationtest.engine.gregor.mutators.NonVoidMethodCallMutator,getPathNameRelativeTo,52,NO_COVERAGE,none
JBoss6VFS.java,org.apache.ibatis.io.JBoss6VFS$VirtualFile,org.pitest.mutationtest.engine.gregor.mutators.ReturnValsMutator,getPathNameRelativeTo,49,NO_COVERAGE,none
JBoss6VFS.java,org.apache.ibatis.io.JBoss6VFS$VirtualFile,org.pitest.mutationtest.engine.gregor.mutators.ReturnValsMutator,getPathNameRelativeTo,53,NO_COVERAGE,none
JBoss6VFS.java,org.apache.ibatis.io.JBoss6VFS$VirtualFile,org.pitest.mutationtest.engine.gregor.mutators.VoidMethodCallMutator,getPathNameRelativeTo,52,NO_COVERAGE,none
ChooseSqlNode.java,org.apache.ibatis.scripting.xmltags.ChooseSqlNode,org.pitest.mutationtest.engine.gregor.mutators.experimental.MemberVariableMutator,<init>,28,NO_COVERAGE,none
ChooseSqlNode.java,org.apache.ibatis.scripting.xmltags.ChooseSqlNode,org.pitest.mutationtest.engine.gregor.mutators.experimental.MemberVariableMutator,<init>,29,NO_COVERAGE,none
ChooseSqlNode.java,org.apache.ibatis.scripting.xmltags.ChooseSqlNode,org.pitest.mutationtest.engine.gregor.mutators.InlineConstantMutator,apply,36,NO_COVERAGE,none
ChooseSqlNode.java,org.apache.ibatis.scripting.xmltags.ChooseSqlNode,org.pitest.mutationtest.engine.gregor.mutators.InlineConstantMutator,apply,41,NO_COVERAGE,none
ChooseSqlNode.java,org.apache.ibatis.scripting.xmltags.ChooseSqlNode,org.pitest.mutationtest.engine.gregor.mutators.InlineConstantMutator,apply,43,NO_COVERAGE,none
ChooseSqlNode.java,org.apache.ibatis.scripting.xmltags.ChooseSqlNode,org.pitest.mutationtest.engine.gregor.mutators.NegateConditionalsMutator,apply,34,NO_COVERAGE,none
ChooseSqlNode.java,org.apache.ibatis.scripting.xmltags.ChooseSqlNode,org.pitest.mutationtest.engine.gregor.mutators.NegateConditionalsMutator,apply,35,NO_COVERAGE,none
ChooseSqlNode.java,org.apache.ibatis.scripting.xmltags.ChooseSqlNode,org.pitest.mutationtest.engine.gregor.mutators.NegateConditionalsMutator,apply,39,NO_COVERAGE,none
ChooseSqlNode.java,org.apache.ibatis.scripting.xmltags.ChooseSqlNode,org.pitest.mutationtest.engine.gregor.mutators.NonVoidMethodCallMutator,apply,34,NO_COVERAGE,none
ChooseSqlNode.java,org.apache.ibatis.scripting.xmltags.ChooseSqlNode,org.pitest.mutationtest.engine.gregor.mutators.NonVoidMethodCallMutator,apply,34,NO_COVERAGE,none
ChooseSqlNode.java,org.apache.ibatis.scripting.xmltags.ChooseSqlNode,org.pitest.mutationtest.engine.gregor.mutators.NonVoidMethodCallMutator,apply,34,NO_COVERAGE,none
ChooseSqlNode.java,org.apache.ibatis.scripting.xmltags.ChooseSqlNode,org.pitest.mutationtest.engine.gregor.mutators.NonVoidMethodCallMutator,apply,35,NO_COVERAGE,none
ChooseSqlNode.java,org.apache.ibatis.scripting.xmltags.ChooseSqlNode,org.pitest.mutationtest.engine.gregor.mutators.NonVoidMethodCallMutator,apply,40,NO_COVERAGE,none
ChooseSqlNode.java,org.apache.ibatis.scripting.xmltags.ChooseSqlNode,org.pitest.mutationtest.engine.gregor.mutators.RemoveConditionalMutator_EQUAL_ELSE,apply,34,NO_COVERAGE,none
ChooseSqlNode.java,org.apache.ibatis.scripting.xmltags.ChooseSqlNode,org.pitest.mutationtest.engine.gregor.mutators.RemoveConditionalMutator_EQUAL_ELSE,apply,35,NO_COVERAGE,none
ChooseSqlNode.java,org.apache.ibatis.scripting.xmltags.ChooseSqlNode,org.pitest.mutationtest.engine.gregor.mutators.RemoveConditionalMutator_EQUAL_ELSE,apply,39,NO_COVERAGE,none
ChooseSqlNode.java,org.apache.ibatis.scripting.xmltags.ChooseSqlNode,org.pitest.mutationtest.engine.gregor.mutators.RemoveConditionalMutator_EQUAL_IF,apply,34,NO_COVERAGE,none
ChooseSqlNode.java,org.apache.ibatis.scripting.xmltags.ChooseSqlNode,org.pitest.mutationtest.engine.gregor.mutators.RemoveConditionalMutator_EQUAL_IF,apply,35,NO_COVERAGE,none
ChooseSqlNode.java,org.apache.ibatis.scripting.xmltags.ChooseSqlNode,org.pitest.mutationtest.engine.gregor.mutators.RemoveConditionalMutator_EQUAL_IF,apply,39,NO_COVERAGE,none
ChooseSqlNode.java,org.apache.ibatis.scripting.xmltags.ChooseSqlNode,org.pitest.mutationtest.engine.gregor.mutators.ReturnValsMutator,apply,36,NO_COVERAGE,none
ChooseSqlNode.java,org.apache.ibatis.scripting.xmltags.ChooseSqlNode,org.pitest.mutationtest.engine.gregor.mutators.ReturnValsMutator,apply,41,NO_COVERAGE,none
ChooseSqlNode.java,org.apache.ibatis.scripting.xmltags.ChooseSqlNode,org.pitest.mutationtest.engine.gregor.mutators.ReturnValsMutator,apply,43,NO_COVERAGE,none
TransactionalCacheManager.java,org.apache.ibatis.cache.TransactionalCacheManager,org.pitest.mutationtest.engine.gregor.mutators.ConstructorCallMutator,<init>,28,KILLED,org.apache.ibatis.submitted.extend.ExtendTest.org.apache.ibatis.submitted.extend.ExtendTest
TransactionalCacheManager.java,org.apache.ibatis.cache.TransactionalCacheManager,org.pitest.mutationtest.engine.gregor.mutators.NonVoidMethodCallMutator,clear,31,NO_COVERAGE,none
TransactionalCacheManager.java,org.apache.ibatis.cache.TransactionalCacheManager,org.pitest.mutationtest.engine.gregor.mutators.VoidMethodCallMutator,clear,31,NO_COVERAGE,none
TransactionalCacheManager.java,org.apache.ibatis.cache.TransactionalCacheManager,org.pitest.mutationtest.engine.gregor.mutators.NonVoidMethodCallMutator,commit,43,KILLED,org.apache.ibatis.submitted.extend.ExtendTest.org.apache.ibatis.submitted.extend.ExtendTest
TransactionalCacheManager.java,org.apache.ibatis.cache.TransactionalCacheManager,org.pitest.mutationtest.engine.gregor.mutators.RemoveConditionalMutator_EQUAL_IF,commit,43,KILLED,org.apache.ibatis.submitted.extend.ExtendTest.org.apache.ibatis.submitted.extend.ExtendTest
TransactionalCacheManager.java,org.apache.ibatis.cache.TransactionalCacheManager,org.pitest.mutationtest.engine.gregor.mutators.ArgumentPropagationMutator,getObject,35,NO_COVERAGE,none
TransactionalCacheManager.java,org.apache.ibatis.cache.TransactionalCacheManager,org.pitest.mutationtest.engine.gregor.mutators.NonVoidMethodCallMutator,getObject,35,NO_COVERAGE,none
TransactionalCacheManager.java,org.apache.ibatis.cache.TransactionalCacheManager,org.pitest.mutationtest.engine.gregor.mutators.NonVoidMethodCallMutator,getObject,35,NO_COVERAGE,none
TransactionalCacheManager.java,org.apache.ibatis.cache.TransactionalCacheManager,org.pitest.mutationtest.engine.gregor.mutators.ReturnValsMutator,getObject,35,NO_COVERAGE,none
TransactionalCacheManager.java,org.apache.ibatis.cache.TransactionalCacheManager,org.pitest.mutationtest.engine.gregor.mutators.ArgumentPropagationMutator,getTransactionalCache,55,NO_COVERAGE,none
TransactionalCacheManager.java,org.apache.ibatis.cache.TransactionalCacheManager,org.pitest.mutationtest.engine.gregor.mutators.ConstructorCallMutator,getTransactionalCache,57,NO_COVERAGE,none
TransactionalCacheManager.java,org.apache.ibatis.cache.TransactionalCacheManager,org.pitest.mutationtest.engine.gregor.mutators.NegateConditionalsMutator,getTransactionalCache,56,NO_COVERAGE,none
TransactionalCacheManager.java,org.apache.ibatis.cache.TransactionalCacheManager,org.pitest.mutationtest.engine.gregor.mutators.NonVoidMethodCallMutator,getTransactionalCache,55,NO_COVERAGE,none
TransactionalCacheManager.java,org.apache.ibatis.cache.TransactionalCacheManager,org.pitest.mutationtest.engine.gregor.mutators.RemoveConditionalMutator_EQUAL_ELSE,getTransactionalCache,56,NO_COVERAGE,none
TransactionalCacheManager.java,org.apache.ibatis.cache.TransactionalCacheManager,org.pitest.mutationtest.engine.gregor.mutators.RemoveConditionalMutator_EQUAL_IF,getTransactionalCache,56,NO_COVERAGE,none
TransactionalCacheManager.java,org.apache.ibatis.cache.TransactionalCacheManager,org.pitest.mutationtest.engine.gregor.mutators.ReturnValsMutator,getTransactionalCache,60,NO_COVERAGE,none
TransactionalCacheManager.java,org.apache.ibatis.cache.TransactionalCacheManager,org.pitest.mutationtest.engine.gregor.mutators.NonVoidMethodCallMutator,putObject,39,NO_COVERAGE,none
TransactionalCacheManager.java,org.apache.ibatis.cache.TransactionalCacheManager,org.pitest.mutationtest.engine.gregor.mutators.VoidMethodCallMutator,putObject,39,NO_COVERAGE,none
TransactionalCacheManager.java,org.apache.ibatis.cache.TransactionalCacheManager,org.pitest.mutationtest.engine.gregor.mutators.NonVoidMethodCallMutator,rollback,49,NO_COVERAGE,none
TransactionalCacheManager.java,org.apache.ibatis.cache.TransactionalCacheManager,org.pitest.mutationtest.engine.gregor.mutators.NonVoidMethodCallMutator,rollback,49,NO_COVERAGE,none
TransactionalCacheManager.java,org.apache.ibatis.cache.TransactionalCacheManager,org.pitest.mutationtest.engine.gregor.mutators.RemoveConditionalMutator_EQUAL_ELSE,rollback,49,NO_COVERAGE,none
TransactionalCacheManager.java,org.apache.ibatis.cache.TransactionalCacheManager,org.pitest.mutationtest.engine.gregor.mutators.VoidMethodCallMutator,rollback,50,NO_COVERAGE,none
JavassistProxyFactory.java,org.apache.ibatis.executor.loader.javassist.JavassistProxyFactory,org.pitest.mutationtest.engine.gregor.mutators.ConstructorCallMutator,<init>,55,NO_COVERAGE,none
JavassistProxyFactory.java,org.apache.ibatis.executor.loader.javassist.JavassistProxyFactory,org.pitest.mutationtest.engine.gregor.mutators.ArgumentPropagationMutator,crateProxy,91,NO_COVERAGE,none
JavassistProxyFactory.java,org.apache.ibatis.executor.loader.javassist.JavassistProxyFactory,org.pitest.mutationtest.engine.gregor.mutators.ArgumentPropagationMutator,crateProxy,92,NO_COVERAGE,none
JavassistProxyFactory.java,org.apache.ibatis.executor.loader.javassist.JavassistProxyFactory,org.pitest.mutationtest.engine.gregor.mutators.ConstructorCallMutator,crateProxy,82,NO_COVERAGE,none
JavassistProxyFactory.java,org.apache.ibatis.executor.loader.javassist.JavassistProxyFactory,org.pitest.mutationtest.engine.gregor.mutators.ConstructorCallMutator,crateProxy,96,NO_COVERAGE,none
JavassistProxyFactory.java,org.apache.ibatis.executor.loader.javassist.JavassistProxyFactory,org.pitest.mutationtest.engine.gregor.mutators.ConstructorCallMutator,crateProxy,96,NO_COVERAGE,none
JavassistProxyFactory.java,org.apache.ibatis.executor.loader.javassist.JavassistProxyFactory,org.pitest.mutationtest.engine.gregor.mutators.InlineConstantMutator,crateProxy,79,NO_COVERAGE,none
JavassistProxyFactory.java,org.apache.ibatis.executor.loader.javassist.JavassistProxyFactory,org.pitest.mutationtest.engine.gregor.mutators.NegateConditionalsMutator,crateProxy,81,NO_COVERAGE,none
JavassistProxyFactory.java,org.apache.ibatis.executor.loader.javassist.JavassistProxyFactory,org.pitest.mutationtest.engine.gregor.mutators.NonVoidMethodCallMutator,crateProxy,82,NO_COVERAGE,none
JavassistProxyFactory.java,org.apache.ibatis.executor.loader.javassist.JavassistProxyFactory,org.pitest.mutationtest.engine.gregor.mutators.NonVoidMethodCallMutator,crateProxy,82,NO_COVERAGE,none
JavassistProxyFactory.java,org.apache.ibatis.executor.loader.javassist.JavassistProxyFactory,org.pitest.mutationtest.engine.gregor.mutators.NonVoidMethodCallMutator,crateProxy,82,NO_COVERAGE,none
JavassistProxyFactory.java,org.apache.ibatis.executor.loader.javassist.JavassistProxyFactory,org.pitest.mutationtest.engine.gregor.mutators.NonVoidMethodCallMutator,crateProxy,82,NO_COVERAGE,none
JavassistProxyFactory.java,org.apache.ibatis.executor.loader.javassist.JavassistProxyFactory,org.pitest.mutationtest.engine.gregor.mutators.NonVoidMethodCallMutator,crateProxy,92,NO_COVERAGE,none
JavassistProxyFactory.java,org.apache.ibatis.executor.loader.javassist.JavassistProxyFactory,org.pitest.mutationtest.engine.gregor.mutators.NonVoidMethodCallMutator,crateProxy,92,NO_COVERAGE,none
JavassistProxyFactory.java,org.apache.ibatis.executor.loader.javassist.JavassistProxyFactory,org.pitest.mutationtest.engine.gregor.mutators.NonVoidMethodCallMutator,crateProxy,96,NO_COVERAGE,none
JavassistProxyFactory.java,org.apache.ibatis.executor.loader.javassist.JavassistProxyFactory,org.pitest.mutationtest.engine.gregor.mutators.NonVoidMethodCallMutator,crateProxy,96,NO_COVERAGE,none
JavassistProxyFactory.java,org.apache.ibatis.executor.loader.javassist.JavassistProxyFactory,org.pitest.mutationtest.engine.gregor.mutators.NonVoidMethodCallMutator,crateProxy,96,NO_COVERAGE,none
JavassistProxyFactory.java,org.apache.ibatis.executor.loader.javassist.JavassistProxyFactory,org.pitest.mutationtest.engine.gregor.mutators.RemoveConditionalMutator_EQUAL_ELSE,crateProxy,81,NO_COVERAGE,none
JavassistProxyFactory.java,org.apache.ibatis.executor.loader.javassist.JavassistProxyFactory,org.pitest.mutationtest.engine.gregor.mutators.VoidMethodCallMutator,crateProxy,82,NO_COVERAGE,none
JavassistProxyFactory.java,org.apache.ibatis.executor.loader.javassist.JavassistProxyFactory,org.pitest.mutationtest.engine.gregor.mutators.ArgumentPropagationMutator,createDeserializationProxy,65,NO_COVERAGE,none
JavassistProxyFactory.java,org.apache.ibatis.executor.loader.javassist.JavassistProxyFactory,org.pitest.mutationtest.engine.gregor.mutators.NonVoidMethodCallMutator,createDeserializationProxy,65,NO_COVERAGE,none
JavassistProxyFactory.java,org.apache.ibatis.executor.loader.javassist.JavassistProxyFactory,org.pitest.mutationtest.engine.gregor.mutators.ReturnValsMutator,createDeserializationProxy,65,NO_COVERAGE,none
StatementUtil.java,org.apache.ibatis.executor.statement.StatementUtil,org.pitest.mutationtest.engine.gregor.mutators.ConditionalsBoundaryMutator,applyTransactionTimeout,50,NO_COVERAGE,none
StatementUtil.java,org.apache.ibatis.executor.statement.StatementUtil,org.pitest.mutationtest.engine.gregor.mutators.NegateConditionalsMutator,applyTransactionTimeout,44,KILLED,org.apache.ibatis.submitted.extend.ExtendTest.org.apache.ibatis.submitted.extend.ExtendTest
StatementUtil.java,org.apache.ibatis.executor.statement.StatementUtil,org.pitest.mutationtest.engine.gregor.mutators.NegateConditionalsMutator,applyTransactionTimeout,48,NO_COVERAGE,none
StatementUtil.java,org.apache.ibatis.executor.statement.StatementUtil,org.pitest.mutationtest.engine.gregor.mutators.NegateConditionalsMutator,applyTransactionTimeout,48,NO_COVERAGE,none
StatementUtil.java,org.apache.ibatis.executor.statement.StatementUtil,org.pitest.mutationtest.engine.gregor.mutators.NegateConditionalsMutator,applyTransactionTimeout,50,NO_COVERAGE,none
StatementUtil.java,org.apache.ibatis.executor.statement.StatementUtil,org.pitest.mutationtest.engine.gregor.mutators.NegateConditionalsMutator,applyTransactionTimeout,53,NO_COVERAGE,none
StatementUtil.java,org.apache.ibatis.executor.statement.StatementUtil,org.pitest.mutationtest.engine.gregor.mutators.NonVoidMethodCallMutator,applyTransactionTimeout,48,NO_COVERAGE,none
StatementUtil.java,org.apache.ibatis.executor.statement.StatementUtil,org.pitest.mutationtest.engine.gregor.mutators.NonVoidMethodCallMutator,applyTransactionTimeout,50,NO_COVERAGE,none
StatementUtil.java,org.apache.ibatis.executor.statement.StatementUtil,org.pitest.mutationtest.engine.gregor.mutators.NonVoidMethodCallMutator,applyTransactionTimeout,50,NO_COVERAGE,none
StatementUtil.java,org.apache.ibatis.executor.statement.StatementUtil,org.pitest.mutationtest.engine.gregor.mutators.NonVoidMethodCallMutator,applyTransactionTimeout,54,NO_COVERAGE,none
StatementUtil.java,org.apache.ibatis.executor.statement.StatementUtil,org.pitest.mutationtest.engine.gregor.mutators.RemoveConditionalMutator_EQUAL_ELSE,applyTransactionTimeout,48,NO_COVERAGE,none
StatementUtil.java,org.apache.ibatis.executor.statement.StatementUtil,org.pitest.mutationtest.engine.gregor.mutators.RemoveConditionalMutator_EQUAL_ELSE,applyTransactionTimeout,48,NO_COVERAGE,none
StatementUtil.java,org.apache.ibatis.executor.statement.StatementUtil,org.pitest.mutationtest.engine.gregor.mutators.RemoveConditionalMutator_EQUAL_ELSE,applyTransactionTimeout,53,NO_COVERAGE,none
StatementUtil.java,org.apache.ibatis.executor.statement.StatementUtil,org.pitest.mutationtest.engine.gregor.mutators.RemoveConditionalMutator_EQUAL_IF,applyTransactionTimeout,44,SURVIVED,none
StatementUtil.java,org.apache.ibatis.executor.statement.StatementUtil,org.pitest.mutationtest.engine.gregor.mutators.RemoveConditionalMutator_EQUAL_IF,applyTransactionTimeout,48,NO_COVERAGE,none
StatementUtil.java,org.apache.ibatis.executor.statement.StatementUtil,org.pitest.mutationtest.engine.gregor.mutators.RemoveConditionalMutator_EQUAL_IF,applyTransactionTimeout,48,NO_COVERAGE,none
StatementUtil.java,org.apache.ibatis.executor.statement.StatementUtil,org.pitest.mutationtest.engine.gregor.mutators.RemoveConditionalMutator_EQUAL_IF,applyTransactionTimeout,53,NO_COVERAGE,none
StatementUtil.java,org.apache.ibatis.executor.statement.StatementUtil,org.pitest.mutationtest.engine.gregor.mutators.RemoveConditionalMutator_ORDER_ELSE,applyTransactionTimeout,50,NO_COVERAGE,none
StatementUtil.java,org.apache.ibatis.executor.statement.StatementUtil,org.pitest.mutationtest.engine.gregor.mutators.RemoveConditionalMutator_ORDER_IF,applyTransactionTimeout,50,NO_COVERAGE,none
StatementUtil.java,org.apache.ibatis.executor.statement.StatementUtil,org.pitest.mutationtest.engine.gregor.mutators.VoidMethodCallMutator,applyTransactionTimeout,54,NO_COVERAGE,none
BlobByteObjectArrayTypeHandler.java,org.apache.ibatis.type.BlobByteObjectArrayTypeHandler,org.pitest.mutationtest.engine.gregor.mutators.InlineConstantMutator,getBytes,57,NO_COVERAGE,none
BlobByteObjectArrayTypeHandler.java,org.apache.ibatis.type.BlobByteObjectArrayTypeHandler,org.pitest.mutationtest.engine.gregor.mutators.NegateConditionalsMutator,getBytes,56,NO_COVERAGE,none
BlobByteObjectArrayTypeHandler.java,org.apache.ibatis.type.BlobByteObjectArrayTypeHandler,org.pitest.mutationtest.engine.gregor.mutators.NonVoidMethodCallMutator,getBytes,57,NO_COVERAGE,none
BlobByteObjectArrayTypeHandler.java,org.apache.ibatis.type.BlobByteObjectArrayTypeHandler,org.pitest.mutationtest.engine.gregor.mutators.NonVoidMethodCallMutator,getBytes,57,NO_COVERAGE,none
BlobByteObjectArrayTypeHandler.java,org.apache.ibatis.type.BlobByteObjectArrayTypeHandler,org.pitest.mutationtest.engine.gregor.mutators.NonVoidMethodCallMutator,getBytes,57,NO_COVERAGE,none
BlobByteObjectArrayTypeHandler.java,org.apache.ibatis.type.BlobByteObjectArrayTypeHandler,org.pitest.mutationtest.engine.gregor.mutators.RemoveConditionalMutator_EQUAL_ELSE,getBytes,56,NO_COVERAGE,none
BlobByteObjectArrayTypeHandler.java,org.apache.ibatis.type.BlobByteObjectArrayTypeHandler,org.pitest.mutationtest.engine.gregor.mutators.RemoveConditionalMutator_EQUAL_IF,getBytes,56,NO_COVERAGE,none
BlobByteObjectArrayTypeHandler.java,org.apache.ibatis.type.BlobByteObjectArrayTypeHandler,org.pitest.mutationtest.engine.gregor.mutators.ReturnValsMutator,getBytes,59,NO_COVERAGE,none
BlobByteObjectArrayTypeHandler.java,org.apache.ibatis.type.BlobByteObjectArrayTypeHandler,org.pitest.mutationtest.engine.gregor.mutators.NonVoidMethodCallMutator,getNullableResult,50,NO_COVERAGE,none
BlobByteObjectArrayTypeHandler.java,org.apache.ibatis.type.BlobByteObjectArrayTypeHandler,org.pitest.mutationtest.engine.gregor.mutators.NonVoidMethodCallMutator,getNullableResult,51,NO_COVERAGE,none
BlobByteObjectArrayTypeHandler.java,org.apache.ibatis.type.BlobByteObjectArrayTypeHandler,org.pitest.mutationtest.engine.gregor.mutators.ReturnValsMutator,getNullableResult,51,NO_COVERAGE,none
BlobByteObjectArrayTypeHandler.java,org.apache.ibatis.type.BlobByteObjectArrayTypeHandler,org.pitest.mutationtest.engine.gregor.mutators.NonVoidMethodCallMutator,getNullableResult,43,NO_COVERAGE,none
BlobByteObjectArrayTypeHandler.java,org.apache.ibatis.type.BlobByteObjectArrayTypeHandler,org.pitest.mutationtest.engine.gregor.mutators.NonVoidMethodCallMutator,getNullableResult,44,NO_COVERAGE,none
BlobByteObjectArrayTypeHandler.java,org.apache.ibatis.type.BlobByteObjectArrayTypeHandler,org.pitest.mutationtest.engine.gregor.mutators.ReturnValsMutator,getNullableResult,44,NO_COVERAGE,none
BlobByteObjectArrayTypeHandler.java,org.apache.ibatis.type.BlobByteObjectArrayTypeHandler,org.pitest.mutationtest.engine.gregor.mutators.NonVoidMethodCallMutator,getNullableResult,36,NO_COVERAGE,none
BlobByteObjectArrayTypeHandler.java,org.apache.ibatis.type.BlobByteObjectArrayTypeHandler,org.pitest.mutationtest.engine.gregor.mutators.NonVoidMethodCallMutator,getNullableResult,37,NO_COVERAGE,none
BlobByteObjectArrayTypeHandler.java,org.apache.ibatis.type.BlobByteObjectArrayTypeHandler,org.pitest.mutationtest.engine.gregor.mutators.ReturnValsMutator,getNullableResult,37,NO_COVERAGE,none
BlobByteObjectArrayTypeHandler.java,org.apache.ibatis.type.BlobByteObjectArrayTypeHandler,org.pitest.mutationtest.engine.gregor.mutators.ConstructorCallMutator,setNonNullParameter,29,NO_COVERAGE,none
BlobByteObjectArrayTypeHandler.java,org.apache.ibatis.type.BlobByteObjectArrayTypeHandler,org.pitest.mutationtest.engine.gregor.mutators.NonVoidMethodCallMutator,setNonNullParameter,29,NO_COVERAGE,none
BlobByteObjectArrayTypeHandler.java,org.apache.ibatis.type.BlobByteObjectArrayTypeHandler,org.pitest.mutationtest.engine.gregor.mutators.VoidMethodCallMutator,setNonNullParameter,30,NO_COVERAGE,none
BigIntegerTypeHandler.java,org.apache.ibatis.type.BigIntegerTypeHandler,org.pitest.mutationtest.engine.gregor.mutators.NegateConditionalsMutator,getNullableResult,50,NO_COVERAGE,none
BigIntegerTypeHandler.java,org.apache.ibatis.type.BigIntegerTypeHandler,org.pitest.mutationtest.engine.gregor.mutators.NonVoidMethodCallMutator,getNullableResult,49,NO_COVERAGE,none
BigIntegerTypeHandler.java,org.apache.ibatis.type.BigIntegerTypeHandler,org.pitest.mutationtest.engine.gregor.mutators.NonVoidMethodCallMutator,getNullableResult,50,NO_COVERAGE,none
BigIntegerTypeHandler.java,org.apache.ibatis.type.BigIntegerTypeHandler,org.pitest.mutationtest.engine.gregor.mutators.RemoveConditionalMutator_EQUAL_ELSE,getNullableResult,50,NO_COVERAGE,none
BigIntegerTypeHandler.java,org.apache.ibatis.type.BigIntegerTypeHandler,org.pitest.mutationtest.engine.gregor.mutators.RemoveConditionalMutator_EQUAL_IF,getNullableResult,50,NO_COVERAGE,none
BigIntegerTypeHandler.java,org.apache.ibatis.type.BigIntegerTypeHandler,org.pitest.mutationtest.engine.gregor.mutators.ReturnValsMutator,getNullableResult,50,NO_COVERAGE,none
BigIntegerTypeHandler.java,org.apache.ibatis.type.BigIntegerTypeHandler,org.pitest.mutationtest.engine.gregor.mutators.NegateConditionalsMutator,getNullableResult,44,NO_COVERAGE,none
BigIntegerTypeHandler.java,org.apache.ibatis.type.BigIntegerTypeHandler,org.pitest.mutationtest.engine.gregor.mutators.NonVoidMethodCallMutator,getNullableResult,43,NO_COVERAGE,none
BigIntegerTypeHandler.java,org.apache.ibatis.type.BigIntegerTypeHandler,org.pitest.mutationtest.engine.gregor.mutators.NonVoidMethodCallMutator,getNullableResult,44,NO_COVERAGE,none
BigIntegerTypeHandler.java,org.apache.ibatis.type.BigIntegerTypeHandler,org.pitest.mutationtest.engine.gregor.mutators.RemoveConditionalMutator_EQUAL_ELSE,getNullableResult,44,NO_COVERAGE,none
BigIntegerTypeHandler.java,org.apache.ibatis.type.BigIntegerTypeHandler,org.pitest.mutationtest.engine.gregor.mutators.RemoveConditionalMutator_EQUAL_IF,getNullableResult,44,NO_COVERAGE,none
BigIntegerTypeHandler.java,org.apache.ibatis.type.BigIntegerTypeHandler,org.pitest.mutationtest.engine.gregor.mutators.ReturnValsMutator,getNullableResult,44,NO_COVERAGE,none
BigIntegerTypeHandler.java,org.apache.ibatis.type.BigIntegerTypeHandler,org.pitest.mutationtest.engine.gregor.mutators.NegateConditionalsMutator,getNullableResult,38,NO_COVERAGE,none
BigIntegerTypeHandler.java,org.apache.ibatis.type.BigIntegerTypeHandler,org.pitest.mutationtest.engine.gregor.mutators.NonVoidMethodCallMutator,getNullableResult,37,NO_COVERAGE,none
BigIntegerTypeHandler.java,org.apache.ibatis.type.BigIntegerTypeHandler,org.pitest.mutationtest.engine.gregor.mutators.NonVoidMethodCallMutator,getNullableResult,38,NO_COVERAGE,none
BigIntegerTypeHandler.java,org.apache.ibatis.type.BigIntegerTypeHandler,org.pitest.mutationtest.engine.gregor.mutators.RemoveConditionalMutator_EQUAL_ELSE,getNullableResult,38,NO_COVERAGE,none
BigIntegerTypeHandler.java,org.apache.ibatis.type.BigIntegerTypeHandler,org.pitest.mutationtest.engine.gregor.mutators.RemoveConditionalMutator_EQUAL_IF,getNullableResult,38,NO_COVERAGE,none
BigIntegerTypeHandler.java,org.apache.ibatis.type.BigIntegerTypeHandler,org.pitest.mutationtest.engine.gregor.mutators.ReturnValsMutator,getNullableResult,38,NO_COVERAGE,none
BigIntegerTypeHandler.java,org.apache.ibatis.type.BigIntegerTypeHandler,org.pitest.mutationtest.engine.gregor.mutators.ConstructorCallMutator,setNonNullParameter,32,NO_COVERAGE,none
BigIntegerTypeHandler.java,org.apache.ibatis.type.BigIntegerTypeHandler,org.pitest.mutationtest.engine.gregor.mutators.VoidMethodCallMutator,setNonNullParameter,32,NO_COVERAGE,none
AutoMappingUnknownColumnBehavior.java,org.apache.ibatis.session.AutoMappingUnknownColumnBehavior,org.pitest.mutationtest.engine.gregor.mutators.ConstructorCallMutator,buildMessage,80,NO_COVERAGE,none
AutoMappingUnknownColumnBehavior.java,org.apache.ibatis.session.AutoMappingUnknownColumnBehavior,org.pitest.mutationtest.engine.gregor.mutators.NegateConditionalsMutator,buildMessage,86,NO_COVERAGE,none
AutoMappingUnknownColumnBehavior.java,org.apache.ibatis.session.AutoMappingUnknownColumnBehavior,org.pitest.mutationtest.engine.gregor.mutators.NonVoidMethodCallMutator,buildMessage,81,NO_COVERAGE,none
AutoMappingUnknownColumnBehavior.java,org.apache.ibatis.session.AutoMappingUnknownColumnBehavior,org.pitest.mutationtest.engine.gregor.mutators.NonVoidMethodCallMutator,buildMessage,81,NO_COVERAGE,none
AutoMappingUnknownColumnBehavior.java,org.apache.ibatis.session.AutoMappingUnknownColumnBehavior,org.pitest.mutationtest.engine.gregor.mutators.NonVoidMethodCallMutator,buildMessage,82,NO_COVERAGE,none
AutoMappingUnknownColumnBehavior.java,org.apache.ibatis.session.AutoMappingUnknownColumnBehavior,org.pitest.mutationtest.engine.gregor.mutators.NonVoidMethodCallMutator,buildMessage,83,NO_COVERAGE,none
AutoMappingUnknownColumnBehavior.java,org.apache.ibatis.session.AutoMappingUnknownColumnBehavior,org.pitest.mutationtest.engine.gregor.mutators.NonVoidMethodCallMutator,buildMessage,84,NO_COVERAGE,none
AutoMappingUnknownColumnBehavior.java,org.apache.ibatis.session.AutoMappingUnknownColumnBehavior,org.pitest.mutationtest.engine.gregor.mutators.NonVoidMethodCallMutator,buildMessage,84,NO_COVERAGE,none
AutoMappingUnknownColumnBehavior.java,org.apache.ibatis.session.AutoMappingUnknownColumnBehavior,org.pitest.mutationtest.engine.gregor.mutators.NonVoidMethodCallMutator,buildMessage,85,NO_COVERAGE,none
AutoMappingUnknownColumnBehavior.java,org.apache.ibatis.session.AutoMappingUnknownColumnBehavior,org.pitest.mutationtest.engine.gregor.mutators.NonVoidMethodCallMutator,buildMessage,85,NO_COVERAGE,none
AutoMappingUnknownColumnBehavior.java,org.apache.ibatis.session.AutoMappingUnknownColumnBehavior,org.pitest.mutationtest.engine.gregor.mutators.NonVoidMethodCallMutator,buildMessage,85,NO_COVERAGE,none
AutoMappingUnknownColumnBehavior.java,org.apache.ibatis.session.AutoMappingUnknownColumnBehavior,org.pitest.mutationtest.engine.gregor.mutators.NonVoidMethodCallMutator,buildMessage,86,NO_COVERAGE,none
AutoMappingUnknownColumnBehavior.java,org.apache.ibatis.session.AutoMappingUnknownColumnBehavior,org.pitest.mutationtest.engine.gregor.mutators.NonVoidMethodCallMutator,buildMessage,86,NO_COVERAGE,none
AutoMappingUnknownColumnBehavior.java,org.apache.ibatis.session.AutoMappingUnknownColumnBehavior,org.pitest.mutationtest.engine.gregor.mutators.NonVoidMethodCallMutator,buildMessage,86,NO_COVERAGE,none
AutoMappingUnknownColumnBehavior.java,org.apache.ibatis.session.AutoMappingUnknownColumnBehavior,org.pitest.mutationtest.engine.gregor.mutators.NonVoidMethodCallMutator,buildMessage,86,NO_COVERAGE,none
AutoMappingUnknownColumnBehavior.java,org.apache.ibatis.session.AutoMappingUnknownColumnBehavior,org.pitest.mutationtest.engine.gregor.mutators.NonVoidMethodCallMutator,buildMessage,87,NO_COVERAGE,none
AutoMappingUnknownColumnBehavior.java,org.apache.ibatis.session.AutoMappingUnknownColumnBehavior,org.pitest.mutationtest.engine.gregor.mutators.NonVoidMethodCallMutator,buildMessage,88,NO_COVERAGE,none
AutoMappingUnknownColumnBehavior.java,org.apache.ibatis.session.AutoMappingUnknownColumnBehavior,org.pitest.mutationtest.engine.gregor.mutators.RemoveConditionalMutator_EQUAL_ELSE,buildMessage,86,NO_COVERAGE,none
AutoMappingUnknownColumnBehavior.java,org.apache.ibatis.session.AutoMappingUnknownColumnBehavior,org.pitest.mutationtest.engine.gregor.mutators.RemoveConditionalMutator_EQUAL_IF,buildMessage,86,NO_COVERAGE,none
AutoMappingUnknownColumnBehavior.java,org.apache.ibatis.session.AutoMappingUnknownColumnBehavior,org.pitest.mutationtest.engine.gregor.mutators.ReturnValsMutator,buildMessage,80,NO_COVERAGE,none
SqlSessionManager.java,org.apache.ibatis.session.SqlSessionManager$SqlSessionInterceptor,org.pitest.mutationtest.engine.gregor.mutators.experimental.MemberVariableMutator,<init>,341,NO_COVERAGE,none
SqlSessionManager.java,org.apache.ibatis.session.SqlSessionManager$SqlSessionInterceptor,org.pitest.mutationtest.engine.gregor.mutators.ArgumentPropagationMutator,invoke,350,NO_COVERAGE,none
SqlSessionManager.java,org.apache.ibatis.session.SqlSessionManager$SqlSessionInterceptor,org.pitest.mutationtest.engine.gregor.mutators.ArgumentPropagationMutator,invoke,352,NO_COVERAGE,none
SqlSessionManager.java,org.apache.ibatis.session.SqlSessionManager$SqlSessionInterceptor,org.pitest.mutationtest.engine.gregor.mutators.ArgumentPropagationMutator,invoke,357,NO_COVERAGE,none
SqlSessionManager.java,org.apache.ibatis.session.SqlSessionManager$SqlSessionInterceptor,org.pitest.mutationtest.engine.gregor.mutators.ArgumentPropagationMutator,invoke,362,NO_COVERAGE,none
SqlSessionManager.java,org.apache.ibatis.session.SqlSessionManager$SqlSessionInterceptor,org.pitest.mutationtest.engine.gregor.mutators.NegateConditionalsMutator,invoke,348,NO_COVERAGE,none
SqlSessionManager.java,org.apache.ibatis.session.SqlSessionManager$SqlSessionInterceptor,org.pitest.mutationtest.engine.gregor.mutators.NonVoidMethodCallMutator,invoke,347,NO_COVERAGE,none
SqlSessionManager.java,org.apache.ibatis.session.SqlSessionManager$SqlSessionInterceptor,org.pitest.mutationtest.engine.gregor.mutators.NonVoidMethodCallMutator,invoke,347,NO_COVERAGE,none
SqlSessionManager.java,org.apache.ibatis.session.SqlSessionManager$SqlSessionInterceptor,org.pitest.mutationtest.engine.gregor.mutators.NonVoidMethodCallMutator,invoke,350,NO_COVERAGE,none
SqlSessionManager.java,org.apache.ibatis.session.SqlSessionManager$SqlSessionInterceptor,org.pitest.mutationtest.engine.gregor.mutators.NonVoidMethodCallMutator,invoke,352,NO_COVERAGE,none
SqlSessionManager.java,org.apache.ibatis.session.SqlSessionManager$SqlSessionInterceptor,org.pitest.mutationtest.engine.gregor.mutators.NonVoidMethodCallMutator,invoke,355,NO_COVERAGE,none
SqlSessionManager.java,org.apache.ibatis.session.SqlSessionManager$SqlSessionInterceptor,org.pitest.mutationtest.engine.gregor.mutators.NonVoidMethodCallMutator,invoke,357,NO_COVERAGE,none
SqlSessionManager.java,org.apache.ibatis.session.SqlSessionManager$SqlSessionInterceptor,org.pitest.mutationtest.engine.gregor.mutators.NonVoidMethodCallMutator,invoke,362,NO_COVERAGE,none
SqlSessionManager.java,org.apache.ibatis.session.SqlSessionManager$SqlSessionInterceptor,org.pitest.mutationtest.engine.gregor.mutators.RemoveConditionalMutator_EQUAL_ELSE,invoke,348,NO_COVERAGE,none
SqlSessionManager.java,org.apache.ibatis.session.SqlSessionManager$SqlSessionInterceptor,org.pitest.mutationtest.engine.gregor.mutators.RemoveConditionalMutator_EQUAL_IF,invoke,348,NO_COVERAGE,none
SqlSessionManager.java,org.apache.ibatis.session.SqlSessionManager$SqlSessionInterceptor,org.pitest.mutationtest.engine.gregor.mutators.ReturnValsMutator,invoke,350,NO_COVERAGE,none
SqlSessionManager.java,org.apache.ibatis.session.SqlSessionManager$SqlSessionInterceptor,org.pitest.mutationtest.engine.gregor.mutators.ReturnValsMutator,invoke,359,NO_COVERAGE,none
SqlSessionManager.java,org.apache.ibatis.session.SqlSessionManager$SqlSessionInterceptor,org.pitest.mutationtest.engine.gregor.mutators.VoidMethodCallMutator,invoke,364,NO_COVERAGE,none
SqlSessionManager.java,org.apache.ibatis.session.SqlSessionManager$SqlSessionInterceptor,org.pitest.mutationtest.engine.gregor.mutators.VoidMethodCallMutator,invoke,361,NO_COVERAGE,none
ArrayTypeHandler.java,org.apache.ibatis.type.ArrayTypeHandler,org.pitest.mutationtest.engine.gregor.mutators.NegateConditionalsMutator,getNullableResult,53,NO_COVERAGE,none
ArrayTypeHandler.java,org.apache.ibatis.type.ArrayTypeHandler,org.pitest.mutationtest.engine.gregor.mutators.NonVoidMethodCallMutator,getNullableResult,52,NO_COVERAGE,none
ArrayTypeHandler.java,org.apache.ibatis.type.ArrayTypeHandler,org.pitest.mutationtest.engine.gregor.mutators.NonVoidMethodCallMutator,getNullableResult,53,NO_COVERAGE,none
ArrayTypeHandler.java,org.apache.ibatis.type.ArrayTypeHandler,org.pitest.mutationtest.engine.gregor.mutators.RemoveConditionalMutator_EQUAL_ELSE,getNullableResult,53,NO_COVERAGE,none
ArrayTypeHandler.java,org.apache.ibatis.type.ArrayTypeHandler,org.pitest.mutationtest.engine.gregor.mutators.RemoveConditionalMutator_EQUAL_IF,getNullableResult,53,NO_COVERAGE,none
ArrayTypeHandler.java,org.apache.ibatis.type.ArrayTypeHandler,org.pitest.mutationtest.engine.gregor.mutators.ReturnValsMutator,getNullableResult,53,NO_COVERAGE,none
ArrayTypeHandler.java,org.apache.ibatis.type.ArrayTypeHandler,org.pitest.mutationtest.engine.gregor.mutators.NegateConditionalsMutator,getNullableResult,47,NO_COVERAGE,none
ArrayTypeHandler.java,org.apache.ibatis.type.ArrayTypeHandler,org.pitest.mutationtest.engine.gregor.mutators.NonVoidMethodCallMutator,getNullableResult,46,NO_COVERAGE,none
ArrayTypeHandler.java,org.apache.ibatis.type.ArrayTypeHandler,org.pitest.mutationtest.engine.gregor.mutators.NonVoidMethodCallMutator,getNullableResult,47,NO_COVERAGE,none
ArrayTypeHandler.java,org.apache.ibatis.type.ArrayTypeHandler,org.pitest.mutationtest.engine.gregor.mutators.RemoveConditionalMutator_EQUAL_ELSE,getNullableResult,47,NO_COVERAGE,none
ArrayTypeHandler.java,org.apache.ibatis.type.ArrayTypeHandler,org.pitest.mutationtest.engine.gregor.mutators.RemoveConditionalMutator_EQUAL_IF,getNullableResult,47,NO_COVERAGE,none
ArrayTypeHandler.java,org.apache.ibatis.type.ArrayTypeHandler,org.pitest.mutationtest.engine.gregor.mutators.ReturnValsMutator,getNullableResult,47,NO_COVERAGE,none
ArrayTypeHandler.java,org.apache.ibatis.type.ArrayTypeHandler,org.pitest.mutationtest.engine.gregor.mutators.NegateConditionalsMutator,getNullableResult,41,NO_COVERAGE,none
ArrayTypeHandler.java,org.apache.ibatis.type.ArrayTypeHandler,org.pitest.mutationtest.engine.gregor.mutators.NonVoidMethodCallMutator,getNullableResult,40,NO_COVERAGE,none
ArrayTypeHandler.java,org.apache.ibatis.type.ArrayTypeHandler,org.pitest.mutationtest.engine.gregor.mutators.NonVoidMethodCallMutator,getNullableResult,41,NO_COVERAGE,none
ArrayTypeHandler.java,org.apache.ibatis.type.ArrayTypeHandler,org.pitest.mutationtest.engine.gregor.mutators.RemoveConditionalMutator_EQUAL_ELSE,getNullableResult,41,NO_COVERAGE,none
ArrayTypeHandler.java,org.apache.ibatis.type.ArrayTypeHandler,org.pitest.mutationtest.engine.gregor.mutators.RemoveConditionalMutator_EQUAL_IF,getNullableResult,41,NO_COVERAGE,none
ArrayTypeHandler.java,org.apache.ibatis.type.ArrayTypeHandler,org.pitest.mutationtest.engine.gregor.mutators.ReturnValsMutator,getNullableResult,41,NO_COVERAGE,none
ArrayTypeHandler.java,org.apache.ibatis.type.ArrayTypeHandler,org.pitest.mutationtest.engine.gregor.mutators.VoidMethodCallMutator,setNonNullParameter,35,NO_COVERAGE,none
DynamicContext.java,org.apache.ibatis.scripting.xmltags.DynamicContext$ContextAccessor,org.pitest.mutationtest.engine.gregor.mutators.ArgumentPropagationMutator,getProperty,108,NO_COVERAGE,none
DynamicContext.java,org.apache.ibatis.scripting.xmltags.DynamicContext$ContextAccessor,org.pitest.mutationtest.engine.gregor.mutators.ArgumentPropagationMutator,getProperty,113,NO_COVERAGE,none
DynamicContext.java,org.apache.ibatis.scripting.xmltags.DynamicContext$ContextAccessor,org.pitest.mutationtest.engine.gregor.mutators.ArgumentPropagationMutator,getProperty,115,NO_COVERAGE,none
DynamicContext.java,org.apache.ibatis.scripting.xmltags.DynamicContext$ContextAccessor,org.pitest.mutationtest.engine.gregor.mutators.NegateConditionalsMutator,getProperty,109,NO_COVERAGE,none
DynamicContext.java,org.apache.ibatis.scripting.xmltags.DynamicContext$ContextAccessor,org.pitest.mutationtest.engine.gregor.mutators.NegateConditionalsMutator,getProperty,114,NO_COVERAGE,none
DynamicContext.java,org.apache.ibatis.scripting.xmltags.DynamicContext$ContextAccessor,org.pitest.mutationtest.engine.gregor.mutators.NonVoidMethodCallMutator,getProperty,109,NO_COVERAGE,none
DynamicContext.java,org.apache.ibatis.scripting.xmltags.DynamicContext$ContextAccessor,org.pitest.mutationtest.engine.gregor.mutators.NonVoidMethodCallMutator,getProperty,113,NO_COVERAGE,none
DynamicContext.java,org.apache.ibatis.scripting.xmltags.DynamicContext$ContextAccessor,org.pitest.mutationtest.engine.gregor.mutators.NonVoidMethodCallMutator,getProperty,115,NO_COVERAGE,none
DynamicContext.java,org.apache.ibatis.scripting.xmltags.DynamicContext$ContextAccessor,org.pitest.mutationtest.engine.gregor.mutators.RemoveConditionalMutator_EQUAL_ELSE,getProperty,109,NO_COVERAGE,none
DynamicContext.java,org.apache.ibatis.scripting.xmltags.DynamicContext$ContextAccessor,org.pitest.mutationtest.engine.gregor.mutators.RemoveConditionalMutator_EQUAL_ELSE,getProperty,109,NO_COVERAGE,none
DynamicContext.java,org.apache.ibatis.scripting.xmltags.DynamicContext$ContextAccessor,org.pitest.mutationtest.engine.gregor.mutators.RemoveConditionalMutator_EQUAL_ELSE,getProperty,114,NO_COVERAGE,none
DynamicContext.java,org.apache.ibatis.scripting.xmltags.DynamicContext$ContextAccessor,org.pitest.mutationtest.engine.gregor.mutators.RemoveConditionalMutator_EQUAL_IF,getProperty,109,NO_COVERAGE,none
DynamicContext.java,org.apache.ibatis.scripting.xmltags.DynamicContext$ContextAccessor,org.pitest.mutationtest.engine.gregor.mutators.RemoveConditionalMutator_EQUAL_IF,getProperty,114,NO_COVERAGE,none
DynamicContext.java,org.apache.ibatis.scripting.xmltags.DynamicContext$ContextAccessor,org.pitest.mutationtest.engine.gregor.mutators.ReturnValsMutator,getProperty,115,NO_COVERAGE,none
DynamicContext.java,org.apache.ibatis.scripting.xmltags.DynamicContext$ContextAccessor,org.pitest.mutationtest.engine.gregor.mutators.ReturnValsMutator,getProperty,118,NO_COVERAGE,none
DynamicContext.java,org.apache.ibatis.scripting.xmltags.DynamicContext$ContextAccessor,org.pitest.mutationtest.engine.gregor.mutators.ReturnValsMutator,getSourceAccessor,130,NO_COVERAGE,none
DynamicContext.java,org.apache.ibatis.scripting.xmltags.DynamicContext$ContextAccessor,org.pitest.mutationtest.engine.gregor.mutators.ReturnValsMutator,getSourceSetter,135,NO_COVERAGE,none
DynamicContext.java,org.apache.ibatis.scripting.xmltags.DynamicContext$ContextAccessor,org.pitest.mutationtest.engine.gregor.mutators.ArgumentPropagationMutator,setProperty,125,NO_COVERAGE,none
DynamicContext.java,org.apache.ibatis.scripting.xmltags.DynamicContext$ContextAccessor,org.pitest.mutationtest.engine.gregor.mutators.NonVoidMethodCallMutator,setProperty,125,NO_COVERAGE,none
Log4j2AbstractLoggerImpl.java,org.apache.ibatis.logging.log4j2.Log4j2AbstractLoggerImpl,org.pitest.mutationtest.engine.gregor.mutators.ConstructorCallMutator,<init>,39,NO_COVERAGE,none
Log4j2AbstractLoggerImpl.java,org.apache.ibatis.logging.log4j2.Log4j2AbstractLoggerImpl,org.pitest.mutationtest.engine.gregor.mutators.NonVoidMethodCallMutator,<init>,39,NO_COVERAGE,none
Log4j2AbstractLoggerImpl.java,org.apache.ibatis.logging.log4j2.Log4j2AbstractLoggerImpl,org.pitest.mutationtest.engine.gregor.mutators.NonVoidMethodCallMutator,<init>,39,NO_COVERAGE,none
Log4j2AbstractLoggerImpl.java,org.apache.ibatis.logging.log4j2.Log4j2AbstractLoggerImpl,org.pitest.mutationtest.engine.gregor.mutators.experimental.MemberVariableMutator,<init>,39,NO_COVERAGE,none
Log4j2AbstractLoggerImpl.java,org.apache.ibatis.logging.log4j2.Log4j2AbstractLoggerImpl,org.pitest.mutationtest.engine.gregor.mutators.ConstructorCallMutator,debug,64,NO_COVERAGE,none
Log4j2AbstractLoggerImpl.java,org.apache.ibatis.logging.log4j2.Log4j2AbstractLoggerImpl,org.pitest.mutationtest.engine.gregor.mutators.VoidMethodCallMutator,debug,64,NO_COVERAGE,none
Log4j2AbstractLoggerImpl.java,org.apache.ibatis.logging.log4j2.Log4j2AbstractLoggerImpl,org.pitest.mutationtest.engine.gregor.mutators.ConstructorCallMutator,error,59,NO_COVERAGE,none
Log4j2AbstractLoggerImpl.java,org.apache.ibatis.logging.log4j2.Log4j2AbstractLoggerImpl,org.pitest.mutationtest.engine.gregor.mutators.VoidMethodCallMutator,error,59,NO_COVERAGE,none
Log4j2AbstractLoggerImpl.java,org.apache.ibatis.logging.log4j2.Log4j2AbstractLoggerImpl,org.pitest.mutationtest.engine.gregor.mutators.ConstructorCallMutator,error,54,NO_COVERAGE,none
Log4j2AbstractLoggerImpl.java,org.apache.ibatis.logging.log4j2.Log4j2AbstractLoggerImpl,org.pitest.mutationtest.engine.gregor.mutators.VoidMethodCallMutator,error,54,NO_COVERAGE,none
Log4j2AbstractLoggerImpl.java,org.apache.ibatis.logging.log4j2.Log4j2AbstractLoggerImpl,org.pitest.mutationtest.engine.gregor.mutators.NonVoidMethodCallMutator,isDebugEnabled,44,NO_COVERAGE,none
Log4j2AbstractLoggerImpl.java,org.apache.ibatis.logging.log4j2.Log4j2AbstractLoggerImpl,org.pitest.mutationtest.engine.gregor.mutators.ReturnValsMutator,isDebugEnabled,44,NO_COVERAGE,none
Log4j2AbstractLoggerImpl.java,org.apache.ibatis.logging.log4j2.Log4j2AbstractLoggerImpl,org.pitest.mutationtest.engine.gregor.mutators.NonVoidMethodCallMutator,isTraceEnabled,49,NO_COVERAGE,none
Log4j2AbstractLoggerImpl.java,org.apache.ibatis.logging.log4j2.Log4j2AbstractLoggerImpl,org.pitest.mutationtest.engine.gregor.mutators.ReturnValsMutator,isTraceEnabled,49,NO_COVERAGE,none
Log4j2AbstractLoggerImpl.java,org.apache.ibatis.logging.log4j2.Log4j2AbstractLoggerImpl,org.pitest.mutationtest.engine.gregor.mutators.ConstructorCallMutator,trace,69,NO_COVERAGE,none
Log4j2AbstractLoggerImpl.java,org.apache.ibatis.logging.log4j2.Log4j2AbstractLoggerImpl,org.pitest.mutationtest.engine.gregor.mutators.VoidMethodCallMutator,trace,69,NO_COVERAGE,none
Log4j2AbstractLoggerImpl.java,org.apache.ibatis.logging.log4j2.Log4j2AbstractLoggerImpl,org.pitest.mutationtest.engine.gregor.mutators.ConstructorCallMutator,warn,74,NO_COVERAGE,none
Log4j2AbstractLoggerImpl.java,org.apache.ibatis.logging.log4j2.Log4j2AbstractLoggerImpl,org.pitest.mutationtest.engine.gregor.mutators.VoidMethodCallMutator,warn,74,NO_COVERAGE,none
SimpleExecutor.java,org.apache.ibatis.executor.SimpleExecutor,org.pitest.mutationtest.engine.gregor.mutators.NonVoidMethodCallMutator,doFlushStatements,79,KILLED,org.apache.ibatis.submitted.extend.ExtendTest.org.apache.ibatis.submitted.extend.ExtendTest
SimpleExecutor.java,org.apache.ibatis.executor.SimpleExecutor,org.pitest.mutationtest.engine.gregor.mutators.NonVoidMethodCallMutator,doQuery,62,KILLED,org.apache.ibatis.submitted.extend.ExtendTest.org.apache.ibatis.submitted.extend.ExtendTest
SimpleExecutor.java,org.apache.ibatis.executor.SimpleExecutor,org.pitest.mutationtest.engine.gregor.mutators.NonVoidMethodCallMutator,doQuery,63,KILLED,org.apache.ibatis.submitted.extend.ExtendTest.org.apache.ibatis.submitted.extend.ExtendTest
SimpleExecutor.java,org.apache.ibatis.executor.SimpleExecutor,org.pitest.mutationtest.engine.gregor.mutators.VoidMethodCallMutator,doQuery,65,KILLED,org.apache.ibatis.submitted.extend.ExtendTest.org.apache.ibatis.submitted.extend.ExtendTest
SimpleExecutor.java,org.apache.ibatis.executor.SimpleExecutor,org.pitest.mutationtest.engine.gregor.mutators.NonVoidMethodCallMutator,doQueryCursor,71,NO_COVERAGE,none
SimpleExecutor.java,org.apache.ibatis.executor.SimpleExecutor,org.pitest.mutationtest.engine.gregor.mutators.NonVoidMethodCallMutator,doQueryCursor,72,NO_COVERAGE,none
SimpleExecutor.java,org.apache.ibatis.executor.SimpleExecutor,org.pitest.mutationtest.engine.gregor.mutators.NonVoidMethodCallMutator,doQueryCursor,73,NO_COVERAGE,none
SimpleExecutor.java,org.apache.ibatis.executor.SimpleExecutor,org.pitest.mutationtest.engine.gregor.mutators.NonVoidMethodCallMutator,doQueryCursor,73,NO_COVERAGE,none
SimpleExecutor.java,org.apache.ibatis.executor.SimpleExecutor,org.pitest.mutationtest.engine.gregor.mutators.NonVoidMethodCallMutator,doQueryCursor,74,NO_COVERAGE,none
SimpleExecutor.java,org.apache.ibatis.executor.SimpleExecutor,org.pitest.mutationtest.engine.gregor.mutators.ReturnValsMutator,doQueryCursor,74,NO_COVERAGE,none
SimpleExecutor.java,org.apache.ibatis.executor.SimpleExecutor,org.pitest.mutationtest.engine.gregor.mutators.NonVoidMethodCallMutator,doUpdate,47,NO_COVERAGE,none
SimpleExecutor.java,org.apache.ibatis.executor.SimpleExecutor,org.pitest.mutationtest.engine.gregor.mutators.NonVoidMethodCallMutator,doUpdate,49,NO_COVERAGE,none
SimpleExecutor.java,org.apache.ibatis.executor.SimpleExecutor,org.pitest.mutationtest.engine.gregor.mutators.NonVoidMethodCallMutator,doUpdate,49,NO_COVERAGE,none
SimpleExecutor.java,org.apache.ibatis.executor.SimpleExecutor,org.pitest.mutationtest.engine.gregor.mutators.NonVoidMethodCallMutator,doUpdate,50,NO_COVERAGE,none
SimpleExecutor.java,org.apache.ibatis.executor.SimpleExecutor,org.pitest.mutationtest.engine.gregor.mutators.ReturnValsMutator,doUpdate,50,NO_COVERAGE,none
SimpleExecutor.java,org.apache.ibatis.executor.SimpleExecutor,org.pitest.mutationtest.engine.gregor.mutators.VoidMethodCallMutator,doUpdate,52,NO_COVERAGE,none
SimpleExecutor.java,org.apache.ibatis.executor.SimpleExecutor,org.pitest.mutationtest.engine.gregor.mutators.NonVoidMethodCallMutator,prepareStatement,85,KILLED,org.apache.ibatis.submitted.extend.ExtendTest.org.apache.ibatis.submitted.extend.ExtendTest
SimpleExecutor.java,org.apache.ibatis.executor.SimpleExecutor,org.pitest.mutationtest.engine.gregor.mutators.VoidMethodCallMutator,prepareStatement,86,SURVIVED,none
ResolverUtil.java,org.apache.ibatis.io.ResolverUtil$AnnotatedWith,org.pitest.mutationtest.engine.gregor.mutators.experimental.MemberVariableMutator,<init>,110,NO_COVERAGE,none
ResolverUtil.java,org.apache.ibatis.io.ResolverUtil$AnnotatedWith,org.pitest.mutationtest.engine.gregor.mutators.InlineConstantMutator,matches,116,NO_COVERAGE,none
ResolverUtil.java,org.apache.ibatis.io.ResolverUtil$AnnotatedWith,org.pitest.mutationtest.engine.gregor.mutators.InlineConstantMutator,matches,116,NO_COVERAGE,none
ResolverUtil.java,org.apache.ibatis.io.ResolverUtil$AnnotatedWith,org.pitest.mutationtest.engine.gregor.mutators.NegateConditionalsMutator,matches,116,NO_COVERAGE,none
ResolverUtil.java,org.apache.ibatis.io.ResolverUtil$AnnotatedWith,org.pitest.mutationtest.engine.gregor.mutators.NegateConditionalsMutator,matches,116,NO_COVERAGE,none
ResolverUtil.java,org.apache.ibatis.io.ResolverUtil$AnnotatedWith,org.pitest.mutationtest.engine.gregor.mutators.NonVoidMethodCallMutator,matches,116,NO_COVERAGE,none
ResolverUtil.java,org.apache.ibatis.io.ResolverUtil$AnnotatedWith,org.pitest.mutationtest.engine.gregor.mutators.RemoveConditionalMutator_EQUAL_ELSE,matches,116,NO_COVERAGE,none
ResolverUtil.java,org.apache.ibatis.io.ResolverUtil$AnnotatedWith,org.pitest.mutationtest.engine.gregor.mutators.RemoveConditionalMutator_EQUAL_ELSE,matches,116,NO_COVERAGE,none
ResolverUtil.java,org.apache.ibatis.io.ResolverUtil$AnnotatedWith,org.pitest.mutationtest.engine.gregor.mutators.RemoveConditionalMutator_EQUAL_IF,matches,116,NO_COVERAGE,none
ResolverUtil.java,org.apache.ibatis.io.ResolverUtil$AnnotatedWith,org.pitest.mutationtest.engine.gregor.mutators.RemoveConditionalMutator_EQUAL_IF,matches,116,NO_COVERAGE,none
ResolverUtil.java,org.apache.ibatis.io.ResolverUtil$AnnotatedWith,org.pitest.mutationtest.engine.gregor.mutators.ReturnValsMutator,matches,116,NO_COVERAGE,none
ResolverUtil.java,org.apache.ibatis.io.ResolverUtil$AnnotatedWith,org.pitest.mutationtest.engine.gregor.mutators.ConstructorCallMutator,toString,121,NO_COVERAGE,none
ResolverUtil.java,org.apache.ibatis.io.ResolverUtil$AnnotatedWith,org.pitest.mutationtest.engine.gregor.mutators.NonVoidMethodCallMutator,toString,121,NO_COVERAGE,none
ResolverUtil.java,org.apache.ibatis.io.ResolverUtil$AnnotatedWith,org.pitest.mutationtest.engine.gregor.mutators.NonVoidMethodCallMutator,toString,121,NO_COVERAGE,none
ResolverUtil.java,org.apache.ibatis.io.ResolverUtil$AnnotatedWith,org.pitest.mutationtest.engine.gregor.mutators.NonVoidMethodCallMutator,toString,121,NO_COVERAGE,none
ResolverUtil.java,org.apache.ibatis.io.ResolverUtil$AnnotatedWith,org.pitest.mutationtest.engine.gregor.mutators.NonVoidMethodCallMutator,toString,121,NO_COVERAGE,none
ResolverUtil.java,org.apache.ibatis.io.ResolverUtil$AnnotatedWith,org.pitest.mutationtest.engine.gregor.mutators.ReturnValsMutator,toString,121,NO_COVERAGE,none
ResolverUtil.java,org.apache.ibatis.io.ResolverUtil$IsA,org.pitest.mutationtest.engine.gregor.mutators.experimental.MemberVariableMutator,<init>,86,NO_COVERAGE,none
ResolverUtil.java,org.apache.ibatis.io.ResolverUtil$IsA,org.pitest.mutationtest.engine.gregor.mutators.InlineConstantMutator,matches,92,NO_COVERAGE,none
ResolverUtil.java,org.apache.ibatis.io.ResolverUtil$IsA,org.pitest.mutationtest.engine.gregor.mutators.InlineConstantMutator,matches,92,NO_COVERAGE,none
ResolverUtil.java,org.apache.ibatis.io.ResolverUtil$IsA,org.pitest.mutationtest.engine.gregor.mutators.NegateConditionalsMutator,matches,92,NO_COVERAGE,none
ResolverUtil.java,org.apache.ibatis.io.ResolverUtil$IsA,org.pitest.mutationtest.engine.gregor.mutators.NegateConditionalsMutator,matches,92,NO_COVERAGE,none
ResolverUtil.java,org.apache.ibatis.io.ResolverUtil$IsA,org.pitest.mutationtest.engine.gregor.mutators.NonVoidMethodCallMutator,matches,92,NO_COVERAGE,none
ResolverUtil.java,org.apache.ibatis.io.ResolverUtil$IsA,org.pitest.mutationtest.engine.gregor.mutators.RemoveConditionalMutator_EQUAL_ELSE,matches,92,NO_COVERAGE,none
ResolverUtil.java,org.apache.ibatis.io.ResolverUtil$IsA,org.pitest.mutationtest.engine.gregor.mutators.RemoveConditionalMutator_EQUAL_ELSE,matches,92,NO_COVERAGE,none
ResolverUtil.java,org.apache.ibatis.io.ResolverUtil$IsA,org.pitest.mutationtest.engine.gregor.mutators.RemoveConditionalMutator_EQUAL_IF,matches,92,NO_COVERAGE,none
ResolverUtil.java,org.apache.ibatis.io.ResolverUtil$IsA,org.pitest.mutationtest.engine.gregor.mutators.RemoveConditionalMutator_EQUAL_IF,matches,92,NO_COVERAGE,none
ResolverUtil.java,org.apache.ibatis.io.ResolverUtil$IsA,org.pitest.mutationtest.engine.gregor.mutators.ReturnValsMutator,matches,92,NO_COVERAGE,none
ResolverUtil.java,org.apache.ibatis.io.ResolverUtil$IsA,org.pitest.mutationtest.engine.gregor.mutators.ConstructorCallMutator,toString,97,NO_COVERAGE,none
ResolverUtil.java,org.apache.ibatis.io.ResolverUtil$IsA,org.pitest.mutationtest.engine.gregor.mutators.NonVoidMethodCallMutator,toString,97,NO_COVERAGE,none
ResolverUtil.java,org.apache.ibatis.io.ResolverUtil$IsA,org.pitest.mutationtest.engine.gregor.mutators.NonVoidMethodCallMutator,toString,97,NO_COVERAGE,none
ResolverUtil.java,org.apache.ibatis.io.ResolverUtil$IsA,org.pitest.mutationtest.engine.gregor.mutators.NonVoidMethodCallMutator,toString,97,NO_COVERAGE,none
ResolverUtil.java,org.apache.ibatis.io.ResolverUtil$IsA,org.pitest.mutationtest.engine.gregor.mutators.NonVoidMethodCallMutator,toString,97,NO_COVERAGE,none
ResolverUtil.java,org.apache.ibatis.io.ResolverUtil$IsA,org.pitest.mutationtest.engine.gregor.mutators.ReturnValsMutator,toString,97,NO_COVERAGE,none
XMLScriptBuilder.java,org.apache.ibatis.scripting.xmltags.XMLScriptBuilder$ForEachHandler,org.pitest.mutationtest.engine.gregor.mutators.experimental.MemberVariableMutator,<init>,169,NO_COVERAGE,none
XMLScriptBuilder.java,org.apache.ibatis.scripting.xmltags.XMLScriptBuilder$ForEachHandler,org.pitest.mutationtest.engine.gregor.mutators.ArgumentPropagationMutator,handleNode,177,NO_COVERAGE,none
XMLScriptBuilder.java,org.apache.ibatis.scripting.xmltags.XMLScriptBuilder$ForEachHandler,org.pitest.mutationtest.engine.gregor.mutators.ArgumentPropagationMutator,handleNode,178,NO_COVERAGE,none
XMLScriptBuilder.java,org.apache.ibatis.scripting.xmltags.XMLScriptBuilder$ForEachHandler,org.pitest.mutationtest.engine.gregor.mutators.ArgumentPropagationMutator,handleNode,179,NO_COVERAGE,none
XMLScriptBuilder.java,org.apache.ibatis.scripting.xmltags.XMLScriptBuilder$ForEachHandler,org.pitest.mutationtest.engine.gregor.mutators.ArgumentPropagationMutator,handleNode,181,NO_COVERAGE,none
XMLScriptBuilder.java,org.apache.ibatis.scripting.xmltags.XMLScriptBuilder$ForEachHandler,org.pitest.mutationtest.engine.gregor.mutators.ArgumentPropagationMutator,handleNode,182,NO_COVERAGE,none
XMLScriptBuilder.java,org.apache.ibatis.scripting.xmltags.XMLScriptBuilder$ForEachHandler,org.pitest.mutationtest.engine.gregor.mutators.ConstructorCallMutator,handleNode,176,NO_COVERAGE,none
XMLScriptBuilder.java,org.apache.ibatis.scripting.xmltags.XMLScriptBuilder$ForEachHandler,org.pitest.mutationtest.engine.gregor.mutators.ConstructorCallMutator,handleNode,183,NO_COVERAGE,none
XMLScriptBuilder.java,org.apache.ibatis.scripting.xmltags.XMLScriptBuilder$ForEachHandler,org.pitest.mutationtest.engine.gregor.mutators.NonVoidMethodCallMutator,handleNode,175,NO_COVERAGE,none
XMLScriptBuilder.java,org.apache.ibatis.scripting.xmltags.XMLScriptBuilder$ForEachHandler,org.pitest.mutationtest.engine.gregor.mutators.NonVoidMethodCallMutator,handleNode,177,NO_COVERAGE,none
XMLScriptBuilder.java,org.apache.ibatis.scripting.xmltags.XMLScriptBuilder$ForEachHandler,org.pitest.mutationtest.engine.gregor.mutators.NonVoidMethodCallMutator,handleNode,178,NO_COVERAGE,none
XMLScriptBuilder.java,org.apache.ibatis.scripting.xmltags.XMLScriptBuilder$ForEachHandler,org.pitest.mutationtest.engine.gregor.mutators.NonVoidMethodCallMutator,handleNode,179,NO_COVERAGE,none
XMLScriptBuilder.java,org.apache.ibatis.scripting.xmltags.XMLScriptBuilder$ForEachHandler,org.pitest.mutationtest.engine.gregor.mutators.NonVoidMethodCallMutator,handleNode,180,NO_COVERAGE,none
XMLScriptBuilder.java,org.apache.ibatis.scripting.xmltags.XMLScriptBuilder$ForEachHandler,org.pitest.mutationtest.engine.gregor.mutators.NonVoidMethodCallMutator,handleNode,181,NO_COVERAGE,none
XMLScriptBuilder.java,org.apache.ibatis.scripting.xmltags.XMLScriptBuilder$ForEachHandler,org.pitest.mutationtest.engine.gregor.mutators.NonVoidMethodCallMutator,handleNode,182,NO_COVERAGE,none
XMLScriptBuilder.java,org.apache.ibatis.scripting.xmltags.XMLScriptBuilder$ForEachHandler,org.pitest.mutationtest.engine.gregor.mutators.NonVoidMethodCallMutator,handleNode,183,NO_COVERAGE,none
XMLScriptBuilder.java,org.apache.ibatis.scripting.xmltags.XMLScriptBuilder$ForEachHandler,org.pitest.mutationtest.engine.gregor.mutators.NonVoidMethodCallMutator,handleNode,184,NO_COVERAGE,none
XMLIncludeTransformer.java,org.apache.ibatis.builder.xml.XMLIncludeTransformer,org.pitest.mutationtest.engine.gregor.mutators.ArgumentPropagationMutator,applyIncludes,64,NO_COVERAGE,none
XMLIncludeTransformer.java,org.apache.ibatis.builder.xml.XMLIncludeTransformer,org.pitest.mutationtest.engine.gregor.mutators.InlineConstantMutator,applyIncludes,64,NO_COVERAGE,none
XMLIncludeTransformer.java,org.apache.ibatis.builder.xml.XMLIncludeTransformer,org.pitest.mutationtest.engine.gregor.mutators.NonVoidMethodCallMutator,applyIncludes,64,NO_COVERAGE,none
XMLIncludeTransformer.java,org.apache.ibatis.builder.xml.XMLIncludeTransformer,org.pitest.mutationtest.engine.gregor.mutators.NonVoidMethodCallMutator,applyIncludes,64,NO_COVERAGE,none
XMLIncludeTransformer.java,org.apache.ibatis.builder.xml.XMLIncludeTransformer,org.pitest.mutationtest.engine.gregor.mutators.ConstructorCallMutator,findSqlFragment,90,NO_COVERAGE,none
XMLIncludeTransformer.java,org.apache.ibatis.builder.xml.XMLIncludeTransformer,org.pitest.mutationtest.engine.gregor.mutators.ConstructorCallMutator,findSqlFragment,90,NO_COVERAGE,none
XMLIncludeTransformer.java,org.apache.ibatis.builder.xml.XMLIncludeTransformer,org.pitest.mutationtest.engine.gregor.mutators.NonVoidMethodCallMutator,findSqlFragment,90,NO_COVERAGE,none
XMLIncludeTransformer.java,org.apache.ibatis.builder.xml.XMLIncludeTransformer,org.pitest.mutationtest.engine.gregor.mutators.NonVoidMethodCallMutator,findSqlFragment,90,NO_COVERAGE,none
XMLIncludeTransformer.java,org.apache.ibatis.builder.xml.XMLIncludeTransformer,org.pitest.mutationtest.engine.gregor.mutators.NonVoidMethodCallMutator,findSqlFragment,90,NO_COVERAGE,none
XMLIncludeTransformer.java,org.apache.ibatis.builder.xml.XMLIncludeTransformer,org.pitest.mutationtest.engine.gregor.mutators.NonVoidMethodCallMutator,findSqlFragment,90,NO_COVERAGE,none
XMLIncludeTransformer.java,org.apache.ibatis.builder.xml.XMLIncludeTransformer,org.pitest.mutationtest.engine.gregor.mutators.ConstructorCallMutator,getVariablesContext,117,NO_COVERAGE,none
XMLIncludeTransformer.java,org.apache.ibatis.builder.xml.XMLIncludeTransformer,org.pitest.mutationtest.engine.gregor.mutators.ConstructorCallMutator,getVariablesContext,117,NO_COVERAGE,none
XMLIncludeTransformer.java,org.apache.ibatis.builder.xml.XMLIncludeTransformer,org.pitest.mutationtest.engine.gregor.mutators.NonVoidMethodCallMutator,getVariablesContext,117,NO_COVERAGE,none
XMLIncludeTransformer.java,org.apache.ibatis.builder.xml.XMLIncludeTransformer,org.pitest.mutationtest.engine.gregor.mutators.NonVoidMethodCallMutator,getVariablesContext,117,NO_COVERAGE,none
XMLIncludeTransformer.java,org.apache.ibatis.builder.xml.XMLIncludeTransformer,org.pitest.mutationtest.engine.gregor.mutators.NonVoidMethodCallMutator,getVariablesContext,117,NO_COVERAGE,none
XMLIncludeTransformer.java,org.apache.ibatis.builder.xml.XMLIncludeTransformer,org.pitest.mutationtest.engine.gregor.mutators.NonVoidMethodCallMutator,getVariablesContext,117,NO_COVERAGE,none
XMLIncludeTransformer.java,org.apache.ibatis.builder.xml.XMLIncludeTransformer,org.pitest.mutationtest.engine.gregor.mutators.ReturnValsMutator,getVariablesContext,122,NO_COVERAGE,none
OgnlCache.java,org.apache.ibatis.scripting.xmltags.OgnlCache,org.pitest.mutationtest.engine.gregor.mutators.ConstructorCallMutator,getValue,46,NO_COVERAGE,none
OgnlCache.java,org.apache.ibatis.scripting.xmltags.OgnlCache,org.pitest.mutationtest.engine.gregor.mutators.ConstructorCallMutator,getValue,46,NO_COVERAGE,none
OgnlCache.java,org.apache.ibatis.scripting.xmltags.OgnlCache,org.pitest.mutationtest.engine.gregor.mutators.NonVoidMethodCallMutator,getValue,43,NO_COVERAGE,none
OgnlCache.java,org.apache.ibatis.scripting.xmltags.OgnlCache,org.pitest.mutationtest.engine.gregor.mutators.NonVoidMethodCallMutator,getValue,44,NO_COVERAGE,none
OgnlCache.java,org.apache.ibatis.scripting.xmltags.OgnlCache,org.pitest.mutationtest.engine.gregor.mutators.NonVoidMethodCallMutator,getValue,44,NO_COVERAGE,none
OgnlCache.java,org.apache.ibatis.scripting.xmltags.OgnlCache,org.pitest.mutationtest.engine.gregor.mutators.NonVoidMethodCallMutator,getValue,46,NO_COVERAGE,none
OgnlCache.java,org.apache.ibatis.scripting.xmltags.OgnlCache,org.pitest.mutationtest.engine.gregor.mutators.NonVoidMethodCallMutator,getValue,46,NO_COVERAGE,none
OgnlCache.java,org.apache.ibatis.scripting.xmltags.OgnlCache,org.pitest.mutationtest.engine.gregor.mutators.NonVoidMethodCallMutator,getValue,46,NO_COVERAGE,none
OgnlCache.java,org.apache.ibatis.scripting.xmltags.OgnlCache,org.pitest.mutationtest.engine.gregor.mutators.NonVoidMethodCallMutator,getValue,46,NO_COVERAGE,none
OgnlCache.java,org.apache.ibatis.scripting.xmltags.OgnlCache,org.pitest.mutationtest.engine.gregor.mutators.NonVoidMethodCallMutator,getValue,46,NO_COVERAGE,none
OgnlCache.java,org.apache.ibatis.scripting.xmltags.OgnlCache,org.pitest.mutationtest.engine.gregor.mutators.ReturnValsMutator,getValue,44,NO_COVERAGE,none
OgnlCache.java,org.apache.ibatis.scripting.xmltags.OgnlCache,org.pitest.mutationtest.engine.gregor.mutators.ArgumentPropagationMutator,parseExpression,51,NO_COVERAGE,none
OgnlCache.java,org.apache.ibatis.scripting.xmltags.OgnlCache,org.pitest.mutationtest.engine.gregor.mutators.ArgumentPropagationMutator,parseExpression,54,NO_COVERAGE,none
OgnlCache.java,org.apache.ibatis.scripting.xmltags.OgnlCache,org.pitest.mutationtest.engine.gregor.mutators.NegateConditionalsMutator,parseExpression,52,NO_COVERAGE,none
OgnlCache.java,org.apache.ibatis.scripting.xmltags.OgnlCache,org.pitest.mutationtest.engine.gregor.mutators.NonVoidMethodCallMutator,parseExpression,53,NO_COVERAGE,none
OgnlCache.java,org.apache.ibatis.scripting.xmltags.OgnlCache,org.pitest.mutationtest.engine.gregor.mutators.NonVoidMethodCallMutator,parseExpression,54,NO_COVERAGE,none
OgnlCache.java,org.apache.ibatis.scripting.xmltags.OgnlCache,org.pitest.mutationtest.engine.gregor.mutators.ReturnValsMutator,parseExpression,56,NO_COVERAGE,none
ManagedTransactionFactory.java,org.apache.ibatis.transaction.managed.ManagedTransactionFactory,org.pitest.mutationtest.engine.gregor.mutators.InlineConstantMutator,<init>,36,NO_COVERAGE,none
ManagedTransactionFactory.java,org.apache.ibatis.transaction.managed.ManagedTransactionFactory,org.pitest.mutationtest.engine.gregor.mutators.experimental.MemberVariableMutator,<init>,36,NO_COVERAGE,none
ManagedTransactionFactory.java,org.apache.ibatis.transaction.managed.ManagedTransactionFactory,org.pitest.mutationtest.engine.gregor.mutators.ConstructorCallMutator,newTransaction,50,NO_COVERAGE,none
ManagedTransactionFactory.java,org.apache.ibatis.transaction.managed.ManagedTransactionFactory,org.pitest.mutationtest.engine.gregor.mutators.ReturnValsMutator,newTransaction,50,NO_COVERAGE,none
ManagedTransactionFactory.java,org.apache.ibatis.transaction.managed.ManagedTransactionFactory,org.pitest.mutationtest.engine.gregor.mutators.ConstructorCallMutator,newTransaction,58,NO_COVERAGE,none
ManagedTransactionFactory.java,org.apache.ibatis.transaction.managed.ManagedTransactionFactory,org.pitest.mutationtest.engine.gregor.mutators.ReturnValsMutator,newTransaction,58,NO_COVERAGE,none
ManagedTransactionFactory.java,org.apache.ibatis.transaction.managed.ManagedTransactionFactory,org.pitest.mutationtest.engine.gregor.mutators.ArgumentPropagationMutator,setProperties,41,NO_COVERAGE,none
ManagedTransactionFactory.java,org.apache.ibatis.transaction.managed.ManagedTransactionFactory,org.pitest.mutationtest.engine.gregor.mutators.NegateConditionalsMutator,setProperties,40,NO_COVERAGE,none
ManagedTransactionFactory.java,org.apache.ibatis.transaction.managed.ManagedTransactionFactory,org.pitest.mutationtest.engine.gregor.mutators.NegateConditionalsMutator,setProperties,42,NO_COVERAGE,none
ManagedTransactionFactory.java,org.apache.ibatis.transaction.managed.ManagedTransactionFactory,org.pitest.mutationtest.engine.gregor.mutators.NonVoidMethodCallMutator,setProperties,41,NO_COVERAGE,none
ManagedTransactionFactory.java,org.apache.ibatis.transaction.managed.ManagedTransactionFactory,org.pitest.mutationtest.engine.gregor.mutators.NonVoidMethodCallMutator,setProperties,43,NO_COVERAGE,none
ManagedTransactionFactory.java,org.apache.ibatis.transaction.managed.ManagedTransactionFactory,org.pitest.mutationtest.engine.gregor.mutators.NonVoidMethodCallMutator,setProperties,43,NO_COVERAGE,none
ManagedTransactionFactory.java,org.apache.ibatis.transaction.managed.ManagedTransactionFactory,org.pitest.mutationtest.engine.gregor.mutators.RemoveConditionalMutator_EQUAL_ELSE,setProperties,40,NO_COVERAGE,none
ManagedTransactionFactory.java,org.apache.ibatis.transaction.managed.ManagedTransactionFactory,org.pitest.mutationtest.engine.gregor.mutators.RemoveConditionalMutator_EQUAL_ELSE,setProperties,42,NO_COVERAGE,none
ManagedTransactionFactory.java,org.apache.ibatis.transaction.managed.ManagedTransactionFactory,org.pitest.mutationtest.engine.gregor.mutators.RemoveConditionalMutator_EQUAL_IF,setProperties,40,NO_COVERAGE,none
ManagedTransactionFactory.java,org.apache.ibatis.transaction.managed.ManagedTransactionFactory,org.pitest.mutationtest.engine.gregor.mutators.RemoveConditionalMutator_EQUAL_IF,setProperties,42,NO_COVERAGE,none
ManagedTransactionFactory.java,org.apache.ibatis.transaction.managed.ManagedTransactionFactory,org.pitest.mutationtest.engine.gregor.mutators.experimental.MemberVariableMutator,setProperties,43,NO_COVERAGE,none
AbstractSQL.java,org.apache.ibatis.jdbc.AbstractSQL$SafeAppendable,org.pitest.mutationtest.engine.gregor.mutators.InlineConstantMutator,<init>,283,NO_COVERAGE,none
AbstractSQL.java,org.apache.ibatis.jdbc.AbstractSQL$SafeAppendable,org.pitest.mutationtest.engine.gregor.mutators.experimental.MemberVariableMutator,<init>,283,NO_COVERAGE,none
AbstractSQL.java,org.apache.ibatis.jdbc.AbstractSQL$SafeAppendable,org.pitest.mutationtest.engine.gregor.mutators.experimental.MemberVariableMutator,<init>,287,NO_COVERAGE,none
AbstractSQL.java,org.apache.ibatis.jdbc.AbstractSQL$SafeAppendable,org.pitest.mutationtest.engine.gregor.mutators.ConditionalsBoundaryMutator,append,292,NO_COVERAGE,none
AbstractSQL.java,org.apache.ibatis.jdbc.AbstractSQL$SafeAppendable,org.pitest.mutationtest.engine.gregor.mutators.ConstructorCallMutator,append,297,NO_COVERAGE,none
AbstractSQL.java,org.apache.ibatis.jdbc.AbstractSQL$SafeAppendable,org.pitest.mutationtest.engine.gregor.mutators.InlineConstantMutator,append,293,NO_COVERAGE,none
AbstractSQL.java,org.apache.ibatis.jdbc.AbstractSQL$SafeAppendable,org.pitest.mutationtest.engine.gregor.mutators.NegateConditionalsMutator,append,292,NO_COVERAGE,none
AbstractSQL.java,org.apache.ibatis.jdbc.AbstractSQL$SafeAppendable,org.pitest.mutationtest.engine.gregor.mutators.NegateConditionalsMutator,append,292,NO_COVERAGE,none
AbstractSQL.java,org.apache.ibatis.jdbc.AbstractSQL$SafeAppendable,org.pitest.mutationtest.engine.gregor.mutators.NonVoidMethodCallMutator,append,292,NO_COVERAGE,none
AbstractSQL.java,org.apache.ibatis.jdbc.AbstractSQL$SafeAppendable,org.pitest.mutationtest.engine.gregor.mutators.NonVoidMethodCallMutator,append,295,NO_COVERAGE,none
AbstractSQL.java,org.apache.ibatis.jdbc.AbstractSQL$SafeAppendable,org.pitest.mutationtest.engine.gregor.mutators.RemoveConditionalMutator_EQUAL_ELSE,append,292,NO_COVERAGE,none
AbstractSQL.java,org.apache.ibatis.jdbc.AbstractSQL$SafeAppendable,org.pitest.mutationtest.engine.gregor.mutators.RemoveConditionalMutator_EQUAL_IF,append,292,NO_COVERAGE,none
AbstractSQL.java,org.apache.ibatis.jdbc.AbstractSQL$SafeAppendable,org.pitest.mutationtest.engine.gregor.mutators.RemoveConditionalMutator_ORDER_ELSE,append,292,NO_COVERAGE,none
AbstractSQL.java,org.apache.ibatis.jdbc.AbstractSQL$SafeAppendable,org.pitest.mutationtest.engine.gregor.mutators.RemoveConditionalMutator_ORDER_IF,append,292,NO_COVERAGE,none
AbstractSQL.java,org.apache.ibatis.jdbc.AbstractSQL$SafeAppendable,org.pitest.mutationtest.engine.gregor.mutators.ReturnValsMutator,append,299,NO_COVERAGE,none
AbstractSQL.java,org.apache.ibatis.jdbc.AbstractSQL$SafeAppendable,org.pitest.mutationtest.engine.gregor.mutators.experimental.MemberVariableMutator,append,293,NO_COVERAGE,none
AbstractSQL.java,org.apache.ibatis.jdbc.AbstractSQL$SafeAppendable,org.pitest.mutationtest.engine.gregor.mutators.ReturnValsMutator,isEmpty,303,NO_COVERAGE,none
Log4j2Impl.java,org.apache.ibatis.logging.log4j2.Log4j2Impl,org.pitest.mutationtest.engine.gregor.mutators.ConstructorCallMutator,<init>,34,NO_COVERAGE,none
Log4j2Impl.java,org.apache.ibatis.logging.log4j2.Log4j2Impl,org.pitest.mutationtest.engine.gregor.mutators.ConstructorCallMutator,<init>,36,NO_COVERAGE,none
Log4j2Impl.java,org.apache.ibatis.logging.log4j2.Log4j2Impl,org.pitest.mutationtest.engine.gregor.mutators.NegateConditionalsMutator,<init>,33,NO_COVERAGE,none
Log4j2Impl.java,org.apache.ibatis.logging.log4j2.Log4j2Impl,org.pitest.mutationtest.engine.gregor.mutators.NonVoidMethodCallMutator,<init>,31,NO_COVERAGE,none
Log4j2Impl.java,org.apache.ibatis.logging.log4j2.Log4j2Impl,org.pitest.mutationtest.engine.gregor.mutators.RemoveConditionalMutator_EQUAL_ELSE,<init>,33,NO_COVERAGE,none
Log4j2Impl.java,org.apache.ibatis.logging.log4j2.Log4j2Impl,org.pitest.mutationtest.engine.gregor.mutators.RemoveConditionalMutator_EQUAL_IF,<init>,33,NO_COVERAGE,none
Log4j2Impl.java,org.apache.ibatis.logging.log4j2.Log4j2Impl,org.pitest.mutationtest.engine.gregor.mutators.experimental.MemberVariableMutator,<init>,34,NO_COVERAGE,none
Log4j2Impl.java,org.apache.ibatis.logging.log4j2.Log4j2Impl,org.pitest.mutationtest.engine.gregor.mutators.experimental.MemberVariableMutator,<init>,36,NO_COVERAGE,none
Log4j2Impl.java,org.apache.ibatis.logging.log4j2.Log4j2Impl,org.pitest.mutationtest.engine.gregor.mutators.VoidMethodCallMutator,debug,62,NO_COVERAGE,none
Log4j2Impl.java,org.apache.ibatis.logging.log4j2.Log4j2Impl,org.pitest.mutationtest.engine.gregor.mutators.VoidMethodCallMutator,error,57,NO_COVERAGE,none
Log4j2Impl.java,org.apache.ibatis.logging.log4j2.Log4j2Impl,org.pitest.mutationtest.engine.gregor.mutators.VoidMethodCallMutator,error,52,NO_COVERAGE,none
Log4j2Impl.java,org.apache.ibatis.logging.log4j2.Log4j2Impl,org.pitest.mutationtest.engine.gregor.mutators.NonVoidMethodCallMutator,isDebugEnabled,42,NO_COVERAGE,none
Log4j2Impl.java,org.apache.ibatis.logging.log4j2.Log4j2Impl,org.pitest.mutationtest.engine.gregor.mutators.ReturnValsMutator,isDebugEnabled,42,NO_COVERAGE,none
Log4j2Impl.java,org.apache.ibatis.logging.log4j2.Log4j2Impl,org.pitest.mutationtest.engine.gregor.mutators.NonVoidMethodCallMutator,isTraceEnabled,47,NO_COVERAGE,none
Log4j2Impl.java,org.apache.ibatis.logging.log4j2.Log4j2Impl,org.pitest.mutationtest.engine.gregor.mutators.ReturnValsMutator,isTraceEnabled,47,NO_COVERAGE,none
Log4j2Impl.java,org.apache.ibatis.logging.log4j2.Log4j2Impl,org.pitest.mutationtest.engine.gregor.mutators.VoidMethodCallMutator,trace,67,NO_COVERAGE,none
Log4j2Impl.java,org.apache.ibatis.logging.log4j2.Log4j2Impl,org.pitest.mutationtest.engine.gregor.mutators.VoidMethodCallMutator,warn,72,NO_COVERAGE,none
BlobInputStreamTypeHandler.java,org.apache.ibatis.type.BlobInputStreamTypeHandler,org.pitest.mutationtest.engine.gregor.mutators.NonVoidMethodCallMutator,getNullableResult,65,NO_COVERAGE,none
BlobInputStreamTypeHandler.java,org.apache.ibatis.type.BlobInputStreamTypeHandler,org.pitest.mutationtest.engine.gregor.mutators.NonVoidMethodCallMutator,getNullableResult,65,NO_COVERAGE,none
BlobInputStreamTypeHandler.java,org.apache.ibatis.type.BlobInputStreamTypeHandler,org.pitest.mutationtest.engine.gregor.mutators.ReturnValsMutator,getNullableResult,65,NO_COVERAGE,none
BlobInputStreamTypeHandler.java,org.apache.ibatis.type.BlobInputStreamTypeHandler,org.pitest.mutationtest.engine.gregor.mutators.NonVoidMethodCallMutator,getNullableResult,55,NO_COVERAGE,none
BlobInputStreamTypeHandler.java,org.apache.ibatis.type.BlobInputStreamTypeHandler,org.pitest.mutationtest.engine.gregor.mutators.NonVoidMethodCallMutator,getNullableResult,55,NO_COVERAGE,none
BlobInputStreamTypeHandler.java,org.apache.ibatis.type.BlobInputStreamTypeHandler,org.pitest.mutationtest.engine.gregor.mutators.ReturnValsMutator,getNullableResult,55,NO_COVERAGE,none
BlobInputStreamTypeHandler.java,org.apache.ibatis.type.BlobInputStreamTypeHandler,org.pitest.mutationtest.engine.gregor.mutators.NonVoidMethodCallMutator,getNullableResult,45,NO_COVERAGE,none
BlobInputStreamTypeHandler.java,org.apache.ibatis.type.BlobInputStreamTypeHandler,org.pitest.mutationtest.engine.gregor.mutators.NonVoidMethodCallMutator,getNullableResult,45,NO_COVERAGE,none
BlobInputStreamTypeHandler.java,org.apache.ibatis.type.BlobInputStreamTypeHandler,org.pitest.mutationtest.engine.gregor.mutators.ReturnValsMutator,getNullableResult,45,NO_COVERAGE,none
BlobInputStreamTypeHandler.java,org.apache.ibatis.type.BlobInputStreamTypeHandler,org.pitest.mutationtest.engine.gregor.mutators.VoidMethodCallMutator,setNonNullParameter,35,NO_COVERAGE,none
BlobInputStreamTypeHandler.java,org.apache.ibatis.type.BlobInputStreamTypeHandler,org.pitest.mutationtest.engine.gregor.mutators.NegateConditionalsMutator,toInputStream,69,NO_COVERAGE,none
BlobInputStreamTypeHandler.java,org.apache.ibatis.type.BlobInputStreamTypeHandler,org.pitest.mutationtest.engine.gregor.mutators.NonVoidMethodCallMutator,toInputStream,72,NO_COVERAGE,none
BlobInputStreamTypeHandler.java,org.apache.ibatis.type.BlobInputStreamTypeHandler,org.pitest.mutationtest.engine.gregor.mutators.RemoveConditionalMutator_EQUAL_ELSE,toInputStream,69,NO_COVERAGE,none
BlobInputStreamTypeHandler.java,org.apache.ibatis.type.BlobInputStreamTypeHandler,org.pitest.mutationtest.engine.gregor.mutators.RemoveConditionalMutator_EQUAL_IF,toInputStream,69,NO_COVERAGE,none
BlobInputStreamTypeHandler.java,org.apache.ibatis.type.BlobInputStreamTypeHandler,org.pitest.mutationtest.engine.gregor.mutators.ReturnValsMutator,toInputStream,70,NO_COVERAGE,none
BlobInputStreamTypeHandler.java,org.apache.ibatis.type.BlobInputStreamTypeHandler,org.pitest.mutationtest.engine.gregor.mutators.ReturnValsMutator,toInputStream,72,NO_COVERAGE,none
DynamicSqlSource.java,org.apache.ibatis.scripting.xmltags.DynamicSqlSource,org.pitest.mutationtest.engine.gregor.mutators.experimental.MemberVariableMutator,<init>,35,NO_COVERAGE,none
DynamicSqlSource.java,org.apache.ibatis.scripting.xmltags.DynamicSqlSource,org.pitest.mutationtest.engine.gregor.mutators.ConstructorCallMutator,getBoundSql,40,NO_COVERAGE,none
DynamicSqlSource.java,org.apache.ibatis.scripting.xmltags.DynamicSqlSource,org.pitest.mutationtest.engine.gregor.mutators.ConstructorCallMutator,getBoundSql,42,NO_COVERAGE,none
DynamicSqlSource.java,org.apache.ibatis.scripting.xmltags.DynamicSqlSource,org.pitest.mutationtest.engine.gregor.mutators.NegateConditionalsMutator,getBoundSql,46,NO_COVERAGE,none
DynamicSqlSource.java,org.apache.ibatis.scripting.xmltags.DynamicSqlSource,org.pitest.mutationtest.engine.gregor.mutators.NonVoidMethodCallMutator,getBoundSql,43,NO_COVERAGE,none
DynamicSqlSource.java,org.apache.ibatis.scripting.xmltags.DynamicSqlSource,org.pitest.mutationtest.engine.gregor.mutators.NonVoidMethodCallMutator,getBoundSql,44,NO_COVERAGE,none
DynamicSqlSource.java,org.apache.ibatis.scripting.xmltags.DynamicSqlSource,org.pitest.mutationtest.engine.gregor.mutators.NonVoidMethodCallMutator,getBoundSql,45,NO_COVERAGE,none
DynamicSqlSource.java,org.apache.ibatis.scripting.xmltags.DynamicSqlSource,org.pitest.mutationtest.engine.gregor.mutators.NonVoidMethodCallMutator,getBoundSql,46,NO_COVERAGE,none
DynamicSqlSource.java,org.apache.ibatis.scripting.xmltags.DynamicSqlSource,org.pitest.mutationtest.engine.gregor.mutators.NonVoidMethodCallMutator,getBoundSql,46,NO_COVERAGE,none
DynamicSqlSource.java,org.apache.ibatis.scripting.xmltags.DynamicSqlSource,org.pitest.mutationtest.engine.gregor.mutators.NonVoidMethodCallMutator,getBoundSql,46,NO_COVERAGE,none
DynamicSqlSource.java,org.apache.ibatis.scripting.xmltags.DynamicSqlSource,org.pitest.mutationtest.engine.gregor.mutators.NonVoidMethodCallMutator,getBoundSql,46,NO_COVERAGE,none
DynamicSqlSource.java,org.apache.ibatis.scripting.xmltags.DynamicSqlSource,org.pitest.mutationtest.engine.gregor.mutators.NonVoidMethodCallMutator,getBoundSql,47,NO_COVERAGE,none
DynamicSqlSource.java,org.apache.ibatis.scripting.xmltags.DynamicSqlSource,org.pitest.mutationtest.engine.gregor.mutators.NonVoidMethodCallMutator,getBoundSql,47,NO_COVERAGE,none
DynamicSqlSource.java,org.apache.ibatis.scripting.xmltags.DynamicSqlSource,org.pitest.mutationtest.engine.gregor.mutators.RemoveConditionalMutator_EQUAL_ELSE,getBoundSql,46,NO_COVERAGE,none
DynamicSqlSource.java,org.apache.ibatis.scripting.xmltags.DynamicSqlSource,org.pitest.mutationtest.engine.gregor.mutators.ReturnValsMutator,getBoundSql,49,NO_COVERAGE,none
DynamicSqlSource.java,org.apache.ibatis.scripting.xmltags.DynamicSqlSource,org.pitest.mutationtest.engine.gregor.mutators.VoidMethodCallMutator,getBoundSql,47,NO_COVERAGE,none
ByteArrayUtils.java,org.apache.ibatis.type.ByteArrayUtils,org.pitest.mutationtest.engine.gregor.mutators.ConditionalsBoundaryMutator,convertToObjectArray,37,NO_COVERAGE,none
ByteArrayUtils.java,org.apache.ibatis.type.ByteArrayUtils,org.pitest.mutationtest.engine.gregor.mutators.IncrementsMutator,convertToObjectArray,37,NO_COVERAGE,none
ByteArrayUtils.java,org.apache.ibatis.type.ByteArrayUtils,org.pitest.mutationtest.engine.gregor.mutators.InlineConstantMutator,convertToObjectArray,37,NO_COVERAGE,none
ByteArrayUtils.java,org.apache.ibatis.type.ByteArrayUtils,org.pitest.mutationtest.engine.gregor.mutators.NegateConditionalsMutator,convertToObjectArray,37,NO_COVERAGE,none
ByteArrayUtils.java,org.apache.ibatis.type.ByteArrayUtils,org.pitest.mutationtest.engine.gregor.mutators.NonVoidMethodCallMutator,convertToObjectArray,38,NO_COVERAGE,none
ByteArrayUtils.java,org.apache.ibatis.type.ByteArrayUtils,org.pitest.mutationtest.engine.gregor.mutators.RemoveConditionalMutator_ORDER_ELSE,convertToObjectArray,37,NO_COVERAGE,none
ByteArrayUtils.java,org.apache.ibatis.type.ByteArrayUtils,org.pitest.mutationtest.engine.gregor.mutators.RemoveConditionalMutator_ORDER_IF,convertToObjectArray,37,NO_COVERAGE,none
ByteArrayUtils.java,org.apache.ibatis.type.ByteArrayUtils,org.pitest.mutationtest.engine.gregor.mutators.ReturnValsMutator,convertToObjectArray,40,NO_COVERAGE,none
ByteArrayUtils.java,org.apache.ibatis.type.ByteArrayUtils,org.pitest.mutationtest.engine.gregor.mutators.ConditionalsBoundaryMutator,convertToPrimitiveArray,29,NO_COVERAGE,none
ByteArrayUtils.java,org.apache.ibatis.type.ByteArrayUtils,org.pitest.mutationtest.engine.gregor.mutators.IncrementsMutator,convertToPrimitiveArray,29,NO_COVERAGE,none
ByteArrayUtils.java,org.apache.ibatis.type.ByteArrayUtils,org.pitest.mutationtest.engine.gregor.mutators.InlineConstantMutator,convertToPrimitiveArray,29,NO_COVERAGE,none
ByteArrayUtils.java,org.apache.ibatis.type.ByteArrayUtils,org.pitest.mutationtest.engine.gregor.mutators.NegateConditionalsMutator,convertToPrimitiveArray,29,NO_COVERAGE,none
ByteArrayUtils.java,org.apache.ibatis.type.ByteArrayUtils,org.pitest.mutationtest.engine.gregor.mutators.NonVoidMethodCallMutator,convertToPrimitiveArray,30,NO_COVERAGE,none
ByteArrayUtils.java,org.apache.ibatis.type.ByteArrayUtils,org.pitest.mutationtest.engine.gregor.mutators.RemoveConditionalMutator_ORDER_ELSE,convertToPrimitiveArray,29,NO_COVERAGE,none
ByteArrayUtils.java,org.apache.ibatis.type.ByteArrayUtils,org.pitest.mutationtest.engine.gregor.mutators.RemoveConditionalMutator_ORDER_IF,convertToPrimitiveArray,29,NO_COVERAGE,none
ByteArrayUtils.java,org.apache.ibatis.type.ByteArrayUtils,org.pitest.mutationtest.engine.gregor.mutators.ReturnValsMutator,convertToPrimitiveArray,32,NO_COVERAGE,none
ByteObjectArrayTypeHandler.java,org.apache.ibatis.type.ByteObjectArrayTypeHandler,org.pitest.mutationtest.engine.gregor.mutators.NegateConditionalsMutator,getBytes,53,NO_COVERAGE,none
ByteObjectArrayTypeHandler.java,org.apache.ibatis.type.ByteObjectArrayTypeHandler,org.pitest.mutationtest.engine.gregor.mutators.NonVoidMethodCallMutator,getBytes,54,NO_COVERAGE,none
ByteObjectArrayTypeHandler.java,org.apache.ibatis.type.ByteObjectArrayTypeHandler,org.pitest.mutationtest.engine.gregor.mutators.RemoveConditionalMutator_EQUAL_ELSE,getBytes,53,NO_COVERAGE,none
ByteObjectArrayTypeHandler.java,org.apache.ibatis.type.ByteObjectArrayTypeHandler,org.pitest.mutationtest.engine.gregor.mutators.RemoveConditionalMutator_EQUAL_IF,getBytes,53,NO_COVERAGE,none
ByteObjectArrayTypeHandler.java,org.apache.ibatis.type.ByteObjectArrayTypeHandler,org.pitest.mutationtest.engine.gregor.mutators.ReturnValsMutator,getBytes,56,NO_COVERAGE,none
ByteObjectArrayTypeHandler.java,org.apache.ibatis.type.ByteObjectArrayTypeHandler,org.pitest.mutationtest.engine.gregor.mutators.NonVoidMethodCallMutator,getNullableResult,47,NO_COVERAGE,none
ByteObjectArrayTypeHandler.java,org.apache.ibatis.type.ByteObjectArrayTypeHandler,org.pitest.mutationtest.engine.gregor.mutators.NonVoidMethodCallMutator,getNullableResult,48,NO_COVERAGE,none
ByteObjectArrayTypeHandler.java,org.apache.ibatis.type.ByteObjectArrayTypeHandler,org.pitest.mutationtest.engine.gregor.mutators.ReturnValsMutator,getNullableResult,48,NO_COVERAGE,none
ByteObjectArrayTypeHandler.java,org.apache.ibatis.type.ByteObjectArrayTypeHandler,org.pitest.mutationtest.engine.gregor.mutators.NonVoidMethodCallMutator,getNullableResult,41,NO_COVERAGE,none
ByteObjectArrayTypeHandler.java,org.apache.ibatis.type.ByteObjectArrayTypeHandler,org.pitest.mutationtest.engine.gregor.mutators.NonVoidMethodCallMutator,getNullableResult,42,NO_COVERAGE,none
ByteObjectArrayTypeHandler.java,org.apache.ibatis.type.ByteObjectArrayTypeHandler,org.pitest.mutationtest.engine.gregor.mutators.ReturnValsMutator,getNullableResult,42,NO_COVERAGE,none
ByteObjectArrayTypeHandler.java,org.apache.ibatis.type.ByteObjectArrayTypeHandler,org.pitest.mutationtest.engine.gregor.mutators.NonVoidMethodCallMutator,getNullableResult,35,NO_COVERAGE,none
ByteObjectArrayTypeHandler.java,org.apache.ibatis.type.ByteObjectArrayTypeHandler,org.pitest.mutationtest.engine.gregor.mutators.NonVoidMethodCallMutator,getNullableResult,36,NO_COVERAGE,none
ByteObjectArrayTypeHandler.java,org.apache.ibatis.type.ByteObjectArrayTypeHandler,org.pitest.mutationtest.engine.gregor.mutators.ReturnValsMutator,getNullableResult,36,NO_COVERAGE,none
ByteObjectArrayTypeHandler.java,org.apache.ibatis.type.ByteObjectArrayTypeHandler,org.pitest.mutationtest.engine.gregor.mutators.NonVoidMethodCallMutator,setNonNullParameter,30,NO_COVERAGE,none
ByteObjectArrayTypeHandler.java,org.apache.ibatis.type.ByteObjectArrayTypeHandler,org.pitest.mutationtest.engine.gregor.mutators.VoidMethodCallMutator,setNonNullParameter,30,NO_COVERAGE,none
PropertyParser.java,org.apache.ibatis.parsing.PropertyParser$VariableTokenHandler,org.pitest.mutationtest.engine.gregor.mutators.ArgumentPropagationMutator,handleToken,86,NO_COVERAGE,none
PropertyParser.java,org.apache.ibatis.parsing.PropertyParser$VariableTokenHandler,org.pitest.mutationtest.engine.gregor.mutators.ConditionalsBoundaryMutator,handleToken,81,NO_COVERAGE,none
PropertyParser.java,org.apache.ibatis.parsing.PropertyParser$VariableTokenHandler,org.pitest.mutationtest.engine.gregor.mutators.InlineConstantMutator,handleToken,82,NO_COVERAGE,none
PropertyParser.java,org.apache.ibatis.parsing.PropertyParser$VariableTokenHandler,org.pitest.mutationtest.engine.gregor.mutators.MathMutator,handleToken,83,NO_COVERAGE,none
PropertyParser.java,org.apache.ibatis.parsing.PropertyParser$VariableTokenHandler,org.pitest.mutationtest.engine.gregor.mutators.NegateConditionalsMutator,handleToken,81,NO_COVERAGE,none
PropertyParser.java,org.apache.ibatis.parsing.PropertyParser$VariableTokenHandler,org.pitest.mutationtest.engine.gregor.mutators.NegateConditionalsMutator,handleToken,85,NO_COVERAGE,none
PropertyParser.java,org.apache.ibatis.parsing.PropertyParser$VariableTokenHandler,org.pitest.mutationtest.engine.gregor.mutators.NonVoidMethodCallMutator,handleToken,79,NO_COVERAGE,none
PropertyParser.java,org.apache.ibatis.parsing.PropertyParser$VariableTokenHandler,org.pitest.mutationtest.engine.gregor.mutators.NonVoidMethodCallMutator,handleToken,82,NO_COVERAGE,none
PropertyParser.java,org.apache.ibatis.parsing.PropertyParser$VariableTokenHandler,org.pitest.mutationtest.engine.gregor.mutators.NonVoidMethodCallMutator,handleToken,83,NO_COVERAGE,none
PropertyParser.java,org.apache.ibatis.parsing.PropertyParser$VariableTokenHandler,org.pitest.mutationtest.engine.gregor.mutators.NonVoidMethodCallMutator,handleToken,83,NO_COVERAGE,none
PropertyParser.java,org.apache.ibatis.parsing.PropertyParser$VariableTokenHandler,org.pitest.mutationtest.engine.gregor.mutators.NonVoidMethodCallMutator,handleToken,86,NO_COVERAGE,none
PropertyParser.java,org.apache.ibatis.parsing.PropertyParser$VariableTokenHandler,org.pitest.mutationtest.engine.gregor.mutators.RemoveConditionalMutator_EQUAL_ELSE,handleToken,85,NO_COVERAGE,none
PropertyParser.java,org.apache.ibatis.parsing.PropertyParser$VariableTokenHandler,org.pitest.mutationtest.engine.gregor.mutators.RemoveConditionalMutator_EQUAL_IF,handleToken,85,NO_COVERAGE,none
PropertyParser.java,org.apache.ibatis.parsing.PropertyParser$VariableTokenHandler,org.pitest.mutationtest.engine.gregor.mutators.RemoveConditionalMutator_ORDER_ELSE,handleToken,81,NO_COVERAGE,none
PropertyParser.java,org.apache.ibatis.parsing.PropertyParser$VariableTokenHandler,org.pitest.mutationtest.engine.gregor.mutators.RemoveConditionalMutator_ORDER_IF,handleToken,81,NO_COVERAGE,none
PropertyParser.java,org.apache.ibatis.parsing.PropertyParser$VariableTokenHandler,org.pitest.mutationtest.engine.gregor.mutators.ReturnValsMutator,handleToken,86,NO_COVERAGE,none
DynamicContext.java,org.apache.ibatis.scripting.xmltags.DynamicContext,org.pitest.mutationtest.engine.gregor.mutators.InlineConstantMutator,<init>,43,KILLED,org.apache.ibatis.submitted.extend.ExtendTest.org.apache.ibatis.submitted.extend.ExtendTest
DynamicContext.java,org.apache.ibatis.scripting.xmltags.DynamicContext,org.pitest.mutationtest.engine.gregor.mutators.NonVoidMethodCallMutator,<init>,52,KILLED,org.apache.ibatis.submitted.extend.ExtendTest.org.apache.ibatis.submitted.extend.ExtendTest
DynamicContext.java,org.apache.ibatis.scripting.xmltags.DynamicContext,org.pitest.mutationtest.engine.gregor.mutators.NonVoidMethodCallMutator,<init>,53,KILLED,org.apache.ibatis.submitted.extend.ExtendTest.org.apache.ibatis.submitted.extend.ExtendTest
DynamicContext.java,org.apache.ibatis.scripting.xmltags.DynamicContext,org.pitest.mutationtest.engine.gregor.mutators.RemoveConditionalMutator_EQUAL_ELSE,<init>,46,SURVIVED,none
DynamicContext.java,org.apache.ibatis.scripting.xmltags.DynamicContext,org.pitest.mutationtest.engine.gregor.mutators.RemoveConditionalMutator_EQUAL_IF,<init>,46,KILLED,org.apache.ibatis.submitted.extend.ExtendTest.org.apache.ibatis.submitted.extend.ExtendTest
DynamicContext.java,org.apache.ibatis.scripting.xmltags.DynamicContext,org.pitest.mutationtest.engine.gregor.mutators.RemoveConditionalMutator_EQUAL_IF,<init>,46,KILLED,org.apache.ibatis.submitted.extend.ExtendTest.org.apache.ibatis.submitted.extend.ExtendTest
DynamicContext.java,org.apache.ibatis.scripting.xmltags.DynamicContext,org.pitest.mutationtest.engine.gregor.mutators.experimental.MemberVariableMutator,<init>,43,KILLED,org.apache.ibatis.submitted.extend.ExtendTest.org.apache.ibatis.submitted.extend.ExtendTest
DynamicContext.java,org.apache.ibatis.scripting.xmltags.DynamicContext,org.pitest.mutationtest.engine.gregor.mutators.experimental.MemberVariableMutator,<init>,48,NO_COVERAGE,none
DynamicContext.java,org.apache.ibatis.scripting.xmltags.DynamicContext,org.pitest.mutationtest.engine.gregor.mutators.ArgumentPropagationMutator,bind,61,NO_COVERAGE,none
DynamicContext.java,org.apache.ibatis.scripting.xmltags.DynamicContext,org.pitest.mutationtest.engine.gregor.mutators.NonVoidMethodCallMutator,bind,61,NO_COVERAGE,none
DynamicContext.java,org.apache.ibatis.scripting.xmltags.DynamicContext,org.pitest.mutationtest.engine.gregor.mutators.ReturnValsMutator,getBindings,57,NO_COVERAGE,none
DynamicContext.java,org.apache.ibatis.scripting.xmltags.DynamicContext,org.pitest.mutationtest.engine.gregor.mutators.NonVoidMethodCallMutator,getSql,70,KILLED,org.apache.ibatis.submitted.extend.ExtendTest.org.apache.ibatis.submitted.extend.ExtendTest
DynamicContext.java,org.apache.ibatis.scripting.xmltags.DynamicContext,org.pitest.mutationtest.engine.gregor.mutators.InlineConstantMutator,getUniqueNumber,74,NO_COVERAGE,none
DynamicContext.java,org.apache.ibatis.scripting.xmltags.DynamicContext,org.pitest.mutationtest.engine.gregor.mutators.MathMutator,getUniqueNumber,74,NO_COVERAGE,none
DynamicContext.java,org.apache.ibatis.scripting.xmltags.DynamicContext,org.pitest.mutationtest.engine.gregor.mutators.ReturnValsMutator,getUniqueNumber,74,NO_COVERAGE,none
DynamicContext.java,org.apache.ibatis.scripting.xmltags.DynamicContext,org.pitest.mutationtest.engine.gregor.mutators.experimental.MemberVariableMutator,getUniqueNumber,74,NO_COVERAGE,none
SynchronizedCache.java,org.apache.ibatis.cache.decorators.SynchronizedCache,org.pitest.mutationtest.engine.gregor.mutators.VoidMethodCallMutator,clear,60,NO_COVERAGE,none
SynchronizedCache.java,org.apache.ibatis.cache.decorators.SynchronizedCache,org.pitest.mutationtest.engine.gregor.mutators.NonVoidMethodCallMutator,equals,70,NO_COVERAGE,none
SynchronizedCache.java,org.apache.ibatis.cache.decorators.SynchronizedCache,org.pitest.mutationtest.engine.gregor.mutators.ReturnValsMutator,equals,70,NO_COVERAGE,none
SynchronizedCache.java,org.apache.ibatis.cache.decorators.SynchronizedCache,org.pitest.mutationtest.engine.gregor.mutators.NonVoidMethodCallMutator,getId,35,NO_COVERAGE,none
SynchronizedCache.java,org.apache.ibatis.cache.decorators.SynchronizedCache,org.pitest.mutationtest.engine.gregor.mutators.ReturnValsMutator,getId,35,NO_COVERAGE,none
SynchronizedCache.java,org.apache.ibatis.cache.decorators.SynchronizedCache,org.pitest.mutationtest.engine.gregor.mutators.ArgumentPropagationMutator,getObject,50,NO_COVERAGE,none
SynchronizedCache.java,org.apache.ibatis.cache.decorators.SynchronizedCache,org.pitest.mutationtest.engine.gregor.mutators.NonVoidMethodCallMutator,getObject,50,NO_COVERAGE,none
SynchronizedCache.java,org.apache.ibatis.cache.decorators.SynchronizedCache,org.pitest.mutationtest.engine.gregor.mutators.ReturnValsMutator,getReadWriteLock,75,NO_COVERAGE,none
SynchronizedCache.java,org.apache.ibatis.cache.decorators.SynchronizedCache,org.pitest.mutationtest.engine.gregor.mutators.NonVoidMethodCallMutator,getSize,40,NO_COVERAGE,none
SynchronizedCache.java,org.apache.ibatis.cache.decorators.SynchronizedCache,org.pitest.mutationtest.engine.gregor.mutators.ReturnValsMutator,getSize,40,NO_COVERAGE,none
SynchronizedCache.java,org.apache.ibatis.cache.decorators.SynchronizedCache,org.pitest.mutationtest.engine.gregor.mutators.NonVoidMethodCallMutator,hashCode,65,NO_COVERAGE,none
SynchronizedCache.java,org.apache.ibatis.cache.decorators.SynchronizedCache,org.pitest.mutationtest.engine.gregor.mutators.ReturnValsMutator,hashCode,65,NO_COVERAGE,none
SynchronizedCache.java,org.apache.ibatis.cache.decorators.SynchronizedCache,org.pitest.mutationtest.engine.gregor.mutators.VoidMethodCallMutator,putObject,45,NO_COVERAGE,none
SynchronizedCache.java,org.apache.ibatis.cache.decorators.SynchronizedCache,org.pitest.mutationtest.engine.gregor.mutators.ArgumentPropagationMutator,removeObject,55,NO_COVERAGE,none
SynchronizedCache.java,org.apache.ibatis.cache.decorators.SynchronizedCache,org.pitest.mutationtest.engine.gregor.mutators.NonVoidMethodCallMutator,removeObject,55,NO_COVERAGE,none
SynchronizedCache.java,org.apache.ibatis.cache.decorators.SynchronizedCache,org.pitest.mutationtest.engine.gregor.mutators.ReturnValsMutator,removeObject,55,NO_COVERAGE,none
ClobReaderTypeHandler.java,org.apache.ibatis.type.ClobReaderTypeHandler,org.pitest.mutationtest.engine.gregor.mutators.NonVoidMethodCallMutator,getNullableResult,65,NO_COVERAGE,none
ClobReaderTypeHandler.java,org.apache.ibatis.type.ClobReaderTypeHandler,org.pitest.mutationtest.engine.gregor.mutators.NonVoidMethodCallMutator,getNullableResult,65,NO_COVERAGE,none
ClobReaderTypeHandler.java,org.apache.ibatis.type.ClobReaderTypeHandler,org.pitest.mutationtest.engine.gregor.mutators.ReturnValsMutator,getNullableResult,65,NO_COVERAGE,none
ClobReaderTypeHandler.java,org.apache.ibatis.type.ClobReaderTypeHandler,org.pitest.mutationtest.engine.gregor.mutators.NonVoidMethodCallMutator,getNullableResult,55,NO_COVERAGE,none
ClobReaderTypeHandler.java,org.apache.ibatis.type.ClobReaderTypeHandler,org.pitest.mutationtest.engine.gregor.mutators.NonVoidMethodCallMutator,getNullableResult,55,NO_COVERAGE,none
ClobReaderTypeHandler.java,org.apache.ibatis.type.ClobReaderTypeHandler,org.pitest.mutationtest.engine.gregor.mutators.ReturnValsMutator,getNullableResult,55,NO_COVERAGE,none
ClobReaderTypeHandler.java,org.apache.ibatis.type.ClobReaderTypeHandler,org.pitest.mutationtest.engine.gregor.mutators.NonVoidMethodCallMutator,getNullableResult,45,NO_COVERAGE,none
ClobReaderTypeHandler.java,org.apache.ibatis.type.ClobReaderTypeHandler,org.pitest.mutationtest.engine.gregor.mutators.NonVoidMethodCallMutator,getNullableResult,45,NO_COVERAGE,none
ClobReaderTypeHandler.java,org.apache.ibatis.type.ClobReaderTypeHandler,org.pitest.mutationtest.engine.gregor.mutators.ReturnValsMutator,getNullableResult,45,NO_COVERAGE,none
ClobReaderTypeHandler.java,org.apache.ibatis.type.ClobReaderTypeHandler,org.pitest.mutationtest.engine.gregor.mutators.VoidMethodCallMutator,setNonNullParameter,35,NO_COVERAGE,none
ClobReaderTypeHandler.java,org.apache.ibatis.type.ClobReaderTypeHandler,org.pitest.mutationtest.engine.gregor.mutators.NegateConditionalsMutator,toReader,69,NO_COVERAGE,none
ClobReaderTypeHandler.java,org.apache.ibatis.type.ClobReaderTypeHandler,org.pitest.mutationtest.engine.gregor.mutators.NonVoidMethodCallMutator,toReader,72,NO_COVERAGE,none
ClobReaderTypeHandler.java,org.apache.ibatis.type.ClobReaderTypeHandler,org.pitest.mutationtest.engine.gregor.mutators.RemoveConditionalMutator_EQUAL_ELSE,toReader,69,NO_COVERAGE,none
ClobReaderTypeHandler.java,org.apache.ibatis.type.ClobReaderTypeHandler,org.pitest.mutationtest.engine.gregor.mutators.RemoveConditionalMutator_EQUAL_IF,toReader,69,NO_COVERAGE,none
ClobReaderTypeHandler.java,org.apache.ibatis.type.ClobReaderTypeHandler,org.pitest.mutationtest.engine.gregor.mutators.ReturnValsMutator,toReader,70,NO_COVERAGE,none
ClobReaderTypeHandler.java,org.apache.ibatis.type.ClobReaderTypeHandler,org.pitest.mutationtest.engine.gregor.mutators.ReturnValsMutator,toReader,72,NO_COVERAGE,none
TypeParameterResolver.java,org.apache.ibatis.reflection.TypeParameterResolver$ParameterizedTypeImpl,org.pitest.mutationtest.engine.gregor.mutators.experimental.MemberVariableMutator,<init>,222,KILLED,org.apache.ibatis.submitted.extend.ExtendTest.org.apache.ibatis.submitted.extend.ExtendTest
TypeParameterResolver.java,org.apache.ibatis.reflection.TypeParameterResolver$ParameterizedTypeImpl,org.pitest.mutationtest.engine.gregor.mutators.ReturnValsMutator,getActualTypeArguments,228,NO_COVERAGE,none
TypeParameterResolver.java,org.apache.ibatis.reflection.TypeParameterResolver$ParameterizedTypeImpl,org.pitest.mutationtest.engine.gregor.mutators.ReturnValsMutator,getOwnerType,233,NO_COVERAGE,none
TypeParameterResolver.java,org.apache.ibatis.reflection.TypeParameterResolver$ParameterizedTypeImpl,org.pitest.mutationtest.engine.gregor.mutators.ReturnValsMutator,getRawType,238,SURVIVED,none
TypeParameterResolver.java,org.apache.ibatis.reflection.TypeParameterResolver$ParameterizedTypeImpl,org.pitest.mutationtest.engine.gregor.mutators.ConstructorCallMutator,toString,243,NO_COVERAGE,none
TypeParameterResolver.java,org.apache.ibatis.reflection.TypeParameterResolver$ParameterizedTypeImpl,org.pitest.mutationtest.engine.gregor.mutators.NonVoidMethodCallMutator,toString,243,NO_COVERAGE,none
TypeParameterResolver.java,org.apache.ibatis.reflection.TypeParameterResolver$ParameterizedTypeImpl,org.pitest.mutationtest.engine.gregor.mutators.NonVoidMethodCallMutator,toString,243,NO_COVERAGE,none
TypeParameterResolver.java,org.apache.ibatis.reflection.TypeParameterResolver$ParameterizedTypeImpl,org.pitest.mutationtest.engine.gregor.mutators.NonVoidMethodCallMutator,toString,243,NO_COVERAGE,none
TypeParameterResolver.java,org.apache.ibatis.reflection.TypeParameterResolver$ParameterizedTypeImpl,org.pitest.mutationtest.engine.gregor.mutators.NonVoidMethodCallMutator,toString,243,NO_COVERAGE,none
TypeParameterResolver.java,org.apache.ibatis.reflection.TypeParameterResolver$ParameterizedTypeImpl,org.pitest.mutationtest.engine.gregor.mutators.NonVoidMethodCallMutator,toString,243,NO_COVERAGE,none
TypeParameterResolver.java,org.apache.ibatis.reflection.TypeParameterResolver$ParameterizedTypeImpl,org.pitest.mutationtest.engine.gregor.mutators.NonVoidMethodCallMutator,toString,243,NO_COVERAGE,none
TypeParameterResolver.java,org.apache.ibatis.reflection.TypeParameterResolver$ParameterizedTypeImpl,org.pitest.mutationtest.engine.gregor.mutators.NonVoidMethodCallMutator,toString,243,NO_COVERAGE,none
TypeParameterResolver.java,org.apache.ibatis.reflection.TypeParameterResolver$ParameterizedTypeImpl,org.pitest.mutationtest.engine.gregor.mutators.NonVoidMethodCallMutator,toString,243,NO_COVERAGE,none
TypeParameterResolver.java,org.apache.ibatis.reflection.TypeParameterResolver$ParameterizedTypeImpl,org.pitest.mutationtest.engine.gregor.mutators.NonVoidMethodCallMutator,toString,243,NO_COVERAGE,none
TypeParameterResolver.java,org.apache.ibatis.reflection.TypeParameterResolver$ParameterizedTypeImpl,org.pitest.mutationtest.engine.gregor.mutators.ReturnValsMutator,toString,243,NO_COVERAGE,none
ForEachSqlNode.java,org.apache.ibatis.scripting.xmltags.ForEachSqlNode$FilteredDynamicContext,org.pitest.mutationtest.engine.gregor.mutators.experimental.MemberVariableMutator,<init>,132,NO_COVERAGE,none
ForEachSqlNode.java,org.apache.ibatis.scripting.xmltags.ForEachSqlNode$FilteredDynamicContext,org.pitest.mutationtest.engine.gregor.mutators.experimental.MemberVariableMutator,<init>,133,NO_COVERAGE,none
ForEachSqlNode.java,org.apache.ibatis.scripting.xmltags.ForEachSqlNode$FilteredDynamicContext,org.pitest.mutationtest.engine.gregor.mutators.experimental.MemberVariableMutator,<init>,134,NO_COVERAGE,none
ForEachSqlNode.java,org.apache.ibatis.scripting.xmltags.ForEachSqlNode$FilteredDynamicContext,org.pitest.mutationtest.engine.gregor.mutators.ArgumentPropagationMutator,appendSql,165,NO_COVERAGE,none
ForEachSqlNode.java,org.apache.ibatis.scripting.xmltags.ForEachSqlNode$FilteredDynamicContext,org.pitest.mutationtest.engine.gregor.mutators.ConstructorCallMutator,appendSql,154,NO_COVERAGE,none
ForEachSqlNode.java,org.apache.ibatis.scripting.xmltags.ForEachSqlNode$FilteredDynamicContext,org.pitest.mutationtest.engine.gregor.mutators.ConstructorCallMutator,appendSql,154,NO_COVERAGE,none
ForEachSqlNode.java,org.apache.ibatis.scripting.xmltags.ForEachSqlNode$FilteredDynamicContext,org.pitest.mutationtest.engine.gregor.mutators.NonVoidMethodCallMutator,appendSql,165,NO_COVERAGE,none
ForEachSqlNode.java,org.apache.ibatis.scripting.xmltags.ForEachSqlNode$FilteredDynamicContext,org.pitest.mutationtest.engine.gregor.mutators.VoidMethodCallMutator,appendSql,165,NO_COVERAGE,none
ForEachSqlNode.java,org.apache.ibatis.scripting.xmltags.ForEachSqlNode$FilteredDynamicContext,org.pitest.mutationtest.engine.gregor.mutators.VoidMethodCallMutator,bind,144,NO_COVERAGE,none
ForEachSqlNode.java,org.apache.ibatis.scripting.xmltags.ForEachSqlNode$FilteredDynamicContext,org.pitest.mutationtest.engine.gregor.mutators.NonVoidMethodCallMutator,getBindings,139,NO_COVERAGE,none
ForEachSqlNode.java,org.apache.ibatis.scripting.xmltags.ForEachSqlNode$FilteredDynamicContext,org.pitest.mutationtest.engine.gregor.mutators.ReturnValsMutator,getBindings,139,NO_COVERAGE,none
ForEachSqlNode.java,org.apache.ibatis.scripting.xmltags.ForEachSqlNode$FilteredDynamicContext,org.pitest.mutationtest.engine.gregor.mutators.NonVoidMethodCallMutator,getSql,149,NO_COVERAGE,none
ForEachSqlNode.java,org.apache.ibatis.scripting.xmltags.ForEachSqlNode$FilteredDynamicContext,org.pitest.mutationtest.engine.gregor.mutators.ReturnValsMutator,getSql,149,NO_COVERAGE,none
ForEachSqlNode.java,org.apache.ibatis.scripting.xmltags.ForEachSqlNode$FilteredDynamicContext,org.pitest.mutationtest.engine.gregor.mutators.NonVoidMethodCallMutator,getUniqueNumber,170,NO_COVERAGE,none
ForEachSqlNode.java,org.apache.ibatis.scripting.xmltags.ForEachSqlNode$FilteredDynamicContext,org.pitest.mutationtest.engine.gregor.mutators.ReturnValsMutator,getUniqueNumber,170,NO_COVERAGE,none
LruCache.java,org.apache.ibatis.cache.decorators.LruCache$1,org.pitest.mutationtest.engine.gregor.mutators.experimental.MemberVariableMutator,<init>,51,NO_COVERAGE,none
LruCache.java,org.apache.ibatis.cache.decorators.LruCache$1,org.pitest.mutationtest.engine.gregor.mutators.ArgumentPropagationMutator,removeEldestEntry,58,NO_COVERAGE,none
LruCache.java,org.apache.ibatis.cache.decorators.LruCache$1,org.pitest.mutationtest.engine.gregor.mutators.ConditionalsBoundaryMutator,removeEldestEntry,56,NO_COVERAGE,none
LruCache.java,org.apache.ibatis.cache.decorators.LruCache$1,org.pitest.mutationtest.engine.gregor.mutators.InlineConstantMutator,removeEldestEntry,56,NO_COVERAGE,none
LruCache.java,org.apache.ibatis.cache.decorators.LruCache$1,org.pitest.mutationtest.engine.gregor.mutators.InlineConstantMutator,removeEldestEntry,56,NO_COVERAGE,none
LruCache.java,org.apache.ibatis.cache.decorators.LruCache$1,org.pitest.mutationtest.engine.gregor.mutators.NegateConditionalsMutator,removeEldestEntry,56,NO_COVERAGE,none
LruCache.java,org.apache.ibatis.cache.decorators.LruCache$1,org.pitest.mutationtest.engine.gregor.mutators.NegateConditionalsMutator,removeEldestEntry,57,NO_COVERAGE,none
LruCache.java,org.apache.ibatis.cache.decorators.LruCache$1,org.pitest.mutationtest.engine.gregor.mutators.NonVoidMethodCallMutator,removeEldestEntry,56,NO_COVERAGE,none
LruCache.java,org.apache.ibatis.cache.decorators.LruCache$1,org.pitest.mutationtest.engine.gregor.mutators.NonVoidMethodCallMutator,removeEldestEntry,58,NO_COVERAGE,none
LruCache.java,org.apache.ibatis.cache.decorators.LruCache$1,org.pitest.mutationtest.engine.gregor.mutators.NonVoidMethodCallMutator,removeEldestEntry,58,NO_COVERAGE,none
LruCache.java,org.apache.ibatis.cache.decorators.LruCache$1,org.pitest.mutationtest.engine.gregor.mutators.RemoveConditionalMutator_EQUAL_ELSE,removeEldestEntry,57,NO_COVERAGE,none
LruCache.java,org.apache.ibatis.cache.decorators.LruCache$1,org.pitest.mutationtest.engine.gregor.mutators.RemoveConditionalMutator_EQUAL_IF,removeEldestEntry,57,NO_COVERAGE,none
LruCache.java,org.apache.ibatis.cache.decorators.LruCache$1,org.pitest.mutationtest.engine.gregor.mutators.RemoveConditionalMutator_ORDER_ELSE,removeEldestEntry,56,NO_COVERAGE,none
LruCache.java,org.apache.ibatis.cache.decorators.LruCache$1,org.pitest.mutationtest.engine.gregor.mutators.RemoveConditionalMutator_ORDER_IF,removeEldestEntry,56,NO_COVERAGE,none
LruCache.java,org.apache.ibatis.cache.decorators.LruCache$1,org.pitest.mutationtest.engine.gregor.mutators.ReturnValsMutator,removeEldestEntry,60,NO_COVERAGE,none
CglibProxyFactory.java,org.apache.ibatis.executor.loader.cglib.CglibProxyFactory$EnhancedDeserializationProxyImpl,org.pitest.mutationtest.engine.gregor.mutators.ConstructorCallMutator,createProxy,176,NO_COVERAGE,none
CglibProxyFactory.java,org.apache.ibatis.executor.loader.cglib.CglibProxyFactory$EnhancedDeserializationProxyImpl,org.pitest.mutationtest.engine.gregor.mutators.NonVoidMethodCallMutator,createProxy,175,NO_COVERAGE,none
CglibProxyFactory.java,org.apache.ibatis.executor.loader.cglib.CglibProxyFactory$EnhancedDeserializationProxyImpl,org.pitest.mutationtest.engine.gregor.mutators.NonVoidMethodCallMutator,createProxy,177,NO_COVERAGE,none
CglibProxyFactory.java,org.apache.ibatis.executor.loader.cglib.CglibProxyFactory$EnhancedDeserializationProxyImpl,org.pitest.mutationtest.engine.gregor.mutators.ReturnValsMutator,createProxy,179,NO_COVERAGE,none
CglibProxyFactory.java,org.apache.ibatis.executor.loader.cglib.CglibProxyFactory$EnhancedDeserializationProxyImpl,org.pitest.mutationtest.engine.gregor.mutators.VoidMethodCallMutator,createProxy,178,NO_COVERAGE,none
CglibProxyFactory.java,org.apache.ibatis.executor.loader.cglib.CglibProxyFactory$EnhancedDeserializationProxyImpl,org.pitest.mutationtest.engine.gregor.mutators.ArgumentPropagationMutator,intercept,184,NO_COVERAGE,none
CglibProxyFactory.java,org.apache.ibatis.executor.loader.cglib.CglibProxyFactory$EnhancedDeserializationProxyImpl,org.pitest.mutationtest.engine.gregor.mutators.ArgumentPropagationMutator,intercept,185,NO_COVERAGE,none
CglibProxyFactory.java,org.apache.ibatis.executor.loader.cglib.CglibProxyFactory$EnhancedDeserializationProxyImpl,org.pitest.mutationtest.engine.gregor.mutators.NegateConditionalsMutator,intercept,185,NO_COVERAGE,none
CglibProxyFactory.java,org.apache.ibatis.executor.loader.cglib.CglibProxyFactory$EnhancedDeserializationProxyImpl,org.pitest.mutationtest.engine.gregor.mutators.NonVoidMethodCallMutator,intercept,184,NO_COVERAGE,none
CglibProxyFactory.java,org.apache.ibatis.executor.loader.cglib.CglibProxyFactory$EnhancedDeserializationProxyImpl,org.pitest.mutationtest.engine.gregor.mutators.NonVoidMethodCallMutator,intercept,185,NO_COVERAGE,none
CglibProxyFactory.java,org.apache.ibatis.executor.loader.cglib.CglibProxyFactory$EnhancedDeserializationProxyImpl,org.pitest.mutationtest.engine.gregor.mutators.RemoveConditionalMutator_EQUAL_ELSE,intercept,185,NO_COVERAGE,none
CglibProxyFactory.java,org.apache.ibatis.executor.loader.cglib.CglibProxyFactory$EnhancedDeserializationProxyImpl,org.pitest.mutationtest.engine.gregor.mutators.RemoveConditionalMutator_EQUAL_IF,intercept,185,NO_COVERAGE,none
CglibProxyFactory.java,org.apache.ibatis.executor.loader.cglib.CglibProxyFactory$EnhancedDeserializationProxyImpl,org.pitest.mutationtest.engine.gregor.mutators.ReturnValsMutator,intercept,185,NO_COVERAGE,none
CglibProxyFactory.java,org.apache.ibatis.executor.loader.cglib.CglibProxyFactory$EnhancedDeserializationProxyImpl,org.pitest.mutationtest.engine.gregor.mutators.ConstructorCallMutator,newSerialStateHolder,191,NO_COVERAGE,none
CglibProxyFactory.java,org.apache.ibatis.executor.loader.cglib.CglibProxyFactory$EnhancedDeserializationProxyImpl,org.pitest.mutationtest.engine.gregor.mutators.ReturnValsMutator,newSerialStateHolder,191,NO_COVERAGE,none
BatchExecutorException.java,org.apache.ibatis.executor.BatchExecutorException,org.pitest.mutationtest.engine.gregor.mutators.ConstructorCallMutator,<init>,40,NO_COVERAGE,none
BatchExecutorException.java,org.apache.ibatis.executor.BatchExecutorException,org.pitest.mutationtest.engine.gregor.mutators.NonVoidMethodCallMutator,<init>,40,NO_COVERAGE,none
BatchExecutorException.java,org.apache.ibatis.executor.BatchExecutorException,org.pitest.mutationtest.engine.gregor.mutators.NonVoidMethodCallMutator,<init>,40,NO_COVERAGE,none
BatchExecutorException.java,org.apache.ibatis.executor.BatchExecutorException,org.pitest.mutationtest.engine.gregor.mutators.NonVoidMethodCallMutator,<init>,40,NO_COVERAGE,none
BatchExecutorException.java,org.apache.ibatis.executor.BatchExecutorException,org.pitest.mutationtest.engine.gregor.mutators.NonVoidMethodCallMutator,<init>,40,NO_COVERAGE,none
BatchExecutorException.java,org.apache.ibatis.executor.BatchExecutorException,org.pitest.mutationtest.engine.gregor.mutators.experimental.MemberVariableMutator,<init>,41,NO_COVERAGE,none
BatchExecutorException.java,org.apache.ibatis.executor.BatchExecutorException,org.pitest.mutationtest.engine.gregor.mutators.experimental.MemberVariableMutator,<init>,42,NO_COVERAGE,none
BatchExecutorException.java,org.apache.ibatis.executor.BatchExecutorException,org.pitest.mutationtest.engine.gregor.mutators.experimental.MemberVariableMutator,<init>,43,NO_COVERAGE,none
BatchExecutorException.java,org.apache.ibatis.executor.BatchExecutorException,org.pitest.mutationtest.engine.gregor.mutators.ReturnValsMutator,getBatchUpdateException,55,NO_COVERAGE,none
BatchExecutorException.java,org.apache.ibatis.executor.BatchExecutorException,org.pitest.mutationtest.engine.gregor.mutators.NonVoidMethodCallMutator,getFailingSqlStatement,77,NO_COVERAGE,none
BatchExecutorException.java,org.apache.ibatis.executor.BatchExecutorException,org.pitest.mutationtest.engine.gregor.mutators.ReturnValsMutator,getFailingSqlStatement,77,NO_COVERAGE,none
BatchExecutorException.java,org.apache.ibatis.executor.BatchExecutorException,org.pitest.mutationtest.engine.gregor.mutators.NonVoidMethodCallMutator,getFailingStatementId,86,NO_COVERAGE,none
BatchExecutorException.java,org.apache.ibatis.executor.BatchExecutorException,org.pitest.mutationtest.engine.gregor.mutators.NonVoidMethodCallMutator,getFailingStatementId,86,NO_COVERAGE,none
BatchExecutorException.java,org.apache.ibatis.executor.BatchExecutorException,org.pitest.mutationtest.engine.gregor.mutators.ReturnValsMutator,getFailingStatementId,86,NO_COVERAGE,none
BatchExecutorException.java,org.apache.ibatis.executor.BatchExecutorException,org.pitest.mutationtest.engine.gregor.mutators.ReturnValsMutator,getSuccessfulBatchResults,67,NO_COVERAGE,none
CollectionWrapper.java,org.apache.ibatis.reflection.wrapper.CollectionWrapper,org.pitest.mutationtest.engine.gregor.mutators.experimental.MemberVariableMutator,<init>,33,NO_COVERAGE,none
CollectionWrapper.java,org.apache.ibatis.reflection.wrapper.CollectionWrapper,org.pitest.mutationtest.engine.gregor.mutators.NonVoidMethodCallMutator,add,93,NO_COVERAGE,none
CollectionWrapper.java,org.apache.ibatis.reflection.wrapper.CollectionWrapper,org.pitest.mutationtest.engine.gregor.mutators.NonVoidMethodCallMutator,addAll,98,NO_COVERAGE,none
CollectionWrapper.java,org.apache.ibatis.reflection.wrapper.CollectionWrapper,org.pitest.mutationtest.engine.gregor.mutators.ConstructorCallMutator,findProperty,48,NO_COVERAGE,none
CollectionWrapper.java,org.apache.ibatis.reflection.wrapper.CollectionWrapper,org.pitest.mutationtest.engine.gregor.mutators.ConstructorCallMutator,get,38,NO_COVERAGE,none
CollectionWrapper.java,org.apache.ibatis.reflection.wrapper.CollectionWrapper,org.pitest.mutationtest.engine.gregor.mutators.ConstructorCallMutator,getGetterNames,53,NO_COVERAGE,none
CollectionWrapper.java,org.apache.ibatis.reflection.wrapper.CollectionWrapper,org.pitest.mutationtest.engine.gregor.mutators.ConstructorCallMutator,getGetterType,68,NO_COVERAGE,none
CollectionWrapper.java,org.apache.ibatis.reflection.wrapper.CollectionWrapper,org.pitest.mutationtest.engine.gregor.mutators.ConstructorCallMutator,getSetterNames,58,NO_COVERAGE,none
CollectionWrapper.java,org.apache.ibatis.reflection.wrapper.CollectionWrapper,org.pitest.mutationtest.engine.gregor.mutators.ConstructorCallMutator,getSetterType,63,NO_COVERAGE,none
CollectionWrapper.java,org.apache.ibatis.reflection.wrapper.CollectionWrapper,org.pitest.mutationtest.engine.gregor.mutators.ConstructorCallMutator,hasGetter,78,NO_COVERAGE,none
CollectionWrapper.java,org.apache.ibatis.reflection.wrapper.CollectionWrapper,org.pitest.mutationtest.engine.gregor.mutators.ConstructorCallMutator,hasSetter,73,NO_COVERAGE,none
CollectionWrapper.java,org.apache.ibatis.reflection.wrapper.CollectionWrapper,org.pitest.mutationtest.engine.gregor.mutators.ConstructorCallMutator,instantiatePropertyValue,83,NO_COVERAGE,none
CollectionWrapper.java,org.apache.ibatis.reflection.wrapper.CollectionWrapper,org.pitest.mutationtest.engine.gregor.mutators.InlineConstantMutator,isCollection,88,NO_COVERAGE,none
CollectionWrapper.java,org.apache.ibatis.reflection.wrapper.CollectionWrapper,org.pitest.mutationtest.engine.gregor.mutators.ReturnValsMutator,isCollection,88,NO_COVERAGE,none
CollectionWrapper.java,org.apache.ibatis.reflection.wrapper.CollectionWrapper,org.pitest.mutationtest.engine.gregor.mutators.ConstructorCallMutator,set,43,NO_COVERAGE,none
DefaultSqlSession.java,org.apache.ibatis.session.defaults.DefaultSqlSession$StrictMap,org.pitest.mutationtest.engine.gregor.mutators.ArgumentPropagationMutator,get,345,NO_COVERAGE,none
DefaultSqlSession.java,org.apache.ibatis.session.defaults.DefaultSqlSession$StrictMap,org.pitest.mutationtest.engine.gregor.mutators.ConstructorCallMutator,get,343,NO_COVERAGE,none
DefaultSqlSession.java,org.apache.ibatis.session.defaults.DefaultSqlSession$StrictMap,org.pitest.mutationtest.engine.gregor.mutators.ConstructorCallMutator,get,343,NO_COVERAGE,none
DefaultSqlSession.java,org.apache.ibatis.session.defaults.DefaultSqlSession$StrictMap,org.pitest.mutationtest.engine.gregor.mutators.NegateConditionalsMutator,get,342,NO_COVERAGE,none
DefaultSqlSession.java,org.apache.ibatis.session.defaults.DefaultSqlSession$StrictMap,org.pitest.mutationtest.engine.gregor.mutators.NonVoidMethodCallMutator,get,342,NO_COVERAGE,none
DefaultSqlSession.java,org.apache.ibatis.session.defaults.DefaultSqlSession$StrictMap,org.pitest.mutationtest.engine.gregor.mutators.NonVoidMethodCallMutator,get,343,NO_COVERAGE,none
DefaultSqlSession.java,org.apache.ibatis.session.defaults.DefaultSqlSession$StrictMap,org.pitest.mutationtest.engine.gregor.mutators.NonVoidMethodCallMutator,get,343,NO_COVERAGE,none
DefaultSqlSession.java,org.apache.ibatis.session.defaults.DefaultSqlSession$StrictMap,org.pitest.mutationtest.engine.gregor.mutators.NonVoidMethodCallMutator,get,343,NO_COVERAGE,none
DefaultSqlSession.java,org.apache.ibatis.session.defaults.DefaultSqlSession$StrictMap,org.pitest.mutationtest.engine.gregor.mutators.NonVoidMethodCallMutator,get,343,NO_COVERAGE,none
DefaultSqlSession.java,org.apache.ibatis.session.defaults.DefaultSqlSession$StrictMap,org.pitest.mutationtest.engine.gregor.mutators.NonVoidMethodCallMutator,get,343,NO_COVERAGE,none
DefaultSqlSession.java,org.apache.ibatis.session.defaults.DefaultSqlSession$StrictMap,org.pitest.mutationtest.engine.gregor.mutators.NonVoidMethodCallMutator,get,343,NO_COVERAGE,none
DefaultSqlSession.java,org.apache.ibatis.session.defaults.DefaultSqlSession$StrictMap,org.pitest.mutationtest.engine.gregor.mutators.NonVoidMethodCallMutator,get,345,NO_COVERAGE,none
DefaultSqlSession.java,org.apache.ibatis.session.defaults.DefaultSqlSession$StrictMap,org.pitest.mutationtest.engine.gregor.mutators.RemoveConditionalMutator_EQUAL_ELSE,get,342,NO_COVERAGE,none
DefaultSqlSession.java,org.apache.ibatis.session.defaults.DefaultSqlSession$StrictMap,org.pitest.mutationtest.engine.gregor.mutators.RemoveConditionalMutator_EQUAL_IF,get,342,NO_COVERAGE,none
DefaultSqlSession.java,org.apache.ibatis.session.defaults.DefaultSqlSession$StrictMap,org.pitest.mutationtest.engine.gregor.mutators.ReturnValsMutator,get,345,NO_COVERAGE,none
Slf4jImpl.java,org.apache.ibatis.logging.slf4j.Slf4jImpl,org.pitest.mutationtest.engine.gregor.mutators.ConstructorCallMutator,<init>,49,NO_COVERAGE,none
Slf4jImpl.java,org.apache.ibatis.logging.slf4j.Slf4jImpl,org.pitest.mutationtest.engine.gregor.mutators.InlineConstantMutator,<init>,38,KILLED,org.apache.ibatis.submitted.extend.ExtendTest.org.apache.ibatis.submitted.extend.ExtendTest
Slf4jImpl.java,org.apache.ibatis.logging.slf4j.Slf4jImpl,org.pitest.mutationtest.engine.gregor.mutators.NegateConditionalsMutator,<init>,35,SURVIVED,none
Slf4jImpl.java,org.apache.ibatis.logging.slf4j.Slf4jImpl,org.pitest.mutationtest.engine.gregor.mutators.NonVoidMethodCallMutator,<init>,38,KILLED,org.apache.ibatis.submitted.extend.ExtendTest.org.apache.ibatis.submitted.extend.ExtendTest
Slf4jImpl.java,org.apache.ibatis.logging.slf4j.Slf4jImpl,org.pitest.mutationtest.engine.gregor.mutators.NonVoidMethodCallMutator,<init>,38,KILLED,org.apache.ibatis.submitted.extend.ExtendTest.org.apache.ibatis.submitted.extend.ExtendTest
Slf4jImpl.java,org.apache.ibatis.logging.slf4j.Slf4jImpl,org.pitest.mutationtest.engine.gregor.mutators.experimental.MemberVariableMutator,<init>,49,NO_COVERAGE,none
Slf4jImpl.java,org.apache.ibatis.logging.slf4j.Slf4jImpl,org.pitest.mutationtest.engine.gregor.mutators.VoidMethodCallMutator,debug,74,NO_COVERAGE,none
Slf4jImpl.java,org.apache.ibatis.logging.slf4j.Slf4jImpl,org.pitest.mutationtest.engine.gregor.mutators.VoidMethodCallMutator,error,69,NO_COVERAGE,none
Slf4jImpl.java,org.apache.ibatis.logging.slf4j.Slf4jImpl,org.pitest.mutationtest.engine.gregor.mutators.VoidMethodCallMutator,error,64,NO_COVERAGE,none
Slf4jImpl.java,org.apache.ibatis.logging.slf4j.Slf4jImpl,org.pitest.mutationtest.engine.gregor.mutators.ReturnValsMutator,isDebugEnabled,54,KILLED,org.apache.ibatis.submitted.extend.ExtendTest.org.apache.ibatis.submitted.extend.ExtendTest
Slf4jImpl.java,org.apache.ibatis.logging.slf4j.Slf4jImpl,org.pitest.mutationtest.engine.gregor.mutators.NonVoidMethodCallMutator,isTraceEnabled,59,NO_COVERAGE,none
Slf4jImpl.java,org.apache.ibatis.logging.slf4j.Slf4jImpl,org.pitest.mutationtest.engine.gregor.mutators.ReturnValsMutator,isTraceEnabled,59,NO_COVERAGE,none
Slf4jImpl.java,org.apache.ibatis.logging.slf4j.Slf4jImpl,org.pitest.mutationtest.engine.gregor.mutators.VoidMethodCallMutator,trace,79,NO_COVERAGE,none
Slf4jImpl.java,org.apache.ibatis.logging.slf4j.Slf4jImpl,org.pitest.mutationtest.engine.gregor.mutators.VoidMethodCallMutator,warn,84,NO_COVERAGE,none
JavassistProxyFactory.java,org.apache.ibatis.executor.loader.javassist.JavassistProxyFactory$EnhancedDeserializationProxyImpl,org.pitest.mutationtest.engine.gregor.mutators.ConstructorCallMutator,createProxy,178,NO_COVERAGE,none
JavassistProxyFactory.java,org.apache.ibatis.executor.loader.javassist.JavassistProxyFactory$EnhancedDeserializationProxyImpl,org.pitest.mutationtest.engine.gregor.mutators.NonVoidMethodCallMutator,createProxy,179,NO_COVERAGE,none
JavassistProxyFactory.java,org.apache.ibatis.executor.loader.javassist.JavassistProxyFactory$EnhancedDeserializationProxyImpl,org.pitest.mutationtest.engine.gregor.mutators.ReturnValsMutator,createProxy,181,NO_COVERAGE,none
JavassistProxyFactory.java,org.apache.ibatis.executor.loader.javassist.JavassistProxyFactory$EnhancedDeserializationProxyImpl,org.pitest.mutationtest.engine.gregor.mutators.VoidMethodCallMutator,createProxy,180,NO_COVERAGE,none
JavassistProxyFactory.java,org.apache.ibatis.executor.loader.javassist.JavassistProxyFactory$EnhancedDeserializationProxyImpl,org.pitest.mutationtest.engine.gregor.mutators.ArgumentPropagationMutator,invoke,186,NO_COVERAGE,none
JavassistProxyFactory.java,org.apache.ibatis.executor.loader.javassist.JavassistProxyFactory$EnhancedDeserializationProxyImpl,org.pitest.mutationtest.engine.gregor.mutators.ArgumentPropagationMutator,invoke,187,NO_COVERAGE,none
JavassistProxyFactory.java,org.apache.ibatis.executor.loader.javassist.JavassistProxyFactory$EnhancedDeserializationProxyImpl,org.pitest.mutationtest.engine.gregor.mutators.NegateConditionalsMutator,invoke,187,NO_COVERAGE,none
JavassistProxyFactory.java,org.apache.ibatis.executor.loader.javassist.JavassistProxyFactory$EnhancedDeserializationProxyImpl,org.pitest.mutationtest.engine.gregor.mutators.NonVoidMethodCallMutator,invoke,186,NO_COVERAGE,none
JavassistProxyFactory.java,org.apache.ibatis.executor.loader.javassist.JavassistProxyFactory$EnhancedDeserializationProxyImpl,org.pitest.mutationtest.engine.gregor.mutators.NonVoidMethodCallMutator,invoke,187,NO_COVERAGE,none
JavassistProxyFactory.java,org.apache.ibatis.executor.loader.javassist.JavassistProxyFactory$EnhancedDeserializationProxyImpl,org.pitest.mutationtest.engine.gregor.mutators.RemoveConditionalMutator_EQUAL_ELSE,invoke,187,NO_COVERAGE,none
JavassistProxyFactory.java,org.apache.ibatis.executor.loader.javassist.JavassistProxyFactory$EnhancedDeserializationProxyImpl,org.pitest.mutationtest.engine.gregor.mutators.RemoveConditionalMutator_EQUAL_IF,invoke,187,NO_COVERAGE,none
JavassistProxyFactory.java,org.apache.ibatis.executor.loader.javassist.JavassistProxyFactory$EnhancedDeserializationProxyImpl,org.pitest.mutationtest.engine.gregor.mutators.ReturnValsMutator,invoke,187,NO_COVERAGE,none
JavassistProxyFactory.java,org.apache.ibatis.executor.loader.javassist.JavassistProxyFactory$EnhancedDeserializationProxyImpl,org.pitest.mutationtest.engine.gregor.mutators.ConstructorCallMutator,newSerialStateHolder,193,NO_COVERAGE,none
JavassistProxyFactory.java,org.apache.ibatis.executor.loader.javassist.JavassistProxyFactory$EnhancedDeserializationProxyImpl,org.pitest.mutationtest.engine.gregor.mutators.ReturnValsMutator,newSerialStateHolder,193,NO_COVERAGE,none
MethodInvoker.java,org.apache.ibatis.reflection.invoker.MethodInvoker,org.pitest.mutationtest.engine.gregor.mutators.InlineConstantMutator,<init>,32,KILLED,org.apache.ibatis.submitted.extend.ExtendTest.org.apache.ibatis.submitted.extend.ExtendTest
MethodInvoker.java,org.apache.ibatis.reflection.invoker.MethodInvoker,org.pitest.mutationtest.engine.gregor.mutators.InlineConstantMutator,<init>,33,KILLED,org.apache.ibatis.submitted.extend.ExtendTest.org.apache.ibatis.submitted.extend.ExtendTest
MethodInvoker.java,org.apache.ibatis.reflection.invoker.MethodInvoker,org.pitest.mutationtest.engine.gregor.mutators.NegateConditionalsMutator,<init>,32,KILLED,org.apache.ibatis.submitted.extend.ExtendTest.org.apache.ibatis.submitted.extend.ExtendTest
MethodInvoker.java,org.apache.ibatis.reflection.invoker.MethodInvoker,org.pitest.mutationtest.engine.gregor.mutators.NonVoidMethodCallMutator,<init>,32,KILLED,org.apache.ibatis.submitted.extend.ExtendTest.org.apache.ibatis.submitted.extend.ExtendTest
MethodInvoker.java,org.apache.ibatis.reflection.invoker.MethodInvoker,org.pitest.mutationtest.engine.gregor.mutators.NonVoidMethodCallMutator,<init>,33,KILLED,org.apache.ibatis.submitted.extend.ExtendTest.org.apache.ibatis.submitted.extend.ExtendTest
MethodInvoker.java,org.apache.ibatis.reflection.invoker.MethodInvoker,org.pitest.mutationtest.engine.gregor.mutators.NonVoidMethodCallMutator,<init>,35,KILLED,org.apache.ibatis.submitted.extend.ExtendTest.org.apache.ibatis.submitted.extend.ExtendTest
MethodInvoker.java,org.apache.ibatis.reflection.invoker.MethodInvoker,org.pitest.mutationtest.engine.gregor.mutators.RemoveConditionalMutator_EQUAL_ELSE,<init>,32,KILLED,org.apache.ibatis.submitted.extend.ExtendTest.org.apache.ibatis.submitted.extend.ExtendTest
MethodInvoker.java,org.apache.ibatis.reflection.invoker.MethodInvoker,org.pitest.mutationtest.engine.gregor.mutators.RemoveConditionalMutator_EQUAL_IF,<init>,32,KILLED,org.apache.ibatis.submitted.extend.ExtendTest.org.apache.ibatis.submitted.extend.ExtendTest
MethodInvoker.java,org.apache.ibatis.reflection.invoker.MethodInvoker,org.pitest.mutationtest.engine.gregor.mutators.experimental.MemberVariableMutator,<init>,30,KILLED,org.apache.ibatis.submitted.extend.ExtendTest.org.apache.ibatis.submitted.extend.ExtendTest
MethodInvoker.java,org.apache.ibatis.reflection.invoker.MethodInvoker,org.pitest.mutationtest.engine.gregor.mutators.ReturnValsMutator,getType,46,NO_COVERAGE,none
MethodInvoker.java,org.apache.ibatis.reflection.invoker.MethodInvoker,org.pitest.mutationtest.engine.gregor.mutators.ArgumentPropagationMutator,invoke,41,KILLED,org.apache.ibatis.submitted.extend.ExtendTest.org.apache.ibatis.submitted.extend.ExtendTest
MethodInvoker.java,org.apache.ibatis.reflection.invoker.MethodInvoker,org.pitest.mutationtest.engine.gregor.mutators.NonVoidMethodCallMutator,invoke,41,KILLED,org.apache.ibatis.submitted.extend.ExtendTest.org.apache.ibatis.submitted.extend.ExtendTest
MethodInvoker.java,org.apache.ibatis.reflection.invoker.MethodInvoker,org.pitest.mutationtest.engine.gregor.mutators.ReturnValsMutator,invoke,41,KILLED,org.apache.ibatis.submitted.extend.ExtendTest.org.apache.ibatis.submitted.extend.ExtendTest
UnpooledDataSourceFactory.java,org.apache.ibatis.datasource.unpooled.UnpooledDataSourceFactory,org.pitest.mutationtest.engine.gregor.mutators.NonVoidMethodCallMutator,convertValue,72,NO_COVERAGE,none
UnpooledDataSourceFactory.java,org.apache.ibatis.datasource.unpooled.UnpooledDataSourceFactory,org.pitest.mutationtest.engine.gregor.mutators.NonVoidMethodCallMutator,convertValue,74,NO_COVERAGE,none
UnpooledDataSourceFactory.java,org.apache.ibatis.datasource.unpooled.UnpooledDataSourceFactory,org.pitest.mutationtest.engine.gregor.mutators.NonVoidMethodCallMutator,convertValue,76,NO_COVERAGE,none
UnpooledDataSourceFactory.java,org.apache.ibatis.datasource.unpooled.UnpooledDataSourceFactory,org.pitest.mutationtest.engine.gregor.mutators.ArgumentPropagationMutator,setProperties,48,NO_COVERAGE,none
UnpooledDataSourceFactory.java,org.apache.ibatis.datasource.unpooled.UnpooledDataSourceFactory,org.pitest.mutationtest.engine.gregor.mutators.ConstructorCallMutator,setProperties,55,NO_COVERAGE,none
UnpooledDataSourceFactory.java,org.apache.ibatis.datasource.unpooled.UnpooledDataSourceFactory,org.pitest.mutationtest.engine.gregor.mutators.ConstructorCallMutator,setProperties,55,NO_COVERAGE,none
UnpooledDataSourceFactory.java,org.apache.ibatis.datasource.unpooled.UnpooledDataSourceFactory,org.pitest.mutationtest.engine.gregor.mutators.NonVoidMethodCallMutator,setProperties,48,NO_COVERAGE,none
UnpooledDataSourceFactory.java,org.apache.ibatis.datasource.unpooled.UnpooledDataSourceFactory,org.pitest.mutationtest.engine.gregor.mutators.NonVoidMethodCallMutator,setProperties,49,NO_COVERAGE,none
UnpooledDataSourceFactory.java,org.apache.ibatis.datasource.unpooled.UnpooledDataSourceFactory,org.pitest.mutationtest.engine.gregor.mutators.NonVoidMethodCallMutator,setProperties,49,NO_COVERAGE,none
UnpooledDataSourceFactory.java,org.apache.ibatis.datasource.unpooled.UnpooledDataSourceFactory,org.pitest.mutationtest.engine.gregor.mutators.NonVoidMethodCallMutator,setProperties,55,NO_COVERAGE,none
UnpooledDataSourceFactory.java,org.apache.ibatis.datasource.unpooled.UnpooledDataSourceFactory,org.pitest.mutationtest.engine.gregor.mutators.NonVoidMethodCallMutator,setProperties,55,NO_COVERAGE,none
UnpooledDataSourceFactory.java,org.apache.ibatis.datasource.unpooled.UnpooledDataSourceFactory,org.pitest.mutationtest.engine.gregor.mutators.NonVoidMethodCallMutator,setProperties,55,NO_COVERAGE,none
UnpooledDataSourceFactory.java,org.apache.ibatis.datasource.unpooled.UnpooledDataSourceFactory,org.pitest.mutationtest.engine.gregor.mutators.VoidMethodCallMutator,setProperties,59,NO_COVERAGE,none
IfSqlNode.java,org.apache.ibatis.scripting.xmltags.IfSqlNode,org.pitest.mutationtest.engine.gregor.mutators.ConstructorCallMutator,<init>,29,NO_COVERAGE,none
IfSqlNode.java,org.apache.ibatis.scripting.xmltags.IfSqlNode,org.pitest.mutationtest.engine.gregor.mutators.experimental.MemberVariableMutator,<init>,27,NO_COVERAGE,none
IfSqlNode.java,org.apache.ibatis.scripting.xmltags.IfSqlNode,org.pitest.mutationtest.engine.gregor.mutators.experimental.MemberVariableMutator,<init>,29,NO_COVERAGE,none
IfSqlNode.java,org.apache.ibatis.scripting.xmltags.IfSqlNode,org.pitest.mutationtest.engine.gregor.mutators.InlineConstantMutator,apply,36,NO_COVERAGE,none
IfSqlNode.java,org.apache.ibatis.scripting.xmltags.IfSqlNode,org.pitest.mutationtest.engine.gregor.mutators.InlineConstantMutator,apply,38,NO_COVERAGE,none
IfSqlNode.java,org.apache.ibatis.scripting.xmltags.IfSqlNode,org.pitest.mutationtest.engine.gregor.mutators.NegateConditionalsMutator,apply,34,NO_COVERAGE,none
IfSqlNode.java,org.apache.ibatis.scripting.xmltags.IfSqlNode,org.pitest.mutationtest.engine.gregor.mutators.NonVoidMethodCallMutator,apply,34,NO_COVERAGE,none
IfSqlNode.java,org.apache.ibatis.scripting.xmltags.IfSqlNode,org.pitest.mutationtest.engine.gregor.mutators.NonVoidMethodCallMutator,apply,34,NO_COVERAGE,none
IfSqlNode.java,org.apache.ibatis.scripting.xmltags.IfSqlNode,org.pitest.mutationtest.engine.gregor.mutators.NonVoidMethodCallMutator,apply,35,NO_COVERAGE,none
IfSqlNode.java,org.apache.ibatis.scripting.xmltags.IfSqlNode,org.pitest.mutationtest.engine.gregor.mutators.RemoveConditionalMutator_EQUAL_ELSE,apply,34,NO_COVERAGE,none
IfSqlNode.java,org.apache.ibatis.scripting.xmltags.IfSqlNode,org.pitest.mutationtest.engine.gregor.mutators.RemoveConditionalMutator_EQUAL_IF,apply,34,NO_COVERAGE,none
IfSqlNode.java,org.apache.ibatis.scripting.xmltags.IfSqlNode,org.pitest.mutationtest.engine.gregor.mutators.ReturnValsMutator,apply,36,NO_COVERAGE,none
IfSqlNode.java,org.apache.ibatis.scripting.xmltags.IfSqlNode,org.pitest.mutationtest.engine.gregor.mutators.ReturnValsMutator,apply,38,NO_COVERAGE,none
XMLScriptBuilder.java,org.apache.ibatis.scripting.xmltags.XMLScriptBuilder$TrimHandler,org.pitest.mutationtest.engine.gregor.mutators.experimental.MemberVariableMutator,<init>,123,NO_COVERAGE,none
XMLScriptBuilder.java,org.apache.ibatis.scripting.xmltags.XMLScriptBuilder$TrimHandler,org.pitest.mutationtest.engine.gregor.mutators.ArgumentPropagationMutator,handleNode,132,NO_COVERAGE,none
XMLScriptBuilder.java,org.apache.ibatis.scripting.xmltags.XMLScriptBuilder$TrimHandler,org.pitest.mutationtest.engine.gregor.mutators.ArgumentPropagationMutator,handleNode,133,NO_COVERAGE,none
XMLScriptBuilder.java,org.apache.ibatis.scripting.xmltags.XMLScriptBuilder$TrimHandler,org.pitest.mutationtest.engine.gregor.mutators.ArgumentPropagationMutator,handleNode,134,NO_COVERAGE,none
XMLScriptBuilder.java,org.apache.ibatis.scripting.xmltags.XMLScriptBuilder$TrimHandler,org.pitest.mutationtest.engine.gregor.mutators.ConstructorCallMutator,handleNode,130,NO_COVERAGE,none
XMLScriptBuilder.java,org.apache.ibatis.scripting.xmltags.XMLScriptBuilder$TrimHandler,org.pitest.mutationtest.engine.gregor.mutators.ConstructorCallMutator,handleNode,135,NO_COVERAGE,none
XMLScriptBuilder.java,org.apache.ibatis.scripting.xmltags.XMLScriptBuilder$TrimHandler,org.pitest.mutationtest.engine.gregor.mutators.NonVoidMethodCallMutator,handleNode,129,NO_COVERAGE,none
XMLScriptBuilder.java,org.apache.ibatis.scripting.xmltags.XMLScriptBuilder$TrimHandler,org.pitest.mutationtest.engine.gregor.mutators.NonVoidMethodCallMutator,handleNode,131,NO_COVERAGE,none
XMLScriptBuilder.java,org.apache.ibatis.scripting.xmltags.XMLScriptBuilder$TrimHandler,org.pitest.mutationtest.engine.gregor.mutators.NonVoidMethodCallMutator,handleNode,132,NO_COVERAGE,none
XMLScriptBuilder.java,org.apache.ibatis.scripting.xmltags.XMLScriptBuilder$TrimHandler,org.pitest.mutationtest.engine.gregor.mutators.NonVoidMethodCallMutator,handleNode,133,NO_COVERAGE,none
XMLScriptBuilder.java,org.apache.ibatis.scripting.xmltags.XMLScriptBuilder$TrimHandler,org.pitest.mutationtest.engine.gregor.mutators.NonVoidMethodCallMutator,handleNode,134,NO_COVERAGE,none
XMLScriptBuilder.java,org.apache.ibatis.scripting.xmltags.XMLScriptBuilder$TrimHandler,org.pitest.mutationtest.engine.gregor.mutators.NonVoidMethodCallMutator,handleNode,135,NO_COVERAGE,none
XMLScriptBuilder.java,org.apache.ibatis.scripting.xmltags.XMLScriptBuilder$TrimHandler,org.pitest.mutationtest.engine.gregor.mutators.NonVoidMethodCallMutator,handleNode,136,NO_COVERAGE,none
UnpooledDataSource.java,org.apache.ibatis.datasource.unpooled.UnpooledDataSource$DriverProxy,org.pitest.mutationtest.engine.gregor.mutators.experimental.MemberVariableMutator,<init>,239,SURVIVED,none
UnpooledDataSource.java,org.apache.ibatis.datasource.unpooled.UnpooledDataSource$DriverProxy,org.pitest.mutationtest.engine.gregor.mutators.NonVoidMethodCallMutator,acceptsURL,244,NO_COVERAGE,none
UnpooledDataSource.java,org.apache.ibatis.datasource.unpooled.UnpooledDataSource$DriverProxy,org.pitest.mutationtest.engine.gregor.mutators.ReturnValsMutator,acceptsURL,244,NO_COVERAGE,none
UnpooledDataSource.java,org.apache.ibatis.datasource.unpooled.UnpooledDataSource$DriverProxy,org.pitest.mutationtest.engine.gregor.mutators.NonVoidMethodCallMutator,connect,249,NO_COVERAGE,none
UnpooledDataSource.java,org.apache.ibatis.datasource.unpooled.UnpooledDataSource$DriverProxy,org.pitest.mutationtest.engine.gregor.mutators.ReturnValsMutator,connect,249,NO_COVERAGE,none
UnpooledDataSource.java,org.apache.ibatis.datasource.unpooled.UnpooledDataSource$DriverProxy,org.pitest.mutationtest.engine.gregor.mutators.NonVoidMethodCallMutator,getMajorVersion,254,NO_COVERAGE,none
UnpooledDataSource.java,org.apache.ibatis.datasource.unpooled.UnpooledDataSource$DriverProxy,org.pitest.mutationtest.engine.gregor.mutators.ReturnValsMutator,getMajorVersion,254,NO_COVERAGE,none
UnpooledDataSource.java,org.apache.ibatis.datasource.unpooled.UnpooledDataSource$DriverProxy,org.pitest.mutationtest.engine.gregor.mutators.NonVoidMethodCallMutator,getMinorVersion,259,NO_COVERAGE,none
UnpooledDataSource.java,org.apache.ibatis.datasource.unpooled.UnpooledDataSource$DriverProxy,org.pitest.mutationtest.engine.gregor.mutators.ReturnValsMutator,getMinorVersion,259,NO_COVERAGE,none
UnpooledDataSource.java,org.apache.ibatis.datasource.unpooled.UnpooledDataSource$DriverProxy,org.pitest.mutationtest.engine.gregor.mutators.NonVoidMethodCallMutator,getPropertyInfo,264,NO_COVERAGE,none
UnpooledDataSource.java,org.apache.ibatis.datasource.unpooled.UnpooledDataSource$DriverProxy,org.pitest.mutationtest.engine.gregor.mutators.ReturnValsMutator,getPropertyInfo,264,NO_COVERAGE,none
UnpooledDataSource.java,org.apache.ibatis.datasource.unpooled.UnpooledDataSource$DriverProxy,org.pitest.mutationtest.engine.gregor.mutators.NonVoidMethodCallMutator,jdbcCompliant,269,NO_COVERAGE,none
UnpooledDataSource.java,org.apache.ibatis.datasource.unpooled.UnpooledDataSource$DriverProxy,org.pitest.mutationtest.engine.gregor.mutators.ReturnValsMutator,jdbcCompliant,269,NO_COVERAGE,none
BatchResult.java,org.apache.ibatis.executor.BatchResult,org.pitest.mutationtest.engine.gregor.mutators.ConstructorCallMutator,<init>,38,NO_COVERAGE,none
BatchResult.java,org.apache.ibatis.executor.BatchResult,org.pitest.mutationtest.engine.gregor.mutators.experimental.MemberVariableMutator,<init>,36,NO_COVERAGE,none
BatchResult.java,org.apache.ibatis.executor.BatchResult,org.pitest.mutationtest.engine.gregor.mutators.experimental.MemberVariableMutator,<init>,37,NO_COVERAGE,none
BatchResult.java,org.apache.ibatis.executor.BatchResult,org.pitest.mutationtest.engine.gregor.mutators.experimental.MemberVariableMutator,<init>,38,NO_COVERAGE,none
BatchResult.java,org.apache.ibatis.executor.BatchResult,org.pitest.mutationtest.engine.gregor.mutators.NonVoidMethodCallMutator,addParameterObject,72,NO_COVERAGE,none
BatchResult.java,org.apache.ibatis.executor.BatchResult,org.pitest.mutationtest.engine.gregor.mutators.ReturnValsMutator,getMappedStatement,47,NO_COVERAGE,none
BatchResult.java,org.apache.ibatis.executor.BatchResult,org.pitest.mutationtest.engine.gregor.mutators.InlineConstantMutator,getParameterObject,56,NO_COVERAGE,none
BatchResult.java,org.apache.ibatis.executor.BatchResult,org.pitest.mutationtest.engine.gregor.mutators.NonVoidMethodCallMutator,getParameterObject,56,NO_COVERAGE,none
BatchResult.java,org.apache.ibatis.executor.BatchResult,org.pitest.mutationtest.engine.gregor.mutators.ReturnValsMutator,getParameterObject,56,NO_COVERAGE,none
BatchResult.java,org.apache.ibatis.executor.BatchResult,org.pitest.mutationtest.engine.gregor.mutators.ReturnValsMutator,getSql,51,NO_COVERAGE,none
BatchResult.java,org.apache.ibatis.executor.BatchResult,org.pitest.mutationtest.engine.gregor.mutators.ReturnValsMutator,getUpdateCounts,64,NO_COVERAGE,none
BatchResult.java,org.apache.ibatis.executor.BatchResult,org.pitest.mutationtest.engine.gregor.mutators.experimental.MemberVariableMutator,setUpdateCounts,68,NO_COVERAGE,none
Discriminator.java,org.apache.ibatis.mapping.Discriminator$Builder,org.pitest.mutationtest.engine.gregor.mutators.ArgumentPropagationMutator,<init>,38,NO_COVERAGE,none
Discriminator.java,org.apache.ibatis.mapping.Discriminator$Builder,org.pitest.mutationtest.engine.gregor.mutators.ArgumentPropagationMutator,<init>,39,NO_COVERAGE,none
Discriminator.java,org.apache.ibatis.mapping.Discriminator$Builder,org.pitest.mutationtest.engine.gregor.mutators.ConstructorCallMutator,<init>,35,NO_COVERAGE,none
Discriminator.java,org.apache.ibatis.mapping.Discriminator$Builder,org.pitest.mutationtest.engine.gregor.mutators.NonVoidMethodCallMutator,<init>,38,NO_COVERAGE,none
Discriminator.java,org.apache.ibatis.mapping.Discriminator$Builder,org.pitest.mutationtest.engine.gregor.mutators.NonVoidMethodCallMutator,<init>,39,NO_COVERAGE,none
Discriminator.java,org.apache.ibatis.mapping.Discriminator$Builder,org.pitest.mutationtest.engine.gregor.mutators.experimental.MemberVariableMutator,<init>,35,NO_COVERAGE,none
Discriminator.java,org.apache.ibatis.mapping.Discriminator$Builder,org.pitest.mutationtest.engine.gregor.mutators.ArgumentPropagationMutator,build,47,NO_COVERAGE,none
Discriminator.java,org.apache.ibatis.mapping.Discriminator$Builder,org.pitest.mutationtest.engine.gregor.mutators.ArgumentPropagationMutator,build,47,NO_COVERAGE,none
Discriminator.java,org.apache.ibatis.mapping.Discriminator$Builder,org.pitest.mutationtest.engine.gregor.mutators.NonVoidMethodCallMutator,build,47,NO_COVERAGE,none
Discriminator.java,org.apache.ibatis.mapping.Discriminator$Builder,org.pitest.mutationtest.engine.gregor.mutators.NonVoidMethodCallMutator,build,47,NO_COVERAGE,none
Discriminator.java,org.apache.ibatis.mapping.Discriminator$Builder,org.pitest.mutationtest.engine.gregor.mutators.NonVoidMethodCallMutator,build,47,NO_COVERAGE,none
Discriminator.java,org.apache.ibatis.mapping.Discriminator$Builder,org.pitest.mutationtest.engine.gregor.mutators.ReturnValsMutator,build,48,NO_COVERAGE,none
InterceptorChain.java,org.apache.ibatis.plugin.InterceptorChain,org.pitest.mutationtest.engine.gregor.mutators.ConstructorCallMutator,<init>,27,KILLED,org.apache.ibatis.submitted.extend.ExtendTest.org.apache.ibatis.submitted.extend.ExtendTest
InterceptorChain.java,org.apache.ibatis.plugin.InterceptorChain,org.pitest.mutationtest.engine.gregor.mutators.NonVoidMethodCallMutator,addInterceptor,37,NO_COVERAGE,none
InterceptorChain.java,org.apache.ibatis.plugin.InterceptorChain,org.pitest.mutationtest.engine.gregor.mutators.ArgumentPropagationMutator,getInterceptors,41,NO_COVERAGE,none
InterceptorChain.java,org.apache.ibatis.plugin.InterceptorChain,org.pitest.mutationtest.engine.gregor.mutators.NonVoidMethodCallMutator,getInterceptors,41,NO_COVERAGE,none
InterceptorChain.java,org.apache.ibatis.plugin.InterceptorChain,org.pitest.mutationtest.engine.gregor.mutators.ReturnValsMutator,getInterceptors,41,NO_COVERAGE,none
InterceptorChain.java,org.apache.ibatis.plugin.InterceptorChain,org.pitest.mutationtest.engine.gregor.mutators.ArgumentPropagationMutator,pluginAll,31,NO_COVERAGE,none
InterceptorChain.java,org.apache.ibatis.plugin.InterceptorChain,org.pitest.mutationtest.engine.gregor.mutators.NegateConditionalsMutator,pluginAll,30,KILLED,org.apache.ibatis.submitted.extend.ExtendTest.org.apache.ibatis.submitted.extend.ExtendTest
InterceptorChain.java,org.apache.ibatis.plugin.InterceptorChain,org.pitest.mutationtest.engine.gregor.mutators.NonVoidMethodCallMutator,pluginAll,30,KILLED,org.apache.ibatis.submitted.extend.ExtendTest.org.apache.ibatis.submitted.extend.ExtendTest
InterceptorChain.java,org.apache.ibatis.plugin.InterceptorChain,org.pitest.mutationtest.engine.gregor.mutators.NonVoidMethodCallMutator,pluginAll,30,SURVIVED,none
InterceptorChain.java,org.apache.ibatis.plugin.InterceptorChain,org.pitest.mutationtest.engine.gregor.mutators.NonVoidMethodCallMutator,pluginAll,31,NO_COVERAGE,none
InterceptorChain.java,org.apache.ibatis.plugin.InterceptorChain,org.pitest.mutationtest.engine.gregor.mutators.RemoveConditionalMutator_EQUAL_IF,pluginAll,30,KILLED,org.apache.ibatis.submitted.extend.ExtendTest.org.apache.ibatis.submitted.extend.ExtendTest
InterceptorChain.java,org.apache.ibatis.plugin.InterceptorChain,org.pitest.mutationtest.engine.gregor.mutators.ReturnValsMutator,pluginAll,33,KILLED,org.apache.ibatis.submitted.extend.ExtendTest.org.apache.ibatis.submitted.extend.ExtendTest
MapperProxyFactory.java,org.apache.ibatis.binding.MapperProxyFactory,org.pitest.mutationtest.engine.gregor.mutators.ConstructorCallMutator,<init>,31,KILLED,org.apache.ibatis.submitted.extend.ExtendTest.org.apache.ibatis.submitted.extend.ExtendTest
MapperProxyFactory.java,org.apache.ibatis.binding.MapperProxyFactory,org.pitest.mutationtest.engine.gregor.mutators.experimental.MemberVariableMutator,<init>,31,KILLED,org.apache.ibatis.submitted.extend.ExtendTest.org.apache.ibatis.submitted.extend.ExtendTest
MapperProxyFactory.java,org.apache.ibatis.binding.MapperProxyFactory,org.pitest.mutationtest.engine.gregor.mutators.ReturnValsMutator,getMapperInterface,38,NO_COVERAGE,none
MapperProxyFactory.java,org.apache.ibatis.binding.MapperProxyFactory,org.pitest.mutationtest.engine.gregor.mutators.ReturnValsMutator,getMethodCache,42,NO_COVERAGE,none
MapperProxyFactory.java,org.apache.ibatis.binding.MapperProxyFactory,org.pitest.mutationtest.engine.gregor.mutators.InlineConstantMutator,newInstance,47,KILLED,org.apache.ibatis.submitted.extend.ExtendTest.org.apache.ibatis.submitted.extend.ExtendTest
MapperProxyFactory.java,org.apache.ibatis.binding.MapperProxyFactory,org.pitest.mutationtest.engine.gregor.mutators.InlineConstantMutator,newInstance,47,KILLED,org.apache.ibatis.submitted.extend.ExtendTest.org.apache.ibatis.submitted.extend.ExtendTest
MapperProxyFactory.java,org.apache.ibatis.binding.MapperProxyFactory,org.pitest.mutationtest.engine.gregor.mutators.NonVoidMethodCallMutator,newInstance,47,KILLED,org.apache.ibatis.submitted.extend.ExtendTest.org.apache.ibatis.submitted.extend.ExtendTest
MapperProxyFactory.java,org.apache.ibatis.binding.MapperProxyFactory,org.pitest.mutationtest.engine.gregor.mutators.NonVoidMethodCallMutator,newInstance,47,KILLED,org.apache.ibatis.submitted.extend.ExtendTest.org.apache.ibatis.submitted.extend.ExtendTest
MapperProxyFactory.java,org.apache.ibatis.binding.MapperProxyFactory,org.pitest.mutationtest.engine.gregor.mutators.ReturnValsMutator,newInstance,47,KILLED,org.apache.ibatis.submitted.extend.ExtendTest.org.apache.ibatis.submitted.extend.ExtendTest
MapperProxyFactory.java,org.apache.ibatis.binding.MapperProxyFactory,org.pitest.mutationtest.engine.gregor.mutators.ConstructorCallMutator,newInstance,51,KILLED,org.apache.ibatis.submitted.extend.ExtendTest.org.apache.ibatis.submitted.extend.ExtendTest
MapperProxyFactory.java,org.apache.ibatis.binding.MapperProxyFactory,org.pitest.mutationtest.engine.gregor.mutators.NonVoidMethodCallMutator,newInstance,52,KILLED,org.apache.ibatis.submitted.extend.ExtendTest.org.apache.ibatis.submitted.extend.ExtendTest
MapperProxyFactory.java,org.apache.ibatis.binding.MapperProxyFactory,org.pitest.mutationtest.engine.gregor.mutators.ReturnValsMutator,newInstance,52,KILLED,org.apache.ibatis.submitted.extend.ExtendTest.org.apache.ibatis.submitted.extend.ExtendTest
XMLMapperEntityResolver.java,org.apache.ibatis.builder.xml.XMLMapperEntityResolver,org.pitest.mutationtest.engine.gregor.mutators.ConstructorCallMutator,resolveEntity,65,NO_COVERAGE,none
XMLMapperEntityResolver.java,org.apache.ibatis.builder.xml.XMLMapperEntityResolver,org.pitest.mutationtest.engine.gregor.mutators.NegateConditionalsMutator,resolveEntity,57,KILLED,org.apache.ibatis.submitted.extend.ExtendTest.org.apache.ibatis.submitted.extend.ExtendTest
XMLMapperEntityResolver.java,org.apache.ibatis.builder.xml.XMLMapperEntityResolver,org.pitest.mutationtest.engine.gregor.mutators.NegateConditionalsMutator,resolveEntity,59,KILLED,org.apache.ibatis.submitted.extend.ExtendTest.org.apache.ibatis.submitted.extend.ExtendTest
XMLMapperEntityResolver.java,org.apache.ibatis.builder.xml.XMLMapperEntityResolver,org.pitest.mutationtest.engine.gregor.mutators.NonVoidMethodCallMutator,resolveEntity,57,KILLED,org.apache.ibatis.submitted.extend.ExtendTest.org.apache.ibatis.submitted.extend.ExtendTest
XMLMapperEntityResolver.java,org.apache.ibatis.builder.xml.XMLMapperEntityResolver,org.pitest.mutationtest.engine.gregor.mutators.NonVoidMethodCallMutator,resolveEntity,58,SURVIVED,none
XMLMapperEntityResolver.java,org.apache.ibatis.builder.xml.XMLMapperEntityResolver,org.pitest.mutationtest.engine.gregor.mutators.NonVoidMethodCallMutator,resolveEntity,59,KILLED,org.apache.ibatis.submitted.extend.ExtendTest.org.apache.ibatis.submitted.extend.ExtendTest
XMLMapperEntityResolver.java,org.apache.ibatis.builder.xml.XMLMapperEntityResolver,org.pitest.mutationtest.engine.gregor.mutators.NonVoidMethodCallMutator,resolveEntity,65,NO_COVERAGE,none
XMLMapperEntityResolver.java,org.apache.ibatis.builder.xml.XMLMapperEntityResolver,org.pitest.mutationtest.engine.gregor.mutators.RemoveConditionalMutator_EQUAL_ELSE,resolveEntity,59,KILLED,org.apache.ibatis.submitted.extend.ExtendTest.org.apache.ibatis.submitted.extend.ExtendTest
XMLMapperEntityResolver.java,org.apache.ibatis.builder.xml.XMLMapperEntityResolver,org.pitest.mutationtest.engine.gregor.mutators.RemoveConditionalMutator_EQUAL_IF,resolveEntity,55,KILLED,org.apache.ibatis.submitted.extend.ExtendTest.org.apache.ibatis.submitted.extend.ExtendTest
XMLMapperEntityResolver.java,org.apache.ibatis.builder.xml.XMLMapperEntityResolver,org.pitest.mutationtest.engine.gregor.mutators.RemoveConditionalMutator_EQUAL_IF,resolveEntity,59,KILLED,org.apache.ibatis.submitted.extend.ExtendTest.org.apache.ibatis.submitted.extend.ExtendTest
XMLMapperEntityResolver.java,org.apache.ibatis.builder.xml.XMLMapperEntityResolver,org.pitest.mutationtest.engine.gregor.mutators.RemoveConditionalMutator_EQUAL_IF,resolveEntity,59,KILLED,org.apache.ibatis.submitted.extend.ExtendTest.org.apache.ibatis.submitted.extend.ExtendTest
XMLMapperEntityResolver.java,org.apache.ibatis.builder.xml.XMLMapperEntityResolver,org.pitest.mutationtest.engine.gregor.mutators.ReturnValsMutator,resolveEntity,63,NO_COVERAGE,none
RawLanguageDriver.java,org.apache.ibatis.scripting.defaults.RawLanguageDriver,org.pitest.mutationtest.engine.gregor.mutators.ConstructorCallMutator,checkIsNotDynamic,50,NO_COVERAGE,none
RawLanguageDriver.java,org.apache.ibatis.scripting.defaults.RawLanguageDriver,org.pitest.mutationtest.engine.gregor.mutators.NegateConditionalsMutator,checkIsNotDynamic,49,NO_COVERAGE,none
RawLanguageDriver.java,org.apache.ibatis.scripting.defaults.RawLanguageDriver,org.pitest.mutationtest.engine.gregor.mutators.NonVoidMethodCallMutator,checkIsNotDynamic,49,NO_COVERAGE,none
RawLanguageDriver.java,org.apache.ibatis.scripting.defaults.RawLanguageDriver,org.pitest.mutationtest.engine.gregor.mutators.NonVoidMethodCallMutator,checkIsNotDynamic,49,NO_COVERAGE,none
RawLanguageDriver.java,org.apache.ibatis.scripting.defaults.RawLanguageDriver,org.pitest.mutationtest.engine.gregor.mutators.RemoveConditionalMutator_EQUAL_ELSE,checkIsNotDynamic,49,NO_COVERAGE,none
RawLanguageDriver.java,org.apache.ibatis.scripting.defaults.RawLanguageDriver,org.pitest.mutationtest.engine.gregor.mutators.RemoveConditionalMutator_EQUAL_IF,checkIsNotDynamic,49,NO_COVERAGE,none
RawLanguageDriver.java,org.apache.ibatis.scripting.defaults.RawLanguageDriver,org.pitest.mutationtest.engine.gregor.mutators.NonVoidMethodCallMutator,createSqlSource,43,NO_COVERAGE,none
RawLanguageDriver.java,org.apache.ibatis.scripting.defaults.RawLanguageDriver,org.pitest.mutationtest.engine.gregor.mutators.ReturnValsMutator,createSqlSource,45,NO_COVERAGE,none
RawLanguageDriver.java,org.apache.ibatis.scripting.defaults.RawLanguageDriver,org.pitest.mutationtest.engine.gregor.mutators.VoidMethodCallMutator,createSqlSource,44,NO_COVERAGE,none
RawLanguageDriver.java,org.apache.ibatis.scripting.defaults.RawLanguageDriver,org.pitest.mutationtest.engine.gregor.mutators.NonVoidMethodCallMutator,createSqlSource,36,NO_COVERAGE,none
RawLanguageDriver.java,org.apache.ibatis.scripting.defaults.RawLanguageDriver,org.pitest.mutationtest.engine.gregor.mutators.ReturnValsMutator,createSqlSource,38,NO_COVERAGE,none
RawLanguageDriver.java,org.apache.ibatis.scripting.defaults.RawLanguageDriver,org.pitest.mutationtest.engine.gregor.mutators.VoidMethodCallMutator,createSqlSource,37,NO_COVERAGE,none
DefaultMapResultHandler.java,org.apache.ibatis.executor.result.DefaultMapResultHandler,org.pitest.mutationtest.engine.gregor.mutators.NonVoidMethodCallMutator,<init>,43,NO_COVERAGE,none
DefaultMapResultHandler.java,org.apache.ibatis.executor.result.DefaultMapResultHandler,org.pitest.mutationtest.engine.gregor.mutators.experimental.MemberVariableMutator,<init>,40,NO_COVERAGE,none
DefaultMapResultHandler.java,org.apache.ibatis.executor.result.DefaultMapResultHandler,org.pitest.mutationtest.engine.gregor.mutators.experimental.MemberVariableMutator,<init>,41,NO_COVERAGE,none
DefaultMapResultHandler.java,org.apache.ibatis.executor.result.DefaultMapResultHandler,org.pitest.mutationtest.engine.gregor.mutators.experimental.MemberVariableMutator,<init>,42,NO_COVERAGE,none
DefaultMapResultHandler.java,org.apache.ibatis.executor.result.DefaultMapResultHandler,org.pitest.mutationtest.engine.gregor.mutators.experimental.MemberVariableMutator,<init>,43,NO_COVERAGE,none
DefaultMapResultHandler.java,org.apache.ibatis.executor.result.DefaultMapResultHandler,org.pitest.mutationtest.engine.gregor.mutators.experimental.MemberVariableMutator,<init>,44,NO_COVERAGE,none
DefaultMapResultHandler.java,org.apache.ibatis.executor.result.DefaultMapResultHandler,org.pitest.mutationtest.engine.gregor.mutators.ReturnValsMutator,getMappedResults,57,NO_COVERAGE,none
DefaultMapResultHandler.java,org.apache.ibatis.executor.result.DefaultMapResultHandler,org.pitest.mutationtest.engine.gregor.mutators.ArgumentPropagationMutator,handleResult,53,NO_COVERAGE,none
DefaultMapResultHandler.java,org.apache.ibatis.executor.result.DefaultMapResultHandler,org.pitest.mutationtest.engine.gregor.mutators.NonVoidMethodCallMutator,handleResult,49,NO_COVERAGE,none
DefaultMapResultHandler.java,org.apache.ibatis.executor.result.DefaultMapResultHandler,org.pitest.mutationtest.engine.gregor.mutators.NonVoidMethodCallMutator,handleResult,50,NO_COVERAGE,none
DefaultMapResultHandler.java,org.apache.ibatis.executor.result.DefaultMapResultHandler,org.pitest.mutationtest.engine.gregor.mutators.NonVoidMethodCallMutator,handleResult,52,NO_COVERAGE,none
DefaultMapResultHandler.java,org.apache.ibatis.executor.result.DefaultMapResultHandler,org.pitest.mutationtest.engine.gregor.mutators.NonVoidMethodCallMutator,handleResult,53,NO_COVERAGE,none
ByteTypeHandler.java,org.apache.ibatis.type.ByteTypeHandler,org.pitest.mutationtest.engine.gregor.mutators.NonVoidMethodCallMutator,getNullableResult,49,NO_COVERAGE,none
ByteTypeHandler.java,org.apache.ibatis.type.ByteTypeHandler,org.pitest.mutationtest.engine.gregor.mutators.NonVoidMethodCallMutator,getNullableResult,49,NO_COVERAGE,none
ByteTypeHandler.java,org.apache.ibatis.type.ByteTypeHandler,org.pitest.mutationtest.engine.gregor.mutators.ReturnValsMutator,getNullableResult,49,NO_COVERAGE,none
ByteTypeHandler.java,org.apache.ibatis.type.ByteTypeHandler,org.pitest.mutationtest.engine.gregor.mutators.NonVoidMethodCallMutator,getNullableResult,43,NO_COVERAGE,none
ByteTypeHandler.java,org.apache.ibatis.type.ByteTypeHandler,org.pitest.mutationtest.engine.gregor.mutators.NonVoidMethodCallMutator,getNullableResult,43,NO_COVERAGE,none
ByteTypeHandler.java,org.apache.ibatis.type.ByteTypeHandler,org.pitest.mutationtest.engine.gregor.mutators.ReturnValsMutator,getNullableResult,43,NO_COVERAGE,none
ByteTypeHandler.java,org.apache.ibatis.type.ByteTypeHandler,org.pitest.mutationtest.engine.gregor.mutators.NonVoidMethodCallMutator,getNullableResult,37,NO_COVERAGE,none
ByteTypeHandler.java,org.apache.ibatis.type.ByteTypeHandler,org.pitest.mutationtest.engine.gregor.mutators.NonVoidMethodCallMutator,getNullableResult,37,NO_COVERAGE,none
ByteTypeHandler.java,org.apache.ibatis.type.ByteTypeHandler,org.pitest.mutationtest.engine.gregor.mutators.ReturnValsMutator,getNullableResult,37,NO_COVERAGE,none
ByteTypeHandler.java,org.apache.ibatis.type.ByteTypeHandler,org.pitest.mutationtest.engine.gregor.mutators.NonVoidMethodCallMutator,setNonNullParameter,31,NO_COVERAGE,none
ByteTypeHandler.java,org.apache.ibatis.type.ByteTypeHandler,org.pitest.mutationtest.engine.gregor.mutators.VoidMethodCallMutator,setNonNullParameter,31,NO_COVERAGE,none
DoubleTypeHandler.java,org.apache.ibatis.type.DoubleTypeHandler,org.pitest.mutationtest.engine.gregor.mutators.NonVoidMethodCallMutator,getNullableResult,49,NO_COVERAGE,none
DoubleTypeHandler.java,org.apache.ibatis.type.DoubleTypeHandler,org.pitest.mutationtest.engine.gregor.mutators.NonVoidMethodCallMutator,getNullableResult,49,NO_COVERAGE,none
DoubleTypeHandler.java,org.apache.ibatis.type.DoubleTypeHandler,org.pitest.mutationtest.engine.gregor.mutators.ReturnValsMutator,getNullableResult,49,NO_COVERAGE,none
DoubleTypeHandler.java,org.apache.ibatis.type.DoubleTypeHandler,org.pitest.mutationtest.engine.gregor.mutators.NonVoidMethodCallMutator,getNullableResult,43,NO_COVERAGE,none
DoubleTypeHandler.java,org.apache.ibatis.type.DoubleTypeHandler,org.pitest.mutationtest.engine.gregor.mutators.NonVoidMethodCallMutator,getNullableResult,43,NO_COVERAGE,none
DoubleTypeHandler.java,org.apache.ibatis.type.DoubleTypeHandler,org.pitest.mutationtest.engine.gregor.mutators.ReturnValsMutator,getNullableResult,43,NO_COVERAGE,none
DoubleTypeHandler.java,org.apache.ibatis.type.DoubleTypeHandler,org.pitest.mutationtest.engine.gregor.mutators.NonVoidMethodCallMutator,getNullableResult,37,NO_COVERAGE,none
DoubleTypeHandler.java,org.apache.ibatis.type.DoubleTypeHandler,org.pitest.mutationtest.engine.gregor.mutators.NonVoidMethodCallMutator,getNullableResult,37,NO_COVERAGE,none
DoubleTypeHandler.java,org.apache.ibatis.type.DoubleTypeHandler,org.pitest.mutationtest.engine.gregor.mutators.ReturnValsMutator,getNullableResult,37,NO_COVERAGE,none
DoubleTypeHandler.java,org.apache.ibatis.type.DoubleTypeHandler,org.pitest.mutationtest.engine.gregor.mutators.NonVoidMethodCallMutator,setNonNullParameter,31,NO_COVERAGE,none
DoubleTypeHandler.java,org.apache.ibatis.type.DoubleTypeHandler,org.pitest.mutationtest.engine.gregor.mutators.VoidMethodCallMutator,setNonNullParameter,31,NO_COVERAGE,none
DefaultReflectorFactory.java,org.apache.ibatis.reflection.DefaultReflectorFactory,org.pitest.mutationtest.engine.gregor.mutators.experimental.MemberVariableMutator,<init>,22,KILLED,org.apache.ibatis.submitted.extend.ExtendTest.org.apache.ibatis.submitted.extend.ExtendTest
DefaultReflectorFactory.java,org.apache.ibatis.reflection.DefaultReflectorFactory,org.pitest.mutationtest.engine.gregor.mutators.ArgumentPropagationMutator,findForClass,45,KILLED,org.apache.ibatis.submitted.extend.ExtendTest.org.apache.ibatis.submitted.extend.ExtendTest
DefaultReflectorFactory.java,org.apache.ibatis.reflection.DefaultReflectorFactory,org.pitest.mutationtest.engine.gregor.mutators.ConstructorCallMutator,findForClass,49,NO_COVERAGE,none
DefaultReflectorFactory.java,org.apache.ibatis.reflection.DefaultReflectorFactory,org.pitest.mutationtest.engine.gregor.mutators.NegateConditionalsMutator,findForClass,43,KILLED,org.apache.ibatis.submitted.extend.ExtendTest.org.apache.ibatis.submitted.extend.ExtendTest
DefaultReflectorFactory.java,org.apache.ibatis.reflection.DefaultReflectorFactory,org.pitest.mutationtest.engine.gregor.mutators.RemoveConditionalMutator_EQUAL_ELSE,findForClass,40,KILLED,org.apache.ibatis.submitted.extend.ExtendTest.org.apache.ibatis.submitted.extend.ExtendTest
DefaultReflectorFactory.java,org.apache.ibatis.reflection.DefaultReflectorFactory,org.pitest.mutationtest.engine.gregor.mutators.RemoveConditionalMutator_EQUAL_ELSE,findForClass,43,KILLED,org.apache.ibatis.submitted.extend.ExtendTest.org.apache.ibatis.submitted.extend.ExtendTest
DefaultReflectorFactory.java,org.apache.ibatis.reflection.DefaultReflectorFactory,org.pitest.mutationtest.engine.gregor.mutators.RemoveConditionalMutator_EQUAL_IF,findForClass,40,KILLED,org.apache.ibatis.submitted.extend.ExtendTest.org.apache.ibatis.submitted.extend.ExtendTest
DefaultReflectorFactory.java,org.apache.ibatis.reflection.DefaultReflectorFactory,org.pitest.mutationtest.engine.gregor.mutators.ReturnValsMutator,findForClass,47,KILLED,org.apache.ibatis.submitted.extend.ExtendTest.org.apache.ibatis.submitted.extend.ExtendTest
DefaultReflectorFactory.java,org.apache.ibatis.reflection.DefaultReflectorFactory,org.pitest.mutationtest.engine.gregor.mutators.ReturnValsMutator,findForClass,49,NO_COVERAGE,none
DefaultReflectorFactory.java,org.apache.ibatis.reflection.DefaultReflectorFactory,org.pitest.mutationtest.engine.gregor.mutators.ReturnValsMutator,isClassCacheEnabled,30,NO_COVERAGE,none
DefaultReflectorFactory.java,org.apache.ibatis.reflection.DefaultReflectorFactory,org.pitest.mutationtest.engine.gregor.mutators.experimental.MemberVariableMutator,setClassCacheEnabled,35,NO_COVERAGE,none
DynamicContext.java,org.apache.ibatis.scripting.xmltags.DynamicContext$ContextMap,org.pitest.mutationtest.engine.gregor.mutators.experimental.MemberVariableMutator,<init>,82,SURVIVED,none
DynamicContext.java,org.apache.ibatis.scripting.xmltags.DynamicContext$ContextMap,org.pitest.mutationtest.engine.gregor.mutators.ArgumentPropagationMutator,get,89,NO_COVERAGE,none
DynamicContext.java,org.apache.ibatis.scripting.xmltags.DynamicContext$ContextMap,org.pitest.mutationtest.engine.gregor.mutators.NegateConditionalsMutator,get,88,NO_COVERAGE,none
DynamicContext.java,org.apache.ibatis.scripting.xmltags.DynamicContext$ContextMap,org.pitest.mutationtest.engine.gregor.mutators.NegateConditionalsMutator,get,92,NO_COVERAGE,none
DynamicContext.java,org.apache.ibatis.scripting.xmltags.DynamicContext$ContextMap,org.pitest.mutationtest.engine.gregor.mutators.NonVoidMethodCallMutator,get,88,NO_COVERAGE,none
DynamicContext.java,org.apache.ibatis.scripting.xmltags.DynamicContext$ContextMap,org.pitest.mutationtest.engine.gregor.mutators.NonVoidMethodCallMutator,get,94,NO_COVERAGE,none
DynamicContext.java,org.apache.ibatis.scripting.xmltags.DynamicContext$ContextMap,org.pitest.mutationtest.engine.gregor.mutators.RemoveConditionalMutator_EQUAL_IF,get,88,NO_COVERAGE,none
DynamicContext.java,org.apache.ibatis.scripting.xmltags.DynamicContext$ContextMap,org.pitest.mutationtest.engine.gregor.mutators.RemoveConditionalMutator_EQUAL_IF,get,92,NO_COVERAGE,none
DynamicContext.java,org.apache.ibatis.scripting.xmltags.DynamicContext$ContextMap,org.pitest.mutationtest.engine.gregor.mutators.ReturnValsMutator,get,89,NO_COVERAGE,none
DynamicContext.java,org.apache.ibatis.scripting.xmltags.DynamicContext$ContextMap,org.pitest.mutationtest.engine.gregor.mutators.ReturnValsMutator,get,94,NO_COVERAGE,none
DynamicContext.java,org.apache.ibatis.scripting.xmltags.DynamicContext$ContextMap,org.pitest.mutationtest.engine.gregor.mutators.ReturnValsMutator,get,97,NO_COVERAGE,none
ShortTypeHandler.java,org.apache.ibatis.type.ShortTypeHandler,org.pitest.mutationtest.engine.gregor.mutators.NonVoidMethodCallMutator,getNullableResult,49,NO_COVERAGE,none
ShortTypeHandler.java,org.apache.ibatis.type.ShortTypeHandler,org.pitest.mutationtest.engine.gregor.mutators.NonVoidMethodCallMutator,getNullableResult,49,NO_COVERAGE,none
ShortTypeHandler.java,org.apache.ibatis.type.ShortTypeHandler,org.pitest.mutationtest.engine.gregor.mutators.ReturnValsMutator,getNullableResult,49,NO_COVERAGE,none
ShortTypeHandler.java,org.apache.ibatis.type.ShortTypeHandler,org.pitest.mutationtest.engine.gregor.mutators.NonVoidMethodCallMutator,getNullableResult,43,NO_COVERAGE,none
ShortTypeHandler.java,org.apache.ibatis.type.ShortTypeHandler,org.pitest.mutationtest.engine.gregor.mutators.NonVoidMethodCallMutator,getNullableResult,43,NO_COVERAGE,none
ShortTypeHandler.java,org.apache.ibatis.type.ShortTypeHandler,org.pitest.mutationtest.engine.gregor.mutators.ReturnValsMutator,getNullableResult,43,NO_COVERAGE,none
ShortTypeHandler.java,org.apache.ibatis.type.ShortTypeHandler,org.pitest.mutationtest.engine.gregor.mutators.NonVoidMethodCallMutator,getNullableResult,37,NO_COVERAGE,none
ShortTypeHandler.java,org.apache.ibatis.type.ShortTypeHandler,org.pitest.mutationtest.engine.gregor.mutators.NonVoidMethodCallMutator,getNullableResult,37,NO_COVERAGE,none
ShortTypeHandler.java,org.apache.ibatis.type.ShortTypeHandler,org.pitest.mutationtest.engine.gregor.mutators.ReturnValsMutator,getNullableResult,37,NO_COVERAGE,none
ShortTypeHandler.java,org.apache.ibatis.type.ShortTypeHandler,org.pitest.mutationtest.engine.gregor.mutators.NonVoidMethodCallMutator,setNonNullParameter,31,NO_COVERAGE,none
ShortTypeHandler.java,org.apache.ibatis.type.ShortTypeHandler,org.pitest.mutationtest.engine.gregor.mutators.VoidMethodCallMutator,setNonNullParameter,31,NO_COVERAGE,none
BooleanTypeHandler.java,org.apache.ibatis.type.BooleanTypeHandler,org.pitest.mutationtest.engine.gregor.mutators.NonVoidMethodCallMutator,getNullableResult,49,NO_COVERAGE,none
BooleanTypeHandler.java,org.apache.ibatis.type.BooleanTypeHandler,org.pitest.mutationtest.engine.gregor.mutators.NonVoidMethodCallMutator,getNullableResult,49,NO_COVERAGE,none
BooleanTypeHandler.java,org.apache.ibatis.type.BooleanTypeHandler,org.pitest.mutationtest.engine.gregor.mutators.ReturnValsMutator,getNullableResult,49,NO_COVERAGE,none
BooleanTypeHandler.java,org.apache.ibatis.type.BooleanTypeHandler,org.pitest.mutationtest.engine.gregor.mutators.NonVoidMethodCallMutator,getNullableResult,43,NO_COVERAGE,none
BooleanTypeHandler.java,org.apache.ibatis.type.BooleanTypeHandler,org.pitest.mutationtest.engine.gregor.mutators.NonVoidMethodCallMutator,getNullableResult,43,NO_COVERAGE,none
BooleanTypeHandler.java,org.apache.ibatis.type.BooleanTypeHandler,org.pitest.mutationtest.engine.gregor.mutators.ReturnValsMutator,getNullableResult,43,NO_COVERAGE,none
BooleanTypeHandler.java,org.apache.ibatis.type.BooleanTypeHandler,org.pitest.mutationtest.engine.gregor.mutators.NonVoidMethodCallMutator,getNullableResult,37,NO_COVERAGE,none
BooleanTypeHandler.java,org.apache.ibatis.type.BooleanTypeHandler,org.pitest.mutationtest.engine.gregor.mutators.NonVoidMethodCallMutator,getNullableResult,37,NO_COVERAGE,none
BooleanTypeHandler.java,org.apache.ibatis.type.BooleanTypeHandler,org.pitest.mutationtest.engine.gregor.mutators.ReturnValsMutator,getNullableResult,37,NO_COVERAGE,none
BooleanTypeHandler.java,org.apache.ibatis.type.BooleanTypeHandler,org.pitest.mutationtest.engine.gregor.mutators.NonVoidMethodCallMutator,setNonNullParameter,31,NO_COVERAGE,none
BooleanTypeHandler.java,org.apache.ibatis.type.BooleanTypeHandler,org.pitest.mutationtest.engine.gregor.mutators.VoidMethodCallMutator,setNonNullParameter,31,NO_COVERAGE,none
Environment.java,org.apache.ibatis.mapping.Environment,org.pitest.mutationtest.engine.gregor.mutators.ConstructorCallMutator,<init>,32,NO_COVERAGE,none
Environment.java,org.apache.ibatis.mapping.Environment,org.pitest.mutationtest.engine.gregor.mutators.ConstructorCallMutator,<init>,35,NO_COVERAGE,none
Environment.java,org.apache.ibatis.mapping.Environment,org.pitest.mutationtest.engine.gregor.mutators.ConstructorCallMutator,<init>,39,NO_COVERAGE,none
Environment.java,org.apache.ibatis.mapping.Environment,org.pitest.mutationtest.engine.gregor.mutators.NegateConditionalsMutator,<init>,31,KILLED,org.apache.ibatis.submitted.extend.ExtendTest.org.apache.ibatis.submitted.extend.ExtendTest
Environment.java,org.apache.ibatis.mapping.Environment,org.pitest.mutationtest.engine.gregor.mutators.NegateConditionalsMutator,<init>,38,KILLED,org.apache.ibatis.submitted.extend.ExtendTest.org.apache.ibatis.submitted.extend.ExtendTest
Environment.java,org.apache.ibatis.mapping.Environment,org.pitest.mutationtest.engine.gregor.mutators.RemoveConditionalMutator_EQUAL_ELSE,<init>,31,KILLED,org.apache.ibatis.submitted.extend.ExtendTest.org.apache.ibatis.submitted.extend.ExtendTest
Environment.java,org.apache.ibatis.mapping.Environment,org.pitest.mutationtest.engine.gregor.mutators.RemoveConditionalMutator_EQUAL_IF,<init>,34,KILLED,org.apache.ibatis.submitted.extend.ExtendTest.org.apache.ibatis.submitted.extend.ExtendTest
Environment.java,org.apache.ibatis.mapping.Environment,org.pitest.mutationtest.engine.gregor.mutators.RemoveConditionalMutator_EQUAL_IF,<init>,38,KILLED,org.apache.ibatis.submitted.extend.ExtendTest.org.apache.ibatis.submitted.extend.ExtendTest
Environment.java,org.apache.ibatis.mapping.Environment,org.pitest.mutationtest.engine.gregor.mutators.experimental.MemberVariableMutator,<init>,37,KILLED,org.apache.ibatis.submitted.extend.ExtendTest.org.apache.ibatis.submitted.extend.ExtendTest
Environment.java,org.apache.ibatis.mapping.Environment,org.pitest.mutationtest.engine.gregor.mutators.experimental.MemberVariableMutator,<init>,42,KILLED,org.apache.ibatis.submitted.extend.ExtendTest.org.apache.ibatis.submitted.extend.ExtendTest
Environment.java,org.apache.ibatis.mapping.Environment,org.pitest.mutationtest.engine.gregor.mutators.ReturnValsMutator,getId,75,KILLED,org.apache.ibatis.submitted.extend.ExtendTest.org.apache.ibatis.submitted.extend.ExtendTest
MapperMethod.java,org.apache.ibatis.binding.MapperMethod$ParamMap,org.pitest.mutationtest.engine.gregor.mutators.ConstructorCallMutator,get,202,NO_COVERAGE,none
MapperMethod.java,org.apache.ibatis.binding.MapperMethod$ParamMap,org.pitest.mutationtest.engine.gregor.mutators.ConstructorCallMutator,get,202,NO_COVERAGE,none
MapperMethod.java,org.apache.ibatis.binding.MapperMethod$ParamMap,org.pitest.mutationtest.engine.gregor.mutators.NegateConditionalsMutator,get,201,NO_COVERAGE,none
MapperMethod.java,org.apache.ibatis.binding.MapperMethod$ParamMap,org.pitest.mutationtest.engine.gregor.mutators.NonVoidMethodCallMutator,get,202,NO_COVERAGE,none
MapperMethod.java,org.apache.ibatis.binding.MapperMethod$ParamMap,org.pitest.mutationtest.engine.gregor.mutators.NonVoidMethodCallMutator,get,202,NO_COVERAGE,none
MapperMethod.java,org.apache.ibatis.binding.MapperMethod$ParamMap,org.pitest.mutationtest.engine.gregor.mutators.NonVoidMethodCallMutator,get,202,NO_COVERAGE,none
MapperMethod.java,org.apache.ibatis.binding.MapperMethod$ParamMap,org.pitest.mutationtest.engine.gregor.mutators.NonVoidMethodCallMutator,get,202,NO_COVERAGE,none
MapperMethod.java,org.apache.ibatis.binding.MapperMethod$ParamMap,org.pitest.mutationtest.engine.gregor.mutators.NonVoidMethodCallMutator,get,202,NO_COVERAGE,none
MapperMethod.java,org.apache.ibatis.binding.MapperMethod$ParamMap,org.pitest.mutationtest.engine.gregor.mutators.NonVoidMethodCallMutator,get,202,NO_COVERAGE,none
MapperMethod.java,org.apache.ibatis.binding.MapperMethod$ParamMap,org.pitest.mutationtest.engine.gregor.mutators.NonVoidMethodCallMutator,get,204,NO_COVERAGE,none
MapperMethod.java,org.apache.ibatis.binding.MapperMethod$ParamMap,org.pitest.mutationtest.engine.gregor.mutators.ReturnValsMutator,get,204,NO_COVERAGE,none
FloatTypeHandler.java,org.apache.ibatis.type.FloatTypeHandler,org.pitest.mutationtest.engine.gregor.mutators.NonVoidMethodCallMutator,getNullableResult,49,NO_COVERAGE,none
FloatTypeHandler.java,org.apache.ibatis.type.FloatTypeHandler,org.pitest.mutationtest.engine.gregor.mutators.NonVoidMethodCallMutator,getNullableResult,49,NO_COVERAGE,none
FloatTypeHandler.java,org.apache.ibatis.type.FloatTypeHandler,org.pitest.mutationtest.engine.gregor.mutators.ReturnValsMutator,getNullableResult,49,NO_COVERAGE,none
FloatTypeHandler.java,org.apache.ibatis.type.FloatTypeHandler,org.pitest.mutationtest.engine.gregor.mutators.NonVoidMethodCallMutator,getNullableResult,43,NO_COVERAGE,none
FloatTypeHandler.java,org.apache.ibatis.type.FloatTypeHandler,org.pitest.mutationtest.engine.gregor.mutators.NonVoidMethodCallMutator,getNullableResult,43,NO_COVERAGE,none
FloatTypeHandler.java,org.apache.ibatis.type.FloatTypeHandler,org.pitest.mutationtest.engine.gregor.mutators.ReturnValsMutator,getNullableResult,43,NO_COVERAGE,none
FloatTypeHandler.java,org.apache.ibatis.type.FloatTypeHandler,org.pitest.mutationtest.engine.gregor.mutators.NonVoidMethodCallMutator,getNullableResult,37,NO_COVERAGE,none
FloatTypeHandler.java,org.apache.ibatis.type.FloatTypeHandler,org.pitest.mutationtest.engine.gregor.mutators.NonVoidMethodCallMutator,getNullableResult,37,NO_COVERAGE,none
FloatTypeHandler.java,org.apache.ibatis.type.FloatTypeHandler,org.pitest.mutationtest.engine.gregor.mutators.ReturnValsMutator,getNullableResult,37,NO_COVERAGE,none
FloatTypeHandler.java,org.apache.ibatis.type.FloatTypeHandler,org.pitest.mutationtest.engine.gregor.mutators.NonVoidMethodCallMutator,setNonNullParameter,31,NO_COVERAGE,none
FloatTypeHandler.java,org.apache.ibatis.type.FloatTypeHandler,org.pitest.mutationtest.engine.gregor.mutators.VoidMethodCallMutator,setNonNullParameter,31,NO_COVERAGE,none
MappedStatement.java,org.apache.ibatis.mapping.MappedStatement$Builder,org.pitest.mutationtest.engine.gregor.mutators.ConstructorCallMutator,<init>,78,NO_COVERAGE,none
MappedStatement.java,org.apache.ibatis.mapping.MappedStatement$Builder,org.pitest.mutationtest.engine.gregor.mutators.NonVoidMethodCallMutator,<init>,78,NO_COVERAGE,none
MappedStatement.java,org.apache.ibatis.mapping.MappedStatement$Builder,org.pitest.mutationtest.engine.gregor.mutators.NonVoidMethodCallMutator,<init>,78,NO_COVERAGE,none
MappedStatement.java,org.apache.ibatis.mapping.MappedStatement$Builder,org.pitest.mutationtest.engine.gregor.mutators.NonVoidMethodCallMutator,<init>,78,NO_COVERAGE,none
MappedStatement.java,org.apache.ibatis.mapping.MappedStatement$Builder,org.pitest.mutationtest.engine.gregor.mutators.NonVoidMethodCallMutator,<init>,78,NO_COVERAGE,none
MappedStatement.java,org.apache.ibatis.mapping.MappedStatement$Builder,org.pitest.mutationtest.engine.gregor.mutators.NonVoidMethodCallMutator,id,90,NO_COVERAGE,none
MappedStatement.java,org.apache.ibatis.mapping.MappedStatement$Builder,org.pitest.mutationtest.engine.gregor.mutators.ReturnValsMutator,id,90,NO_COVERAGE,none
MappedStatement.java,org.apache.ibatis.mapping.MappedStatement$Builder,org.pitest.mutationtest.engine.gregor.mutators.ArgumentPropagationMutator,resulSets,179,NO_COVERAGE,none
MappedStatement.java,org.apache.ibatis.mapping.MappedStatement$Builder,org.pitest.mutationtest.engine.gregor.mutators.NonVoidMethodCallMutator,resulSets,179,NO_COVERAGE,none
MappedStatement.java,org.apache.ibatis.mapping.MappedStatement$Builder,org.pitest.mutationtest.engine.gregor.mutators.NonVoidMethodCallMutator,resulSets,179,NO_COVERAGE,none
MappedStatement.java,org.apache.ibatis.mapping.MappedStatement$Builder,org.pitest.mutationtest.engine.gregor.mutators.ReturnValsMutator,resulSets,180,NO_COVERAGE,none
IntegerTypeHandler.java,org.apache.ibatis.type.IntegerTypeHandler,org.pitest.mutationtest.engine.gregor.mutators.ArgumentPropagationMutator,getNullableResult,49,NO_COVERAGE,none
IntegerTypeHandler.java,org.apache.ibatis.type.IntegerTypeHandler,org.pitest.mutationtest.engine.gregor.mutators.NonVoidMethodCallMutator,getNullableResult,49,NO_COVERAGE,none
IntegerTypeHandler.java,org.apache.ibatis.type.IntegerTypeHandler,org.pitest.mutationtest.engine.gregor.mutators.NonVoidMethodCallMutator,getNullableResult,49,NO_COVERAGE,none
IntegerTypeHandler.java,org.apache.ibatis.type.IntegerTypeHandler,org.pitest.mutationtest.engine.gregor.mutators.ReturnValsMutator,getNullableResult,49,NO_COVERAGE,none
IntegerTypeHandler.java,org.apache.ibatis.type.IntegerTypeHandler,org.pitest.mutationtest.engine.gregor.mutators.ArgumentPropagationMutator,getNullableResult,43,NO_COVERAGE,none
IntegerTypeHandler.java,org.apache.ibatis.type.IntegerTypeHandler,org.pitest.mutationtest.engine.gregor.mutators.NonVoidMethodCallMutator,getNullableResult,43,NO_COVERAGE,none
IntegerTypeHandler.java,org.apache.ibatis.type.IntegerTypeHandler,org.pitest.mutationtest.engine.gregor.mutators.NonVoidMethodCallMutator,getNullableResult,43,NO_COVERAGE,none
IntegerTypeHandler.java,org.apache.ibatis.type.IntegerTypeHandler,org.pitest.mutationtest.engine.gregor.mutators.ReturnValsMutator,getNullableResult,43,NO_COVERAGE,none
IntegerTypeHandler.java,org.apache.ibatis.type.IntegerTypeHandler,org.pitest.mutationtest.engine.gregor.mutators.NonVoidMethodCallMutator,setNonNullParameter,31,NO_COVERAGE,none
IntegerTypeHandler.java,org.apache.ibatis.type.IntegerTypeHandler,org.pitest.mutationtest.engine.gregor.mutators.VoidMethodCallMutator,setNonNullParameter,31,NO_COVERAGE,none
ResultLoaderMap.java,org.apache.ibatis.executor.loader.ResultLoaderMap$LoadPair$1,org.pitest.mutationtest.engine.gregor.mutators.experimental.MemberVariableMutator,<init>,233,NO_COVERAGE,none
ResultLoaderMap.java,org.apache.ibatis.executor.loader.ResultLoaderMap$LoadPair$1,org.pitest.mutationtest.engine.gregor.mutators.experimental.MemberVariableMutator,<init>,233,NO_COVERAGE,none
ResultLoaderMap.java,org.apache.ibatis.executor.loader.ResultLoaderMap$LoadPair$1,org.pitest.mutationtest.engine.gregor.mutators.ArgumentPropagationMutator,run,238,NO_COVERAGE,none
ResultLoaderMap.java,org.apache.ibatis.executor.loader.ResultLoaderMap$LoadPair$1,org.pitest.mutationtest.engine.gregor.mutators.InlineConstantMutator,run,237,NO_COVERAGE,none
ResultLoaderMap.java,org.apache.ibatis.executor.loader.ResultLoaderMap$LoadPair$1,org.pitest.mutationtest.engine.gregor.mutators.InlineConstantMutator,run,238,NO_COVERAGE,none
ResultLoaderMap.java,org.apache.ibatis.executor.loader.ResultLoaderMap$LoadPair$1,org.pitest.mutationtest.engine.gregor.mutators.InlineConstantMutator,run,240,NO_COVERAGE,none
ResultLoaderMap.java,org.apache.ibatis.executor.loader.ResultLoaderMap$LoadPair$1,org.pitest.mutationtest.engine.gregor.mutators.NonVoidMethodCallMutator,run,238,NO_COVERAGE,none
ResultLoaderMap.java,org.apache.ibatis.executor.loader.ResultLoaderMap$LoadPair$1,org.pitest.mutationtest.engine.gregor.mutators.ReturnValsMutator,run,238,NO_COVERAGE,none
ResultLoaderMap.java,org.apache.ibatis.executor.loader.ResultLoaderMap$LoadPair$1,org.pitest.mutationtest.engine.gregor.mutators.VoidMethodCallMutator,run,237,NO_COVERAGE,none
ResultLoaderMap.java,org.apache.ibatis.executor.loader.ResultLoaderMap$LoadPair$1,org.pitest.mutationtest.engine.gregor.mutators.VoidMethodCallMutator,run,240,NO_COVERAGE,none
StdOutImpl.java,org.apache.ibatis.logging.stdout.StdOutImpl,org.pitest.mutationtest.engine.gregor.mutators.VoidMethodCallMutator,debug,52,NO_COVERAGE,none
StdOutImpl.java,org.apache.ibatis.logging.stdout.StdOutImpl,org.pitest.mutationtest.engine.gregor.mutators.VoidMethodCallMutator,error,47,NO_COVERAGE,none
StdOutImpl.java,org.apache.ibatis.logging.stdout.StdOutImpl,org.pitest.mutationtest.engine.gregor.mutators.VoidMethodCallMutator,error,41,NO_COVERAGE,none
StdOutImpl.java,org.apache.ibatis.logging.stdout.StdOutImpl,org.pitest.mutationtest.engine.gregor.mutators.VoidMethodCallMutator,error,42,NO_COVERAGE,none
StdOutImpl.java,org.apache.ibatis.logging.stdout.StdOutImpl,org.pitest.mutationtest.engine.gregor.mutators.InlineConstantMutator,isDebugEnabled,31,NO_COVERAGE,none
StdOutImpl.java,org.apache.ibatis.logging.stdout.StdOutImpl,org.pitest.mutationtest.engine.gregor.mutators.ReturnValsMutator,isDebugEnabled,31,NO_COVERAGE,none
StdOutImpl.java,org.apache.ibatis.logging.stdout.StdOutImpl,org.pitest.mutationtest.engine.gregor.mutators.InlineConstantMutator,isTraceEnabled,36,NO_COVERAGE,none
StdOutImpl.java,org.apache.ibatis.logging.stdout.StdOutImpl,org.pitest.mutationtest.engine.gregor.mutators.ReturnValsMutator,isTraceEnabled,36,NO_COVERAGE,none
StdOutImpl.java,org.apache.ibatis.logging.stdout.StdOutImpl,org.pitest.mutationtest.engine.gregor.mutators.VoidMethodCallMutator,trace,57,NO_COVERAGE,none
StdOutImpl.java,org.apache.ibatis.logging.stdout.StdOutImpl,org.pitest.mutationtest.engine.gregor.mutators.VoidMethodCallMutator,warn,62,NO_COVERAGE,none
Log4j2LoggerImpl.java,org.apache.ibatis.logging.log4j2.Log4j2LoggerImpl,org.pitest.mutationtest.engine.gregor.mutators.experimental.MemberVariableMutator,<init>,34,NO_COVERAGE,none
Log4j2LoggerImpl.java,org.apache.ibatis.logging.log4j2.Log4j2LoggerImpl,org.pitest.mutationtest.engine.gregor.mutators.VoidMethodCallMutator,debug,59,NO_COVERAGE,none
Log4j2LoggerImpl.java,org.apache.ibatis.logging.log4j2.Log4j2LoggerImpl,org.pitest.mutationtest.engine.gregor.mutators.VoidMethodCallMutator,error,54,NO_COVERAGE,none
Log4j2LoggerImpl.java,org.apache.ibatis.logging.log4j2.Log4j2LoggerImpl,org.pitest.mutationtest.engine.gregor.mutators.VoidMethodCallMutator,error,49,NO_COVERAGE,none
Log4j2LoggerImpl.java,org.apache.ibatis.logging.log4j2.Log4j2LoggerImpl,org.pitest.mutationtest.engine.gregor.mutators.NonVoidMethodCallMutator,isDebugEnabled,39,NO_COVERAGE,none
Log4j2LoggerImpl.java,org.apache.ibatis.logging.log4j2.Log4j2LoggerImpl,org.pitest.mutationtest.engine.gregor.mutators.ReturnValsMutator,isDebugEnabled,39,NO_COVERAGE,none
Log4j2LoggerImpl.java,org.apache.ibatis.logging.log4j2.Log4j2LoggerImpl,org.pitest.mutationtest.engine.gregor.mutators.NonVoidMethodCallMutator,isTraceEnabled,44,NO_COVERAGE,none
Log4j2LoggerImpl.java,org.apache.ibatis.logging.log4j2.Log4j2LoggerImpl,org.pitest.mutationtest.engine.gregor.mutators.ReturnValsMutator,isTraceEnabled,44,NO_COVERAGE,none
Log4j2LoggerImpl.java,org.apache.ibatis.logging.log4j2.Log4j2LoggerImpl,org.pitest.mutationtest.engine.gregor.mutators.VoidMethodCallMutator,trace,64,NO_COVERAGE,none
Log4j2LoggerImpl.java,org.apache.ibatis.logging.log4j2.Log4j2LoggerImpl,org.pitest.mutationtest.engine.gregor.mutators.VoidMethodCallMutator,warn,69,NO_COVERAGE,none
LongTypeHandler.java,org.apache.ibatis.type.LongTypeHandler,org.pitest.mutationtest.engine.gregor.mutators.NonVoidMethodCallMutator,getNullableResult,49,NO_COVERAGE,none
LongTypeHandler.java,org.apache.ibatis.type.LongTypeHandler,org.pitest.mutationtest.engine.gregor.mutators.NonVoidMethodCallMutator,getNullableResult,49,NO_COVERAGE,none
LongTypeHandler.java,org.apache.ibatis.type.LongTypeHandler,org.pitest.mutationtest.engine.gregor.mutators.ReturnValsMutator,getNullableResult,49,NO_COVERAGE,none
LongTypeHandler.java,org.apache.ibatis.type.LongTypeHandler,org.pitest.mutationtest.engine.gregor.mutators.NonVoidMethodCallMutator,getNullableResult,43,NO_COVERAGE,none
LongTypeHandler.java,org.apache.ibatis.type.LongTypeHandler,org.pitest.mutationtest.engine.gregor.mutators.NonVoidMethodCallMutator,getNullableResult,43,NO_COVERAGE,none
LongTypeHandler.java,org.apache.ibatis.type.LongTypeHandler,org.pitest.mutationtest.engine.gregor.mutators.ReturnValsMutator,getNullableResult,43,NO_COVERAGE,none
LongTypeHandler.java,org.apache.ibatis.type.LongTypeHandler,org.pitest.mutationtest.engine.gregor.mutators.NonVoidMethodCallMutator,getNullableResult,37,NO_COVERAGE,none
LongTypeHandler.java,org.apache.ibatis.type.LongTypeHandler,org.pitest.mutationtest.engine.gregor.mutators.NonVoidMethodCallMutator,getNullableResult,37,NO_COVERAGE,none
LongTypeHandler.java,org.apache.ibatis.type.LongTypeHandler,org.pitest.mutationtest.engine.gregor.mutators.NonVoidMethodCallMutator,setNonNullParameter,31,NO_COVERAGE,none
LongTypeHandler.java,org.apache.ibatis.type.LongTypeHandler,org.pitest.mutationtest.engine.gregor.mutators.VoidMethodCallMutator,setNonNullParameter,31,NO_COVERAGE,none
TextSqlNode.java,org.apache.ibatis.scripting.xmltags.TextSqlNode,org.pitest.mutationtest.engine.gregor.mutators.ArgumentPropagationMutator,apply,51,NO_COVERAGE,none
TextSqlNode.java,org.apache.ibatis.scripting.xmltags.TextSqlNode,org.pitest.mutationtest.engine.gregor.mutators.InlineConstantMutator,apply,52,NO_COVERAGE,none
TextSqlNode.java,org.apache.ibatis.scripting.xmltags.TextSqlNode,org.pitest.mutationtest.engine.gregor.mutators.NonVoidMethodCallMutator,apply,50,NO_COVERAGE,none
TextSqlNode.java,org.apache.ibatis.scripting.xmltags.TextSqlNode,org.pitest.mutationtest.engine.gregor.mutators.NonVoidMethodCallMutator,apply,51,NO_COVERAGE,none
TextSqlNode.java,org.apache.ibatis.scripting.xmltags.TextSqlNode,org.pitest.mutationtest.engine.gregor.mutators.ReturnValsMutator,apply,52,NO_COVERAGE,none
TextSqlNode.java,org.apache.ibatis.scripting.xmltags.TextSqlNode,org.pitest.mutationtest.engine.gregor.mutators.VoidMethodCallMutator,apply,51,NO_COVERAGE,none
TextSqlNode.java,org.apache.ibatis.scripting.xmltags.TextSqlNode,org.pitest.mutationtest.engine.gregor.mutators.ReturnValsMutator,createParser,56,KILLED,org.apache.ibatis.submitted.extend.ExtendTest.org.apache.ibatis.submitted.extend.ExtendTest
TextSqlNode.java,org.apache.ibatis.scripting.xmltags.TextSqlNode,org.pitest.mutationtest.engine.gregor.mutators.ConstructorCallMutator,isDynamic,42,KILLED,org.apache.ibatis.submitted.extend.ExtendTest.org.apache.ibatis.submitted.extend.ExtendTest
TextSqlNode.java,org.apache.ibatis.scripting.xmltags.TextSqlNode,org.pitest.mutationtest.engine.gregor.mutators.NonVoidMethodCallMutator,isDynamic,44,KILLED,org.apache.ibatis.submitted.extend.ExtendTest.org.apache.ibatis.submitted.extend.ExtendTest
TextSqlNode.java,org.apache.ibatis.scripting.xmltags.TextSqlNode,org.pitest.mutationtest.engine.gregor.mutators.ReturnValsMutator,isDynamic,45,SURVIVED,none
ParamNameUtil.java,org.apache.ibatis.reflection.ParamNameUtil,org.pitest.mutationtest.engine.gregor.mutators.NonVoidMethodCallMutator,getParamNames,35,NO_COVERAGE,none
ParamNameUtil.java,org.apache.ibatis.reflection.ParamNameUtil,org.pitest.mutationtest.engine.gregor.mutators.ReturnValsMutator,getParamNames,35,NO_COVERAGE,none
ParamNameUtil.java,org.apache.ibatis.reflection.ParamNameUtil,org.pitest.mutationtest.engine.gregor.mutators.NonVoidMethodCallMutator,getParamNames,31,NO_COVERAGE,none
ParamNameUtil.java,org.apache.ibatis.reflection.ParamNameUtil,org.pitest.mutationtest.engine.gregor.mutators.ConditionalsBoundaryMutator,getParameterNames,41,NO_COVERAGE,none
ParamNameUtil.java,org.apache.ibatis.reflection.ParamNameUtil,org.pitest.mutationtest.engine.gregor.mutators.InlineConstantMutator,getParameterNames,41,NO_COVERAGE,none
ParamNameUtil.java,org.apache.ibatis.reflection.ParamNameUtil,org.pitest.mutationtest.engine.gregor.mutators.NonVoidMethodCallMutator,getParameterNames,40,NO_COVERAGE,none
ParamNameUtil.java,org.apache.ibatis.reflection.ParamNameUtil,org.pitest.mutationtest.engine.gregor.mutators.NonVoidMethodCallMutator,getParameterNames,42,NO_COVERAGE,none
ParamNameUtil.java,org.apache.ibatis.reflection.ParamNameUtil,org.pitest.mutationtest.engine.gregor.mutators.RemoveConditionalMutator_ORDER_ELSE,getParameterNames,41,NO_COVERAGE,none
ParamNameUtil.java,org.apache.ibatis.reflection.ParamNameUtil,org.pitest.mutationtest.engine.gregor.mutators.RemoveConditionalMutator_ORDER_IF,getParameterNames,41,NO_COVERAGE,none
ParamNameUtil.java,org.apache.ibatis.reflection.ParamNameUtil,org.pitest.mutationtest.engine.gregor.mutators.ReturnValsMutator,getParameterNames,44,NO_COVERAGE,none
JBoss6VFS.java,org.apache.ibatis.io.JBoss6VFS$VFS,org.pitest.mutationtest.engine.gregor.mutators.ArgumentPropagationMutator,getChild,77,NO_COVERAGE,none
JBoss6VFS.java,org.apache.ibatis.io.JBoss6VFS$VFS,org.pitest.mutationtest.engine.gregor.mutators.ConstructorCallMutator,getChild,78,NO_COVERAGE,none
JBoss6VFS.java,org.apache.ibatis.io.JBoss6VFS$VFS,org.pitest.mutationtest.engine.gregor.mutators.InlineConstantMutator,getChild,77,NO_COVERAGE,none
JBoss6VFS.java,org.apache.ibatis.io.JBoss6VFS$VFS,org.pitest.mutationtest.engine.gregor.mutators.InlineConstantMutator,getChild,77,NO_COVERAGE,none
JBoss6VFS.java,org.apache.ibatis.io.JBoss6VFS$VFS,org.pitest.mutationtest.engine.gregor.mutators.NegateConditionalsMutator,getChild,78,NO_COVERAGE,none
JBoss6VFS.java,org.apache.ibatis.io.JBoss6VFS$VFS,org.pitest.mutationtest.engine.gregor.mutators.NonVoidMethodCallMutator,getChild,77,NO_COVERAGE,none
JBoss6VFS.java,org.apache.ibatis.io.JBoss6VFS$VFS,org.pitest.mutationtest.engine.gregor.mutators.RemoveConditionalMutator_EQUAL_ELSE,getChild,78,NO_COVERAGE,none
JBoss6VFS.java,org.apache.ibatis.io.JBoss6VFS$VFS,org.pitest.mutationtest.engine.gregor.mutators.RemoveConditionalMutator_EQUAL_IF,getChild,78,NO_COVERAGE,none
JBoss6VFS.java,org.apache.ibatis.io.JBoss6VFS$VFS,org.pitest.mutationtest.engine.gregor.mutators.ReturnValsMutator,getChild,78,NO_COVERAGE,none
Invocation.java,org.apache.ibatis.plugin.Invocation,org.pitest.mutationtest.engine.gregor.mutators.experimental.MemberVariableMutator,<init>,31,NO_COVERAGE,none
Invocation.java,org.apache.ibatis.plugin.Invocation,org.pitest.mutationtest.engine.gregor.mutators.experimental.MemberVariableMutator,<init>,32,NO_COVERAGE,none
Invocation.java,org.apache.ibatis.plugin.Invocation,org.pitest.mutationtest.engine.gregor.mutators.experimental.MemberVariableMutator,<init>,33,NO_COVERAGE,none
Invocation.java,org.apache.ibatis.plugin.Invocation,org.pitest.mutationtest.engine.gregor.mutators.ReturnValsMutator,getArgs,45,NO_COVERAGE,none
Invocation.java,org.apache.ibatis.plugin.Invocation,org.pitest.mutationtest.engine.gregor.mutators.ReturnValsMutator,getMethod,41,NO_COVERAGE,none
Invocation.java,org.apache.ibatis.plugin.Invocation,org.pitest.mutationtest.engine.gregor.mutators.ReturnValsMutator,getTarget,37,NO_COVERAGE,none
Invocation.java,org.apache.ibatis.plugin.Invocation,org.pitest.mutationtest.engine.gregor.mutators.ArgumentPropagationMutator,proceed,49,NO_COVERAGE,none
Invocation.java,org.apache.ibatis.plugin.Invocation,org.pitest.mutationtest.engine.gregor.mutators.NonVoidMethodCallMutator,proceed,49,NO_COVERAGE,none
Invocation.java,org.apache.ibatis.plugin.Invocation,org.pitest.mutationtest.engine.gregor.mutators.ReturnValsMutator,proceed,49,NO_COVERAGE,none
ExceptionUtil.java,org.apache.ibatis.reflection.ExceptionUtil,org.pitest.mutationtest.engine.gregor.mutators.NegateConditionalsMutator,unwrapThrowable,33,NO_COVERAGE,none
ExceptionUtil.java,org.apache.ibatis.reflection.ExceptionUtil,org.pitest.mutationtest.engine.gregor.mutators.NegateConditionalsMutator,unwrapThrowable,35,NO_COVERAGE,none
ExceptionUtil.java,org.apache.ibatis.reflection.ExceptionUtil,org.pitest.mutationtest.engine.gregor.mutators.NonVoidMethodCallMutator,unwrapThrowable,34,NO_COVERAGE,none
ExceptionUtil.java,org.apache.ibatis.reflection.ExceptionUtil,org.pitest.mutationtest.engine.gregor.mutators.NonVoidMethodCallMutator,unwrapThrowable,36,NO_COVERAGE,none
ExceptionUtil.java,org.apache.ibatis.reflection.ExceptionUtil,org.pitest.mutationtest.engine.gregor.mutators.RemoveConditionalMutator_EQUAL_ELSE,unwrapThrowable,33,NO_COVERAGE,none
ExceptionUtil.java,org.apache.ibatis.reflection.ExceptionUtil,org.pitest.mutationtest.engine.gregor.mutators.RemoveConditionalMutator_EQUAL_ELSE,unwrapThrowable,35,NO_COVERAGE,none
ExceptionUtil.java,org.apache.ibatis.reflection.ExceptionUtil,org.pitest.mutationtest.engine.gregor.mutators.RemoveConditionalMutator_EQUAL_IF,unwrapThrowable,33,NO_COVERAGE,none
ExceptionUtil.java,org.apache.ibatis.reflection.ExceptionUtil,org.pitest.mutationtest.engine.gregor.mutators.RemoveConditionalMutator_EQUAL_IF,unwrapThrowable,35,NO_COVERAGE,none
ExceptionUtil.java,org.apache.ibatis.reflection.ExceptionUtil,org.pitest.mutationtest.engine.gregor.mutators.ReturnValsMutator,unwrapThrowable,38,NO_COVERAGE,none
RawSqlSource.java,org.apache.ibatis.scripting.defaults.RawSqlSource,org.pitest.mutationtest.engine.gregor.mutators.ConstructorCallMutator,<init>,44,KILLED,org.apache.ibatis.submitted.extend.ExtendTest.org.apache.ibatis.submitted.extend.ExtendTest
RawSqlSource.java,org.apache.ibatis.scripting.defaults.RawSqlSource,org.pitest.mutationtest.engine.gregor.mutators.ConstructorCallMutator,<init>,46,KILLED,org.apache.ibatis.submitted.extend.ExtendTest.org.apache.ibatis.submitted.extend.ExtendTest
RawSqlSource.java,org.apache.ibatis.scripting.defaults.RawSqlSource,org.pitest.mutationtest.engine.gregor.mutators.NegateConditionalsMutator,<init>,45,KILLED,org.apache.ibatis.submitted.extend.ExtendTest.org.apache.ibatis.submitted.extend.ExtendTest
RawSqlSource.java,org.apache.ibatis.scripting.defaults.RawSqlSource,org.pitest.mutationtest.engine.gregor.mutators.RemoveConditionalMutator_EQUAL_IF,<init>,45,KILLED,org.apache.ibatis.submitted.extend.ExtendTest.org.apache.ibatis.submitted.extend.ExtendTest
RawSqlSource.java,org.apache.ibatis.scripting.defaults.RawSqlSource,org.pitest.mutationtest.engine.gregor.mutators.NonVoidMethodCallMutator,<init>,40,KILLED,org.apache.ibatis.submitted.extend.ExtendTest.org.apache.ibatis.submitted.extend.ExtendTest
RawSqlSource.java,org.apache.ibatis.scripting.defaults.RawSqlSource,org.pitest.mutationtest.engine.gregor.mutators.NonVoidMethodCallMutator,getBoundSql,57,KILLED,org.apache.ibatis.submitted.extend.ExtendTest.org.apache.ibatis.submitted.extend.ExtendTest
RawSqlSource.java,org.apache.ibatis.scripting.defaults.RawSqlSource,org.pitest.mutationtest.engine.gregor.mutators.ReturnValsMutator,getBoundSql,57,KILLED,org.apache.ibatis.submitted.extend.ExtendTest.org.apache.ibatis.submitted.extend.ExtendTest
RawSqlSource.java,org.apache.ibatis.scripting.defaults.RawSqlSource,org.pitest.mutationtest.engine.gregor.mutators.ReturnValsMutator,getSql,52,KILLED,org.apache.ibatis.submitted.extend.ExtendTest.org.apache.ibatis.submitted.extend.ExtendTest
ParameterMap.java,org.apache.ibatis.mapping.ParameterMap$Builder,org.pitest.mutationtest.engine.gregor.mutators.ArgumentPropagationMutator,<init>,39,KILLED,org.apache.ibatis.submitted.extend.ExtendTest.org.apache.ibatis.submitted.extend.ExtendTest
ParameterMap.java,org.apache.ibatis.mapping.ParameterMap$Builder,org.pitest.mutationtest.engine.gregor.mutators.ConstructorCallMutator,<init>,36,KILLED,org.apache.ibatis.submitted.extend.ExtendTest.org.apache.ibatis.submitted.extend.ExtendTest
ParameterMap.java,org.apache.ibatis.mapping.ParameterMap$Builder,org.pitest.mutationtest.engine.gregor.mutators.experimental.MemberVariableMutator,<init>,36,KILLED,org.apache.ibatis.submitted.extend.ExtendTest.org.apache.ibatis.submitted.extend.ExtendTest
ParameterMap.java,org.apache.ibatis.mapping.ParameterMap$Builder,org.pitest.mutationtest.engine.gregor.mutators.ArgumentPropagationMutator,build,50,KILLED,org.apache.ibatis.submitted.extend.ExtendTest.org.apache.ibatis.submitted.extend.ExtendTest
ParameterMap.java,org.apache.ibatis.mapping.ParameterMap$Builder,org.pitest.mutationtest.engine.gregor.mutators.NonVoidMethodCallMutator,build,50,KILLED,org.apache.ibatis.submitted.extend.ExtendTest.org.apache.ibatis.submitted.extend.ExtendTest
ParameterMap.java,org.apache.ibatis.mapping.ParameterMap$Builder,org.pitest.mutationtest.engine.gregor.mutators.NonVoidMethodCallMutator,build,50,KILLED,org.apache.ibatis.submitted.extend.ExtendTest.org.apache.ibatis.submitted.extend.ExtendTest
ParameterMap.java,org.apache.ibatis.mapping.ParameterMap$Builder,org.pitest.mutationtest.engine.gregor.mutators.NonVoidMethodCallMutator,type,45,NO_COVERAGE,none
ParameterMap.java,org.apache.ibatis.mapping.ParameterMap$Builder,org.pitest.mutationtest.engine.gregor.mutators.ReturnValsMutator,type,45,NO_COVERAGE,none
BaseExecutor.java,org.apache.ibatis.executor.BaseExecutor$DeferredLoad,org.pitest.mutationtest.engine.gregor.mutators.experimental.MemberVariableMutator,<init>,367,NO_COVERAGE,none
BaseExecutor.java,org.apache.ibatis.executor.BaseExecutor$DeferredLoad,org.pitest.mutationtest.engine.gregor.mutators.experimental.MemberVariableMutator,<init>,372,NO_COVERAGE,none
BaseExecutor.java,org.apache.ibatis.executor.BaseExecutor$DeferredLoad,org.pitest.mutationtest.engine.gregor.mutators.InlineConstantMutator,canLoad,376,NO_COVERAGE,none
BaseExecutor.java,org.apache.ibatis.executor.BaseExecutor$DeferredLoad,org.pitest.mutationtest.engine.gregor.mutators.InlineConstantMutator,canLoad,376,NO_COVERAGE,none
BaseExecutor.java,org.apache.ibatis.executor.BaseExecutor$DeferredLoad,org.pitest.mutationtest.engine.gregor.mutators.RemoveConditionalMutator_EQUAL_ELSE,canLoad,376,NO_COVERAGE,none
BaseExecutor.java,org.apache.ibatis.executor.BaseExecutor$DeferredLoad,org.pitest.mutationtest.engine.gregor.mutators.RemoveConditionalMutator_EQUAL_IF,canLoad,376,NO_COVERAGE,none
BaseExecutor.java,org.apache.ibatis.executor.BaseExecutor$DeferredLoad,org.pitest.mutationtest.engine.gregor.mutators.ReturnValsMutator,canLoad,376,NO_COVERAGE,none
BaseExecutor.java,org.apache.ibatis.executor.BaseExecutor$DeferredLoad,org.pitest.mutationtest.engine.gregor.mutators.NonVoidMethodCallMutator,load,382,NO_COVERAGE,none
NStringTypeHandler.java,org.apache.ibatis.type.NStringTypeHandler,org.pitest.mutationtest.engine.gregor.mutators.NonVoidMethodCallMutator,getNullableResult,49,NO_COVERAGE,none
NStringTypeHandler.java,org.apache.ibatis.type.NStringTypeHandler,org.pitest.mutationtest.engine.gregor.mutators.ReturnValsMutator,getNullableResult,49,NO_COVERAGE,none
NStringTypeHandler.java,org.apache.ibatis.type.NStringTypeHandler,org.pitest.mutationtest.engine.gregor.mutators.NonVoidMethodCallMutator,getNullableResult,43,NO_COVERAGE,none
NStringTypeHandler.java,org.apache.ibatis.type.NStringTypeHandler,org.pitest.mutationtest.engine.gregor.mutators.ReturnValsMutator,getNullableResult,43,NO_COVERAGE,none
NStringTypeHandler.java,org.apache.ibatis.type.NStringTypeHandler,org.pitest.mutationtest.engine.gregor.mutators.ArgumentPropagationMutator,getNullableResult,37,NO_COVERAGE,none
NStringTypeHandler.java,org.apache.ibatis.type.NStringTypeHandler,org.pitest.mutationtest.engine.gregor.mutators.NonVoidMethodCallMutator,getNullableResult,37,NO_COVERAGE,none
NStringTypeHandler.java,org.apache.ibatis.type.NStringTypeHandler,org.pitest.mutationtest.engine.gregor.mutators.ReturnValsMutator,getNullableResult,37,NO_COVERAGE,none
NStringTypeHandler.java,org.apache.ibatis.type.NStringTypeHandler,org.pitest.mutationtest.engine.gregor.mutators.VoidMethodCallMutator,setNonNullParameter,31,NO_COVERAGE,none
ResultMap.java,org.apache.ibatis.mapping.ResultMap$Builder$1,org.pitest.mutationtest.engine.gregor.mutators.experimental.MemberVariableMutator,<init>,134,NO_COVERAGE,none
ResultMap.java,org.apache.ibatis.mapping.ResultMap$Builder$1,org.pitest.mutationtest.engine.gregor.mutators.experimental.MemberVariableMutator,<init>,134,NO_COVERAGE,none
ResultMap.java,org.apache.ibatis.mapping.ResultMap$Builder$1,org.pitest.mutationtest.engine.gregor.mutators.MathMutator,compare,139,NO_COVERAGE,none
ResultMap.java,org.apache.ibatis.mapping.ResultMap$Builder$1,org.pitest.mutationtest.engine.gregor.mutators.NonVoidMethodCallMutator,compare,137,NO_COVERAGE,none
ResultMap.java,org.apache.ibatis.mapping.ResultMap$Builder$1,org.pitest.mutationtest.engine.gregor.mutators.NonVoidMethodCallMutator,compare,137,NO_COVERAGE,none
ResultMap.java,org.apache.ibatis.mapping.ResultMap$Builder$1,org.pitest.mutationtest.engine.gregor.mutators.NonVoidMethodCallMutator,compare,138,NO_COVERAGE,none
ResultMap.java,org.apache.ibatis.mapping.ResultMap$Builder$1,org.pitest.mutationtest.engine.gregor.mutators.NonVoidMethodCallMutator,compare,138,NO_COVERAGE,none
ResultMap.java,org.apache.ibatis.mapping.ResultMap$Builder$1,org.pitest.mutationtest.engine.gregor.mutators.ReturnValsMutator,compare,139,NO_COVERAGE,none
VarDeclSqlNode.java,org.apache.ibatis.scripting.xmltags.VarDeclSqlNode,org.pitest.mutationtest.engine.gregor.mutators.experimental.MemberVariableMutator,<init>,27,NO_COVERAGE,none
VarDeclSqlNode.java,org.apache.ibatis.scripting.xmltags.VarDeclSqlNode,org.pitest.mutationtest.engine.gregor.mutators.experimental.MemberVariableMutator,<init>,28,NO_COVERAGE,none
VarDeclSqlNode.java,org.apache.ibatis.scripting.xmltags.VarDeclSqlNode,org.pitest.mutationtest.engine.gregor.mutators.ArgumentPropagationMutator,apply,33,NO_COVERAGE,none
VarDeclSqlNode.java,org.apache.ibatis.scripting.xmltags.VarDeclSqlNode,org.pitest.mutationtest.engine.gregor.mutators.InlineConstantMutator,apply,35,NO_COVERAGE,none
VarDeclSqlNode.java,org.apache.ibatis.scripting.xmltags.VarDeclSqlNode,org.pitest.mutationtest.engine.gregor.mutators.NonVoidMethodCallMutator,apply,33,NO_COVERAGE,none
VarDeclSqlNode.java,org.apache.ibatis.scripting.xmltags.VarDeclSqlNode,org.pitest.mutationtest.engine.gregor.mutators.NonVoidMethodCallMutator,apply,33,NO_COVERAGE,none
VarDeclSqlNode.java,org.apache.ibatis.scripting.xmltags.VarDeclSqlNode,org.pitest.mutationtest.engine.gregor.mutators.ReturnValsMutator,apply,35,NO_COVERAGE,none
VarDeclSqlNode.java,org.apache.ibatis.scripting.xmltags.VarDeclSqlNode,org.pitest.mutationtest.engine.gregor.mutators.VoidMethodCallMutator,apply,34,NO_COVERAGE,none
SqlTimeTypeHandler.java,org.apache.ibatis.type.SqlTimeTypeHandler,org.pitest.mutationtest.engine.gregor.mutators.NonVoidMethodCallMutator,getNullableResult,50,NO_COVERAGE,none
SqlTimeTypeHandler.java,org.apache.ibatis.type.SqlTimeTypeHandler,org.pitest.mutationtest.engine.gregor.mutators.ReturnValsMutator,getNullableResult,50,NO_COVERAGE,none
SqlTimeTypeHandler.java,org.apache.ibatis.type.SqlTimeTypeHandler,org.pitest.mutationtest.engine.gregor.mutators.NonVoidMethodCallMutator,getNullableResult,44,NO_COVERAGE,none
SqlTimeTypeHandler.java,org.apache.ibatis.type.SqlTimeTypeHandler,org.pitest.mutationtest.engine.gregor.mutators.ReturnValsMutator,getNullableResult,44,NO_COVERAGE,none
SqlTimeTypeHandler.java,org.apache.ibatis.type.SqlTimeTypeHandler,org.pitest.mutationtest.engine.gregor.mutators.NonVoidMethodCallMutator,getNullableResult,38,NO_COVERAGE,none
SqlTimeTypeHandler.java,org.apache.ibatis.type.SqlTimeTypeHandler,org.pitest.mutationtest.engine.gregor.mutators.ReturnValsMutator,getNullableResult,38,NO_COVERAGE,none
SqlTimeTypeHandler.java,org.apache.ibatis.type.SqlTimeTypeHandler,org.pitest.mutationtest.engine.gregor.mutators.VoidMethodCallMutator,setNonNullParameter,32,NO_COVERAGE,none
Environment.java,org.apache.ibatis.mapping.Environment$Builder,org.pitest.mutationtest.engine.gregor.mutators.ConstructorCallMutator,build,69,KILLED,org.apache.ibatis.submitted.extend.ExtendTest.org.apache.ibatis.submitted.extend.ExtendTest
Environment.java,org.apache.ibatis.mapping.Environment$Builder,org.pitest.mutationtest.engine.gregor.mutators.ReturnValsMutator,build,69,KILLED,org.apache.ibatis.submitted.extend.ExtendTest.org.apache.ibatis.submitted.extend.ExtendTest
Environment.java,org.apache.ibatis.mapping.Environment$Builder,org.pitest.mutationtest.engine.gregor.mutators.ReturnValsMutator,dataSource,61,KILLED,org.apache.ibatis.submitted.extend.ExtendTest.org.apache.ibatis.submitted.extend.ExtendTest
Environment.java,org.apache.ibatis.mapping.Environment$Builder,org.pitest.mutationtest.engine.gregor.mutators.experimental.MemberVariableMutator,dataSource,60,KILLED,org.apache.ibatis.submitted.extend.ExtendTest.org.apache.ibatis.submitted.extend.ExtendTest
Environment.java,org.apache.ibatis.mapping.Environment$Builder,org.pitest.mutationtest.engine.gregor.mutators.ReturnValsMutator,id,65,NO_COVERAGE,none
Environment.java,org.apache.ibatis.mapping.Environment$Builder,org.pitest.mutationtest.engine.gregor.mutators.ReturnValsMutator,transactionFactory,56,KILLED,org.apache.ibatis.submitted.extend.ExtendTest.org.apache.ibatis.submitted.extend.ExtendTest
Environment.java,org.apache.ibatis.mapping.Environment$Builder,org.pitest.mutationtest.engine.gregor.mutators.experimental.MemberVariableMutator,transactionFactory,55,KILLED,org.apache.ibatis.submitted.extend.ExtendTest.org.apache.ibatis.submitted.extend.ExtendTest
SqlTimestampTypeHandler.java,org.apache.ibatis.type.SqlTimestampTypeHandler,org.pitest.mutationtest.engine.gregor.mutators.NonVoidMethodCallMutator,getNullableResult,50,NO_COVERAGE,none
SqlTimestampTypeHandler.java,org.apache.ibatis.type.SqlTimestampTypeHandler,org.pitest.mutationtest.engine.gregor.mutators.ReturnValsMutator,getNullableResult,50,NO_COVERAGE,none
SqlTimestampTypeHandler.java,org.apache.ibatis.type.SqlTimestampTypeHandler,org.pitest.mutationtest.engine.gregor.mutators.NonVoidMethodCallMutator,getNullableResult,44,NO_COVERAGE,none
SqlTimestampTypeHandler.java,org.apache.ibatis.type.SqlTimestampTypeHandler,org.pitest.mutationtest.engine.gregor.mutators.ReturnValsMutator,getNullableResult,44,NO_COVERAGE,none
SqlTimestampTypeHandler.java,org.apache.ibatis.type.SqlTimestampTypeHandler,org.pitest.mutationtest.engine.gregor.mutators.NonVoidMethodCallMutator,getNullableResult,38,NO_COVERAGE,none
SqlTimestampTypeHandler.java,org.apache.ibatis.type.SqlTimestampTypeHandler,org.pitest.mutationtest.engine.gregor.mutators.ReturnValsMutator,getNullableResult,38,NO_COVERAGE,none
SqlTimestampTypeHandler.java,org.apache.ibatis.type.SqlTimestampTypeHandler,org.pitest.mutationtest.engine.gregor.mutators.VoidMethodCallMutator,setNonNullParameter,32,NO_COVERAGE,none
BigDecimalTypeHandler.java,org.apache.ibatis.type.BigDecimalTypeHandler,org.pitest.mutationtest.engine.gregor.mutators.NonVoidMethodCallMutator,getNullableResult,50,NO_COVERAGE,none
BigDecimalTypeHandler.java,org.apache.ibatis.type.BigDecimalTypeHandler,org.pitest.mutationtest.engine.gregor.mutators.ReturnValsMutator,getNullableResult,50,NO_COVERAGE,none
BigDecimalTypeHandler.java,org.apache.ibatis.type.BigDecimalTypeHandler,org.pitest.mutationtest.engine.gregor.mutators.NonVoidMethodCallMutator,getNullableResult,44,NO_COVERAGE,none
BigDecimalTypeHandler.java,org.apache.ibatis.type.BigDecimalTypeHandler,org.pitest.mutationtest.engine.gregor.mutators.ReturnValsMutator,getNullableResult,44,NO_COVERAGE,none
BigDecimalTypeHandler.java,org.apache.ibatis.type.BigDecimalTypeHandler,org.pitest.mutationtest.engine.gregor.mutators.NonVoidMethodCallMutator,getNullableResult,38,NO_COVERAGE,none
BigDecimalTypeHandler.java,org.apache.ibatis.type.BigDecimalTypeHandler,org.pitest.mutationtest.engine.gregor.mutators.ReturnValsMutator,getNullableResult,38,NO_COVERAGE,none
BigDecimalTypeHandler.java,org.apache.ibatis.type.BigDecimalTypeHandler,org.pitest.mutationtest.engine.gregor.mutators.VoidMethodCallMutator,setNonNullParameter,32,NO_COVERAGE,none
ByteArrayTypeHandler.java,org.apache.ibatis.type.ByteArrayTypeHandler,org.pitest.mutationtest.engine.gregor.mutators.NonVoidMethodCallMutator,getNullableResult,49,NO_COVERAGE,none
ByteArrayTypeHandler.java,org.apache.ibatis.type.ByteArrayTypeHandler,org.pitest.mutationtest.engine.gregor.mutators.ReturnValsMutator,getNullableResult,49,NO_COVERAGE,none
ByteArrayTypeHandler.java,org.apache.ibatis.type.ByteArrayTypeHandler,org.pitest.mutationtest.engine.gregor.mutators.NonVoidMethodCallMutator,getNullableResult,43,NO_COVERAGE,none
ByteArrayTypeHandler.java,org.apache.ibatis.type.ByteArrayTypeHandler,org.pitest.mutationtest.engine.gregor.mutators.ReturnValsMutator,getNullableResult,43,NO_COVERAGE,none
ByteArrayTypeHandler.java,org.apache.ibatis.type.ByteArrayTypeHandler,org.pitest.mutationtest.engine.gregor.mutators.NonVoidMethodCallMutator,getNullableResult,37,NO_COVERAGE,none
ByteArrayTypeHandler.java,org.apache.ibatis.type.ByteArrayTypeHandler,org.pitest.mutationtest.engine.gregor.mutators.ReturnValsMutator,getNullableResult,37,NO_COVERAGE,none
ByteArrayTypeHandler.java,org.apache.ibatis.type.ByteArrayTypeHandler,org.pitest.mutationtest.engine.gregor.mutators.VoidMethodCallMutator,setNonNullParameter,31,NO_COVERAGE,none
SqlDateTypeHandler.java,org.apache.ibatis.type.SqlDateTypeHandler,org.pitest.mutationtest.engine.gregor.mutators.NonVoidMethodCallMutator,getNullableResult,50,NO_COVERAGE,none
SqlDateTypeHandler.java,org.apache.ibatis.type.SqlDateTypeHandler,org.pitest.mutationtest.engine.gregor.mutators.ReturnValsMutator,getNullableResult,50,NO_COVERAGE,none
SqlDateTypeHandler.java,org.apache.ibatis.type.SqlDateTypeHandler,org.pitest.mutationtest.engine.gregor.mutators.NonVoidMethodCallMutator,getNullableResult,44,NO_COVERAGE,none
SqlDateTypeHandler.java,org.apache.ibatis.type.SqlDateTypeHandler,org.pitest.mutationtest.engine.gregor.mutators.ReturnValsMutator,getNullableResult,44,NO_COVERAGE,none
SqlDateTypeHandler.java,org.apache.ibatis.type.SqlDateTypeHandler,org.pitest.mutationtest.engine.gregor.mutators.NonVoidMethodCallMutator,getNullableResult,38,NO_COVERAGE,none
SqlDateTypeHandler.java,org.apache.ibatis.type.SqlDateTypeHandler,org.pitest.mutationtest.engine.gregor.mutators.ReturnValsMutator,getNullableResult,38,NO_COVERAGE,none
SqlDateTypeHandler.java,org.apache.ibatis.type.SqlDateTypeHandler,org.pitest.mutationtest.engine.gregor.mutators.VoidMethodCallMutator,setNonNullParameter,32,NO_COVERAGE,none
XMLScriptBuilder.java,org.apache.ibatis.scripting.xmltags.XMLScriptBuilder$SetHandler,org.pitest.mutationtest.engine.gregor.mutators.experimental.MemberVariableMutator,<init>,155,NO_COVERAGE,none
XMLScriptBuilder.java,org.apache.ibatis.scripting.xmltags.XMLScriptBuilder$SetHandler,org.pitest.mutationtest.engine.gregor.mutators.ConstructorCallMutator,handleNode,162,NO_COVERAGE,none
XMLScriptBuilder.java,org.apache.ibatis.scripting.xmltags.XMLScriptBuilder$SetHandler,org.pitest.mutationtest.engine.gregor.mutators.ConstructorCallMutator,handleNode,163,NO_COVERAGE,none
XMLScriptBuilder.java,org.apache.ibatis.scripting.xmltags.XMLScriptBuilder$SetHandler,org.pitest.mutationtest.engine.gregor.mutators.NonVoidMethodCallMutator,handleNode,161,NO_COVERAGE,none
XMLScriptBuilder.java,org.apache.ibatis.scripting.xmltags.XMLScriptBuilder$SetHandler,org.pitest.mutationtest.engine.gregor.mutators.NonVoidMethodCallMutator,handleNode,163,NO_COVERAGE,none
XMLScriptBuilder.java,org.apache.ibatis.scripting.xmltags.XMLScriptBuilder$SetHandler,org.pitest.mutationtest.engine.gregor.mutators.NonVoidMethodCallMutator,handleNode,164,NO_COVERAGE,none
ObjectTypeHandler.java,org.apache.ibatis.type.ObjectTypeHandler,org.pitest.mutationtest.engine.gregor.mutators.NonVoidMethodCallMutator,getNullableResult,49,NO_COVERAGE,none
ObjectTypeHandler.java,org.apache.ibatis.type.ObjectTypeHandler,org.pitest.mutationtest.engine.gregor.mutators.ReturnValsMutator,getNullableResult,49,NO_COVERAGE,none
ObjectTypeHandler.java,org.apache.ibatis.type.ObjectTypeHandler,org.pitest.mutationtest.engine.gregor.mutators.NonVoidMethodCallMutator,getNullableResult,43,NO_COVERAGE,none
ObjectTypeHandler.java,org.apache.ibatis.type.ObjectTypeHandler,org.pitest.mutationtest.engine.gregor.mutators.ReturnValsMutator,getNullableResult,43,NO_COVERAGE,none
ObjectTypeHandler.java,org.apache.ibatis.type.ObjectTypeHandler,org.pitest.mutationtest.engine.gregor.mutators.ReturnValsMutator,getNullableResult,37,NO_COVERAGE,none
ObjectTypeHandler.java,org.apache.ibatis.type.ObjectTypeHandler,org.pitest.mutationtest.engine.gregor.mutators.VoidMethodCallMutator,setNonNullParameter,31,NO_COVERAGE,none
MixedSqlNode.java,org.apache.ibatis.scripting.xmltags.MixedSqlNode,org.pitest.mutationtest.engine.gregor.mutators.experimental.MemberVariableMutator,<init>,27,KILLED,org.apache.ibatis.submitted.extend.ExtendTest.org.apache.ibatis.submitted.extend.ExtendTest
MixedSqlNode.java,org.apache.ibatis.scripting.xmltags.MixedSqlNode,org.pitest.mutationtest.engine.gregor.mutators.InlineConstantMutator,apply,35,KILLED,org.apache.ibatis.submitted.extend.ExtendTest.org.apache.ibatis.submitted.extend.ExtendTest
MixedSqlNode.java,org.apache.ibatis.scripting.xmltags.MixedSqlNode,org.pitest.mutationtest.engine.gregor.mutators.NonVoidMethodCallMutator,apply,32,KILLED,org.apache.ibatis.submitted.extend.ExtendTest.org.apache.ibatis.submitted.extend.ExtendTest
MixedSqlNode.java,org.apache.ibatis.scripting.xmltags.MixedSqlNode,org.pitest.mutationtest.engine.gregor.mutators.NonVoidMethodCallMutator,apply,32,KILLED,org.apache.ibatis.submitted.extend.ExtendTest.org.apache.ibatis.submitted.extend.ExtendTest
MixedSqlNode.java,org.apache.ibatis.scripting.xmltags.MixedSqlNode,org.pitest.mutationtest.engine.gregor.mutators.NonVoidMethodCallMutator,apply,33,KILLED,org.apache.ibatis.submitted.extend.ExtendTest.org.apache.ibatis.submitted.extend.ExtendTest
MixedSqlNode.java,org.apache.ibatis.scripting.xmltags.MixedSqlNode,org.pitest.mutationtest.engine.gregor.mutators.RemoveConditionalMutator_EQUAL_ELSE,apply,32,KILLED,org.apache.ibatis.submitted.extend.ExtendTest.org.apache.ibatis.submitted.extend.ExtendTest
ResultLoaderMap.java,org.apache.ibatis.executor.loader.ResultLoaderMap$ClosedExecutor,org.pitest.mutationtest.engine.gregor.mutators.ConstructorCallMutator,doFlushStatements,297,NO_COVERAGE,none
ResultLoaderMap.java,org.apache.ibatis.executor.loader.ResultLoaderMap$ClosedExecutor,org.pitest.mutationtest.engine.gregor.mutators.ConstructorCallMutator,doQuery,302,NO_COVERAGE,none
ResultLoaderMap.java,org.apache.ibatis.executor.loader.ResultLoaderMap$ClosedExecutor,org.pitest.mutationtest.engine.gregor.mutators.ConstructorCallMutator,doQueryCursor,307,NO_COVERAGE,none
ResultLoaderMap.java,org.apache.ibatis.executor.loader.ResultLoaderMap$ClosedExecutor,org.pitest.mutationtest.engine.gregor.mutators.ConstructorCallMutator,doUpdate,292,NO_COVERAGE,none
ResultLoaderMap.java,org.apache.ibatis.executor.loader.ResultLoaderMap$ClosedExecutor,org.pitest.mutationtest.engine.gregor.mutators.InlineConstantMutator,isClosed,287,NO_COVERAGE,none
ResultLoaderMap.java,org.apache.ibatis.executor.loader.ResultLoaderMap$ClosedExecutor,org.pitest.mutationtest.engine.gregor.mutators.ReturnValsMutator,isClosed,287,NO_COVERAGE,none
BoundSql.java,org.apache.ibatis.mapping.BoundSql,org.pitest.mutationtest.engine.gregor.mutators.experimental.MemberVariableMutator,<init>,45,KILLED,org.apache.ibatis.submitted.extend.ExtendTest.org.apache.ibatis.submitted.extend.ExtendTest
BoundSql.java,org.apache.ibatis.mapping.BoundSql,org.pitest.mutationtest.engine.gregor.mutators.experimental.MemberVariableMutator,<init>,49,KILLED,org.apache.ibatis.submitted.extend.ExtendTest.org.apache.ibatis.submitted.extend.ExtendTest
BoundSql.java,org.apache.ibatis.mapping.BoundSql,org.pitest.mutationtest.engine.gregor.mutators.NonVoidMethodCallMutator,getAdditionalParameter,74,NO_COVERAGE,none
BoundSql.java,org.apache.ibatis.mapping.BoundSql,org.pitest.mutationtest.engine.gregor.mutators.ReturnValsMutator,getAdditionalParameter,74,NO_COVERAGE,none
BoundSql.java,org.apache.ibatis.mapping.BoundSql,org.pitest.mutationtest.engine.gregor.mutators.ConstructorCallMutator,hasAdditionalParameter,65,NO_COVERAGE,none
BoundSql.java,org.apache.ibatis.mapping.BoundSql,org.pitest.mutationtest.engine.gregor.mutators.VoidMethodCallMutator,setAdditionalParameter,70,NO_COVERAGE,none
XMLScriptBuilder.java,org.apache.ibatis.scripting.xmltags.XMLScriptBuilder$WhereHandler,org.pitest.mutationtest.engine.gregor.mutators.experimental.MemberVariableMutator,<init>,141,NO_COVERAGE,none
XMLScriptBuilder.java,org.apache.ibatis.scripting.xmltags.XMLScriptBuilder$WhereHandler,org.pitest.mutationtest.engine.gregor.mutators.ConstructorCallMutator,handleNode,148,NO_COVERAGE,none
XMLScriptBuilder.java,org.apache.ibatis.scripting.xmltags.XMLScriptBuilder$WhereHandler,org.pitest.mutationtest.engine.gregor.mutators.ConstructorCallMutator,handleNode,149,NO_COVERAGE,none
XMLScriptBuilder.java,org.apache.ibatis.scripting.xmltags.XMLScriptBuilder$WhereHandler,org.pitest.mutationtest.engine.gregor.mutators.NonVoidMethodCallMutator,handleNode,147,NO_COVERAGE,none
XMLScriptBuilder.java,org.apache.ibatis.scripting.xmltags.XMLScriptBuilder$WhereHandler,org.pitest.mutationtest.engine.gregor.mutators.NonVoidMethodCallMutator,handleNode,149,NO_COVERAGE,none
XMLScriptBuilder.java,org.apache.ibatis.scripting.xmltags.XMLScriptBuilder$WhereHandler,org.pitest.mutationtest.engine.gregor.mutators.NonVoidMethodCallMutator,handleNode,150,NO_COVERAGE,none
XMLScriptBuilder.java,org.apache.ibatis.scripting.xmltags.XMLScriptBuilder$IfHandler,org.pitest.mutationtest.engine.gregor.mutators.ArgumentPropagationMutator,handleNode,197,NO_COVERAGE,none
XMLScriptBuilder.java,org.apache.ibatis.scripting.xmltags.XMLScriptBuilder$IfHandler,org.pitest.mutationtest.engine.gregor.mutators.ConstructorCallMutator,handleNode,196,NO_COVERAGE,none
XMLScriptBuilder.java,org.apache.ibatis.scripting.xmltags.XMLScriptBuilder$IfHandler,org.pitest.mutationtest.engine.gregor.mutators.ConstructorCallMutator,handleNode,198,NO_COVERAGE,none
XMLScriptBuilder.java,org.apache.ibatis.scripting.xmltags.XMLScriptBuilder$IfHandler,org.pitest.mutationtest.engine.gregor.mutators.NonVoidMethodCallMutator,handleNode,195,NO_COVERAGE,none
XMLScriptBuilder.java,org.apache.ibatis.scripting.xmltags.XMLScriptBuilder$IfHandler,org.pitest.mutationtest.engine.gregor.mutators.NonVoidMethodCallMutator,handleNode,197,NO_COVERAGE,none
XMLScriptBuilder.java,org.apache.ibatis.scripting.xmltags.XMLScriptBuilder$IfHandler,org.pitest.mutationtest.engine.gregor.mutators.NonVoidMethodCallMutator,handleNode,199,NO_COVERAGE,none
ExceptionFactory.java,org.apache.ibatis.exceptions.ExceptionFactory,org.pitest.mutationtest.engine.gregor.mutators.ConstructorCallMutator,wrapException,30,NO_COVERAGE,none
ExceptionFactory.java,org.apache.ibatis.exceptions.ExceptionFactory,org.pitest.mutationtest.engine.gregor.mutators.NonVoidMethodCallMutator,wrapException,30,NO_COVERAGE,none
ExceptionFactory.java,org.apache.ibatis.exceptions.ExceptionFactory,org.pitest.mutationtest.engine.gregor.mutators.NonVoidMethodCallMutator,wrapException,30,NO_COVERAGE,none
ExceptionFactory.java,org.apache.ibatis.exceptions.ExceptionFactory,org.pitest.mutationtest.engine.gregor.mutators.NonVoidMethodCallMutator,wrapException,30,NO_COVERAGE,none
ExceptionFactory.java,org.apache.ibatis.exceptions.ExceptionFactory,org.pitest.mutationtest.engine.gregor.mutators.NonVoidMethodCallMutator,wrapException,30,NO_COVERAGE,none
ExceptionFactory.java,org.apache.ibatis.exceptions.ExceptionFactory,org.pitest.mutationtest.engine.gregor.mutators.ReturnValsMutator,wrapException,30,NO_COVERAGE,none
XMLScriptBuilder.java,org.apache.ibatis.scripting.xmltags.XMLScriptBuilder$BindHandler,org.pitest.mutationtest.engine.gregor.mutators.ArgumentPropagationMutator,handleNode,115,NO_COVERAGE,none
XMLScriptBuilder.java,org.apache.ibatis.scripting.xmltags.XMLScriptBuilder$BindHandler,org.pitest.mutationtest.engine.gregor.mutators.ArgumentPropagationMutator,handleNode,116,NO_COVERAGE,none
XMLScriptBuilder.java,org.apache.ibatis.scripting.xmltags.XMLScriptBuilder$BindHandler,org.pitest.mutationtest.engine.gregor.mutators.ConstructorCallMutator,handleNode,117,NO_COVERAGE,none
XMLScriptBuilder.java,org.apache.ibatis.scripting.xmltags.XMLScriptBuilder$BindHandler,org.pitest.mutationtest.engine.gregor.mutators.NonVoidMethodCallMutator,handleNode,115,NO_COVERAGE,none
XMLScriptBuilder.java,org.apache.ibatis.scripting.xmltags.XMLScriptBuilder$BindHandler,org.pitest.mutationtest.engine.gregor.mutators.NonVoidMethodCallMutator,handleNode,116,NO_COVERAGE,none
XMLScriptBuilder.java,org.apache.ibatis.scripting.xmltags.XMLScriptBuilder$BindHandler,org.pitest.mutationtest.engine.gregor.mutators.NonVoidMethodCallMutator,handleNode,118,NO_COVERAGE,none
ResultMap.java,org.apache.ibatis.mapping.ResultMap,org.pitest.mutationtest.engine.gregor.mutators.InlineConstantMutator,forceNestedResultMaps,252,NO_COVERAGE,none
ResultMap.java,org.apache.ibatis.mapping.ResultMap,org.pitest.mutationtest.engine.gregor.mutators.experimental.MemberVariableMutator,forceNestedResultMaps,252,NO_COVERAGE,none
ResultMap.java,org.apache.ibatis.mapping.ResultMap,org.pitest.mutationtest.engine.gregor.mutators.ReturnValsMutator,getIdResultMappings,236,NO_COVERAGE,none
ResultMap.java,org.apache.ibatis.mapping.ResultMap,org.pitest.mutationtest.engine.gregor.mutators.ReturnValsMutator,getMappedProperties,244,NO_COVERAGE,none
ResultMap.java,org.apache.ibatis.mapping.ResultMap,org.pitest.mutationtest.engine.gregor.mutators.ReturnValsMutator,getResultMappings,224,KILLED,org.apache.ibatis.submitted.extend.ExtendTest.org.apache.ibatis.submitted.extend.ExtendTest
ResultMap.java,org.apache.ibatis.mapping.ResultMap,org.pitest.mutationtest.engine.gregor.mutators.ReturnValsMutator,hasNestedQueries,216,NO_COVERAGE,none
PropertyCopier.java,org.apache.ibatis.reflection.property.PropertyCopier,org.pitest.mutationtest.engine.gregor.mutators.InlineConstantMutator,copyBeanProperties,35,NO_COVERAGE,none
PropertyCopier.java,org.apache.ibatis.reflection.property.PropertyCopier,org.pitest.mutationtest.engine.gregor.mutators.NegateConditionalsMutator,copyBeanProperties,31,NO_COVERAGE,none
PropertyCopier.java,org.apache.ibatis.reflection.property.PropertyCopier,org.pitest.mutationtest.engine.gregor.mutators.NonVoidMethodCallMutator,copyBeanProperties,36,NO_COVERAGE,none
PropertyCopier.java,org.apache.ibatis.reflection.property.PropertyCopier,org.pitest.mutationtest.engine.gregor.mutators.RemoveConditionalMutator_EQUAL_ELSE,copyBeanProperties,31,NO_COVERAGE,none
PropertyCopier.java,org.apache.ibatis.reflection.property.PropertyCopier,org.pitest.mutationtest.engine.gregor.mutators.RemoveConditionalMutator_ORDER_ELSE,copyBeanProperties,33,NO_COVERAGE,none
PropertyCopier.java,org.apache.ibatis.reflection.property.PropertyCopier,org.pitest.mutationtest.engine.gregor.mutators.VoidMethodCallMutator,copyBeanProperties,35,NO_COVERAGE,none
ForEachSqlNode.java,org.apache.ibatis.scripting.xmltags.ForEachSqlNode,org.pitest.mutationtest.engine.gregor.mutators.ConstructorCallMutator,apply,69,NO_COVERAGE,none
ForEachSqlNode.java,org.apache.ibatis.scripting.xmltags.ForEachSqlNode,org.pitest.mutationtest.engine.gregor.mutators.NonVoidMethodCallMutator,apply,76,NO_COVERAGE,none
ForEachSqlNode.java,org.apache.ibatis.scripting.xmltags.ForEachSqlNode,org.pitest.mutationtest.engine.gregor.mutators.NonVoidMethodCallMutator,apply,77,NO_COVERAGE,none
ForEachSqlNode.java,org.apache.ibatis.scripting.xmltags.ForEachSqlNode,org.pitest.mutationtest.engine.gregor.mutators.VoidMethodCallMutator,apply,76,NO_COVERAGE,none
ForEachSqlNode.java,org.apache.ibatis.scripting.xmltags.ForEachSqlNode,org.pitest.mutationtest.engine.gregor.mutators.VoidMethodCallMutator,apply,77,NO_COVERAGE,none
SqlSourceBuilder.java,org.apache.ibatis.builder.SqlSourceBuilder,org.pitest.mutationtest.engine.gregor.mutators.ArgumentPropagationMutator,parse,45,SURVIVED,none
SqlSourceBuilder.java,org.apache.ibatis.builder.SqlSourceBuilder,org.pitest.mutationtest.engine.gregor.mutators.ConstructorCallMutator,parse,43,KILLED,org.apache.ibatis.submitted.extend.ExtendTest.org.apache.ibatis.submitted.extend.ExtendTest
SqlSourceBuilder.java,org.apache.ibatis.builder.SqlSourceBuilder,org.pitest.mutationtest.engine.gregor.mutators.ConstructorCallMutator,parse,44,KILLED,org.apache.ibatis.submitted.extend.ExtendTest.org.apache.ibatis.submitted.extend.ExtendTest
SqlSourceBuilder.java,org.apache.ibatis.builder.SqlSourceBuilder,org.pitest.mutationtest.engine.gregor.mutators.NonVoidMethodCallMutator,parse,45,KILLED,org.apache.ibatis.submitted.extend.ExtendTest.org.apache.ibatis.submitted.extend.ExtendTest
SqlSourceBuilder.java,org.apache.ibatis.builder.SqlSourceBuilder,org.pitest.mutationtest.engine.gregor.mutators.NonVoidMethodCallMutator,parse,46,KILLED,org.apache.ibatis.submitted.extend.ExtendTest.org.apache.ibatis.submitted.extend.ExtendTest
Discriminator.java,org.apache.ibatis.mapping.Discriminator,org.pitest.mutationtest.engine.gregor.mutators.ReturnValsMutator,getDiscriminatorMap,57,NO_COVERAGE,none
Discriminator.java,org.apache.ibatis.mapping.Discriminator,org.pitest.mutationtest.engine.gregor.mutators.ArgumentPropagationMutator,getMapIdFor,61,NO_COVERAGE,none
Discriminator.java,org.apache.ibatis.mapping.Discriminator,org.pitest.mutationtest.engine.gregor.mutators.NonVoidMethodCallMutator,getMapIdFor,61,NO_COVERAGE,none
Discriminator.java,org.apache.ibatis.mapping.Discriminator,org.pitest.mutationtest.engine.gregor.mutators.ReturnValsMutator,getMapIdFor,61,NO_COVERAGE,none
Discriminator.java,org.apache.ibatis.mapping.Discriminator,org.pitest.mutationtest.engine.gregor.mutators.ReturnValsMutator,getResultMapping,53,NO_COVERAGE,none
XMLScriptBuilder.java,org.apache.ibatis.scripting.xmltags.XMLScriptBuilder$OtherwiseHandler,org.pitest.mutationtest.engine.gregor.mutators.experimental.MemberVariableMutator,<init>,204,NO_COVERAGE,none
XMLScriptBuilder.java,org.apache.ibatis.scripting.xmltags.XMLScriptBuilder$OtherwiseHandler,org.pitest.mutationtest.engine.gregor.mutators.ConstructorCallMutator,handleNode,211,NO_COVERAGE,none
XMLScriptBuilder.java,org.apache.ibatis.scripting.xmltags.XMLScriptBuilder$OtherwiseHandler,org.pitest.mutationtest.engine.gregor.mutators.NonVoidMethodCallMutator,handleNode,210,NO_COVERAGE,none
XMLScriptBuilder.java,org.apache.ibatis.scripting.xmltags.XMLScriptBuilder$OtherwiseHandler,org.pitest.mutationtest.engine.gregor.mutators.NonVoidMethodCallMutator,handleNode,212,NO_COVERAGE,none
NoLoggingImpl.java,org.apache.ibatis.logging.nologging.NoLoggingImpl,org.pitest.mutationtest.engine.gregor.mutators.InlineConstantMutator,isDebugEnabled,31,NO_COVERAGE,none
NoLoggingImpl.java,org.apache.ibatis.logging.nologging.NoLoggingImpl,org.pitest.mutationtest.engine.gregor.mutators.ReturnValsMutator,isDebugEnabled,31,NO_COVERAGE,none
NoLoggingImpl.java,org.apache.ibatis.logging.nologging.NoLoggingImpl,org.pitest.mutationtest.engine.gregor.mutators.InlineConstantMutator,isTraceEnabled,36,NO_COVERAGE,none
NoLoggingImpl.java,org.apache.ibatis.logging.nologging.NoLoggingImpl,org.pitest.mutationtest.engine.gregor.mutators.ReturnValsMutator,isTraceEnabled,36,NO_COVERAGE,none
CacheRefResolver.java,org.apache.ibatis.builder.CacheRefResolver,org.pitest.mutationtest.engine.gregor.mutators.experimental.MemberVariableMutator,<init>,28,NO_COVERAGE,none
CacheRefResolver.java,org.apache.ibatis.builder.CacheRefResolver,org.pitest.mutationtest.engine.gregor.mutators.experimental.MemberVariableMutator,<init>,29,NO_COVERAGE,none
CacheRefResolver.java,org.apache.ibatis.builder.CacheRefResolver,org.pitest.mutationtest.engine.gregor.mutators.NonVoidMethodCallMutator,resolveCacheRef,33,NO_COVERAGE,none
CacheRefResolver.java,org.apache.ibatis.builder.CacheRefResolver,org.pitest.mutationtest.engine.gregor.mutators.ReturnValsMutator,resolveCacheRef,33,NO_COVERAGE,none
StaticSqlSource.java,org.apache.ibatis.builder.StaticSqlSource,org.pitest.mutationtest.engine.gregor.mutators.experimental.MemberVariableMutator,<init>,39,KILLED,org.apache.ibatis.submitted.extend.ExtendTest.org.apache.ibatis.submitted.extend.ExtendTest
StaticSqlSource.java,org.apache.ibatis.builder.StaticSqlSource,org.pitest.mutationtest.engine.gregor.mutators.experimental.MemberVariableMutator,<init>,40,SURVIVED,none
StaticSqlSource.java,org.apache.ibatis.builder.StaticSqlSource,org.pitest.mutationtest.engine.gregor.mutators.experimental.MemberVariableMutator,<init>,41,KILLED,org.apache.ibatis.submitted.extend.ExtendTest.org.apache.ibatis.submitted.extend.ExtendTest
StaticSqlSource.java,org.apache.ibatis.builder.StaticSqlSource,org.pitest.mutationtest.engine.gregor.mutators.ReturnValsMutator,getBoundSql,46,KILLED,org.apache.ibatis.submitted.extend.ExtendTest.org.apache.ibatis.submitted.extend.ExtendTest
JdbcTransactionFactory.java,org.apache.ibatis.transaction.jdbc.JdbcTransactionFactory,org.pitest.mutationtest.engine.gregor.mutators.ConstructorCallMutator,newTransaction,42,NO_COVERAGE,none
JdbcTransactionFactory.java,org.apache.ibatis.transaction.jdbc.JdbcTransactionFactory,org.pitest.mutationtest.engine.gregor.mutators.ReturnValsMutator,newTransaction,42,NO_COVERAGE,none
JdbcTransactionFactory.java,org.apache.ibatis.transaction.jdbc.JdbcTransactionFactory,org.pitest.mutationtest.engine.gregor.mutators.ConstructorCallMutator,newTransaction,47,KILLED,org.apache.ibatis.submitted.extend.ExtendTest.org.apache.ibatis.submitted.extend.ExtendTest
JdbcTransactionFactory.java,org.apache.ibatis.transaction.jdbc.JdbcTransactionFactory,org.pitest.mutationtest.engine.gregor.mutators.ReturnValsMutator,newTransaction,47,KILLED,org.apache.ibatis.submitted.extend.ExtendTest.org.apache.ibatis.submitted.extend.ExtendTest
CglibSerialStateHolder.java,org.apache.ibatis.executor.loader.cglib.CglibSerialStateHolder,org.pitest.mutationtest.engine.gregor.mutators.ArgumentPropagationMutator,createDeserializationProxy,47,NO_COVERAGE,none
CglibSerialStateHolder.java,org.apache.ibatis.executor.loader.cglib.CglibSerialStateHolder,org.pitest.mutationtest.engine.gregor.mutators.ConstructorCallMutator,createDeserializationProxy,47,NO_COVERAGE,none
CglibSerialStateHolder.java,org.apache.ibatis.executor.loader.cglib.CglibSerialStateHolder,org.pitest.mutationtest.engine.gregor.mutators.NonVoidMethodCallMutator,createDeserializationProxy,47,NO_COVERAGE,none
CglibSerialStateHolder.java,org.apache.ibatis.executor.loader.cglib.CglibSerialStateHolder,org.pitest.mutationtest.engine.gregor.mutators.ReturnValsMutator,createDeserializationProxy,47,NO_COVERAGE,none
SetFieldInvoker.java,org.apache.ibatis.reflection.invoker.SetFieldInvoker,org.pitest.mutationtest.engine.gregor.mutators.NonVoidMethodCallMutator,getType,39,NO_COVERAGE,none
SetFieldInvoker.java,org.apache.ibatis.reflection.invoker.SetFieldInvoker,org.pitest.mutationtest.engine.gregor.mutators.ReturnValsMutator,getType,39,NO_COVERAGE,none
SetFieldInvoker.java,org.apache.ibatis.reflection.invoker.SetFieldInvoker,org.pitest.mutationtest.engine.gregor.mutators.ReturnValsMutator,invoke,34,NO_COVERAGE,none
SetFieldInvoker.java,org.apache.ibatis.reflection.invoker.SetFieldInvoker,org.pitest.mutationtest.engine.gregor.mutators.VoidMethodCallMutator,invoke,33,NO_COVERAGE,none
DefaultResultContext.java,org.apache.ibatis.executor.result.DefaultResultContext,org.pitest.mutationtest.engine.gregor.mutators.experimental.MemberVariableMutator,<init>,32,SURVIVED,none
DefaultResultContext.java,org.apache.ibatis.executor.result.DefaultResultContext,org.pitest.mutationtest.engine.gregor.mutators.ReturnValsMutator,getResultCount,42,KILLED,org.apache.ibatis.submitted.extend.ExtendTest.org.apache.ibatis.submitted.extend.ExtendTest
DefaultResultContext.java,org.apache.ibatis.executor.result.DefaultResultContext,org.pitest.mutationtest.engine.gregor.mutators.InlineConstantMutator,stop,57,NO_COVERAGE,none
DefaultResultContext.java,org.apache.ibatis.executor.result.DefaultResultContext,org.pitest.mutationtest.engine.gregor.mutators.experimental.MemberVariableMutator,stop,57,NO_COVERAGE,none
DefaultResultSetHandler.java,org.apache.ibatis.executor.resultset.DefaultResultSetHandler$UnMappedColumnAutoMapping,org.pitest.mutationtest.engine.gregor.mutators.experimental.MemberVariableMutator,<init>,110,NO_COVERAGE,none
DefaultResultSetHandler.java,org.apache.ibatis.executor.resultset.DefaultResultSetHandler$UnMappedColumnAutoMapping,org.pitest.mutationtest.engine.gregor.mutators.experimental.MemberVariableMutator,<init>,111,NO_COVERAGE,none
DefaultResultSetHandler.java,org.apache.ibatis.executor.resultset.DefaultResultSetHandler$UnMappedColumnAutoMapping,org.pitest.mutationtest.engine.gregor.mutators.experimental.MemberVariableMutator,<init>,112,NO_COVERAGE,none
DefaultResultSetHandler.java,org.apache.ibatis.executor.resultset.DefaultResultSetHandler$UnMappedColumnAutoMapping,org.pitest.mutationtest.engine.gregor.mutators.experimental.MemberVariableMutator,<init>,113,NO_COVERAGE,none
StringTypeHandler.java,org.apache.ibatis.type.StringTypeHandler,org.pitest.mutationtest.engine.gregor.mutators.NonVoidMethodCallMutator,getNullableResult,49,NO_COVERAGE,none
StringTypeHandler.java,org.apache.ibatis.type.StringTypeHandler,org.pitest.mutationtest.engine.gregor.mutators.ReturnValsMutator,getNullableResult,49,NO_COVERAGE,none
StringTypeHandler.java,org.apache.ibatis.type.StringTypeHandler,org.pitest.mutationtest.engine.gregor.mutators.NonVoidMethodCallMutator,getNullableResult,43,NO_COVERAGE,none
StringTypeHandler.java,org.apache.ibatis.type.StringTypeHandler,org.pitest.mutationtest.engine.gregor.mutators.ReturnValsMutator,getNullableResult,43,NO_COVERAGE,none
GetFieldInvoker.java,org.apache.ibatis.reflection.invoker.GetFieldInvoker,org.pitest.mutationtest.engine.gregor.mutators.experimental.MemberVariableMutator,<init>,28,SURVIVED,none
GetFieldInvoker.java,org.apache.ibatis.reflection.invoker.GetFieldInvoker,org.pitest.mutationtest.engine.gregor.mutators.NonVoidMethodCallMutator,getType,38,NO_COVERAGE,none
GetFieldInvoker.java,org.apache.ibatis.reflection.invoker.GetFieldInvoker,org.pitest.mutationtest.engine.gregor.mutators.ReturnValsMutator,getType,38,NO_COVERAGE,none
GetFieldInvoker.java,org.apache.ibatis.reflection.invoker.GetFieldInvoker,org.pitest.mutationtest.engine.gregor.mutators.ReturnValsMutator,invoke,33,NO_COVERAGE,none
AutoMappingUnknownColumnBehavior.java,org.apache.ibatis.session.AutoMappingUnknownColumnBehavior$2,org.pitest.mutationtest.engine.gregor.mutators.ArgumentPropagationMutator,doAction,47,NO_COVERAGE,none
AutoMappingUnknownColumnBehavior.java,org.apache.ibatis.session.AutoMappingUnknownColumnBehavior$2,org.pitest.mutationtest.engine.gregor.mutators.NonVoidMethodCallMutator,doAction,47,NO_COVERAGE,none
AutoMappingUnknownColumnBehavior.java,org.apache.ibatis.session.AutoMappingUnknownColumnBehavior$2,org.pitest.mutationtest.engine.gregor.mutators.NonVoidMethodCallMutator,doAction,47,NO_COVERAGE,none
AutoMappingUnknownColumnBehavior.java,org.apache.ibatis.session.AutoMappingUnknownColumnBehavior$2,org.pitest.mutationtest.engine.gregor.mutators.VoidMethodCallMutator,doAction,47,NO_COVERAGE,none
Null.java,org.apache.ibatis.jdbc.Null,org.pitest.mutationtest.engine.gregor.mutators.experimental.MemberVariableMutator,<init>,76,NO_COVERAGE,none
Null.java,org.apache.ibatis.jdbc.Null,org.pitest.mutationtest.engine.gregor.mutators.experimental.MemberVariableMutator,<init>,77,NO_COVERAGE,none
Null.java,org.apache.ibatis.jdbc.Null,org.pitest.mutationtest.engine.gregor.mutators.ReturnValsMutator,getJdbcType,85,NO_COVERAGE,none
Null.java,org.apache.ibatis.jdbc.Null,org.pitest.mutationtest.engine.gregor.mutators.ReturnValsMutator,getTypeHandler,81,NO_COVERAGE,none
JavassistSerialStateHolder.java,org.apache.ibatis.executor.loader.javassist.JavassistSerialStateHolder,org.pitest.mutationtest.engine.gregor.mutators.ArgumentPropagationMutator,createDeserializationProxy,47,NO_COVERAGE,none
JavassistSerialStateHolder.java,org.apache.ibatis.executor.loader.javassist.JavassistSerialStateHolder,org.pitest.mutationtest.engine.gregor.mutators.NonVoidMethodCallMutator,createDeserializationProxy,47,NO_COVERAGE,none
JavassistSerialStateHolder.java,org.apache.ibatis.executor.loader.javassist.JavassistSerialStateHolder,org.pitest.mutationtest.engine.gregor.mutators.ReturnValsMutator,createDeserializationProxy,47,NO_COVERAGE,none
DefaultObjectWrapperFactory.java,org.apache.ibatis.reflection.wrapper.DefaultObjectWrapperFactory,org.pitest.mutationtest.engine.gregor.mutators.ConstructorCallMutator,getWrapperFor,33,NO_COVERAGE,none
DefaultObjectWrapperFactory.java,org.apache.ibatis.reflection.wrapper.DefaultObjectWrapperFactory,org.pitest.mutationtest.engine.gregor.mutators.InlineConstantMutator,hasWrapperFor,28,KILLED,org.apache.ibatis.submitted.extend.ExtendTest.org.apache.ibatis.submitted.extend.ExtendTest
DefaultObjectWrapperFactory.java,org.apache.ibatis.reflection.wrapper.DefaultObjectWrapperFactory,org.pitest.mutationtest.engine.gregor.mutators.ReturnValsMutator,hasWrapperFor,28,KILLED,org.apache.ibatis.submitted.extend.ExtendTest.org.apache.ibatis.submitted.extend.ExtendTest
TypeParameterResolver.java,org.apache.ibatis.reflection.TypeParameterResolver$WildcardTypeImpl,org.pitest.mutationtest.engine.gregor.mutators.experimental.MemberVariableMutator,<init>,254,SURVIVED,none
TypeParameterResolver.java,org.apache.ibatis.reflection.TypeParameterResolver$WildcardTypeImpl,org.pitest.mutationtest.engine.gregor.mutators.ReturnValsMutator,getLowerBounds,260,NO_COVERAGE,none
TypeParameterResolver.java,org.apache.ibatis.reflection.TypeParameterResolver$WildcardTypeImpl,org.pitest.mutationtest.engine.gregor.mutators.ReturnValsMutator,getUpperBounds,265,NO_COVERAGE,none
MethodResolver.java,org.apache.ibatis.builder.annotation.MethodResolver,org.pitest.mutationtest.engine.gregor.mutators.experimental.MemberVariableMutator,<init>,28,NO_COVERAGE,none
MethodResolver.java,org.apache.ibatis.builder.annotation.MethodResolver,org.pitest.mutationtest.engine.gregor.mutators.experimental.MemberVariableMutator,<init>,29,NO_COVERAGE,none
MethodResolver.java,org.apache.ibatis.builder.annotation.MethodResolver,org.pitest.mutationtest.engine.gregor.mutators.VoidMethodCallMutator,resolve,33,NO_COVERAGE,none
DefaultCursor.java,org.apache.ibatis.cursor.defaults.DefaultCursor$ObjectWrapperResultHandler,org.pitest.mutationtest.engine.gregor.mutators.NonVoidMethodCallMutator,handleResult,174,NO_COVERAGE,none
DefaultCursor.java,org.apache.ibatis.cursor.defaults.DefaultCursor$ObjectWrapperResultHandler,org.pitest.mutationtest.engine.gregor.mutators.VoidMethodCallMutator,handleResult,175,NO_COVERAGE,none
DefaultCursor.java,org.apache.ibatis.cursor.defaults.DefaultCursor$ObjectWrapperResultHandler,org.pitest.mutationtest.engine.gregor.mutators.experimental.MemberVariableMutator,handleResult,174,NO_COVERAGE,none
SystemMetaObject.java,org.apache.ibatis.reflection.SystemMetaObject,org.pitest.mutationtest.engine.gregor.mutators.ConstructorCallMutator,forObject,40,KILLED,org.apache.ibatis.submitted.extend.ExtendTest.org.apache.ibatis.submitted.extend.ExtendTest
SystemMetaObject.java,org.apache.ibatis.reflection.SystemMetaObject,org.pitest.mutationtest.engine.gregor.mutators.NonVoidMethodCallMutator,forObject,40,KILLED,org.apache.ibatis.submitted.extend.ExtendTest.org.apache.ibatis.submitted.extend.ExtendTest
SystemMetaObject.java,org.apache.ibatis.reflection.SystemMetaObject,org.pitest.mutationtest.engine.gregor.mutators.ReturnValsMutator,forObject,40,KILLED,org.apache.ibatis.submitted.extend.ExtendTest.org.apache.ibatis.submitted.extend.ExtendTest
TextSqlNode.java,org.apache.ibatis.scripting.xmltags.TextSqlNode$DynamicCheckerTokenParser,org.pitest.mutationtest.engine.gregor.mutators.InlineConstantMutator,handleToken,104,NO_COVERAGE,none
TextSqlNode.java,org.apache.ibatis.scripting.xmltags.TextSqlNode$DynamicCheckerTokenParser,org.pitest.mutationtest.engine.gregor.mutators.ReturnValsMutator,handleToken,105,NO_COVERAGE,none
TextSqlNode.java,org.apache.ibatis.scripting.xmltags.TextSqlNode$DynamicCheckerTokenParser,org.pitest.mutationtest.engine.gregor.mutators.ReturnValsMutator,isDynamic,99,SURVIVED,none
AutoMappingUnknownColumnBehavior.java,org.apache.ibatis.session.AutoMappingUnknownColumnBehavior$3,org.pitest.mutationtest.engine.gregor.mutators.ArgumentPropagationMutator,doAction,58,NO_COVERAGE,none
AutoMappingUnknownColumnBehavior.java,org.apache.ibatis.session.AutoMappingUnknownColumnBehavior$3,org.pitest.mutationtest.engine.gregor.mutators.ConstructorCallMutator,doAction,58,NO_COVERAGE,none
AutoMappingUnknownColumnBehavior.java,org.apache.ibatis.session.AutoMappingUnknownColumnBehavior$3,org.pitest.mutationtest.engine.gregor.mutators.NonVoidMethodCallMutator,doAction,58,NO_COVERAGE,none
SerializedCache.java,org.apache.ibatis.cache.decorators.SerializedCache$CustomObjectInputStream,org.pitest.mutationtest.engine.gregor.mutators.NonVoidMethodCallMutator,resolveClass,127,NO_COVERAGE,none
SerializedCache.java,org.apache.ibatis.cache.decorators.SerializedCache$CustomObjectInputStream,org.pitest.mutationtest.engine.gregor.mutators.NonVoidMethodCallMutator,resolveClass,127,NO_COVERAGE,none
SerializedCache.java,org.apache.ibatis.cache.decorators.SerializedCache$CustomObjectInputStream,org.pitest.mutationtest.engine.gregor.mutators.ReturnValsMutator,resolveClass,127,NO_COVERAGE,none
Configuration.java,org.apache.ibatis.session.Configuration$StrictMap$Ambiguity,org.pitest.mutationtest.engine.gregor.mutators.experimental.MemberVariableMutator,<init>,893,NO_COVERAGE,none
Configuration.java,org.apache.ibatis.session.Configuration$StrictMap$Ambiguity,org.pitest.mutationtest.engine.gregor.mutators.ReturnValsMutator,getSubject,897,NO_COVERAGE,none
ResultMapResolver.java,org.apache.ibatis.builder.ResultMapResolver,org.pitest.mutationtest.engine.gregor.mutators.experimental.MemberVariableMutator,<init>,38,KILLED,org.apache.ibatis.submitted.extend.ExtendTest.org.apache.ibatis.submitted.extend.ExtendTest
ResultMapResolver.java,org.apache.ibatis.builder.ResultMapResolver,org.pitest.mutationtest.engine.gregor.mutators.experimental.MemberVariableMutator,<init>,40,KILLED,org.apache.ibatis.submitted.extend.ExtendTest.org.apache.ibatis.submitted.extend.ExtendTest
DefaultResultHandler.java,org.apache.ibatis.executor.result.DefaultResultHandler,org.pitest.mutationtest.engine.gregor.mutators.ConstructorCallMutator,<init>,33,NO_COVERAGE,none
DefaultResultHandler.java,org.apache.ibatis.executor.result.DefaultResultHandler,org.pitest.mutationtest.engine.gregor.mutators.experimental.MemberVariableMutator,<init>,33,NO_COVERAGE,none
NullCacheKey.java,org.apache.ibatis.cache.NullCacheKey,org.pitest.mutationtest.engine.gregor.mutators.ConstructorCallMutator,update,31,NO_COVERAGE,none
NullCacheKey.java,org.apache.ibatis.cache.NullCacheKey,org.pitest.mutationtest.engine.gregor.mutators.ConstructorCallMutator,updateAll,36,NO_COVERAGE,none
TransactionIsolationLevel.java,org.apache.ibatis.session.TransactionIsolationLevel,org.pitest.mutationtest.engine.gregor.mutators.experimental.MemberVariableMutator,<init>,33,NO_COVERAGE,none
TransactionIsolationLevel.java,org.apache.ibatis.session.TransactionIsolationLevel,org.pitest.mutationtest.engine.gregor.mutators.ReturnValsMutator,getLevel,37,NO_COVERAGE,none
ResultSetType.java,org.apache.ibatis.mapping.ResultSetType,org.pitest.mutationtest.engine.gregor.mutators.experimental.MemberVariableMutator,<init>,31,NO_COVERAGE,none
ResultSetType.java,org.apache.ibatis.mapping.ResultSetType,org.pitest.mutationtest.engine.gregor.mutators.ReturnValsMutator,getValue,35,NO_COVERAGE,none
RowBounds.java,org.apache.ibatis.session.RowBounds,org.pitest.mutationtest.engine.gregor.mutators.experimental.MemberVariableMutator,<init>,36,NO_COVERAGE,none
RowBounds.java,org.apache.ibatis.session.RowBounds,org.pitest.mutationtest.engine.gregor.mutators.experimental.MemberVariableMutator,<init>,37,NO_COVERAGE,none
PooledDataSourceFactory.java,org.apache.ibatis.datasource.pooled.PooledDataSourceFactory,org.pitest.mutationtest.engine.gregor.mutators.ConstructorCallMutator,<init>,26,NO_COVERAGE,none
PooledDataSourceFactory.java,org.apache.ibatis.datasource.pooled.PooledDataSourceFactory,org.pitest.mutationtest.engine.gregor.mutators.experimental.MemberVariableMutator,<init>,26,NO_COVERAGE,none
PropertyParser.java,org.apache.ibatis.parsing.PropertyParser,org.pitest.mutationtest.engine.gregor.mutators.ArgumentPropagationMutator,parse,56,KILLED,org.apache.ibatis.submitted.extend.ExtendTest.org.apache.ibatis.submitted.extend.ExtendTest
PropertyParser.java,org.apache.ibatis.parsing.PropertyParser,org.pitest.mutationtest.engine.gregor.mutators.NonVoidMethodCallMutator,parse,56,KILLED,org.apache.ibatis.submitted.extend.ExtendTest.org.apache.ibatis.submitted.extend.ExtendTest
SimpleTypeRegistry.java,org.apache.ibatis.type.SimpleTypeRegistry,org.pitest.mutationtest.engine.gregor.mutators.NonVoidMethodCallMutator,isSimpleType,58,NO_COVERAGE,none
SimpleTypeRegistry.java,org.apache.ibatis.type.SimpleTypeRegistry,org.pitest.mutationtest.engine.gregor.mutators.ReturnValsMutator,isSimpleType,58,NO_COVERAGE,none
StaticTextSqlNode.java,org.apache.ibatis.scripting.xmltags.StaticTextSqlNode,org.pitest.mutationtest.engine.gregor.mutators.experimental.MemberVariableMutator,<init>,25,KILLED,org.apache.ibatis.submitted.extend.ExtendTest.org.apache.ibatis.submitted.extend.ExtendTest
StaticTextSqlNode.java,org.apache.ibatis.scripting.xmltags.StaticTextSqlNode,org.pitest.mutationtest.engine.gregor.mutators.InlineConstantMutator,apply,31,KILLED,org.apache.ibatis.submitted.extend.ExtendTest.org.apache.ibatis.submitted.extend.ExtendTest
TypeParameterResolver.java,org.apache.ibatis.reflection.TypeParameterResolver$GenericArrayTypeImpl,org.pitest.mutationtest.engine.gregor.mutators.experimental.MemberVariableMutator,<init>,274,KILLED,org.apache.ibatis.submitted.extend.ExtendTest.org.apache.ibatis.submitted.extend.ExtendTest
TypeParameterResolver.java,org.apache.ibatis.reflection.TypeParameterResolver$GenericArrayTypeImpl,org.pitest.mutationtest.engine.gregor.mutators.ReturnValsMutator,getGenericComponentType,279,SURVIVED,none
Slf4jLocationAwareLoggerImpl.java,org.apache.ibatis.logging.slf4j.Slf4jLocationAwareLoggerImpl,org.pitest.mutationtest.engine.gregor.mutators.experimental.MemberVariableMutator,<init>,36,SURVIVED,none
Slf4jLoggerImpl.java,org.apache.ibatis.logging.slf4j.Slf4jLoggerImpl,org.pitest.mutationtest.engine.gregor.mutators.experimental.MemberVariableMutator,<init>,29,NO_COVERAGE,none
ParameterMap.java,org.apache.ibatis.mapping.ParameterMap,org.pitest.mutationtest.engine.gregor.mutators.ReturnValsMutator,getParameterMappings,64,KILLED,org.apache.ibatis.submitted.extend.ExtendTest.org.apache.ibatis.submitted.extend.ExtendTest
SQL.java,org.apache.ibatis.jdbc.SQL,org.pitest.mutationtest.engine.gregor.mutators.ReturnValsMutator,getSelf,25,NO_COVERAGE,none
SoftCache.java,org.apache.ibatis.cache.decorators.SoftCache$SoftEntry,org.pitest.mutationtest.engine.gregor.mutators.experimental.MemberVariableMutator,<init>,121,NO_COVERAGE,none
XPathParser.java,org.apache.ibatis.parsing.XPathParser$1,org.pitest.mutationtest.engine.gregor.mutators.experimental.MemberVariableMutator,<init>,242,SURVIVED,none
LogFactory.java,org.apache.ibatis.logging.LogFactory$1,org.pitest.mutationtest.engine.gregor.mutators.VoidMethodCallMutator,run,37,SURVIVED,none
LogFactory.java,org.apache.ibatis.logging.LogFactory$2,org.pitest.mutationtest.engine.gregor.mutators.VoidMethodCallMutator,run,43,NO_COVERAGE,none
LogFactory.java,org.apache.ibatis.logging.LogFactory$3,org.pitest.mutationtest.engine.gregor.mutators.VoidMethodCallMutator,run,49,NO_COVERAGE,none
LogFactory.java,org.apache.ibatis.logging.LogFactory$4,org.pitest.mutationtest.engine.gregor.mutators.VoidMethodCallMutator,run,55,NO_COVERAGE,none
LogFactory.java,org.apache.ibatis.logging.LogFactory$5,org.pitest.mutationtest.engine.gregor.mutators.VoidMethodCallMutator,run,61,NO_COVERAGE,none
LogFactory.java,org.apache.ibatis.logging.LogFactory$6,org.pitest.mutationtest.engine.gregor.mutators.VoidMethodCallMutator,run,67,NO_COVERAGE,none
